325912276.0761087537 242551.5879516602
326140199.9297437668 244072.7524871826
330801267.0593076944 249749.6573486328
334335025.4630905986 255368.3845825195
332841910.4912112355 250165.5494079590
331816588.2089989185 250128.0277709961
322953151.8504866958 228247.5724639893
333976606.0197973251 252209.9391174316
327617845.6338168383 248061.5800781250
325046632.5177428126 236208.5611877441
331434516.5899704099 250040.2789306641
331003120.0629913807 249897.4342041016
337054959.1491397619 257494.1332397461
329189297.4420291781 248676.1574707031
323411181.1542276144 234813.7218627930
325549507.7516399622 240714.9293212891
