262506050.6202809215 9767957.6367187500
253545715.5846882463 9706590.5000000000
260323867.6803116500 9755899.5195312500
260145881.7500381470 9750598.0234375000
265480738.7549992800 9774862.8554687500
250263413.3138668239 9656681.7734375000
256726072.2598233521 9744439.6406250000
253695545.7272313833 9710998.4648437500
252896023.2035198808 9694786.2070312500
252860367.8973258436 9694068.8046875000
253925801.9138101339 9711086.1640625000
260695595.0896915793 9763440.0273437500
256372352.3784148097 9728852.7539062500
259032173.0428923965 9749631.9296875000
251624043.5366437733 9677590.3437500000
252511574.6967909634 9687707.6406250000
253219931.9088379145 9705339.8437500000
256735318.9676619470 9746409.7187500000
254211533.6531292200 9724518.6484375000
256433107.5639031529 9729366.8828125000
