270156579.8281380534 261863.3503112793
264471496.2057486773 261727.0716552734
264271154.3095902801 260957.1438140869
253665342.2046583891 248991.4493103027
254298710.3458292782 252859.6247711182
260540987.2382368445 258935.7468872070
252019744.6342888176 244615.3788375854
254497001.8438425362 254392.7533874512
253809123.5700062215 250125.7941894531
261006942.0836133361 260196.8204345703
255706176.4849628806 255318.3318786621
256840932.3668353260 256177.1563415527
263094208.3973871469 260620.1397094727
257552683.0231269896 258882.4168701172
