162620523.9486577511 1343059.0146484375
155768633.6956677437 1283079.1459960938
155588412.2670178413 1281405.3754882812
157974820.7113313675 1313367.8378906250
160871126.6187238097 1325550.2431640625
154601558.9752841294 1239270.0786132812
157584907.1710774601 1311188.8066406250
161734646.2754743695 1332873.4140625000
160850503.1791104674 1324441.0634765625
153987381.3281019628 1223551.3115234375
154641515.4395698905 1263338.0019531250
155128752.3438891768 1274140.0605468750
159657277.0324937999 1322284.7812500000
159233897.8195448816 1316232.5009765625
161719866.7147414386 1332087.2050781250
157105060.9200647771 1309993.8896484375
161837200.8148685396 1335947.1513671875
161240929.8158588111 1328274.2666015625
155881889.0560093522 1284884.1474609375
156184491.1306452453 1292285.7543945312
156409701.5371509194 1292701.7241210938
162432353.8464651704 1336878.0195312500
156582534.6119432747 1304519.1074218750
155190204.1933125257 1280140.5654296875
156571179.0030664206 1295044.9248046875
154471577.3042126596 1235869.9086914062
155029194.5294040442 1267936.9638671875
159400219.9433960319 1319958.6474609375
158658278.8215337992 1314036.0644531250
