631197282.0420497656 5107.0520358086
630901393.0169186592 5058.4340503216
635903936.9997913837 5124.7242727280
625834631.0294438601 4906.5663387775
636776480.7592980862 5195.7016973495
624548317.0873113871 4809.3091180325
624475042.2932455540 4638.4538643360
624738962.7108051777 4845.2295992374
626832017.9111080170 4995.9018106461
625019678.6006033421 4874.0063595772
625775675.8225795031 4901.4504523873
623554123.1509106159 4301.1583546400
635974846.2912501097 5174.9969035387
628544250.8610627651 5027.9198682308
633754710.3099716902 5120.3319216967
622383966.8446288109 4214.8918319345
631099001.7406651974 5059.9053156376
630015559.7881355286 5034.5418586731
626025916.7142261267 4913.7821829319
628040908.6516540051 5026.3563625813
