319881465.5271667242 5376480.8378906250
319017849.4956973791 5341225.6953125000
333424184.4348648190 5463651.8457031250
316970189.4721342921 5307940.9101562500
328978992.5011745691 5455249.0527343750
327784212.5686562061 5445010.4160156250
319174416.9036334157 5357017.7207031250
318576005.5936968923 5323595.4453125000
317740623.1855518222 5323291.2246093750
321779143.5448647141 5393993.8125000000
318590053.5845422745 5328954.8046875000
318580458.9378883243 5328061.0097656250
326158946.9032220840 5431934.2031250000
321390480.5684872866 5383995.3339843750
321247579.9432485700 5380679.4882812500
327214788.9962091446 5432622.5996093750
322458907.1299216151 5423108.9531250000
