126728.2975011090 91010.5266002937
137302.6498111859 116794.5668084539
132976.7784116090 104623.2186356578
129131.5593897628 90209.7800099782
128811.1244712756 88287.9881932209
129131.5593897628 89729.3320557889
137302.6498111859 116314.1188542646
129291.7768490064 91010.5266002937
132496.1260338782 104783.3679537209
134418.7355448013 108947.2502233617
121524.0017282154 112986.4969896081
123606.9129106154 122447.4230761216
120562.6581055692 116995.3639754189
117037.7314892000 114750.3984633649
124888.7044074769 120683.5216023649
124568.2565332615 111864.0142335811
123927.3607848308 112505.4329513108
123446.6889735077 117316.0733342838
122645.5692879692 115231.4625016622
122645.5692879692 116835.0092959865
117197.9554263077 116353.9452576892
121684.2256653231 113146.8516690406
122645.5692879692 113467.5610279054
126170.4959043385 112826.1423101757
116877.5075520923 116674.6546165540
124247.8086590462 113627.9157073378
119280.8666087077 115872.8812193919
121844.4496024308 116514.2999371216
118639.9708602769 112345.0782718784
120402.4341684615 118759.2654491757
123286.4650364000 118759.2654491757
122805.7932250769 111703.6595541487
121684.2256653231 115872.8812193919
121043.3299168923 120523.1669229324
121844.4496024308 113307.2063484730
123927.3607848308 121966.3590378243
118319.5229860616 113307.2063484730
123286.4650364000 111703.6595541487
121524.0017282154 119240.3294874730
121203.5538540000 120683.5216023649
117999.0751118462 116353.9452576892
119120.6426716000 115391.8171810946
119601.3144829231 118438.5560903108
118479.7469231692 112986.4969896081
120081.9862942462 112986.4969896081
119280.8666087077 113788.2703867703
117037.7314892000 116033.2358988243
116717.2836149846 116995.3639754189
119761.5384200308 115391.8171810946
124888.7044074769 117636.7826931486
123606.9129106154 115231.4625016622
118159.2990489538 118278.2014108784
119921.7623571385 116033.2358988243
125048.9283445846 113307.2063484730
118800.1947973846 118919.6201286081
122645.5692879692 117316.0733342838
119761.5384200308 113307.2063484730
122485.3453508615 113627.9157073378
123767.1368477231 119400.6841669054
118800.1947973846 117316.0733342838
119921.7623571385 119721.3935257703
124728.4804703692 113788.2703867703
124247.8086590462 122607.7777555541
123126.2410992923 121004.2309612297
118678.8309991875 137046.8267221712
120923.0636839375 136568.9164308198
116434.5983144375 136091.0061394685
122686.3893648125 127010.7106037928
116434.5983144375 134975.8821263153
120121.5520108125 135613.0958481171
123808.5057071875 127170.0140342432
120442.1566800625 129878.1723519009
118839.1333338125 136091.0061394685
120442.1566800625 131311.9032259550

129291.7768490064 91651.1238725461
136821.9974334551 114872.7749916966
137783.3021889167 117275.0147626432
133457.4307893398 105103.6665898471
127689.6022565705 89248.8841015995
128490.6895527885 90049.6306919151
129291.7768490064 95654.8568241238
129131.5593897628 96135.3047783131
129612.2117674936 98057.0965950704
136181.1275964808 112470.5352207500
124888.7044074769 120683.5216023649
118800.1947973846 117476.4280137162
117037.7314892000 116193.5905782568
125369.3762188000 117797.1373725811
121844.4496024308 115071.1078222297
125048.9283445846 116193.5905782568
123606.9129106154 117155.7186548514
123126.2410992923 115712.5265399595
123286.4650364000 115552.1718605270
117678.6272376308 117476.4280137162
122805.7932250769 118278.2014108784
124247.8086590462 113467.5610279054
120242.2102313538 119079.9748080405
121524.0017282154 117636.7826931486
124568.2565332615 120202.4575640676
119280.8666087077 119079.9748080405
121363.7777911077 114590.0437839324
123446.6889735077 114750.3984633649
122004.6735395385 117636.7826931486
123767.1368477231 112024.3689130135
125048.9283445846 115872.8812193919
123446.6889735077 120843.8762817973
122966.0171621846 120202.4575640676
125850.0480301231 112345.0782718784
118159.2990489538 113467.5610279054
117358.1793634154 116674.6546165540
120722.8820426769 117476.4280137162
123446.6889735077 119400.6841669054
122805.7932250769 112024.3689130135
125689.8240930154 116514.2999371216
118479.7469231692 116514.2999371216
125048.9283445846 114590.0437839324
120562.6581055692 114269.3344250676
124247.8086590462 122928.4871144189
122805.7932250769 113307.2063484730
124888.7044074769 111703.6595541487
120402.4341684615 116995.3639754189
121524.0017282154 112826.1423101757
118800.1947973846 113627.9157073378
124888.7044074769 112184.7235924460
116877.5075520923 114429.6891045000
117197.9554263077 113788.2703867703
118639.9708602769 117316.0733342838
124888.7044074769 115231.4625016622
118639.9708602769 116835.0092959865
117999.0751118462 114108.9797456351
117518.4033005231 112345.0782718784
123286.4650364000 122126.7137172568
125209.1522816923 112505.4329513108
124087.5847219385 112505.4329513108
123606.9129106154 119561.0388463378
119601.3144829231 114910.7531427973
125048.9283445846 115071.1078222297
116877.5075520923 115231.4625016622
114991.8773028125 136728.2198612703
120762.7613493125 133860.7581131622
118358.2263299375 133382.8478218108
120762.7613493125 134975.8821263153
117556.7146568125 137206.1301526216
114671.2726335625 137684.0404439730
121403.9706878125 136728.2198612703
116434.5983144375 135294.4889872162
122045.1800263125 129559.5654910000
119480.3426723125 132108.4203782072

138103.7371074039 118876.5079432743
136982.2148926987 115673.5215820121
136821.9974334551 114712.6256736335
135860.6926779936 113271.2818110655
134578.9530040449 108466.8022691723
132175.6911153910 102381.1281827743
132496.1260338782 101099.9336382694
131534.8212784167 100779.6350021432
130573.5165229551 100299.1870479539
131534.8212784167 98697.6938673228
124408.0325961538 122126.7137172568
124888.7044074769 122126.7137172568
123286.4650364000 121485.2949995270
122966.0171621846 121164.5856406622
124247.8086590462 121164.5856406622
123126.2410992923 120683.5216023649
122325.1214137539 120202.4575640676
119280.8666087077 118759.2654491757
119120.6426716000 118598.9107697432
121043.3299168923 118438.5560903108
123767.1368477231 118278.2014108784
119921.7623571385 117316.0733342838
120722.8820426769 117155.7186548514
120242.2102313538 116835.0092959865
122164.8974766461 114750.3984633649
125850.0480301231 113627.9157073378
123767.1368477231 113467.5610279054
121844.4496024308 112986.4969896081
123446.6889735077 112986.4969896081
124408.0325961538 112826.1423101757
119601.3144829231 112665.7876307432
124087.5847219385 112024.3689130135
125850.0480301231 111864.0142335811
124087.5847219385 111543.3048747162
122805.7932250769 116514.2999371216
125209.1522816923 119881.7482052027
117358.1793634154 113307.2063484730
118800.1947973846 114590.0437839324
121363.7777911077 112345.0782718784
118800.1947973846 111864.0142335811
117838.8511747385 116514.2999371216
120562.6581055692 114108.9797456351
119280.8666087077 116514.2999371216
118960.4187344923 113627.9157073378
119761.5384200308 119561.0388463378
117358.1793634154 112986.4969896081
119120.6426716000 112345.0782718784
122485.3453508615 120362.8122435000
124728.4804703692 114429.6891045000
119601.3144829231 112345.0782718784
118319.5229860616 114590.0437839324
125048.9283445846 121164.5856406622
119761.5384200308 116835.0092959865
120081.9862942462 119721.3935257703
124728.4804703692 121966.3590378243
118479.7469231692 114269.3344250676
124087.5847219385 115231.4625016622
123927.3607848308 119400.6841669054
123767.1368477231 120042.1028846351
124087.5847219385 116193.5905782568
125369.3762188000 115872.8812193919
124728.4804703692 122768.1324349865
118159.2990489538 113788.2703867703
117838.8511747385 116193.5905782568
115633.0866413125 137524.7370135225
117396.4123221875 137046.8267221712
114991.8773028125 136887.5232917207
118197.9239953125 136728.2198612703
119320.0403376875 136728.2198612703
121724.5753570625 135613.0958481171
120602.4590146875 134179.3649740631
117717.0169914375 132904.9375304595
119800.9473415625 132904.9375304595
120602.4590146875 130196.7792128018

128330.4720935449 93893.2143254296
127849.8197158141 90690.2279641675
131855.2561969039 103021.7254550267
128330.4720935449 92291.7211447985
135059.6053817756 110708.8927220558
130733.7339821987 96775.9020505655
130253.0816044680 94053.3636434927
135219.8228410193 108947.2502233617
131374.6038191731 102381.1281827743
134578.9530040449 107345.7570427306
120722.8820426769 113467.5610279054
117678.6272376308 112505.4329513108
120081.9862942462 119400.6841669054
122485.3453508615 112665.7876307432
121524.0017282154 120523.1669229324
125689.8240930154 116033.2358988243
120242.2102313538 114750.3984633649
122164.8974766461 113948.6250662027
125529.6001559077 117155.7186548514
117999.0751118462 116353.9452576892
125369.3762188000 112024.3689130135
121524.0017282154 117155.7186548514
126010.2719672308 112184.7235924460
121844.4496024308 113788.2703867703
125048.9283445846 112665.7876307432
123446.6889735077 113788.2703867703
120722.8820426769 115391.8171810946
124247.8086590462 122447.4230761216
121363.7777911077 119400.6841669054
123286.4650364000 116674.6546165540
117197.9554263077 114108.9797456351
118479.7469231692 118598.9107697432
124728.4804703692 114750.3984633649
126010.2719672308 113307.2063484730
118639.9708602769 116995.3639754189
121524.0017282154 119721.3935257703
125048.9283445846 114910.7531427973
122966.0171621846 112345.0782718784
117358.1793634154 115231.4625016622
118479.7469231692 113948.6250662027
118159.2990489538 116514.2999371216
125369.3762188000 112345.0782718784
124728.4804703692 121806.0043583919
124247.8086590462 120362.8122435000
124888.7044074769 122126.7137172568
120722.8820426769 114750.3984633649
118960.4187344923 112184.7235924460
117838.8511747385 118117.8467314459
124888.7044074769 115712.5265399595
123927.3607848308 121324.9403200946
122164.8974766461 117316.0733342838
120402.4341684615 115712.5265399595
121684.2256653231 115391.8171810946
123767.1368477231 113307.2063484730
116557.0596778769 116514.2999371216
118639.9708602769 116514.2999371216
125048.9283445846 112024.3689130135
119280.8666087077 114910.7531427973
119601.3144829231 115712.5265399595
121043.3299168923 113788.2703867703
124888.7044074769 117155.7186548514
119921.7623571385 113788.2703867703
124728.4804703692 118117.8467314459
122966.0171621846 119079.9748080405
123487.9010379375 126851.4071733423
123487.9010379375 128444.4414778469
117236.1099875625 137524.7370135225
121724.5753570625 135772.3992785676
120442.1566800625 131949.1169477568
116434.5983144375 135931.7027090180
120762.7613493125 134179.3649740631
121243.6683531875 137206.1301526216
118197.9239953125 133701.4546827117
122205.4823609375 128125.8346169459

135860.6926779936 113271.2818110655
133617.6482485833 105744.2638620995
132656.3434931218 104142.7706814684
132656.3434931218 101740.5309105218
131855.2561969039 99498.4404576384
131534.8212784167 99178.1418215122
131695.0387376603 98697.6938673228
131855.2561969039 97736.7979589442
129451.9943082500 96936.0513686286
131534.8212784167 96775.9020505655
124408.0325961538 122126.7137172568
124247.8086590462 121164.5856406622
123767.1368477231 120042.1028846351
121363.7777911077 119721.3935257703
119761.5384200308 119561.0388463378
119280.8666087077 118759.2654491757
121524.0017282154 118598.9107697432
123767.1368477231 118278.2014108784
122485.3453508615 117316.0733342838
118960.4187344923 116674.6546165540
122805.7932250769 116514.2999371216
117838.8511747385 116193.5905782568
118479.7469231692 115552.1718605270
125850.0480301231 113627.9157073378
123767.1368477231 113467.5610279054
117358.1793634154 113307.2063484730
121844.4496024308 112986.4969896081
123286.4650364000 112826.1423101757
119601.3144829231 112665.7876307432
126170.4959043385 112505.4329513108
120722.8820426769 111703.6595541487
124408.0325961538 121324.9403200946
125209.1522816923 119881.7482052027
125369.3762188000 117797.1373725811
116717.2836149846 117476.4280137162
121363.7777911077 112345.0782718784
124888.7044074769 122126.7137172568
122004.6735395385 116353.9452576892
123126.2410992923 120683.5216023649
119280.8666087077 117797.1373725811
123927.3607848308 112986.4969896081
119120.6426716000 112345.0782718784
123286.4650364000 121485.2949995270
122966.0171621846 117155.7186548514
119120.6426716000 118598.9107697432
122325.1214137539 118759.2654491757
124087.5847219385 111543.3048747162
118800.1947973846 111864.0142335811
118319.5229860616 114590.0437839324
121043.3299168923 118438.5560903108
126010.2719672308 113307.2063484730
119761.5384200308 116835.0092959865
119601.3144829231 116193.5905782568
123446.6889735077 112986.4969896081
122485.3453508615 120362.8122435000
120722.8820426769 112345.0782718784
118960.4187344923 114910.7531427973
118159.2990489538 113788.2703867703
118960.4187344923 113627.9157073378
124247.8086590462 118598.9107697432
119280.8666087077 116033.2358988243
121363.7777911077 116514.2999371216
125369.3762188000 111543.3048747162
122805.7932250769 116193.5905782568
114991.8773028125 137843.3438744234
114831.5749681875 137365.4335830721
121724.5753570625 137365.4335830721
118197.9239953125 136728.2198612703
116113.9936451875 136091.0061394685
121724.5753570625 135613.0958481171
121403.9706878125 134497.9718349639
119640.6450069375 133701.4546827117
119480.3426723125 133542.1512522613
120762.7613493125 130993.2963650540

129932.6466859808 96615.7527325024
128010.0371750577 88928.5854654733
130253.0816044680 96135.3047783131
131214.3863599295 97256.3500047549
132816.5609523654 103822.4720453422
134418.7355448013 107666.0556788568
134899.3879225321 110228.4447678665
134739.1704632885 107986.3543149830
127048.7324195962 91490.9745544830
128490.6895527885 90049.6306919151
121363.7777911077 117797.1373725811
121844.4496024308 113467.5610279054
117678.6272376308 115552.1718605270
123927.3607848308 112986.4969896081
118319.5229860616 114750.3984633649
121203.5538540000 119079.9748080405
124568.2565332615 113146.8516690406
121203.5538540000 118278.2014108784
119601.3144829231 115071.1078222297
123286.4650364000 115552.1718605270
117037.7314892000 114590.0437839324
124087.5847219385 121806.0043583919
119441.0905458154 113948.6250662027
124728.4804703692 121164.5856406622
124568.2565332615 118598.9107697432
122325.1214137539 113627.9157073378
122966.0171621846 118278.2014108784
116557.0596778769 115552.1718605270
121363.7777911077 114910.7531427973
117999.0751118462 112184.7235924460
122164.8974766461 121004.2309612297
119280.8666087077 118278.2014108784
121043.3299168923 111864.0142335811
122966.0171621846 121806.0043583919
119441.0905458154 111864.0142335811
119280.8666087077 116995.3639754189
125209.1522816923 120042.1028846351
120722.8820426769 118759.2654491757
117999.0751118462 116514.2999371216
124568.2565332615 114269.3344250676
119120.6426716000 117636.7826931486
123446.6889735077 115231.4625016622
123927.3607848308 116835.0092959865
124087.5847219385 122126.7137172568
124568.2565332615 113467.5610279054
123286.4650364000 118117.8467314459
125689.8240930154 116514.2999371216
120242.2102313538 118759.2654491757
119280.8666087077 113788.2703867703
119761.5384200308 117636.7826931486
121203.5538540000 112184.7235924460
120562.6581055692 113948.6250662027
120081.9862942462 112505.4329513108
119921.7623571385 119400.6841669054
125048.9283445846 120362.8122435000
118800.1947973846 117797.1373725811
122966.0171621846 119561.0388463378
126170.4959043385 112665.7876307432
125689.8240930154 114750.3984633649
123126.2410992923 119721.3935257703
122004.6735395385 120683.5216023649
124568.2565332615 122928.4871144189
124087.5847219385 118278.2014108784
118800.1947973846 118438.5560903108
119159.7380030625 135453.7924176667
116915.5053183125 136091.0061394685
125892.4360573125 125417.6762992883
123327.5987033125 126532.8003124415
114671.2726335625 137365.4335830721
120281.8543454375 136568.9164308198
114831.5749681875 136568.9164308198
125090.9243841875 126532.8003124415
120602.4590146875 132745.6341000090
120923.0636839375 130196.7792128018

128010.0371750577 91651.1238725461
128170.2546343013 90369.9293280413
133777.8657078269 105103.6665898471
128650.9070120321 95654.8568241238
130092.8641452244 97096.2006866918
128811.1244712756 95334.5581879976
130573.5165229551 98377.3952311966
129932.6466859808 97736.7979589442
131054.1689006859 95815.0061421869
132976.7784116090 105103.6665898471
120722.8820426769 117155.7186548514
120242.2102313538 116033.2358988243
121684.2256653231 117316.0733342838
124888.7044074769 117636.7826931486
122485.3453508615 117476.4280137162
124568.2565332615 121485.2949995270
122004.6735395385 112345.0782718784
120722.8820426769 116353.9452576892
119441.0905458154 119240.3294874730
124087.5847219385 112826.1423101757
117197.9554263077 114590.0437839324
122805.7932250769 121004.2309612297
119441.0905458154 113146.8516690406
123767.1368477231 117155.7186548514
125209.1522816923 116835.0092959865
118639.9708602769 112986.4969896081
117999.0751118462 118117.8467314459
120562.6581055692 113788.2703867703
122485.3453508615 111703.6595541487
121684.2256653231 119240.3294874730
118319.5229860616 112505.4329513108
117838.8511747385 113788.2703867703
123126.2410992923 122126.7137172568
121363.7777911077 117797.1373725811
122805.7932250769 114269.3344250676
120402.4341684615 116193.5905782568
117999.0751118462 114910.7531427973
117037.7314892000 113948.6250662027
118639.9708602769 116033.2358988243
118159.2990489538 112505.4329513108
123446.6889735077 115872.8812193919
122325.1214137539 114269.3344250676
118479.7469231692 118438.5560903108
125369.3762188000 111864.0142335811
120242.2102313538 118919.6201286081
123126.2410992923 116674.6546165540
120402.4341684615 112184.7235924460
123286.4650364000 119240.3294874730
118960.4187344923 118598.9107697432
119120.6426716000 115231.4625016622
123446.6889735077 115552.1718605270
124888.7044074769 119240.3294874730
122325.1214137539 112024.3689130135
123286.4650364000 121806.0043583919
119601.3144829231 113627.9157073378
124888.7044074769 120362.8122435000
118639.9708602769 116514.2999371216
124087.5847219385 122607.7777555541
121524.0017282154 118919.6201286081
121203.5538540000 116033.2358988243
119761.5384200308 119400.6841669054
124568.2565332615 113948.6250662027
123126.2410992923 114590.0437839324
123767.1368477231 118598.9107697432
115472.7843066875 138002.6473048739
117556.7146568125 134657.2752654144
121243.6683531875 136568.9164308198
118999.4356684375 137206.1301526216
117075.8076529375 134338.6684045135
121243.6683531875 135135.1855567658
117556.7146568125 137365.4335830721
126052.7383919375 124780.4625774865
115472.7843066875 136568.9164308198
118358.2263299375 134975.8821263153

138103.7371074039 118876.5079432743
137943.5196481603 118556.2093071481
133617.6482485833 105744.2638620995
131374.6038191731 101580.3815924587
131534.8212784167 100779.6350021432
131214.3863599295 100139.0377298908
132335.9085746346 99338.2911395753
131695.0387376603 98697.6938673228
131054.1689006859 98217.2459131335
131855.2561969039 97736.7979589442
123286.4650364000 121485.2949995270
124247.8086590462 121164.5856406622
122966.0171621846 121004.2309612297
123126.2410992923 120683.5216023649
122485.3453508615 120362.8122435000
120562.6581055692 120202.4575640676
125048.9283445846 119561.0388463378
122325.1214137539 118759.2654491757
119120.6426716000 118598.9107697432
121043.3299168923 118438.5560903108
123767.1368477231 118278.2014108784
125369.3762188000 117797.1373725811
116717.2836149846 117476.4280137162
117838.8511747385 116193.5905782568
118479.7469231692 115552.1718605270
120562.6581055692 114108.9797456351
123767.1368477231 113467.5610279054
117358.1793634154 113307.2063484730
117358.1793634154 112986.4969896081
123446.6889735077 112986.4969896081
123286.4650364000 112826.1423101757
119601.3144829231 112665.7876307432
119120.6426716000 112345.0782718784
124087.5847219385 111543.3048747162
125369.3762188000 111543.3048747162
122645.5692879692 119240.3294874730
118159.2990489538 113788.2703867703
117838.8511747385 116514.2999371216
123767.1368477231 120042.1028846351
119761.5384200308 116835.0092959865
120722.8820426769 111703.6595541487
125209.1522816923 119881.7482052027
121684.2256653231 117797.1373725811
118800.1947973846 114590.0437839324
122966.0171621846 116514.2999371216
124087.5847219385 114910.7531427973
123927.3607848308 112986.4969896081
120242.2102313538 116835.0092959865
119280.8666087077 116033.2358988243
120883.1059797846 112184.7235924460
126010.2719672308 113307.2063484730
118479.7469231692 114269.3344250676
124087.5847219385 115231.4625016622
124728.4804703692 121966.3590378243
125048.9283445846 116835.0092959865
122004.6735395385 112345.0782718784
121524.0017282154 118598.9107697432
124408.0325961538 121324.9403200946
125209.1522816923 118438.5560903108
121203.5538540000 112665.7876307432
124568.2565332615 113627.9157073378
119280.8666087077 118759.2654491757
122004.6735395385 116353.9452576892
119761.5384200308 119561.0388463378
120121.5520108125 137684.0404439730
121724.5753570625 137365.4335830721
118678.8309991875 136409.6130003694
121564.2730224375 136250.3095699189
116113.9936451875 136091.0061394685
121724.5753570625 135613.0958481171
118839.1333338125 135135.1855567658
117075.8076529375 134657.2752654144
118037.6216606875 134497.9718349639
117717.0169914375 132904.9375304595

137142.4323519423 116314.1188542646
136982.2148926987 115673.5215820121
135380.0403002628 110388.5940859296
135219.8228410193 110068.2954498034
132656.3434931218 104142.7706814684
132175.6911153910 102381.1281827743
132656.3434931218 101740.5309105218
131214.3863599295 100139.0377298908
131855.2561969039 99498.4404576384
131534.8212784167 99178.1418215122
123286.4650364000 121485.2949995270
124247.8086590462 121164.5856406622
124247.8086590462 119881.7482052027
121363.7777911077 119721.3935257703
119280.8666087077 118759.2654491757
119921.7623571385 117316.0733342838
118960.4187344923 116674.6546165540
119280.8666087077 116033.2358988243
124408.0325961538 115872.8812193919
118479.7469231692 115552.1718605270
117678.6272376308 113627.9157073378
118960.4187344923 113627.9157073378
125048.9283445846 113627.9157073378
123446.6889735077 112986.4969896081
121363.7777911077 112345.0782718784
125850.0480301231 111864.0142335811
120722.8820426769 111703.6595541487
124247.8086590462 117316.0733342838
122966.0171621846 120362.8122435000
118319.5229860616 114590.0437839324
119761.5384200308 116835.0092959865
125209.1522816923 112505.4329513108
119761.5384200308 119561.0388463378
121203.5538540000 112665.7876307432
119120.6426716000 118598.9107697432
126170.4959043385 112505.4329513108
120722.8820426769 117155.7186548514
117838.8511747385 116193.5905782568
122966.0171621846 117155.7186548514
124888.7044074769 122126.7137172568
119120.6426716000 112345.0782718784
121203.5538540000 113146.8516690406
120242.2102313538 116835.0092959865
122485.3453508615 120362.8122435000
117838.8511747385 116514.2999371216
121043.3299168923 118438.5560903108
123767.1368477231 118278.2014108784
123606.9129106154 115391.8171810946
124247.8086590462 118598.9107697432
117518.4033005231 112505.4329513108
122645.5692879692 119881.7482052027
118159.2990489538 113788.2703867703
120562.6581055692 114108.9797456351
123126.2410992923 117476.4280137162
124408.0325961538 121324.9403200946
120242.2102313538 118438.5560903108
124728.4804703692 117476.4280137162
123767.1368477231 118438.5560903108
119601.3144829231 112665.7876307432
117358.1793634154 112986.4969896081
125369.3762188000 111543.3048747162
122966.0171621846 116514.2999371216
117358.1793634154 113307.2063484730
118159.2990489538 118438.5560903108
114510.9702989375 138161.9507353244
113869.7609604375 137684.0404439730
120121.5520108125 137684.0404439730
118678.8309991875 136409.6130003694
116594.9006490625 136091.0061394685
117075.8076529375 134657.2752654144
118037.6216606875 134497.9718349639
121403.9706878125 134497.9718349639
119480.3426723125 133542.1512522613
118518.5286645625 133223.5443913604

138103.7371074039 118876.5079432743
137623.0847296730 116954.7161265170
136982.2148926987 115673.5215820121
135219.8228410193 110068.2954498034
134578.9530040449 108466.8022691723
132656.3434931218 101740.5309105218
132496.1260338782 101099.9336382694
131534.8212784167 100779.6350021432
131214.3863599295 100139.0377298908
131534.8212784167 99178.1418215122
122966.0171621846 121966.3590378243
123286.4650364000 121485.2949995270
124888.7044074769 120362.8122435000
122325.1214137539 120202.4575640676
125209.1522816923 119881.7482052027
121363.7777911077 119721.3935257703
119761.5384200308 119561.0388463378
122325.1214137539 118759.2654491757
119120.6426716000 118598.9107697432
121043.3299168923 118438.5560903108
119280.8666087077 118117.8467314459
116717.2836149846 117476.4280137162
119921.7623571385 117316.0733342838
120722.8820426769 117155.7186548514
120242.2102313538 116835.0092959865
124408.0325961538 116835.0092959865
125048.9283445846 116835.0092959865
117838.8511747385 116514.2999371216
124247.8086590462 116353.9452576892
118479.7469231692 115552.1718605270
124087.5847219385 114910.7531427973
118319.5229860616 114590.0437839324
121844.4496024308 113948.6250662027
123767.1368477231 113467.5610279054
117358.1793634154 113307.2063484730
123446.6889735077 112986.4969896081
119601.3144829231 112665.7876307432
119120.6426716000 112024.3689130135
119761.5384200308 112024.3689130135
118800.1947973846 111864.0142335811
120722.8820426769 111703.6595541487
124087.5847219385 111543.3048747162
125369.3762188000 111543.3048747162
119601.3144829231 112345.0782718784
118159.2990489538 113788.2703867703
124408.0325961538 122126.7137172568
126170.4959043385 112505.4329513108
126010.2719672308 113307.2063484730
125048.9283445846 121164.5856406622
118960.4187344923 113627.9157073378
123286.4650364000 112826.1423101757
125209.1522816923 118438.5560903108
123767.1368477231 118438.5560903108
118639.9708602769 113948.6250662027
122645.5692879692 120683.5216023649
124247.8086590462 118598.9107697432
122645.5692879692 119240.3294874730
123126.2410992923 120683.5216023649
124087.5847219385 116193.5905782568
122966.0171621846 116514.2999371216
125048.9283445846 119561.0388463378
121203.5538540000 118117.8467314459
122485.3453508615 117316.0733342838
118800.1947973846 114590.0437839324
118678.8309991875 137524.7370135225
121724.5753570625 137365.4335830721
116113.9936451875 136091.0061394685
117396.4123221875 136091.0061394685
121403.9706878125 135613.0958481171
118037.6216606875 134497.9718349639
121403.9706878125 134497.9718349639
116915.5053183125 133542.1512522613
118037.6216606875 132427.0272391081
120442.1566800625 132267.7238086577

136982.2148926987 115833.6709000752
129451.9943082500 89729.3320557889
130573.5165229551 95014.2595518714
135219.8228410193 110708.8927220558
131855.2561969039 100779.6350021432
134899.3879225321 110708.8927220558
128650.9070120321 91010.5266002937
128650.9070120321 90049.6306919151
129772.4292267372 95815.0061421869
134578.9530040449 106705.1597704782
121043.3299168923 111703.6595541487
117037.7314892000 116835.0092959865
122004.6735395385 117476.4280137162
117358.1793634154 113627.9157073378
120883.1059797846 113948.6250662027
122325.1214137539 112826.1423101757
122645.5692879692 120042.1028846351
122805.7932250769 114269.3344250676
125048.9283445846 116514.2999371216
123286.4650364000 114910.7531427973
121684.2256653231 113627.9157073378
123126.2410992923 112024.3689130135
118159.2990489538 112505.4329513108
118800.1947973846 115071.1078222297
123126.2410992923 120523.1669229324
122004.6735395385 119881.7482052027
121203.5538540000 120362.8122435000
120883.1059797846 119079.9748080405
119761.5384200308 113788.2703867703
118479.7469231692 115231.4625016622
121203.5538540000 112505.4329513108
120081.9862942462 113788.2703867703
123286.4650364000 118919.6201286081
124888.7044074769 118117.8467314459
119921.7623571385 116033.2358988243
119120.6426716000 113467.5610279054
124568.2565332615 114269.3344250676
123767.1368477231 118117.8467314459
123126.2410992923 116674.6546165540
125369.3762188000 111703.6595541487
121684.2256653231 117155.7186548514
122645.5692879692 112024.3689130135
123126.2410992923 122126.7137172568
125209.1522816923 113307.2063484730
124728.4804703692 121324.9403200946
120883.1059797846 116995.3639754189
121043.3299168923 112345.0782718784
121684.2256653231 119400.6841669054
125850.0480301231 112665.7876307432
125689.8240930154 113146.8516690406
119921.7623571385 114108.9797456351
116877.5075520923 116033.2358988243
124568.2565332615 118438.5560903108
124728.4804703692 112665.7876307432
122485.3453508615 116193.5905782568
116877.5075520923 114910.7531427973
122164.8974766461 115391.8171810946
118960.4187344923 116835.0092959865
116877.5075520923 116674.6546165540
118800.1947973846 113307.2063484730
119280.8666087077 118278.2014108784
119280.8666087077 112024.3689130135
125529.6001559077 112986.4969896081
124247.8086590462 119400.6841669054
118518.5286645625 132745.6341000090
123968.8080418125 127170.0140342432
128296.9710766875 123346.7317034324
122846.6916994375 127170.0140342432
122526.0870301875 128444.4414778469
119480.3426723125 134657.2752654144
120923.0636839375 132904.9375304595
114030.0632950625 137206.1301526216
130861.8084306875 120797.8768162252
123006.9940340625 128603.7449082973

136982.2148926987 115993.8202181384
136661.7799742115 114552.4763555704
136181.1275964808 114072.0284013811
135860.6926779936 113271.2818110655
134578.9530040449 108466.8022691723
134418.7355448013 107025.4584066044
133617.6482485833 105744.2638620995
133136.9958708526 104943.5172717840
132335.9085746346 104463.0693175947
133297.2133300962 102861.5761369636
125048.9283445846 121164.5856406622
120562.6581055692 120202.4575640676
123446.6889735077 119881.7482052027
124247.8086590462 119881.7482052027
125209.1522816923 119881.7482052027
119120.6426716000 118598.9107697432
121844.4496024308 118598.9107697432
121203.5538540000 118117.8467314459
122485.3453508615 117316.0733342838
116236.6118036615 116674.6546165540
117678.6272376308 116674.6546165540
125689.8240930154 116514.2999371216
119601.3144829231 116193.5905782568
124408.0325961538 115872.8812193919
125048.9283445846 114590.0437839324
121043.3299168923 113948.6250662027
118159.2990489538 113788.2703867703
124408.0325961538 112826.1423101757
119601.3144829231 112665.7876307432
121203.5538540000 112665.7876307432
119601.3144829231 112345.0782718784
119761.5384200308 112024.3689130135
118800.1947973846 111864.0142335811
124087.5847219385 111543.3048747162
118319.5229860616 114750.3984633649
125850.0480301231 113788.2703867703
120402.4341684615 120042.1028846351
122645.5692879692 119240.3294874730
122325.1214137539 120202.4575640676
124408.0325961538 116835.0092959865
126010.2719672308 113307.2063484730
116717.2836149846 117476.4280137162
118479.7469231692 114269.3344250676
121363.7777911077 112345.0782718784
125529.6001559077 114590.0437839324
125209.1522816923 111864.0142335811
119120.6426716000 112024.3689130135
124888.7044074769 114910.7531427973
121043.3299168923 118438.5560903108
119280.8666087077 118117.8467314459
123286.4650364000 118278.2014108784
126170.4959043385 112505.4329513108
124408.0325961538 122126.7137172568
124087.5847219385 112024.3689130135
120242.2102313538 117797.1373725811
122164.8974766461 114750.3984633649
117358.1793634154 112986.4969896081
126170.4959043385 112345.0782718784
120242.2102313538 118438.5560903108
119120.6426716000 112345.0782718784
120242.2102313538 116995.3639754189
118479.7469231692 115872.8812193919
118159.2990489538 117636.7826931486
124728.4804703692 122768.1324349865
121884.8776916875 137524.7370135225
121724.5753570625 137365.4335830721
120442.1566800625 136728.2198612703
117717.0169914375 135931.7027090180
119640.6450069375 135613.0958481171
121403.9706878125 135613.0958481171
115953.6913105625 135135.1855567658
119640.6450069375 132427.0272391081
119640.6450069375 132108.4203782072
119961.2496761875 130833.9929346036

135059.6053817756 109747.9968136772
133457.4307893398 103181.8747730898
127529.3847973269 91170.6759183568
133617.6482485833 107505.9063607937
130413.2990637115 94213.5129615558
135059.6053817756 109587.8474956141
128811.1244712756 87967.6895570947
129131.5593897628 97096.2006866918
127369.1673380833 90369.9293280413
128330.4720935449 94533.8115976820
123446.6889735077 115231.4625016622
124888.7044074769 122287.0683966892
121844.4496024308 113467.5610279054
122164.8974766461 113788.2703867703
120562.6581055692 118919.6201286081
124247.8086590462 121645.6496789595
118159.2990489538 117636.7826931486
118319.5229860616 115071.1078222297
123606.9129106154 116995.3639754189
123126.2410992923 112184.7235924460
124247.8086590462 115071.1078222297
116717.2836149846 114590.0437839324
126170.4959043385 112184.7235924460
123927.3607848308 117957.4920520135
125048.9283445846 118598.9107697432
116396.8357407693 117155.7186548514
121844.4496024308 116193.5905782568
117037.7314892000 114269.3344250676
120562.6581055692 112665.7876307432
117518.4033005231 117316.0733342838
119921.7623571385 113467.5610279054
119921.7623571385 114269.3344250676
120883.1059797846 118438.5560903108
121203.5538540000 115552.1718605270
124888.7044074769 122126.7137172568
123606.9129106154 112505.4329513108
121844.4496024308 116514.2999371216
119441.0905458154 118278.2014108784
124728.4804703692 118117.8467314459
123767.1368477231 120523.1669229324
122805.7932250769 117476.4280137162
121844.4496024308 121004.2309612297
123606.9129106154 119561.0388463378
124408.0325961538 121485.2949995270
122645.5692879692 116674.6546165540
123927.3607848308 122287.0683966892
124568.2565332615 118598.9107697432
123927.3607848308 119240.3294874730
122645.5692879692 112184.7235924460
122966.0171621846 113307.2063484730
118800.1947973846 113146.8516690406
120402.4341684615 112345.0782718784
117999.0751118462 117316.0733342838
123446.6889735077 111703.6595541487
119601.3144829231 113948.6250662027
125529.6001559077 112505.4329513108
120883.1059797846 112024.3689130135
117678.6272376308 116514.2999371216
119441.0905458154 115872.8812193919
119601.3144829231 113627.9157073378
122805.7932250769 112024.3689130135
122325.1214137539 117155.7186548514
122164.8974766461 120843.8762817973
121203.5538540000 115872.8812193919
116274.2959798125 138161.9507353244
127174.8547343125 123824.6419947838
120442.1566800625 135931.7027090180
115793.3889759375 138002.6473048739
115953.6913105625 134975.8821263153
120121.5520108125 132267.7238086577
113869.7609604375 138161.9507353244
119480.3426723125 130356.0826432523
125892.4360573125 125895.5865906397
123167.2963686875 126851.4071733423

136661.7799742115 114552.4763555704
128811.1244712756 90049.6306919151
133457.4307893398 106224.7118162888
128330.4720935449 90850.3772822306
128490.6895527885 88608.2868293471
126407.8625826218 90530.0786461044
132656.3434931218 105103.6665898471
134258.5180855577 106705.1597704782
135700.4752187500 111669.7886304345
132656.3434931218 105744.2638620995
121043.3299168923 111864.0142335811
121043.3299168923 115231.4625016622
118639.9708602769 118598.9107697432
121844.4496024308 117155.7186548514
122645.5692879692 112024.3689130135
121524.0017282154 120523.1669229324
119921.7623571385 116353.9452576892
117037.7314892000 116514.2999371216
125369.3762188000 111864.0142335811
117838.8511747385 114108.9797456351
120883.1059797846 119721.3935257703
117037.7314892000 113627.9157073378
125529.6001559077 112184.7235924460
124888.7044074769 112024.3689130135
125048.9283445846 116674.6546165540
123767.1368477231 112024.3689130135
118639.9708602769 113948.6250662027
121203.5538540000 118759.2654491757
123286.4650364000 118919.6201286081
121524.0017282154 117797.1373725811
121684.2256653231 118919.6201286081
121043.3299168923 118598.9107697432
125529.6001559077 114910.7531427973
118159.2990489538 115071.1078222297
124568.2565332615 123088.8417938513
123927.3607848308 115231.4625016622
125209.1522816923 118598.9107697432
117037.7314892000 117155.7186548514
125369.3762188000 116835.0092959865
116076.3878665539 116835.0092959865
123767.1368477231 117636.7826931486
121844.4496024308 121004.2309612297
122645.5692879692 113627.9157073378
117999.0751118462 112986.4969896081
117838.8511747385 115872.8812193919
125048.9283445846 114269.3344250676
125850.0480301231 112665.7876307432
122325.1214137539 117155.7186548514
120562.6581055692 112505.4329513108
124568.2565332615 121966.3590378243
118479.7469231692 112345.0782718784
125369.3762188000 112826.1423101757
124087.5847219385 112826.1423101757
123286.4650364000 121004.2309612297
117838.8511747385 116514.2999371216
124408.0325961538 111543.3048747162
123927.3607848308 118919.6201286081
120883.1059797846 119240.3294874730
119601.3144829231 116353.9452576892
123606.9129106154 114910.7531427973
122485.3453508615 121164.5856406622
118159.2990489538 117957.4920520135
120722.8820426769 116353.9452576892
118960.4187344923 112986.4969896081
122526.0870301875 137365.4335830721
120121.5520108125 137684.0404439730
121724.5753570625 136091.0061394685
122045.1800263125 127807.2277560451
116755.2029836875 137046.8267221712
114991.8773028125 137206.1301526216
114030.0632950625 138161.9507353244
123167.2963686875 127170.0140342432
115472.7843066875 136887.5232917207
119159.7380030625 137684.0404439730

132175.6911153910 103021.7254550267
128971.3419305192 88608.2868293471
130733.7339821987 99338.2911395753
129612.2117674936 96295.4540963762
131054.1689006859 100619.4856840801
132976.7784116090 102861.5761369636
135700.4752187500 110548.7434039927
132816.5609523654 100939.7843202063
128330.4720935449 90209.7800099782
127689.6022565705 93252.6170531772
124728.4804703692 122287.0683966892
117037.7314892000 114429.6891045000
124888.7044074769 114750.3984633649
120722.8820426769 119881.7482052027
121524.0017282154 120523.1669229324
120883.1059797846 111703.6595541487
117838.8511747385 117797.1373725811
124728.4804703692 114750.3984633649
122164.8974766461 116995.3639754189
121844.4496024308 112505.4329513108
121203.5538540000 116193.5905782568
119761.5384200308 112665.7876307432
123927.3607848308 121806.0043583919
123286.4650364000 120362.8122435000
121043.3299168923 116995.3639754189
121043.3299168923 119400.6841669054
124247.8086590462 122928.4871144189
119280.8666087077 112505.4329513108
117838.8511747385 112184.7235924460
119280.8666087077 116995.3639754189
123286.4650364000 116514.2999371216
117999.0751118462 116674.6546165540
120081.9862942462 116033.2358988243
120402.4341684615 116995.3639754189
121363.7777911077 114910.7531427973
123606.9129106154 117316.0733342838
123126.2410992923 116193.5905782568
123126.2410992923 114590.0437839324
117838.8511747385 115552.1718605270
119601.3144829231 118438.5560903108
122325.1214137539 113467.5610279054
123927.3607848308 122287.0683966892
120722.8820426769 116514.2999371216
120081.9862942462 117797.1373725811
117358.1793634154 117316.0733342838
125209.1522816923 116193.5905782568
125369.3762188000 116835.0092959865
124087.5847219385 112345.0782718784
122004.6735395385 117155.7186548514
119441.0905458154 112986.4969896081
124568.2565332615 115231.4625016622
120562.6581055692 118117.8467314459
124247.8086590462 121806.0043583919
122164.8974766461 118919.6201286081
125048.9283445846 117957.4920520135
116557.0596778769 115712.5265399595
119761.5384200308 114590.0437839324
116717.2836149846 115391.8171810946
121363.7777911077 118919.6201286081
118800.1947973846 117957.4920520135
122004.6735395385 112184.7235924460
125048.9283445846 120843.8762817973
119601.3144829231 118919.6201286081
123446.6889735077 113146.8516690406
114030.0632950625 138321.2541657748
119159.7380030625 130993.2963650540
124930.6220495625 125576.9797297387
118999.4356684375 135453.7924176667
116113.9936451875 134657.2752654144
115793.3889759375 135931.7027090180
124930.6220495625 127010.7106037928
122365.7846955625 137684.0404439730
122526.0870301875 127488.6208951441
118197.9239953125 138002.6473048739

137142.4323519423 115993.8202181384
136661.7799742115 114552.4763555704
135860.6926779936 111189.3406762451
135700.4752187500 110548.7434039927
134578.9530040449 108466.8022691723
134418.7355448013 106545.0104524151
132496.1260338782 104463.0693175947
132656.3434931218 104142.7706814684
132976.7784116090 103342.0240911529
132175.6911153910 103181.8747730898
122645.5692879692 120683.5216023649
124888.7044074769 120362.8122435000
120081.9862942462 119721.3935257703
119761.5384200308 119561.0388463378
123927.3607848308 118919.6201286081
123606.9129106154 118598.9107697432
123767.1368477231 118278.2014108784
117999.0751118462 117797.1373725811
121844.4496024308 117636.7826931486
119921.7623571385 117316.0733342838
121844.4496024308 117155.7186548514
124408.0325961538 116835.0092959865
116236.6118036615 116674.6546165540
121203.5538540000 116193.5905782568
123446.6889735077 115872.8812193919
120562.6581055692 115712.5265399595
121203.5538540000 113788.2703867703
123767.1368477231 113467.5610279054
126010.2719672308 113307.2063484730
121203.5538540000 113146.8516690406
124888.7044074769 113146.8516690406
123446.6889735077 112986.4969896081
124408.0325961538 112826.1423101757
119601.3144829231 112665.7876307432
124087.5847219385 111543.3048747162
125369.3762188000 111543.3048747162
125048.9283445846 113627.9157073378
119601.3144829231 112345.0782718784
121043.3299168923 118438.5560903108
120562.6581055692 120202.4575640676
122325.1214137539 118759.2654491757
118479.7469231692 115552.1718605270
124087.5847219385 120523.1669229324
124568.2565332615 113627.9157073378
119280.8666087077 118117.8467314459
118960.4187344923 116193.5905782568
118319.5229860616 114750.3984633649
117838.8511747385 112665.7876307432
125689.8240930154 116514.2999371216
125529.6001559077 117476.4280137162
118960.4187344923 111864.0142335811
123126.2410992923 120683.5216023649
119761.5384200308 112024.3689130135
121043.3299168923 117476.4280137162
119441.0905458154 116995.3639754189
124728.4804703692 114429.6891045000
124728.4804703692 112826.1423101757
119441.0905458154 114429.6891045000
123767.1368477231 118759.2654491757
124247.8086590462 121164.5856406622
123286.4650364000 121485.2949995270
119120.6426716000 113467.5610279054
124568.2565332615 115872.8812193919
122004.6735395385 117797.1373725811
114831.5749681875 138161.9507353244
114190.3656296875 137524.7370135225
120121.5520108125 137365.4335830721
116434.5983144375 136250.3095699189
120121.5520108125 134657.2752654144
118839.1333338125 134338.6684045135
116915.5053183125 133542.1512522613
119480.3426723125 133542.1512522613
118037.6216606875 132427.0272391081
120121.5520108125 130196.7792128018

135700.4752187500 112950.9831749393
134578.9530040449 108466.8022691723
133617.6482485833 105744.2638620995
133938.0831670705 105103.6665898471
132656.3434931218 104142.7706814684
132816.5609523654 103181.8747730898
132656.3434931218 102060.8295466481
131534.8212784167 100939.7843202063
131855.2561969039 99498.4404576384
132015.4736561475 98377.3952311966
124888.7044074769 122126.7137172568
122966.0171621846 121004.2309612297
122004.6735395385 120683.5216023649
120081.9862942462 119721.3935257703
122164.8974766461 118919.6201286081
123606.9129106154 118598.9107697432
119601.3144829231 118278.2014108784
123767.1368477231 118278.2014108784
119280.8666087077 118117.8467314459
122645.5692879692 117957.4920520135
117999.0751118462 117797.1373725811
121684.2256653231 117797.1373725811
119921.7623571385 117316.0733342838
123767.1368477231 116995.3639754189
125689.8240930154 116514.2999371216
124247.8086590462 116353.9452576892
123446.6889735077 115872.8812193919
122485.3453508615 115712.5265399595
118960.4187344923 114910.7531427973
118319.5229860616 114590.0437839324
123927.3607848308 114269.3344250676
125048.9283445846 113788.2703867703
125850.0480301231 113627.9157073378
120562.6581055692 112986.4969896081
123446.6889735077 112986.4969896081
122325.1214137539 112826.1423101757
117838.8511747385 112665.7876307432
119601.3144829231 112345.0782718784
121363.7777911077 112345.0782718784
118960.4187344923 112024.3689130135
125369.3762188000 111543.3048747162
124888.7044074769 113146.8516690406
119601.3144829231 112665.7876307432
124728.4804703692 117476.4280137162
117197.9554263077 116514.2999371216
120402.4341684615 120042.1028846351
125529.6001559077 117797.1373725811
118319.5229860616 114750.3984633649
125529.6001559077 114590.0437839324
120562.6581055692 120202.4575640676
123446.6889735077 119881.7482052027
121844.4496024308 117155.7186548514
124728.4804703692 119561.0388463378
123927.3607848308 112986.4969896081
120402.4341684615 116674.6546165540
122645.5692879692 120683.5216023649
124568.2565332615 113627.9157073378
125209.1522816923 112505.4329513108
124408.0325961538 115872.8812193919
124247.8086590462 117316.0733342838
119120.6426716000 113467.5610279054
118159.2990489538 113788.2703867703
118960.4187344923 116193.5905782568
125048.9283445846 121164.5856406622
118037.6216606875 138002.6473048739
114831.5749681875 137684.0404439730
119159.7380030625 137684.0404439730
114831.5749681875 137365.4335830721
118037.6216606875 137365.4335830721
121083.3660185625 136887.5232917207
114510.9702989375 136728.2198612703
118678.8309991875 136409.6130003694
121564.2730224375 136250.3095699189
116113.9936451875 136091.0061394685

136661.7799742115 115032.9243097597
128010.0371750577 90049.6306919151
134739.1704632885 110708.8927220558
136181.1275964808 113111.1324930024
131534.8212784167 101580.3815924587
136341.3450557244 114392.3270375073
135059.6053817756 108626.9515872355
128490.6895527885 89889.4813738520
129451.9943082500 95975.1554602500
129131.5593897628 91330.8252364199
117838.8511747385 116514.2999371216
116557.0596778769 115712.5265399595
121203.5538540000 120042.1028846351
122485.3453508615 111864.0142335811
119441.0905458154 113467.5610279054
124568.2565332615 118598.9107697432
123606.9129106154 116835.0092959865
118159.2990489538 117797.1373725811
126170.4959043385 112184.7235924460
125209.1522816923 113788.2703867703
124728.4804703692 119561.0388463378
124408.0325961538 122928.4871144189
117037.7314892000 116193.5905782568
117838.8511747385 116995.3639754189
125048.9283445846 121324.9403200946
117518.4033005231 112184.7235924460
122645.5692879692 111864.0142335811
122805.7932250769 119561.0388463378
120562.6581055692 112826.1423101757
121363.7777911077 120523.1669229324
118800.1947973846 112986.4969896081
122485.3453508615 113788.2703867703
122805.7932250769 116033.2358988243
122004.6735395385 113146.8516690406
125369.3762188000 117476.4280137162
119441.0905458154 117957.4920520135
120402.4341684615 111864.0142335811
122485.3453508615 117476.4280137162
122325.1214137539 121485.2949995270
116557.0596778769 116193.5905782568
121203.5538540000 116995.3639754189
123927.3607848308 114108.9797456351
122325.1214137539 121164.5856406622
125689.8240930154 116033.2358988243
120722.8820426769 112184.7235924460
122004.6735395385 121164.5856406622
117838.8511747385 114429.6891045000
118479.7469231692 112986.4969896081
122966.0171621846 112024.3689130135
124888.7044074769 114590.0437839324
124247.8086590462 117797.1373725811
119280.8666087077 117636.7826931486
121363.7777911077 116353.9452576892
121524.0017282154 119240.3294874730
120242.2102313538 118759.2654491757
120242.2102313538 111864.0142335811
119120.6426716000 119079.9748080405
121043.3299168923 112345.0782718784
120722.8820426769 120202.4575640676
122485.3453508615 115712.5265399595
122645.5692879692 120202.4575640676
123767.1368477231 118919.6201286081
124087.5847219385 121164.5856406622
117678.6272376308 116674.6546165540
115312.4819720625 136568.9164308198
115793.3889759375 135135.1855567658
120923.0636839375 137524.7370135225
115793.3889759375 136409.6130003694
117717.0169914375 133860.7581131622
121564.2730224375 130196.7792128018
119961.2496761875 134497.9718349639
120762.7613493125 134975.8821263153
120442.1566800625 137524.7370135225
127495.4594035625 123506.0351338829

128971.3419305192 88768.4361474102
134899.3879225321 110548.7434039927
128971.3419305192 94373.6622796189
129451.9943082500 89889.4813738520
129131.5593897628 89248.8841015995
132335.9085746346 101580.3815924587
130893.9514414423 100619.4856840801
129451.9943082500 96775.9020505655
129131.5593897628 96455.6034144393
137943.5196481603 118556.2093071481
120883.1059797846 112826.1423101757
116717.2836149846 114910.7531427973
116557.0596778769 117316.0733342838
125369.3762188000 111703.6595541487
120242.2102313538 119240.3294874730
124568.2565332615 113627.9157073378
119280.8666087077 117797.1373725811
118159.2990489538 113146.8516690406
123767.1368477231 122447.4230761216
119280.8666087077 113627.9157073378
117678.6272376308 115872.8812193919
122966.0171621846 113788.2703867703
124568.2565332615 122287.0683966892
118159.2990489538 118438.5560903108
116877.5075520923 117155.7186548514
122805.7932250769 119721.3935257703
124087.5847219385 112665.7876307432
122325.1214137539 116033.2358988243
122004.6735395385 119079.9748080405
122004.6735395385 112986.4969896081
125048.9283445846 113627.9157073378
123767.1368477231 122126.7137172568
117518.4033005231 115552.1718605270
122325.1214137539 119240.3294874730
124568.2565332615 111864.0142335811
118479.7469231692 115231.4625016622
124087.5847219385 120362.8122435000
117678.6272376308 112024.3689130135
120722.8820426769 116193.5905782568
122004.6735395385 118278.2014108784
119441.0905458154 112024.3689130135
121203.5538540000 117957.4920520135
122485.3453508615 118919.6201286081
119120.6426716000 115071.1078222297
125369.3762188000 117797.1373725811
120883.1059797846 112665.7876307432
118159.2990489538 115872.8812193919
121524.0017282154 119881.7482052027
124408.0325961538 119240.3294874730
123606.9129106154 122126.7137172568
118960.4187344923 117636.7826931486
117518.4033005231 117155.7186548514
124087.5847219385 115071.1078222297
124247.8086590462 122928.4871144189
117999.0751118462 117476.4280137162
125048.9283445846 119400.6841669054
117518.4033005231 112024.3689130135
124728.4804703692 122928.4871144189
123927.3607848308 118598.9107697432
119120.6426716000 111864.0142335811
120562.6581055692 116033.2358988243
121684.2256653231 116033.2358988243
125048.9283445846 116353.9452576892
119441.0905458154 112505.4329513108
121083.3660185625 134338.6684045135
115472.7843066875 137684.0404439730
120602.4590146875 134338.6684045135
120442.1566800625 137206.1301526216
118358.2263299375 132586.3306695585
115472.7843066875 136728.2198612703
119640.6450069375 137684.0404439730
121243.6683531875 135135.1855567658
123487.9010379375 126373.4968819910
128617.5757459375 122550.2145511802

138103.7371074039 118876.5079432743
136982.2148926987 116153.9695362015
136982.2148926987 115673.5215820121
136501.5625149679 114712.6256736335
135700.4752187500 111990.0872665607
135860.6926779936 111189.3406762451
134578.9530040449 108947.2502233617
133136.9958708526 106865.3090885413
133617.6482485833 105584.1145440364
131214.3863599295 102220.9788647112
124888.7044074769 122126.7137172568
122164.8974766461 121004.2309612297
121524.0017282154 120683.5216023649
122004.6735395385 120362.8122435000
124888.7044074769 120362.8122435000
122645.5692879692 119561.0388463378
124728.4804703692 118438.5560903108
119921.7623571385 118117.8467314459
123286.4650364000 117797.1373725811
116717.2836149846 117476.4280137162
120242.2102313538 116835.0092959865
124408.0325961538 116835.0092959865
121203.5538540000 116674.6546165540
119761.5384200308 116033.2358988243
125369.3762188000 115872.8812193919
123606.9129106154 115552.1718605270
118159.2990489538 115391.8171810946
117037.7314892000 114590.0437839324
123606.9129106154 114269.3344250676
119120.6426716000 113467.5610279054
123446.6889735077 113467.5610279054
118159.2990489538 112986.4969896081
118639.9708602769 112345.0782718784
121363.7777911077 112345.0782718784
117838.8511747385 112024.3689130135
120562.6581055692 111864.0142335811
124888.7044074769 119721.3935257703
124247.8086590462 121164.5856406622
124247.8086590462 115712.5265399595
121524.0017282154 119240.3294874730
117838.8511747385 116514.2999371216
121363.7777911077 111703.6595541487
119280.8666087077 118117.8467314459
117518.4033005231 117316.0733342838
119761.5384200308 119561.0388463378
118319.5229860616 118278.2014108784
122485.3453508615 112024.3689130135
121844.4496024308 117636.7826931486
118800.1947973846 114590.0437839324
120722.8820426769 112345.0782718784
123606.9129106154 113788.2703867703
120562.6581055692 116353.9452576892
124408.0325961538 114750.3984633649
122004.6735395385 120843.8762817973
123606.9129106154 118598.9107697432
118159.2990489538 116033.2358988243
123446.6889735077 114108.9797456351
124888.7044074769 114910.7531427973
122805.7932250769 117957.4920520135
120883.1059797846 116514.2999371216
117999.0751118462 117797.1373725811
122485.3453508615 113146.8516690406
122004.6735395385 117797.1373725811
121524.0017282154 119561.0388463378
118197.9239953125 136887.5232917207
122365.7846955625 136887.5232917207
117075.8076529375 136728.2198612703
121564.2730224375 136250.3095699189
117075.8076529375 136091.0061394685
117396.4123221875 135613.0958481171
120281.8543454375 135613.0958481171
119640.6450069375 133701.4546827117
118037.6216606875 132427.0272391081
118999.4356684375 131949.1169477568

127849.8197158141 89729.3320557889
130413.2990637115 99498.4404576384
135860.6926779936 113111.1324930024
133297.2133300962 102541.2775008374
134418.7355448013 106865.3090885413
134098.3006263141 108787.1009052986
130092.8641452244 98057.0965950704
129131.5593897628 89409.0334196626
128170.2546343013 91490.9745544830
128811.1244712756 95334.5581879976
120722.8820426769 116193.5905782568
116236.6118036615 116995.3639754189
120242.2102313538 114269.3344250676
123606.9129106154 114910.7531427973
123286.4650364000 120202.4575640676
123767.1368477231 118919.6201286081
122485.3453508615 121485.2949995270
123126.2410992923 115712.5265399595
124408.0325961538 116033.2358988243
121043.3299168923 119721.3935257703
119761.5384200308 118759.2654491757
119441.0905458154 119400.6841669054
125209.1522816923 114269.3344250676
121363.7777911077 117476.4280137162
122966.0171621846 111703.6595541487
120081.9862942462 112024.3689130135
122966.0171621846 117155.7186548514
125689.8240930154 115231.4625016622
121844.4496024308 114108.9797456351
124247.8086590462 120362.8122435000
117197.9554263077 114590.0437839324
119441.0905458154 114269.3344250676
119761.5384200308 117476.4280137162
116877.5075520923 115872.8812193919
121524.0017282154 118278.2014108784
118319.5229860616 114590.0437839324
119761.5384200308 111864.0142335811
117678.6272376308 117155.7186548514
117037.7314892000 116995.3639754189
122805.7932250769 119881.7482052027
125850.0480301231 111703.6595541487
119601.3144829231 119079.9748080405
122645.5692879692 112184.7235924460
117838.8511747385 113948.6250662027
125529.6001559077 112184.7235924460
122164.8974766461 117636.7826931486
124087.5847219385 111543.3048747162
125209.1522816923 117155.7186548514
122645.5692879692 111864.0142335811
122164.8974766461 118438.5560903108
123126.2410992923 119721.3935257703
121684.2256653231 115872.8812193919
121043.3299168923 115872.8812193919
119280.8666087077 117476.4280137162
118479.7469231692 112024.3689130135
123446.6889735077 112184.7235924460
123286.4650364000 118919.6201286081
122004.6735395385 120683.5216023649
117358.1793634154 112345.0782718784
121844.4496024308 120042.1028846351
118319.5229860616 117316.0733342838
122805.7932250769 116514.2999371216
125209.1522816923 112665.7876307432
126010.2719672308 113146.8516690406
119480.3426723125 130515.3860737027
119159.7380030625 136409.6130003694
119800.9473415625 133064.2409609099
114190.3656296875 137684.0404439730
116274.2959798125 136409.6130003694
121884.8776916875 137365.4335830721
120121.5520108125 136250.3095699189
119961.2496761875 132745.6341000090
116915.5053183125 137684.0404439730
118037.6216606875 136728.2198612703

128490.6895527885 90850.3772822306
128170.2546343013 93733.0650073665
128650.9070120321 91651.1238725461
132976.7784116090 101740.5309105218
132656.3434931218 104142.7706814684
134739.1704632885 110068.2954498034
136020.9101372372 112150.2365846238
130573.5165229551 94854.1102338083
130573.5165229551 96295.4540963762
137142.4323519423 115993.8202181384
121524.0017282154 114429.6891045000
121043.3299168923 115231.4625016622
124728.4804703692 122928.4871144189
126010.2719672308 113146.8516690406
120883.1059797846 115872.8812193919
121363.7777911077 112184.7235924460
122004.6735395385 117316.0733342838
123446.6889735077 115071.1078222297
118800.1947973846 115552.1718605270
119601.3144829231 112505.4329513108
122004.6735395385 118759.2654491757
124087.5847219385 116674.6546165540
119761.5384200308 115231.4625016622
118479.7469231692 113467.5610279054
122485.3453508615 119721.3935257703
122805.7932250769 112505.4329513108
117358.1793634154 113467.5610279054
121043.3299168923 117155.7186548514
122325.1214137539 119079.9748080405
123606.9129106154 122447.4230761216
118479.7469231692 117957.4920520135
125209.1522816923 119561.0388463378
124728.4804703692 111703.6595541487
123446.6889735077 116193.5905782568
117999.0751118462 115872.8812193919
123606.9129106154 111864.0142335811
122966.0171621846 112665.7876307432
124247.8086590462 122928.4871144189
119280.8666087077 114108.9797456351
124888.7044074769 118598.9107697432
121844.4496024308 120683.5216023649
122164.8974766461 112024.3689130135
120081.9862942462 116995.3639754189
120562.6581055692 112345.0782718784
123606.9129106154 121645.6496789595
119280.8666087077 112665.7876307432
118479.7469231692 112505.4329513108
124568.2565332615 115391.8171810946
118159.2990489538 117155.7186548514
124888.7044074769 114910.7531427973
122645.5692879692 113307.2063484730
125209.1522816923 117797.1373725811
118319.5229860616 116193.5905782568
125689.8240930154 114750.3984633649
123606.9129106154 119400.6841669054
117838.8511747385 114429.6891045000
122966.0171621846 118438.5560903108
123126.2410992923 121004.2309612297
118319.5229860616 115872.8812193919
118319.5229860616 115071.1078222297
122966.0171621846 121485.2949995270
125850.0480301231 112986.4969896081
122004.6735395385 112665.7876307432
118639.9708602769 112184.7235924460
120121.5520108125 132745.6341000090
114350.6679643125 136887.5232917207
118839.1333338125 133701.4546827117
121884.8776916875 137365.4335830721
122686.3893648125 129081.6551996486
121083.3660185625 130515.3860737027
125732.1337226875 124780.4625774865
119640.6450069375 132745.6341000090
117556.7146568125 136728.2198612703
115793.3889759375 136409.6130003694

130413.2990637115 99017.9925034490
128971.3419305192 95654.8568241238
128010.0371750577 91971.4225086723
134418.7355448013 109908.1461317403
132335.9085746346 99338.2911395753
133297.2133300962 104943.5172717840
136341.3450557244 112950.9831749393
127689.6022565705 90049.6306919151
129772.4292267372 97736.7979589442
132816.5609523654 102220.9788647112
116717.2836149846 115231.4625016622
120242.2102313538 119721.3935257703
121203.5538540000 115872.8812193919
117518.4033005231 116835.0092959865
119120.6426716000 117155.7186548514
121684.2256653231 115391.8171810946
125369.3762188000 114269.3344250676
117197.9554263077 115231.4625016622
121043.3299168923 120523.1669229324
123286.4650364000 112184.7235924460
118479.7469231692 112184.7235924460
120081.9862942462 112505.4329513108
124247.8086590462 121004.2309612297
119921.7623571385 112345.0782718784
123606.9129106154 114910.7531427973
118639.9708602769 118117.8467314459
117838.8511747385 114910.7531427973
124247.8086590462 119240.3294874730
123126.2410992923 111703.6595541487
122645.5692879692 121645.6496789595
124087.5847219385 113948.6250662027
119601.3144829231 119400.6841669054
117358.1793634154 116033.2358988243
119921.7623571385 119240.3294874730
117518.4033005231 117636.7826931486
123286.4650364000 119240.3294874730
123126.2410992923 119721.3935257703
124087.5847219385 112184.7235924460
122485.3453508615 113788.2703867703
125689.8240930154 112345.0782718784
120242.2102313538 118598.9107697432
125048.9283445846 111703.6595541487
123286.4650364000 120843.8762817973
120562.6581055692 111703.6595541487
119120.6426716000 118438.5560903108
121524.0017282154 118919.6201286081
117037.7314892000 117316.0733342838
122805.7932250769 112024.3689130135
125529.6001559077 116995.3639754189
118479.7469231692 117797.1373725811
123927.3607848308 120362.8122435000
120883.1059797846 112505.4329513108
121524.0017282154 117155.7186548514
124568.2565332615 112345.0782718784
121043.3299168923 117155.7186548514
121684.2256653231 121004.2309612297
119441.0905458154 114429.6891045000
121684.2256653231 116033.2358988243
120402.4341684615 117316.0733342838
124728.4804703692 119079.9748080405
124408.0325961538 122768.1324349865
121844.4496024308 121164.5856406622
121684.2256653231 120362.8122435000
117999.0751118462 112505.4329513108
123006.9940340625 127170.0140342432
122205.4823609375 137684.0404439730
121243.6683531875 130356.0826432523
121724.5753570625 136568.9164308198
122205.4823609375 128444.4414778469
128617.5757459375 122709.5179816306
118358.2263299375 136250.3095699189
119961.2496761875 133223.5443913604
119800.9473415625 134657.2752654144
120602.4590146875 136887.5232917207

