668785261.7157044411 510444.5683593750
659535475.9225063324 492417.3738708496
680902704.2714283466 520146.4116058350
657387119.1226629019 405086.4815979004
682018989.6317083836 521753.9266815186
679083389.6887995005 519239.7430419922
661760337.6940926313 500649.6315307617
669709132.5110098124 512403.4146118164
661329741.3724161386 494574.0357589722
670942433.0058943033 517147.1542892456
658423610.7495684624 483516.2478561401
667187458.9559305906 505977.1396331787
673226290.0294027328 518886.8881759644
667812465.5807336569 506170.6906204224
665785928.3424896002 500718.6986694336
