1316149785.2165758610 9690.8142946959
1315822045.5951316357 8089.0735856891
1352782226.4812500477 10095.0236308575
1334012669.9076428413 9981.1541246176
1324454942.9071223736 9763.2342286110
1319941596.7631967068 9738.6416567490
1319451690.8282725811 9713.3185563833
1334697337.8702063560 10063.0268627405
1324465514.7459034920 9814.4180243015
1324105696.9828200340 9755.0995241404
1336389592.2401275635 10091.1901602745
1329100371.3610701561 9978.2450931072
1328629289.3207302094 9906.4103548527
1324015583.8531978130 9744.5257211328
1324484893.1113102436 9904.5241347551
