526616647.3433248997 21284584.6210937500
528254370.3701893091 21324697.5312500000
521921367.8955692053 21124723.0859375000
537632416.0051112175 21363712.1132812500
535663627.5115566850 21331538.1093750000
523272443.4142611027 21236410.2851562500
520708007.8632087111 20878256.4609375000
522292523.7545544505 21164440.6445312500
536045728.7998804450 21350706.1875000000
542099749.4064345360 21391390.8593750000
522358576.1657386422 21219076.6054687500
537464396.1844848394 21357390.7500000000
539334484.3530573845 21388163.8710937500
538702855.2864501476 21387324.3476562500
537824135.5037018061 21372762.9843750000
538420901.1616836786 21374059.1835937500
525625348.7621031404 21280401.1562500000
525571457.5242907405 21273034.7148437500
521185335.1194406152 20976197.1132812500
524318083.4972155690 21254868.7617187500
541604942.5596528053 21391119.3125000000
522300761.3109785914 21167001.5312500000
