211304427.2374676764 248.7889251709
201088475.1497547030 222.5043498427
209063247.6691739261 243.3248148263
212248935.8381153941 250.3355126083
200448233.3049552441 212.7775898278
199895410.7357089520 208.3895850480
211123360.0911185741 246.5902194977
202412197.9906026423 229.2139874697
203450364.7153791487 230.5694079995
200105455.4797682762 209.9144869447
204311208.9162089527 232.0134183764
210009895.3382121623 244.8925526142
199198198.5909058154 176.5722610950
201876682.9503701925 224.6546178758
205350203.4687726796 232.9979618192
210270101.6903952360 245.9778351784
202205360.4761014879 228.8756028414
199840486.2349207699 180.0838115066
200802406.7332731187 220.4876078367
205567379.6015171707 243.0177713931
203736601.3572336137 231.9594668448
205564845.2009437382 236.4592661560
