1376402536.5667469501 1648441.1924591064
1405441922.4645018578 1709494.4892883301
1381115717.5515210629 1667683.0121307373
1372507074.8015851974 1601684.2286834717
1411528537.3336360455 1710541.6513519287
1387109895.5815703869 1682503.4510192871
1380049894.8631117344 1657276.2852630615
1389737903.9535529613 1693126.7617645264
1392702614.4406230450 1695497.3024368286
1405137384.2672295570 1696235.5209655762
1404119076.0587866306 1695883.7845764160
1375238630.6533112526 1606693.4486999512
1383483576.8788936138 1667861.3344421387
1384525770.4054746628 1681784.0818252563
