99193964.7400771677 5161829.3164062500
98557166.5662106276 5153504.6875000000
98409202.8832671791 5151493.2617187500
98468533.2126947343 5153278.5937500000
97852501.5579088479 5146913.3164062500
96775596.3226840943 5112547.2343750000
98464421.6762566268 5153200.4765625000
97194302.1454403698 5138784.2421875000
99406920.1188261658 5162699.8242187500
99560781.2039948106 5165966.1640625000
97138803.3849231452 5121731.7812500000
98717019.6561139077 5155655.5507812500
101587224.9190239012 5174730.9062500000
99003569.9155783206 5160623.7070312500
98912112.3559253961 5158286.4648437500
99754973.3854588717 5173903.5312500000
98325933.3191380352 5147803.2382812500
97206413.1777058840 5144046.6562500000
