1391231602.5462193489 46253.4698462486
1382792782.0878477097 45997.1844400167
1372530020.0344104767 43901.4772760272
1372746256.5409522057 44341.9278473854
1412994767.7367548943 47016.6170644760
1372744727.6762433052 44341.5444898605
1369321558.1474633217 42862.5509397984
1402286760.3844099045 46547.9932873249
1374560319.4625098705 45187.4135556221
1389217756.9123849869 46179.8215703964
1373649142.8708522320 45048.5912780762
1376404328.0772716999 45397.3827390671
1378375364.2176082134 45606.3062543869
1375729587.0054750443 45248.8776376247
1406134904.7471945286 46811.2593927383
1369214943.6154179573 35164.7995498180
1370967815.2258269787 43850.9562225342
1382601096.4580659866 45625.9529557228
1406502475.6696851254 46908.0859155655
1402408625.1611869335 46675.4822793007
1375465613.0510201454 45208.3092839718
1370854274.8309621811 43357.3771623373
1395523233.7778205872 46498.1414284706
1385494105.0498340130 46017.9099826813
1371837428.9065537453 43884.1021044254
1370117928.9429864883 43336.2614171505
