150314829.2256139815 72632.9114837646
159819731.8168836236 76181.5134887695
151633694.9264752269 72904.3650283813
148790444.6815843284 70535.9697875977
159071753.6720222831 76139.3442573547
152099988.8868090510 73055.5033340454
156519829.9086161852 75473.9496459961
153461471.3244794011 74782.7814636230
156907002.5091101229 75629.6432418823
158858045.2984827459 75744.0547485352
152251636.2220838368 73584.8440856934
150289660.7869093120 71700.0331230164
147605521.8616421223 68913.8173904419
155977216.9560607672 74877.2979888916
149810059.5455152690 71515.4286880493
150682825.3160947859 72681.9166488647
153176072.8189005256 74126.9297332764
151519397.4591949582 72740.1036834717
