534406792.0153589249 2388647.3791503906
542759683.5394502878 2431384.8872070312
527455913.7012599111 2351063.8520507812
541100622.2383884192 2410591.0644531250
530833594.4764387012 2386581.7385253906
543681550.3864979744 2448626.2470703125
538849148.5768284798 2407212.4197998047
541630854.4577860832 2422817.1833496094
543340430.2423442602 2441712.2380371094
535934400.2889544964 2406381.8342285156
540021029.7349954844 2408421.1171875000
528836634.1675925851 2371643.7465820312
541278795.0531851053 2415143.8234863281
521965925.4987892509 2211498.8776855469
522866888.2105141878 2255993.4331054688
528680407.0567491055 2369815.1145019531
523353425.7080054879 2335967.4018554688
522014829.1152567863 2235059.4140625000
526333825.9084665179 2346120.1027832031
