872342883.8961056471 2352096.5332031250
867588917.6662250757 2297477.3381347656
870020274.0787160397 2329858.2406921387
865631464.6727420092 2181916.2819976807
864518502.2811127901 2024570.3769226074
871310555.0070912838 2344118.7435913086
866586759.9961762428 2258500.8796386719
866261428.5421144962 2242360.7277526855
888638725.9136172533 2400627.9461669922
884620365.2058084011 2388827.8654632568
882699846.2070485353 2372133.2759399414
868818094.7144397497 2327166.3148803711
870636745.1244444847 2343345.3809204102
880086855.0952997208 2366957.4608764648
876908230.9957863092 2365673.0285644531
