876297866.2884788513 2392617.6805725098
862855394.6031595469 2177076.5825805664
866995819.5105583668 2316324.4230957031
869860886.0457956791 2332466.4160614014
875610350.8667703867 2367262.9266357422
864293043.8288587332 2297822.7804260254
886304722.4485956430 2401865.4333496094
870561161.9770951271 2364304.8533630371
886466204.8321732283 2421934.1884155273
868579440.8132740259 2326828.8678283691
882054015.3572453260 2396166.7370605469
863815431.6926631927 2240454.0953979492
868818094.7144397497 2327166.3148803711
