640313596.2638238668 3968656.9013671875
625076900.8149414062 3787948.3012695312
653782424.4749757051 3982798.1235351562
632428423.0129312277 3927660.5136718750
635017501.9578329325 3930318.5532226562
652067965.0216940641 3976038.1840820312
629086587.0490541458 3878638.4501953125
627199390.0932308435 3806136.1904296875
633846590.2243609428 3929574.2900390625
630095429.0342357159 3891148.7036132812
632353236.0646036863 3925536.2265625000
638990039.0521160364 3957411.4355468750
643679591.1787109375 3974220.2714843750
636569834.5665376186 3946551.1699218750
627492472.4888271093 3812005.0791015625
627032592.2903636694 3792671.9541015625
627719930.5313069820 3875059.0024414062
638738256.4877517223 3948254.9863281250
636193209.0462121964 3942619.5307617188
630506348.8515822887 3925318.2587890625
639694646.9217361212 3964303.9873046875
637981521.0637339354 3948208.5483398438
