523924868.1001105309 1354604.6416778564
546203021.4846484661 1442162.4568786621
522569426.5949215293 1317185.8690490723
527606232.4569877982 1398893.9323730469
524406804.5071089268 1379477.6775207520
546559059.0276558399 1449115.0122680664
524014064.6559278965 1358357.5588073730
523475901.8161419630 1340305.2280273438
520137388.5042299032 1312027.3023986816
549271595.2568590641 1451267.3092346191
526073980.6026290059 1380381.5442504883
522816565.0168083906 1320106.8339538574
530870495.2875120640 1420307.6782226562
530111076.4575107694 1411034.3680419922
522495492.5522399545 1314743.5723266602
523548385.7906678915 1342364.0046386719
532675187.3279830217 1430846.7867431641
523686007.6918988228 1343320.3969116211
519906480.1716338992 1139608.3572273254
529039001.0310893059 1408844.7942810059
537446234.3645639420 1439424.8901367188
527193938.0392374396 1380560.2359619141
