294483755.4371262193 967807.2263183594
295487575.6014878750 970537.3901977539
309945445.6166158319 1002954.2749023438
290319130.4016358852 800909.1026611328
298384199.4311132431 979729.4276123047
292319520.3834583759 966386.8067016602
290883961.7652422190 925364.9216308594
296398393.7845461369 976653.0821533203
290364040.9580830932 894310.2515869141
293898196.2534943819 967279.6353149414
291829325.6767498851 928733.7644042969
305371122.7549185157 998871.0061035156
298485065.3708661199 994302.2677001953
