341790966.7803335190 1021967.2422485352
353494362.9828846455 1070294.2283935547
350640437.9064418077 1068947.2974853516
348709188.4238279462 1062106.8546142578
350152952.7138597369 1064984.5162353516
340506615.2028514147 1013572.1951293945
343470933.4223511815 1052594.7186279297
345370319.9297641516 1054241.2144775391
340912177.1264928579 1019015.8746948242
346660472.4233046770 1059957.2232666016
338824121.2571413517 980138.1550292969
353080700.2868204713 1069497.2385253906
342243954.6406673193 1037879.3536376953
343145908.0775873661 1046756.6760253906
354032942.9652605057 1081782.2790527344
349519396.4087647796 1063863.5512084961
342304961.6034781933 1044722.9039306641
346522338.5052467585 1056453.2113037109
341826651.4383978844 1025317.6838378906
342227674.8673857450 1037497.8498535156
