162149802.9087695777 409157.2268066406
157275213.5479285121 393924.2283020020
161381291.2633997798 408006.1463012695
157619408.6931880713 397402.6044311523
160317959.3345246017 407922.1831665039
166091846.2136475742 420374.0448608398
159246937.4673779309 407544.6402587891
163756450.9516757131 413349.2851562500
161978683.8560240269 408562.6848754883
166054885.9597606361 417236.7646484375
163681447.7641181052 412505.6790161133
164687423.7259039283 416788.4349365234
163368849.0173131526 412202.9845581055
164180362.1807115674 415886.0868530273
157722035.6204078794 405454.1353149414
155693054.0965056419 380650.8455200195
157311778.9312216640 395155.4261398315
157172629.9098787010 388165.1798706055
162330367.9187881351 411452.7505493164
156873246.5175990164 387596.0882415771
162224062.2684825957 409561.7695312500
