1096415718.3937697411 10704283.9785156250
1102349829.5681624413 10741823.1435546875
1073606265.3398473263 10525544.0839843750
1103747344.8094551563 10742752.7919921875
1072356281.0556530952 10466482.8525390625
1083756322.4896264076 10623853.3154296875
1077551288.3888449669 10583427.7695312500
1079481042.1215765476 10587837.0185546875
1075442935.3950593472 10564873.9853515625
1069106803.6780649424 9918794.4687500000
1081210211.6877398491 10592836.1455078125
1077117132.6518776417 10571270.4912109375
1072671688.9383422136 10470551.3310546875
1093780108.4100592136 10663757.2255859375
1086396455.5058181286 10637000.7666015625
1077153454.2291820049 10579269.9892578125
1090436556.9266493320 10654290.3671875000
1082641107.2066314220 10609737.7519531250
1081176875.2266860008 10589396.3847656250
