339586886.1867715716 2298228.5146484375
354100411.1883698106 2359257.6210937500
344247398.6951287389 2335885.1835937500
353394662.9790870547 2357252.6025390625
347837308.9634795785 2349159.4521484375
352132722.0970405340 2354738.5126953125
345783134.2747840285 2340052.7158203125
340793911.0026435256 2318219.6572265625
343135751.4316220880 2322721.6904296875
342754875.3514660597 2322478.4599609375
343905084.1984105110 2333602.6523437500
348232825.7439125776 2353155.4599609375
345105129.2307543755 2338591.3398437500
347371447.8794502020 2346521.9023437500
347238959.0010599494 2343034.3906250000
