289249100.4808393121 3431224.8164062500
288982629.0868537426 3427361.4882812500
277708807.4885519147 3351631.3193359375
292326418.9947279096 3439254.1250000000
282998353.4343694448 3406864.1679687500
281396601.4711198807 3387532.6533203125
278235663.1480131149 3357195.4238281250
284002491.8459555507 3411805.1230468750
280050590.2268446684 3384396.3593750000
282175108.5132974982 3402805.6445312500
279880475.7608587146 3370365.7226562500
280046168.7241108418 3372323.4189453125
282452818.8307587504 3406236.1406250000
