216850876.0341796279 30076.6979827881
211663140.1238451302 26818.6133346558
211872715.8199245334 27076.0643005371
215330302.0348555446 29436.4339828491
214505094.9279503226 29075.0580406189
216391846.8376314640 29803.8988609314
213158930.3940065503 28760.2716865540
215844808.9284111261 29570.6836948395
211866801.8357938230 27037.1969976425
212359844.1801104546 27117.1482048035
219341173.1358314753 30422.5804214478
215277572.0376040041 29336.5933609009
211985272.7387274802 27108.3346710205
214744801.6729426980 29137.8847274780
210532460.7055707276 25874.0865917206
212717501.6794408262 28417.5656204224
212398298.2655155063 27745.0341758728
