70316228.8792677671 859889.8300781250
62484981.3884949833 832789.7099609375
62361065.2583949566 830246.9003906250
63271281.3978671283 847433.1386718750
68157017.4018627405 857948.3828125000
62335504.8495207280 829908.4853515625
64775290.6676381454 854990.4648437500
63447882.1353749558 849373.0263671875
65129681.0838753581 856903.7412109375
63830232.6928447932 852524.1318359375
68567690.7833877802 858010.5537109375
62766602.5355609208 834428.0551757812
62857712.5057825223 841570.5029296875
63215980.5604538918 847331.1025390625
66325076.8291901350 857881.4785156250
62425709.0010329410 830484.9472656250
63420464.7873122767 848224.3818359375
62700703.1762227565 833797.4765625000
63037676.3732650131 845475.9746093750
61444427.2772520036 829759.6787109375
