750839539.5989148617 17002044.1406250000
736284321.8741449118 16957641.1171875000
735759805.1077942848 16953866.3320312500
734213720.2241220474 16938711.7031250000
727412187.6572761536 16860128.0703125000
737984479.6833649874 16975909.3085937500
738023365.3664752245 16977312.1054687500
730389408.4384392500 16922311.0703125000
753177763.8184754848 17011922.4726562500
730617340.7671083212 16929517.7695312500
726790189.1810320616 16467085.3671875000
740130565.5253297091 16995740.7343750000
729237778.1622000933 16901285.8671875000
729044643.2584220171 16864628.2226562500
