251537624.2212714851 2104.7298114300
258648729.5574493706 2236.5900048018
250387736.0912076831 1976.2325674295
253865378.0609735250 2168.9389288425
249513614.3013799191 1956.9966958761
253195667.2066087425 2155.9166941643
267378080.1416244805 2286.9135117531
262504246.0997131467 2272.8371715546
249134492.9391855597 1663.3754803687
250994074.9238746762 2081.7310817242
256767143.0042339861 2189.1570172310
250851933.2386629283 1998.6297612190
263649560.5918913186 2286.8225219250
261991546.0489628315 2250.7258826494
255963829.9155864418 2183.1411707401
256903794.1194130778 2196.0162456036
254149474.2835655510 2177.6597607136
