374399830.8030906916 3007208.3730468750
386361189.8453980684 3098996.0410156250
375649559.3647314310 3055167.2324218750
373668800.1332069635 2999374.8574218750
384433327.5729728937 3098041.9033203125
383969967.4571142197 3087187.4296875000
377468399.7359311581 3059000.9980468750
374485664.8892143965 3039340.9492187500
374336351.6445609927 3001644.2392578125
372776786.5714854002 2934742.9492187500
377953893.1022714376 3077769.3750000000
386994686.4134275913 3108923.8359375000
379995536.9389880896 3082632.1005859375
380157299.4043523669 3085242.9414062500
377235328.4095450044 3056462.9326171875
373364078.9975956678 2988650.4023437500
