125574.6724600000 129177.2177969251
127013.2598817143 128373.8075764608
128931.3764440000 124838.8026064179
130529.8069125714 125160.1666946036
128451.8473034286 125481.5307827893
129730.5916782857 127731.0794000894
130369.9638657143 125481.5307827893
128451.8473034286 127409.7153119037
132767.6095685714 125642.2128268822
129570.7486314286 125802.8948709751
128292.0042565714 129177.2177969251
127652.6320691429 125802.8948709751
113008.4809394132 142263.6952288722
119546.7162565451 138911.1421525055
122098.2227217673 138591.8513833278
127201.2356522118 135877.8798453167
123214.5068003021 134920.0075377833
114124.7650179479 143860.1490747611
118270.9630239340 143381.2129209944
120025.1237187743 142582.9859980500
118430.4321780104 143221.5675364055
119706.1854106215 139390.0783062722
115559.9874046354 137474.3336912055
117314.1480994757 138272.5606141500
123214.5068003021 138911.1421525055
116197.8640209410 144019.7944593500
117952.0247157812 140826.8867675722
125287.6058032951 133802.4898456611
119706.1854106215 140347.9506138056
123214.5068003021 137633.9790757945
119387.2471024688 137793.6244603833
119387.2471024688 138112.9152295611
117952.0247157812 140188.3052292166
112370.6043231076 138432.2059987389
114762.6416342535 142902.2767672277
116197.8640209410 139549.7236908611
116995.2097913229 143700.5036901722
126882.2973440590 135558.5890761389
125128.1366492188 137633.9790757945
119706.1854106215 139070.7875370945
118908.8396402396 137314.6883066167
127679.6431144410 133163.9083073056

126853.4168348572 129819.9459732966
132128.2373811429 127249.0332678108
126054.2016005714 127249.0332678108
127013.2598817143 125320.8487386965
130369.9638657143 127891.7614441823
131009.3360531429 125802.8948709751
129251.0625377143 126445.6230473465
125574.6724600000 127570.3973559965
127972.3181628571 126124.2589591608
127492.7890222857 128534.4896205537
127972.3181628571 124517.4385182321
128132.1612097143 124838.8026064179
116197.8640209410 136835.7521528500
129912.2112715104 132365.6813843611
114443.7033261007 140347.9506138056
113965.2958638715 143061.9221518167
123214.5068003021 139549.7236908611
129433.8038092812 133483.1990764833
122895.5684921493 136356.8159990833
121300.8769513854 140347.9506138056
126403.8898818299 135558.5890761389
124968.6674951423 134121.7806148389
129114.8655011285 133004.2629227167
117952.0247157812 143540.8583055833
111254.3202445729 139709.3690754500
118749.3704861632 136835.7521528500
118270.9630239340 141465.4683059278
121460.3461054618 141146.1775367500
114124.7650179479 143860.1490747611
113805.8267097951 144658.3759977056
111892.1968608785 138911.1421525055
124011.8525706840 137474.3336912055
119546.7162565451 141944.4044596944
131347.4336581979 131886.7452305944
124330.7908788368 138591.8513833278
119387.2471024688 142263.6952288722
114284.2341720243 137953.2698449722
116676.2714831701 144179.4398439389
126244.4207277535 135079.6529223722
114284.2341720243 138272.5606141500
119387.2471024688 143221.5675364055
116038.3948668646 142423.3406134611

127173.1029285714 125481.5307827893
131968.3943342857 126766.9871355322
128931.3764440000 128534.4896205537
128611.6903502857 124517.4385182321
131968.3943342857 126124.2589591608
126693.5737880000 126927.6691796251
128611.6903502857 125802.8948709751
131009.3360531429 125963.5769150679
127332.9459754286 126606.3050914393
126853.4168348572 128213.1255323680
129410.9055845714 126927.6691796251
128292.0042565714 128855.8537087394
123692.9142625312 139230.4329216833
117952.0247157812 143381.2129209944
120184.5928728507 140028.6598446278
119546.7162565451 141944.4044596944
120663.0003350799 141944.4044596944
122257.6918758438 135398.9436915500
119546.7162565451 135718.2344607278
118270.9630239340 137953.2698449722
113805.8267097951 137793.6244603833
119546.7162565451 141465.4683059278
120025.1237187743 143061.9221518167
118589.9013320868 138751.4967679167
116676.2714831701 140826.8867675722
124649.7291869896 138432.2059987389
121460.3461054618 135079.6529223722
119387.2471024688 139070.7875370945
127839.1122685173 134600.7167686055
125447.0749573715 135079.6529223722
125606.5441114479 136995.3975374389
123214.5068003021 134441.0713840167
119068.3087943160 138911.1421525055
123852.3834166076 134760.3621531944
114922.1107883299 141146.1775367500
117952.0247157812 137155.0429220278
116038.3948668646 144339.0852285278
118111.4938698576 136835.7521528500
113486.8884016424 142582.9859980500
120503.5311810035 138432.2059987389
127998.5814225938 132844.6175381278
120184.5928728507 137474.3336912055

126054.2016005714 128534.4896205537
128292.0042565714 126284.9410032536
128611.6903502857 126606.3050914393
128292.0042565714 127409.7153119037
128132.1612097143 125481.5307827893
128931.3764440000 124838.8026064179
127492.7890222857 125481.5307827893
125894.3585537143 126445.6230473465
131648.7082405714 126927.6691796251
127332.9459754286 125963.5769150679
131488.8651937143 125160.1666946036
128451.8473034286 125642.2128268822
119865.6545646979 139070.7875370945
125447.0749573715 137633.9790757945
116676.2714831701 139869.0144600389
116357.3331750174 143221.5675364055
115081.5799424062 141305.8229213389
120663.0003350799 140507.5959983944
118589.9013320868 137474.3336912055
120663.0003350799 140986.5321521611
111573.2585527257 138751.4967679167
120822.4694891562 139230.4329216833
117633.0864076285 136676.1067682611
119227.7779483924 139549.7236908611
119068.3087943160 137474.3336912055
116995.2097913229 138112.9152295611
113805.8267097951 142582.9859980500
118430.4321780104 142263.6952288722
120344.0620269271 136835.7521528500
120822.4694891562 135079.6529223722
123852.3834166076 137633.9790757945
113965.2958638715 144339.0852285278
123214.5068003021 138591.8513833278
116038.3948668646 144019.7944593500
121619.8152595382 137633.9790757945
119227.7779483924 138112.9152295611
119387.2471024688 138751.4967679167
119706.1854106215 137314.6883066167
126403.8898818299 136676.1067682611
117633.0864076285 137793.6244603833
116038.3948668646 137474.3336912055
113805.8267097951 138591.8513833278

128451.8473034286 127570.3973559965
129570.7486314286 126606.3050914393
129890.4347251429 128213.1255323680
127492.7890222857 128695.1716646465
125894.3585537143 129659.2639292037
126214.0446474286 128213.1255323680
132607.7665217143 126284.9410032536
129410.9055845714 126927.6691796251
131808.5512874286 126124.2589591608
131488.8651937143 127891.7614441823
127332.9459754286 127891.7614441823
125734.5155068571 127088.3512237179
113167.9500934896 141625.1136905166
123533.4451084549 139070.7875370945
119387.2471024688 138911.1421525055
124809.1983410660 136037.5252299056
126722.8281899826 132844.6175381278
119387.2471024688 138432.2059987389
118430.4321780104 142742.6313826389
117473.6172535521 137953.2698449722
115081.5799424062 140986.5321521611
114124.7650179479 140188.3052292166
127679.6431144410 133642.8444610722
120503.5311810035 136356.8159990833
127201.2356522118 135718.2344607278
120503.5311810035 138591.8513833278
121460.3461054618 139869.0144600389
116357.3331750174 144019.7944593500
119865.6545646979 140826.8867675722
113167.9500934896 138751.4967679167
118270.9630239340 143860.1490747611
121619.8152595382 136037.5252299056
120025.1237187743 140188.3052292166
123852.3834166076 138432.2059987389
122736.0993380729 137474.3336912055
118589.9013320868 138751.4967679167
112689.5426312604 138432.2059987389
119387.2471024688 141784.7590751056
122576.6301839965 137474.3336912055
124330.7908788368 137155.0429220278
125128.1366492188 134760.3621531944
118908.8396402396 137314.6883066167

129730.5916782857 127731.0794000894
132128.2373811429 127088.3512237179
125894.3585537143 127731.0794000894
131009.3360531429 125320.8487386965
127812.4751160000 125963.5769150679
131968.3943342857 127409.7153119037
126853.4168348572 127409.7153119037
128611.6903502857 125320.8487386965
127492.7890222857 125160.1666946036
131968.3943342857 125802.8948709751
132128.2373811429 126124.2589591608
130050.2777720000 125642.2128268822
124490.2600329132 138432.2059987389
130709.5570418923 131727.0998460056
120344.0620269271 140188.3052292166
122257.6918758438 139230.4329216833
122736.0993380729 140347.9506138056
116676.2714831701 142582.9859980500
120344.0620269271 142423.3406134611
118749.3704861632 137953.2698449722
121300.8769513854 141305.8229213389
123373.9759543785 135079.6529223722
124649.7291869896 137633.9790757945
120344.0620269271 137314.6883066167
118908.8396402396 136835.7521528500
113646.3575557187 142902.2767672277
124649.7291869896 135718.2344607278
119706.1854106215 141465.4683059278
124171.3217247604 138112.9152295611
121938.7535676910 136995.3975374389
119706.1854106215 139549.7236908611
112849.0117853368 142104.0498442833
125766.0132655243 137314.6883066167
128317.5197307465 134281.4259994278
130231.1495796632 132684.9721535389
120663.0003350799 139869.0144600389
117633.0864076285 143221.5675364055
112211.1351690312 140667.2413829833
128795.9271929757 133163.9083073056
124011.8525706840 136197.1706144944
126084.9515736771 136835.7521528500
117952.0247157812 143540.8583055833

132607.7665217143 125802.8948709751
127332.9459754286 127891.7614441823
130529.8069125714 125481.5307827893
129410.9055845714 125481.5307827893
130849.4930062857 127088.3512237179
127332.9459754286 129659.2639292037
128292.0042565714 125481.5307827893
130689.6499594286 128213.1255323680
126533.7307411428 127731.0794000894
129890.4347251429 128052.4434882751
126693.5737880000 124517.4385182321
128132.1612097143 127731.0794000894
116835.7406372465 136995.3975374389
114284.2341720243 138591.8513833278
110616.4436282674 139709.3690754500
125766.0132655243 136676.1067682611
120184.5928728507 139869.0144600389
120344.0620269271 140986.5321521611
124968.6674951423 134281.4259994278
117154.6789453993 141944.4044596944
119387.2471024688 138591.8513833278
116357.3331750174 137155.0429220278
119865.6545646979 137953.2698449722
120981.9386432326 141305.8229213389
118589.9013320868 139390.0783062722
120822.4694891562 141465.4683059278
119068.3087943160 138272.5606141500
117473.6172535521 138911.1421525055
123055.0376462257 135558.5890761389
117633.0864076285 138911.1421525055
123852.3834166076 138432.2059987389
118430.4321780104 136676.1067682611
124330.7908788368 137953.2698449722
126403.8898818299 136037.5252299056
112689.5426312604 140347.9506138056
113008.4809394132 140507.5959983944
116835.7406372465 137633.9790757945
117314.1480994757 139390.0783062722
112530.0734771840 140667.2413829833
113486.8884016424 140188.3052292166
113646.3575557187 144339.0852285278
114124.7650179479 137953.2698449722

129890.4347251429 125320.8487386965
129730.5916782857 125642.2128268822
129730.5916782857 125802.8948709751
126373.8876942857 129819.9459732966
128771.5333971428 125160.1666946036
131488.8651937143 127249.0332678108
126214.0446474286 126284.9410032536
127652.6320691429 124678.1205623250
127332.9459754286 128373.8075764608
125414.8294131429 127731.0794000894
130849.4930062857 124999.4846505107
126373.8876942857 126927.6691796251
113965.2958638715 144019.7944593500
121141.4077973090 140667.2413829833
116516.8023290937 136995.3975374389
119865.6545646979 139709.3690754500
119068.3087943160 140986.5321521611
119546.7162565451 137474.3336912055
114603.1724801771 144179.4398439389
112051.6660149549 140667.2413829833
117473.6172535521 143540.8583055833
113486.8884016424 138112.9152295611
123055.0376462257 139869.0144600389
130869.0261959688 131248.1636922389
124649.7291869896 136995.3975374389
118749.3704861632 140347.9506138056
113965.2958638715 142902.2767672277
116995.2097913229 142423.3406134611
125766.0132655243 134920.0075377833
127041.7664981354 136197.1706144944
115400.5182505590 138432.2059987389
129593.2729633577 132365.6813843611
125606.5441114479 135877.8798453167
125606.5441114479 135718.2344607278
117314.1480994757 140188.3052292166
116516.8023290937 139070.7875370945
119068.3087943160 141465.4683059278
116995.2097913229 137793.6244603833
118749.3704861632 143381.2129209944
125447.0749573715 136676.1067682611
112530.0734771840 141944.4044596944
111732.7277068021 139709.3690754500

126214.0446474286 127088.3512237179
128451.8473034286 127731.0794000894
131329.0221468571 126284.9410032536
131648.7082405714 125642.2128268822
126693.5737880000 128213.1255323680
131329.0221468571 125963.5769150679
129251.0625377143 126124.2589591608
126533.7307411428 124517.4385182321
129890.4347251429 124999.4846505107
129730.5916782857 127409.7153119037
128132.1612097143 129177.2177969251
129410.9055845714 128534.4896205537
114603.1724801771 138591.8513833278
127360.7048062882 134600.7167686055
116835.7406372465 140028.6598446278
119706.1854106215 142902.2767672277
118111.4938698576 136676.1067682611
126882.2973440590 133004.2629227167
119387.2471024688 136995.3975374389
119387.2471024688 143221.5675364055
122895.5684921493 136197.1706144944
113327.4192475660 140507.5959983944
125447.0749573715 136835.7521528500
115878.9257127882 137633.9790757945
121938.7535676910 139390.0783062722
120981.9386432326 138911.1421525055
121938.7535676910 134600.7167686055
128795.9271929757 132684.9721535389
111094.8510904965 139230.4329216833
118270.9630239340 137793.6244603833
120981.9386432326 141146.1775367500
116357.3331750174 143860.1490747611
121460.3461054618 136676.1067682611
118270.9630239340 137314.6883066167
127679.6431144410 133483.1990764833
113965.2958638715 143540.8583055833
129114.8655011285 134121.7806148389
115878.9257127882 139549.7236908611
122257.6918758438 134920.0075377833
129114.8655011285 133962.1352302500
127201.2356522118 135718.2344607278
117952.0247157812 140507.5959983944

128292.0042565714 125481.5307827893
130210.1208188571 127088.3512237179
127812.4751160000 126124.2589591608
125734.5155068571 127570.3973559965
128771.5333971428 124678.1205623250
127332.9459754286 128373.8075764608
128611.6903502857 127570.3973559965
127332.9459754286 129016.5357528323
126373.8876942857 124999.4846505107
131648.7082405714 126124.2589591608
127332.9459754286 129337.8998410180
129730.5916782857 128373.8075764608
117314.1480994757 138751.4967679167
123214.5068003021 134281.4259994278
118589.9013320868 139709.3690754500
122895.5684921493 137793.6244603833
122257.6918758438 134600.7167686055
118430.4321780104 143860.1490747611
117473.6172535521 141465.4683059278
113008.4809394132 137953.2698449722
112530.0734771840 138751.4967679167
113965.2958638715 144019.7944593500
123055.0376462257 136356.8159990833
127998.5814225938 133802.4898456611
115241.0490964826 137314.6883066167
120025.1237187743 138591.8513833278
117952.0247157812 137633.9790757945
115400.5182505590 139230.4329216833
124809.1983410660 137474.3336912055
115559.9874046354 142902.2767672277
120822.4694891562 140826.8867675722
119865.6545646979 141465.4683059278
123692.9142625312 139230.4329216833
120503.5311810035 142582.9859980500
115719.4565587118 140188.3052292166
113965.2958638715 143061.9221518167
121460.3461054618 135398.9436915500
125128.1366492188 136676.1067682611
121460.3461054618 135079.6529223722
118749.3704861632 143540.8583055833
122417.1610299201 139709.3690754500
121141.4077973090 138112.9152295611

129570.7486314286 128534.4896205537
129730.5916782857 126445.6230473465
129251.0625377143 126606.3050914393
125574.6724600000 127570.3973559965
127013.2598817143 128213.1255323680
129410.9055845714 124838.8026064179
130050.2777720000 125802.8948709751
129410.9055845714 126927.6691796251
132288.0804280000 127409.7153119037
127332.9459754286 129659.2639292037
130849.4930062857 127731.0794000894
128451.8473034286 129177.2177969251
125766.0132655243 136676.1067682611
113805.8267097951 143381.2129209944
119865.6545646979 142742.6313826389
128158.0505766701 133642.8444610722
121779.2844136146 140188.3052292166
117473.6172535521 139230.4329216833
127679.6431144410 132525.3267689500
125128.1366492188 134121.7806148389
131666.3719663507 130928.8729230611
120822.4694891562 141784.7590751056
120822.4694891562 136676.1067682611
118430.4321780104 143700.5036901722
120344.0620269271 138432.2059987389
123373.9759543785 135558.5890761389
120344.0620269271 141146.1775367500
121141.4077973090 139869.0144600389
114284.2341720243 143061.9221518167
117154.6789453993 138112.9152295611
129114.8655011285 133004.2629227167
114124.7650179479 142263.6952288722
113965.2958638715 141944.4044596944
114443.7033261007 143700.5036901722
121938.7535676910 136197.1706144944
124809.1983410660 135718.2344607278
117952.0247157812 137953.2698449722
116516.8023290937 139709.3690754500
119865.6545646979 137633.9790757945
126084.9515736771 136676.1067682611
123533.4451084549 138751.4967679167
116995.2097913229 143860.1490747611

131488.8651937143 126766.9871355322
127173.1029285714 128373.8075764608
126214.0446474286 126445.6230473465
126054.2016005714 127088.3512237179
127812.4751160000 125802.8948709751
131968.3943342857 127409.7153119037
127652.6320691429 126766.9871355322
130210.1208188571 125320.8487386965
128132.1612097143 128855.8537087394
127492.7890222857 129337.8998410180
131648.7082405714 125802.8948709751
126054.2016005714 126284.9410032536
125287.6058032951 133642.8444610722
117952.0247157812 136995.3975374389
116676.2714831701 138112.9152295611
117952.0247157812 139390.0783062722
119227.7779483924 142582.9859980500
113167.9500934896 138112.9152295611
125766.0132655243 136037.5252299056
110616.4436282674 139549.7236908611
113486.8884016424 144179.4398439389
113008.4809394132 141784.7590751056
124649.7291869896 135239.2983069611
113008.4809394132 140986.5321521611
119706.1854106215 138591.8513833278
119865.6545646979 136516.4613836722
124649.7291869896 137314.6883066167
126244.4207277535 135877.8798453167
120503.5311810035 140028.6598446278
123692.9142625312 135398.9436915500
115400.5182505590 140507.5959983944
113646.3575557187 142582.9859980500
118270.9630239340 136676.1067682611
126563.3590359062 136356.8159990833
120981.9386432326 139070.7875370945
127201.2356522118 134760.3621531944
126882.2973440590 135239.2983069611
113965.2958638715 144498.7306131167
118908.8396402396 135718.2344607278
114922.1107883299 144339.0852285278
119068.3087943160 138751.4967679167
117314.1480994757 143221.5675364055

132128.2373811429 125642.2128268822
127972.3181628571 128534.4896205537
132767.6095685714 126606.3050914393
125894.3585537143 127249.0332678108
129251.0625377143 124999.4846505107
129091.2194908571 128052.4434882751
132128.2373811429 125320.8487386965
126054.2016005714 129016.5357528323
128132.1612097143 126766.9871355322
126693.5737880000 129337.8998410180
125734.5155068571 129980.6280173894
130369.9638657143 126124.2589591608
116835.7406372465 143860.1490747611
116835.7406372465 137155.0429220278
123055.0376462257 134760.3621531944
117473.6172535521 143061.9221518167
126882.2973440590 136197.1706144944
113486.8884016424 142104.0498442833
117473.6172535521 142742.6313826389
119227.7779483924 138112.9152295611
127520.1739603646 135079.6529223722
128636.4580388993 132046.3906151833
117952.0247157812 139230.4329216833
120503.5311810035 140667.2413829833
119865.6545646979 139549.7236908611
118908.8396402396 142902.2767672277
124490.2600329132 138591.8513833278
116357.3331750174 136835.7521528500
112849.0117853368 141625.1136905166
127041.7664981354 133962.1352302500
113646.3575557187 139230.4329216833
121300.8769513854 141146.1775367500
121460.3461054618 141465.4683059278
118908.8396402396 140507.5959983944
113327.4192475660 138751.4967679167
116676.2714831701 137953.2698449722
118430.4321780104 143860.1490747611
119865.6545646979 137633.9790757945
121938.7535676910 139869.0144600389
115878.9257127882 142423.3406134611
124649.7291869896 134441.0713840167
121141.4077973090 141944.4044596944

