1300930824.7969591618 794005.6931228638
1301744163.9263992310 796222.0974273682
1287049696.2999393940 765373.5905990601
1314604720.6437935829 813654.4408874512
1284934696.1352052689 744041.7659130096
1287231539.2979345322 765877.0001792908
1288763334.5492155552 775566.4418106079
1312541569.1417083740 810648.2988128662
1301912124.0310709476 797218.6667938232
1307697323.1078643799 804653.0512008667
1291869362.2683146000 780657.4483871460
1308682143.9742853642 807917.5632019043
1313631278.8824713230 811562.0581359863
1286494329.7361726761 763544.4104423523
1284353278.3406043053 616697.8043780327
1312201486.6802701950 809776.5367965698
1314183911.5182402134 813513.7260894775
1299424001.5639863014 792249.6389312744
1311130827.0810017586 809309.6788787842
1284594868.5882396698 743206.2004203796
1305468600.4498026371 800812.6209716797
1288253532.9786880016 770649.2288970947
1287628645.0936748981 770168.3846664429
1292211141.9703428745 791867.2899169922
1305621651.5587649345 803358.7352180481
1290209378.6077115536 776993.2467193604
1308948342.4145932198 808201.7872085571
