151015155.4238921702 73420.1793518066
151188680.0232149065 73437.2454147339
143998608.7868596613 69614.2845687866
144191366.7900147736 72020.8100509644
152513425.3122236729 73622.7563552856
145986996.1737866998 73158.8132553101
143453804.2456329167 67000.1877212524
143690573.8357742429 67279.8885955811
143816019.6403992176 67853.7733650208
143864401.7180720270 68621.7128562927
142120498.7885632217 58255.6729879379
143419310.6422913969 64482.1074676514
143718070.6590576172 67306.9700088501
151286461.4668289721 73559.7575378418
143448592.3258130848 66580.2805786133
143318033.9743042290 63969.1359481812
142765611.6018042564 62264.4590930939
