514360952.4093266726 330767.9656982422
510898691.5782262683 323281.5628509521
508209766.2156362534 319772.3594574928
528304487.1398479939 340549.1331634521
508203864.4204866290 308706.9962615967
510544963.8375369906 322272.1777954102
509746177.5051223636 320531.1251983643
525416221.9818366170 339263.6832885742
525326656.1634195447 337254.3985748291
515757650.5079508424 334017.2398376465
517571422.7911542058 336797.5161895752
506983629.0456587672 259781.8333129883
511724508.7221361995 329909.7010345459
521582345.1034141183 337176.7256469727
533385801.2932143211 342561.3825988770
517470280.1068432331 334331.2788085938
514894936.2063238025 331630.5751495361
529493096.1435582638 341835.4935913086
