992010507.6227993965 32401.7824399471
995502131.7527354956 32603.3415889740
996857245.0660580397 32615.1629881859
985851309.8983739614 31977.2454738617
966145604.8735513687 26376.5971698761
966881213.4194797277 26459.7997068912
999813825.5296163559 32784.4051876068
990344254.1798236370 32277.1884512901
979228675.2671775818 31651.5831103325
991356890.8525133133 32298.2894506454
992331360.5771716833 32535.3704588413
967162110.5833759308 30802.7994525433
978055296.3880794048 31630.3999614716
984267606.3786101341 31844.3790402412
988669618.8758099079 32194.9889628887
991617074.3224121332 32356.8469343185
971716273.8158667088 31383.7955088615
