275430142.7851374149 520802.1131286621
270409685.5863696933 488176.2553253174
276699830.1706609726 529261.8435668945
269008890.6360439658 442335.8830642700
273454661.9431899190 516437.5010223389
276104687.0654624701 525662.5607910156
281724644.2360216975 537294.6967773438
269721480.4653608203 483318.5196533203
270999487.6246876121 510582.2020874023
269598434.0220382214 465281.3899688721
273472881.8494232297 519907.8590393066
269193003.3076353073 448508.8285741806
270835752.7768314481 493406.2323303223
273185663.5091271400 514696.0913085938
