1105387702.4309923649 1344567.6166992188
1106773424.9066832066 1349442.0721588135
1105036219.1150288582 1343242.3968353271
1074688401.9908514023 1268276.4015197754
1086706067.6198008060 1324056.4596862793
1077075300.1997528076 1306851.8052978516
1071828311.1487404108 1247516.3236351013
1103189073.6690261364 1342145.7655563354
1101981910.7788395882 1340800.5386047363
1074443769.4614145756 1257000.7711944580
1075393625.4206426144 1274084.7114410400
1076177188.0358605385 1292562.3912200928
1088593645.2302989960 1328864.2704391479
1077853682.7553641796 1311080.6168823242
1095169716.8396131992 1340443.2823181152
1080926384.2004687786 1320699.8078155518
1072396994.2628841400 1250251.5263061523
1079343570.1995661259 1319725.9936523438
1089026110.4911766052 1337356.0598297119
