76384090.4774463177 1622551.5703125000
76557062.5246714205 1623593.0917968750
75740428.5461412370 1616194.7656250000
77782515.9515919387 1626489.6660156250
79219255.4148450643 1632130.4980468750
74971361.2674481124 1609742.4160156250
76358305.7329666018 1621361.8300781250
79024005.0257797092 1630609.0859375000
76672068.1832313091 1623752.1621093750
78616088.2349068820 1628690.7636718750
76143457.2540560365 1621308.5273437500
78122552.8014138788 1627998.6894531250
75854376.5060222447 1618653.8476562500
74820592.0161158442 1555031.4023437500
78008891.0286727101 1627511.1621093750
76876523.9979053289 1626433.6953125000
76544823.7186914980 1623264.5253906250
75439724.3886278123 1611798.3613281250
78835613.2150307149 1629928.2148437500
80021706.4062532634 1633744.0390625000
