596248562.5095523596 21559.3368215561
590343870.9846475124 20538.3058233261
603271275.7165912390 21880.3606810570
588371763.1097782850 20239.8399686813
591513566.4103090763 20662.0650506020
596196513.0280653238 21398.0664730072
592405773.5036909580 20854.0141329765
588163718.6818947792 16700.7224896550
590858037.3136165142 20603.8954381943
595034066.8692098856 21318.6721591949
592206396.9757179022 20846.7867345810
597742969.6036244631 21775.5410308838
591847120.6203162670 20767.8514630795
590060872.5109087229 20349.9577255249
591459848.7619864941 20604.1254997253
591965811.1146748066 20779.2244348526
592821233.5616303682 21303.8215932846
