1004668560.4491490126 7824155.2724609375
1009749066.7712767124 7827655.7958984375
992902402.8057219982 7798472.5292968750
977079626.2320694923 7598703.6318359375
986592979.1245622635 7772741.6113281250
975871521.3541100025 7231507.5888671875
981839778.5650013685 7720967.2236328125
979769371.8081346750 7706695.4726562500
975640736.0073546171 7127417.3291015625
996655636.8847253323 7798478.1445312500
1000064343.4395048618 7814932.2753906250
976846136.9753153324 7563300.6708984375
983538761.0607932806 7721185.6962890625
1003046095.5651695728 7816258.3447265625
985777286.9693548679 7738734.3378906250
978238243.0743278265 7631625.3603515625
978411777.1936148405 7657528.2988281250
1000053287.6916630268 7808530.4804687500
984643423.3245894909 7731172.0595703125
