980385524.4444270134 7665352.4609375000
994962099.0975373983 7786240.4589843750
987307486.5617765188 7743134.1171875000
983741365.8398209810 7709807.5996093750
1000053287.6916630268 7808530.4804687500
998534432.0482904911 7788231.9238281250
983461658.2943115234 7693518.5781250000
989623110.8973206282 7760768.5830078125
979684448.6411149502 7317348.6396484375
982707563.6137531996 7690828.2773437500
987469806.0309075117 7750441.2519531250
981494327.8423637152 7665386.6103515625
979731683.9178124666 7635986.8691406250
979873777.3694906235 7638760.9169921875
987866709.9032897949 7754988.6679687500
979081542.5090419054 7292485.2929687500
977924502.3632544279 7167645.2792968750
984643423.3245894909 7731172.0595703125
984158598.6388193369 7717963.9697265625
