293934788.0738300085 99222.9252319336
289760758.5389335752 91476.2568054199
298304402.3008916974 101830.2272949219
289804177.5134686232 94084.4401702881
289622607.3256149888 83884.8711624146
291922168.8185202479 97365.5937194824
296841025.5437023640 101664.2985382080
298655259.1126768589 102455.3583526611
292578283.2327869534 98022.7402496338
295272328.3806096911 100231.0980300903
298672886.3143673539 103239.2341766357
289694582.8189187050 91350.8821334839
295492771.1427072287 100593.8738250732
291103761.1721491218 95680.2130661011
293217044.3938661814 98507.4932708740
294443955.6560626626 100027.0433044434
290636244.4140037894 94967.0761260986
296302596.3459243178 100798.1442718506
294344323.4543764591 99262.9878234863
