753865032.2089797258 30104.5846400261
738289288.4282131195 28230.0534827709
748684878.6604322195 30085.6687431335
740637716.6521043777 29190.1544799805
740309754.2652832270 28584.9976983070
739485419.2724182606 28371.0958039761
754102173.7945568562 30128.0173988342
748473447.7504876852 29915.9324522018
760590621.9723531008 30168.8127002716
741421754.8439666033 29501.3972549438
739885681.8058965206 28538.1017484665
743150292.1330330372 29701.0377149582
737886556.0707992315 24846.2864820957
743695443.1628714800 29824.6293182373
