238556574.1074425578 75758.3619956970
247349388.8421323597 83226.0223541260
238602801.0034190416 76193.2815551758
248477311.7141264081 84751.9670028687
244273055.6276124120 81565.5014419556
241964898.6965795755 80587.8501052856
243235391.7981485724 80843.3639755249
247531560.2985987067 84563.2396163940
238350920.2161469162 73787.1658687592
236782569.5849258602 65225.9512901306
247519300.7304684818 83400.7669982910
246678011.0076597929 82653.5438041687
248851818.3555757403 85904.5955505371
242845253.4342009723 80723.5304260254
241762464.8785468340 79368.5313873291
247164001.1218414307 83129.5067901611
243494825.6050591767 81294.0012817383
242782098.9170840085 80714.5822525024
245263242.1027774811 82490.7533035278
244330521.7664674520 81616.6381301880
241837841.4287036359 80507.8801803589
239240855.2790717185 77569.4029922485
240422326.9780834317 79347.3214111328
