850065527.8739722967 5625813.8188476562
847484841.0085537434 5585092.5605468750
853081482.3246811628 5678113.0332031250
871374863.4064437151 5715184.5908203125
848068422.8491541147 5613404.8852539062
868462948.5761915445 5705289.0966796875
859915618.3404339552 5683249.7436523438
847503381.8018209934 5613285.1762695312
852251301.1247233152 5634970.5058593750
844137492.8601685762 5564346.7124023438
870951159.8367371559 5710621.5239257812
863237257.9826278687 5695969.4960937500
851957536.7740234137 5633514.4804687500
852549816.8348233700 5657862.9340820312
861761037.4014457464 5695607.4379882812
863808724.4731913805 5700059.3896484375
859135297.7073035240 5680561.9208984375
847245980.3747068644 5573067.2446289062
852368844.0930676460 5640978.9580078125
