337089989.0626881123 1139811.2562866211
345844095.0618314147 1173347.4078369141
332273864.9521905184 1082946.6190490723
335423107.5774831176 1114018.6749877930
341507200.3497813940 1156325.4095458984
336691310.9180030227 1138433.1853027344
343250331.9388912320 1161114.6372680664
336504325.1017584801 1119184.1879882812
338821587.6669566631 1151616.8029785156
337638302.6268369555 1146170.0219116211
340579579.9850276709 1152482.6763916016
334609736.5567945838 1110585.3446350098
332024465.1610018015 932759.6866455078
336262558.4771829247 1116842.3223876953
334289820.1199889779 1089606.6446533203
333879649.0920092463 1087605.5019531250
334383630.4085620046 1094125.6877441406
