226527368.5021696389 1215878.9362792969
222174185.5689367354 1202120.5073242188
215353673.0592626929 1164463.9326171875
226174104.1323155761 1215067.1420898438
215184102.1060725152 1155076.7712402344
211171936.4481221437 1042852.7016601562
220434785.2048811913 1199226.8415527344
224402382.3308022916 1207730.4182128906
213879810.9658991098 1150475.6210937500
213330202.5286638439 1134933.1804199219
213027208.1932994425 1127881.5039062500
224863352.8648527563 1213345.8225097656
220360760.5340683460 1196120.0686035156
215075020.2146362364 1151727.0229492188
213023440.2765809596 1094160.5258789062
221068378.3001781702 1201969.7265625000
219523629.3516340554 1195252.7329101562
215805469.1920954585 1195231.1667480469
