855115758.3046035767 246443.1840324402
822603227.3314005136 219850.7236347198
823838847.1408482790 227323.2977981567
828368731.5104228258 231810.0098648071
826347795.5715227127 231152.3455276489
830774519.0122605562 236085.8561553955
853355068.7371163368 245427.2200546265
853619385.8082278967 245710.3845825195
857031191.5588970184 246586.6364059448
842009556.5060949326 240768.7819747925
846147175.0039829016 243290.6016387939
825881722.9410911798 227388.8714237213
834213723.8383966684 238770.5259437561
843663946.1958007812 242671.2264328003
832306720.4431307316 237937.1782684326
849860873.6432782412 244705.0939216614
840324244.1998796463 240232.7637863159
832189918.9223940372 236096.9415988922
836599672.5147764683 239963.7656326294
828705639.6935011148 235309.3491973877
849084464.9590935707 244198.4706048965
841871871.1703870296 240571.6153297424
836417810.3158735037 239320.7840728760
