923192120.5539557934 5880655.6762695312
945442634.4009666443 6055510.3515625000
943507201.7280036211 6042216.1074218750
942124417.2264393568 6036991.4179687500
947148753.6152106524 6070048.6630859375
921760497.1570103168 5508164.6010742188
940607540.7727701664 6024049.5830078125
940384640.2665408850 6017593.5458984375
925343510.0832018852 5912634.0625000000
932829429.5621293783 6016172.4697265625
920743473.5080138445 5436994.2363281250
926868829.0692622662 6015606.6699218750
922948587.2774665356 5879349.7119140625
924353259.0058721304 5884049.2304687500
