454073517.7549134493 3358.4624440670
462260492.1605518460 3780.1512761116
467819531.6962475777 3863.3645585775
454455667.4730865359 3555.5488859415
469284083.5209911466 3941.5953140259
456205255.5166025162 3648.6560539007
454560625.8420541883 3558.3033649921
466960724.0893462896 3799.4278658628
459933617.1980229616 3779.7487585545
456002062.2967575788 3632.3762308955
468892944.3244773149 3875.0167143345
467694252.1021497846 3834.9953472614
462737656.5235143900 3795.6136364937
459576239.4760148525 3742.2449335456
455415650.7809711695 3577.7873971462
453630536.6062490940 2869.3112171590
467379836.7442276478 3832.6884751320
454359410.5771423578 3511.5749731064
467374481.0413346291 3801.5546531677
456424056.9536769986 3703.1610401273
455690317.2709097266 3622.9119333625
458160395.5725862980 3738.6518007517
466922783.7292312980 3799.1584358215
