589700946.3455550671 4920766.3330078125
605072019.7925698757 5044921.1494140625
611521588.1847870350 5056792.3359375000
592231357.1121494770 4980239.5839843750
590875257.2081097364 4937509.3681640625
595261872.0241038799 5011811.9960937500
603061737.1043323278 5038348.0078125000
591158104.4740779400 4943547.1611328125
614069957.6781985760 5089283.0087890625
612631389.5663501024 5066507.2070312500
603025784.7682623863 5035125.3310546875
600469874.1983258724 5019298.4023437500
596633860.3742803335 5017001.2343750000
591617596.0391615629 4945784.7861328125
610295817.0056496859 5052798.4384765625
610270927.4957793951 5050316.2626953125
601168990.8818185329 5030551.3339843750
591996053.2004042864 4949707.9521484375
593009374.5857305527 4998099.7207031250
588481322.9419683218 4640268.8330078125
607873529.7696540356 5048073.5917968750
