103717039.7079518586 24818.3216705322
105320444.8995293081 25169.2389907837
105536826.4457765520 25354.0996971130
108430087.5017656386 25729.6969909668
102946949.2612687349 24314.0012969971
112145870.3138951212 25842.5139617920
105335007.0177749991 25260.3416595459
107671326.1225105226 25634.3914184570
104221862.9498481154 25065.7312622070
103237127.5858975500 24325.4291076660
111046611.6269911975 25768.6048278809
105263412.5735134333 25071.2301559448
106148512.2792696208 25520.0008010864
109279724.7143067122 25733.8895874023
102564090.5809702575 23717.6151618958
103562000.3130535185 24372.2742424011
103768039.0710663348 24973.3413162231
107293606.6608259082 25589.8811950684
