194927790.6050391197 349150.9528808594
191363444.7897974849 328045.2509155273
194096624.3095487952 343942.0002441406
194330621.1162242591 345569.9340820312
195779638.7507365048 350369.7691040039
192850214.1933372915 334055.2738342285
194360486.7178832293 346626.8589477539
191212704.5314912200 291241.1914062500
191382843.1570651233 333065.0339355469
197813877.0017522573 360190.1926269531
195821147.5421427786 355596.5454711914
194513300.1894959807 346991.8157348633
192925510.5880760849 339216.4569702148
193704316.3526031375 340725.3341674805
