461107779.5894033909 59172.4730224609
459122824.3892177343 58985.2435760498
471872166.3309222460 62502.9692268372
473518331.2933411598 62651.9720039368
464104665.2098261714 60811.6448936462
469567863.6974021792 61869.7883415222
460632556.3944721222 59113.7451953888
461306839.6032993793 59329.3380813599
465530793.9178756475 61522.0301971436
463877005.9309408665 60752.4989051819
461172683.0031266212 59326.7423934937
465337729.6827996969 61406.1552047729
463091924.0211285353 60666.9859199524
461495156.4953536391 60156.4599761963
467761043.3481944203 61863.5750122070
473924458.5965352058 62888.8242111206
466967684.6612219214 61635.3040008545
457504443.7178023458 57845.3376998901
