222937822.7397697270 255.8845909536
220440244.0886593163 220.9051444530
232077390.1485133767 281.5987060070
228874432.2221129835 275.8162572980
230940777.1553177238 277.0530546904
225426556.1716730297 268.2327053249
227027534.1905701756 274.6257832348
225177330.5256645977 264.6680657566
224909722.1482953429 263.2871892452
223730409.2222139537 261.8385832012
224859797.2762120962 263.0296036601
224582348.4781044424 261.9881074429
222089028.6070763171 253.8089199364
223509103.4716442525 256.2803761363
223465321.6444237530 256.0046163797
221691786.9979335368 234.5352266729
230540119.3775251508 276.6576104760
231385196.9631940722 277.9079193473
221772168.1955641806 253.3472149372
223547019.7886252999 259.9569391310
226666755.7177712619 271.6573622227
226150307.9215092957 269.5573600531
225048548.2454197109 264.5646423697
