565244141.9546053410 2601956.0993652344
563845489.5144795179 2558448.5712890625
578852385.5348865986 2733680.0537109375
568395050.6192460060 2635761.0285644531
578369257.5911921263 2733310.7622070312
564874417.2083736658 2566557.4675292969
579270878.3463289738 2745321.8344726562
567348431.8563631773 2616153.4121093750
567582865.2442525625 2621720.5947265625
577651688.5423678160 2723822.0654296875
573791032.2404685020 2695424.7495117188
563434906.8105527163 2503365.9921875000
581500464.6570626497 2750666.1965332031
566744495.4942306280 2606657.1127929688
568886675.3333858252 2636361.2907714844
568906912.0898301601 2641523.8955078125
567966253.0967433453 2627514.8044433594
575344425.1534869671 2720297.8012695312
563037940.2435626984 2329538.8991699219
575535535.4416100979 2720649.7521972656
569114167.9321922064 2686618.8837890625
574475385.5771105289 2706991.3679199219
574727566.6368153095 2711382.9907226562
571979699.2611335516 2695261.7473144531
568073818.1876820326 2629934.3706054688
