1079343292.0040791035 50.7034126259
1077860881.8458633423 50.1850532907
1077963714.9412717819 50.2160378360
1072819760.2389171124 49.3979218764
1068929352.4542469978 48.4873084425
1104188269.6040432453 51.8931289073
1077290089.0893046856 50.0857414766
1085472115.8284564018 51.1834831548
1072348113.3527207375 48.9477462402
1068663853.3667694330 48.2736481545
1072392006.9164074659 49.3643584518
1094515199.6309893131 51.7236646258
1080772256.1291642189 50.7953150285
1068588317.7795647383 48.1834870770
1089204955.2531332970 51.4471464805
1067083038.1950656176 41.8845357119
1073150330.6297020912 49.8074866254
1084304248.0170104504 51.1365624723
1083129937.0190403461 50.9702507066
1075119036.4626774788 50.0190598452
