143644.3940127561 126166.8972459407
133074.7242188244 130807.6997721778
134516.0428270878 133528.1702185926
129551.5009541805 134648.3639318222
136597.9474834683 128727.3400190370
134516.0428270878 132568.0041786815
129711.6474662098 136408.6683383259
130992.8195624439 133528.1702185926
121384.0288406878 141689.5815578370
137078.3870195561 129367.4507123111
150050.2544939269 122486.2607596148
138519.7056278195 130807.6997721778
125868.1311775073 136888.7513582815
146366.8847172537 124886.6758593926
133555.1637549122 134648.3639318222
136277.6544594098 131287.7827921333
140761.7567962293 127767.1739791259
146527.0312292829 122486.2607596148
124747.1055933024 139609.2218046963
122024.6148888049 140089.3048246518
131953.6986346195 136408.6683383259
123946.3730331561 140569.3878446074
148608.9358856634 122166.2054129778
139160.2916759366 128727.3400190370
131152.9660744732 136728.7236849630
125868.1311775073 137048.7790316000
141242.1963323171 128727.3400190370
130512.3800263561 133048.0871986370
141402.3428443464 128407.2846724000
132434.1381707073 133208.1148719555
130192.0870022976 137528.8620515556
130192.0870022976 134328.3085851852
133395.0172428830 134968.4192784592
132113.8451466488 135608.5299717333
134516.0428270878 130167.5890789037
141562.4893563756 125526.7865526667
120743.4427925707 141369.5262112000
134836.3358511463 132888.0595253185
146527.0312292829 124406.5928394370
132113.8451466488 131927.8934854074
147167.6172774000 123606.4544728444
135957.3614353512 131927.8934854074

121223.8823286586 140409.3601712889
123786.2265211268 140409.3601712889
123946.3730331561 140089.3048246518
123786.2265211268 138809.0834381037
125547.8381534488 138489.0280914667
127469.5962978000 138168.9727448296
125868.1311775073 137688.8897248741
128910.9149060634 137368.8343782371
129391.3544421512 136888.7513582815
127469.5962978000 136568.6960116444
129071.0614180927 135928.5853183704
130031.9404902683 135128.4469517778
132754.4311947659 134968.4192784592
132113.8451466488 134648.3639318222
131473.2590985317 132247.9488320444
132434.1381707073 131927.8934854074
139480.5846999951 130487.6444255407
134195.7498030293 129847.5337322667
141242.1963323171 128407.2846724000
136918.2405075268 128087.2293257630
138199.4126037610 127767.1739791259
141402.3428443464 125526.7865526667
145886.4451811659 125526.7865526667
143163.9544766683 125206.7312060296
146046.5916931951 124886.6758593926
145406.0056450781 124086.5374928000
145566.1521571073 122806.3161062518
147327.7637894293 122486.2607596148
135957.3614353512 130167.5890789037
140761.7567962293 127447.1186324889
137879.1195797024 129687.5060589481
136277.6544594098 129367.4507123111
148769.0823976927 123126.3714528889
140601.6102842000 126646.9802658963
121704.3218647464 141049.4708645629
144765.4195969610 123766.4821461630
133875.4567789708 133368.1425452741
128270.3288579463 137688.8897248741
133715.3102669415 134008.2532385481
142203.0754044927 126166.8972459407
146046.5916931951 124726.6481860741
133234.8707308537 131287.7827921333

129871.7939782390 134168.2809118667
130192.0870022976 137528.8620515556
146687.1777413122 123446.4267995259
137398.6800436146 130167.5890789037
139000.1451639073 129367.4507123111
129871.7939782390 132888.0595253185
133074.7242188244 134808.3916051407
147327.7637894293 122646.2884329333
139961.0242360829 128567.3123457185
143003.8079646390 126646.9802658963
128110.1823459171 136248.6406650074
140601.6102842000 125846.8418993037
119302.1241843073 142169.6645777926
125227.5451293902 137688.8897248741
136277.6544594098 128887.3676923556
130031.9404902683 135768.5576450519
143644.3940127561 124246.5651661185
132434.1381707073 134488.3362585037
131152.9660744732 136728.7236849630
127309.4497857707 138489.0280914667
123626.0800090976 138809.0834381037
131633.4056105610 132568.0041786815
130512.3800263561 136248.6406650074
130672.5265383854 135128.4469517778
134035.6032910000 134168.2809118667
140121.1707481122 126166.8972459407
141402.3428443464 125206.7312060296
127469.5962978000 137048.7790316000
147487.9103014585 122326.2330862963
144925.5661089903 123126.3714528889
121223.8823286586 141209.4985378814
121063.7358166293 140729.4155179259
129231.2079301219 135448.5022984148
124907.2521053317 140089.3048246518
143484.2475007268 124566.6205127556
130832.6730504146 136728.7236849630
136597.9474834683 131287.7827921333
125387.6916414195 137848.9173981926
121864.4683767756 141209.4985378814
131152.9660744732 137208.8067049185
130992.8195624439 133848.2255652296
121864.4683767756 140089.3048246518

138519.7056278195 128247.2569990815
141562.4893563756 128407.2846724000
135156.6288752049 130807.6997721778
129711.6474662098 136408.6683383259
130192.0870022976 135448.5022984148
134836.3358511463 130167.5890789037
136597.9474834683 132888.0595253185
135797.2149233220 131287.7827921333
133234.8707308537 133528.1702185926
135797.2149233220 132087.9211587259
128110.1823459171 135768.5576450519
131953.6986346195 136728.7236849630
127309.4497857707 136088.6129916889
132754.4311947659 132247.9488320444
143003.8079646390 126967.0356125333
130192.0870022976 136728.7236849630
147167.6172774000 123286.3991262074
131152.9660744732 135128.4469517778
136597.9474834683 128887.3676923556
141722.6358684049 126326.9249192592
140601.6102842000 127447.1186324889
122024.6148888049 140729.4155179259
138359.5591157903 129047.3953656741
141242.1963323171 126807.0079392148
138839.9986518781 129367.4507123111
142683.5149405805 124406.5928394370
130352.2335143268 134168.2809118667
127950.0358338878 137848.9173981926
136437.8009714391 129687.5060589481
128590.6218820049 134648.3639318222
130352.2335143268 132568.0041786815
129871.7939782390 133688.1978919111
140921.9033082586 126646.9802658963
122665.2009369220 140889.4431912444
135797.2149233220 128567.3123457185
129551.5009541805 137528.8620515556
129871.7939782390 137528.8620515556
122505.0544248927 141209.4985378814
124426.8125692439 138008.9450715111
138359.5591157903 128407.2846724000
139480.5846999951 130327.6167522222
131152.9660744732 137048.7790316000

131793.5521225902 136088.6129916889
131152.9660744732 132888.0595253185
132594.2846827366 135608.5299717333
137718.9730676732 128087.2293257630
133555.1637549122 131767.8658120889
122184.7614008341 140889.4431912444
122505.0544248927 139289.1664580592
125547.8381534488 136728.7236849630
130672.5265383854 137368.8343782371
136758.0939954976 132728.0318520000
137718.9730676732 130327.6167522222
129391.3544421512 135288.4746250963
140601.6102842000 127767.1739791259
129071.0614180927 135608.5299717333
133074.7242188244 133688.1978919111
129391.3544421512 137688.8897248741
139640.7312120244 127127.0632858519
149569.8149578390 122486.2607596148
136117.5079473805 133048.0871986370
148608.9358856634 123126.3714528889
141402.3428443464 129047.3953656741
136597.9474834683 127927.2016524444
140281.3172601415 128567.3123457185
128590.6218820049 137528.8620515556
146527.0312292829 125206.7312060296
147007.4707653707 124886.6758593926
147167.6172774000 123446.4267995259
130031.9404902683 136728.7236849630
129871.7939782390 133688.1978919111
125707.9846654781 137368.8343782371
140601.6102842000 126326.9249192592
130832.6730504146 134168.2809118667
141402.3428443464 127607.1463058074
137558.8265556439 132087.9211587259
132594.2846827366 136408.6683383259
130512.3800263561 136728.7236849630
139800.8777240537 129687.5060589481
120583.2962805415 141049.4708645629
146206.7382052244 122966.3437795704
132113.8451466488 134968.4192784592
120423.1497685122 141689.5815578370
124106.5195451854 138969.1111114222

123786.2265211268 140409.3601712889
124266.6660572146 139129.1387847407
128270.3288579463 137688.8897248741
130352.2335143268 137208.8067049185
128910.9149060634 134968.4192784592
133715.3102669415 133848.2255652296
139961.0242360829 129207.4230389926
140921.9033082586 127127.0632858519
145886.4451811659 125526.7865526667
145886.4451811659 125366.7588793481
148769.0823976927 123126.3714528889
146046.5916931951 124246.5651661185
140121.1707481122 126326.9249192592
129871.7939782390 133848.2255652296
127629.7428098293 138489.0280914667
138519.7056278195 127767.1739791259
137078.3870195561 128887.3676923556
140921.9033082586 128087.2293257630
123786.2265211268 139929.2771513333
134516.0428270878 133368.1425452741
138679.8521398488 128727.3400190370
128910.9149060634 133848.2255652296
139640.7312120244 129847.5337322667
134516.0428270878 132888.0595253185
138359.5591157903 130807.6997721778
130992.8195624439 134328.3085851852
143324.1009886976 124566.6205127556
131953.6986346195 134648.3639318222
132754.4311947659 132407.9765053630
132273.9916586781 135288.4746250963
146046.5916931951 122326.2330862963
133234.8707308537 131447.8104654518
136117.5079473805 132568.0041786815
138679.8521398488 127447.1186324889
124907.2521053317 137688.8897248741
149249.5219337805 122646.2884329333
128750.7683940342 135608.5299717333
141562.4893563756 126006.8695726222
139961.0242360829 127127.0632858519
129391.3544421512 136888.7513582815
120423.1497685122 142009.6369044741
141402.3428443464 125526.7865526667

118981.8311602488 142809.7752710667
123626.0800090976 139769.2494780148
124266.6660572146 139129.1387847407
127469.5962978000 138168.9727448296
128910.9149060634 137368.8343782371
129391.3544421512 136888.7513582815
131793.5521225902 136728.7236849630
127469.5962978000 136568.6960116444
130992.8195624439 136248.6406650074
130352.2335143268 135928.5853183704
128750.7683940342 135608.5299717333
130031.9404902683 135128.4469517778
130192.0870022976 134328.3085851852
133715.3102669415 134008.2532385481
133395.0172428830 133688.1978919111
133875.4567789708 133368.1425452741
136117.5079473805 133208.1148719555
135797.2149233220 131767.8658120889
133234.8707308537 131287.7827921333
138679.8521398488 128727.3400190370
141242.1963323171 128407.2846724000
140121.1707481122 127447.1186324889
145886.4451811659 125366.7588793481
143163.9544766683 125206.7312060296
141722.6358684049 124886.6758593926
147327.7637894293 122486.2607596148
140921.9033082586 126326.9249192592
139961.0242360829 129207.4230389926
134836.3358511463 130487.6444255407
123786.2265211268 140409.3601712889
132754.4311947659 132407.9765053630
139800.8777240537 127927.2016524444
128750.7683940342 136248.6406650074
132754.4311947659 131607.8381387703
148769.0823976927 123126.3714528889
125067.3986173610 138168.9727448296
123946.3730331561 138168.9727448296
139480.5846999951 130487.6444255407
139640.7312120244 126807.0079392148
144765.4195969610 124086.5374928000
143644.3940127561 126646.9802658963
136918.2405075268 128407.2846724000

144124.8335488439 124406.5928394370
130832.6730504146 135768.5576450519
139640.7312120244 129047.3953656741
129071.0614180927 134808.3916051407
143324.1009886976 126807.0079392148
133875.4567789708 133208.1148719555
121544.1753527171 141049.4708645629
143484.2475007268 125366.7588793481
140761.7567962293 127447.1186324889
132273.9916586781 134968.4192784592
135957.3614353512 129847.5337322667
124426.8125692439 138168.9727448296
125067.3986173610 137208.8067049185
140601.6102842000 128567.3123457185
131473.2590985317 136088.6129916889
147487.9103014585 124566.6205127556
130992.8195624439 133208.1148719555
131793.5521225902 133208.1148719555
130192.0870022976 136728.7236849630
132754.4311947659 134488.3362585037
139160.2916759366 128087.2293257630
135637.0684112927 130007.5614055852
137398.6800436146 130327.6167522222
137398.6800436146 132087.9211587259
130512.3800263561 137368.8343782371
128750.7683940342 135768.5576450519
147648.0568134878 122486.2607596148
129871.7939782390 136248.6406650074
138839.9986518781 128247.2569990815
121223.8823286586 141529.5538845185
132273.9916586781 134808.3916051407
135476.9218992634 130487.6444255407
119462.2706963366 142169.6645777926
140921.9033082586 128567.3123457185
128110.1823459171 135128.4469517778
133074.7242188244 130647.6720988592
127789.8893218585 138168.9727448296
147487.9103014585 122646.2884329333
132914.5777067951 133688.1978919111
129871.7939782390 136088.6129916889
136117.5079473805 128407.2846724000
130512.3800263561 135448.5022984148

136918.2405075268 131447.8104654518
148128.4963495756 122966.3437795704
129391.3544421512 137048.7790316000
131473.2590985317 133848.2255652296
130992.8195624439 135288.4746250963
130672.5265383854 134008.2532385481
128910.9149060634 136088.6129916889
138199.4126037610 131607.8381387703
140921.9033082586 129207.4230389926
120743.4427925707 140889.4431912444
127309.4497857707 135608.5299717333
139480.5846999951 127447.1186324889
137238.5335315854 129207.4230389926
136758.0939954976 132407.9765053630
129711.6474662098 137368.8343782371
143163.9544766683 126967.0356125333
141722.6358684049 126166.8972459407
129711.6474662098 133048.0871986370
136277.6544594098 128247.2569990815
144284.9800608732 125526.7865526667
132434.1381707073 136568.6960116444
124907.2521053317 139609.2218046963
124747.1055933024 138008.9450715111
127629.7428098293 135928.5853183704
127309.4497857707 137368.8343782371
147487.9103014585 122806.3161062518
131633.4056105610 134648.3639318222
131473.2590985317 137048.7790316000
135957.3614353512 132247.9488320444
129071.0614180927 137848.9173981926
133555.1637549122 132087.9211587259
123946.3730331561 138489.0280914667
119141.9776722781 142809.7752710667
129231.2079301219 136728.7236849630
131313.1125865025 135608.5299717333
128750.7683940342 135448.5022984148
147968.3498375463 123606.4544728444
129871.7939782390 137208.8067049185
139640.7312120244 128887.3676923556
130992.8195624439 136248.6406650074
129231.2079301219 135768.5576450519
137879.1195797024 129847.5337322667

131152.9660744732 133528.1702185926
131473.2590985317 136888.7513582815
129071.0614180927 137368.8343782371
131953.6986346195 133208.1148719555
139961.0242360829 126486.9525925778
128910.9149060634 136408.6683383259
133395.0172428830 134328.3085851852
141242.1963323171 126006.8695726222
135797.2149233220 131607.8381387703
132754.4311947659 134968.4192784592
131793.5521225902 133528.1702185926
147007.4707653707 123286.3991262074
134355.8963150585 132247.9488320444
119622.4172083659 142329.6922511111
141402.3428443464 125686.8142259852
120583.2962805415 141689.5815578370
130992.8195624439 132407.9765053630
124106.5195451854 138168.9727448296
130352.2335143268 136248.6406650074
136117.5079473805 131287.7827921333
127789.8893218585 135928.5853183704
139961.0242360829 128087.2293257630
145886.4451811659 123766.4821461630
130192.0870022976 135608.5299717333
140761.7567962293 128727.3400190370
118981.8311602488 142809.7752710667
134836.3358511463 131927.8934854074
131473.2590985317 136248.6406650074
132273.9916586781 136568.6960116444
130832.6730504146 134808.3916051407
124747.1055933024 140089.3048246518
127149.3032737415 138489.0280914667
129711.6474662098 134168.2809118667
128910.9149060634 137208.8067049185
130992.8195624439 134488.3362585037
145886.4451811659 123606.4544728444
138519.7056278195 129367.4507123111
122985.4939609805 139769.2494780148
133395.0172428830 130327.6167522222
148769.0823976927 122966.3437795704
123946.3730331561 138809.0834381037
129871.7939782390 137688.8897248741

118981.8311602488 142809.7752710667
121223.8823286586 140409.3601712889
122344.9079128634 139609.2218046963
124266.6660572146 139129.1387847407
124586.9590812732 137848.9173981926
128270.3288579463 137688.8897248741
131793.5521225902 136728.7236849630
130352.2335143268 135928.5853183704
129551.5009541805 135608.5299717333
129071.0614180927 135128.4469517778
130192.0870022976 134488.3362585037
131633.4056105610 133688.1978919111
133395.0172428830 133048.0871986370
132754.4311947659 130487.6444255407
139160.2916759366 130007.5614055852
134035.6032910000 129847.5337322667
139961.0242360829 127767.1739791259
140761.7567962293 127447.1186324889
139800.8777240537 126807.0079392148
145886.4451811659 125526.7865526667
146847.3242533415 123926.5098194815
144925.5661089903 123606.4544728444
145566.1521571073 123286.3991262074
145566.1521571073 122806.3161062518
147327.7637894293 122486.2607596148
134516.0428270878 132728.0318520000
126508.7172256244 137208.8067049185
125868.1311775073 137688.8897248741
131473.2590985317 132247.9488320444
130992.8195624439 136248.6406650074
137879.1195797024 130487.6444255407
123946.3730331561 138168.9727448296
121864.4683767756 139929.2771513333
143964.6870368147 127127.0632858519
143163.9544766683 125206.7312060296
131953.6986346195 131607.8381387703
125387.6916414195 138809.0834381037
140761.7567962293 127127.0632858519
128750.7683940342 136408.6683383259
146527.0312292829 124726.6481860741
139961.0242360829 129207.4230389926
134516.0428270878 133368.1425452741

128750.7683940342 134808.3916051407
143644.3940127561 126166.8972459407
130352.2335143268 136888.7513582815
124586.9590812732 139609.2218046963
134676.1893391171 130807.6997721778
140281.3172601415 129047.3953656741
129711.6474662098 136408.6683383259
121063.7358166293 141369.5262112000
139160.2916759366 129527.4783856296
134355.8963150585 134008.2532385481
125868.1311775073 138008.9450715111
140121.1707481122 127607.1463058074
132754.4311947659 131607.8381387703
130992.8195624439 136888.7513582815
125707.9846654781 138329.0004181481
129231.2079301219 138008.9450715111
130832.6730504146 134008.2532385481
134035.6032910000 129687.5060589481
129231.2079301219 133688.1978919111
137718.9730676732 128407.2846724000
144124.8335488439 125366.7588793481
147808.2033255171 122166.2054129778
139000.1451639073 126646.9802658963
124747.1055933024 137368.8343782371
140921.9033082586 125526.7865526667
136277.6544594098 129207.4230389926
132273.9916586781 131287.7827921333
144124.8335488439 125206.7312060296
137879.1195797024 129207.4230389926
150050.2544939269 122326.2330862963
129551.5009541805 133368.1425452741
130192.0870022976 134488.3362585037
137718.9730676732 128247.2569990815
131793.5521225902 135128.4469517778
140601.6102842000 128727.3400190370
143644.3940127561 125846.8418993037
130992.8195624439 135448.5022984148
131633.4056105610 133688.1978919111
146687.1777413122 125046.7035327111
137078.3870195561 127927.2016524444
136597.9474834683 128727.3400190370
149569.8149578390 122646.2884329333

123786.2265211268 140409.3601712889
121864.4683767756 139929.2771513333
124266.6660572146 139129.1387847407
125547.8381534488 138489.0280914667
127469.5962978000 138168.9727448296
128910.9149060634 137368.8343782371
130832.6730504146 136888.7513582815
130992.8195624439 136248.6406650074
130352.2335143268 135928.5853183704
132754.4311947659 134968.4192784592
132113.8451466488 134648.3639318222
133715.3102669415 133848.2255652296
136117.5079473805 133208.1148719555
132594.2846827366 132407.9765053630
138519.7056278195 129687.5060589481
140921.9033082586 129527.4783856296
141562.4893563756 129047.3953656741
138199.4126037610 127767.1739791259
140121.1707481122 127447.1186324889
139800.8777240537 126807.0079392148
143163.9544766683 125206.7312060296
143964.6870368147 123766.4821461630
138679.8521398488 128727.3400190370
129551.5009541805 135608.5299717333
137879.1195797024 130487.6444255407
139160.2916759366 130007.5614055852
140921.9033082586 126326.9249192592
132914.5777067951 134488.3362585037
126508.7172256244 137208.8067049185
131953.6986346195 134168.2809118667
129071.0614180927 135128.4469517778
136597.9474834683 131927.8934854074
133875.4567789708 133368.1425452741
118981.8311602488 142809.7752710667
132754.4311947659 131607.8381387703
136918.2405075268 128407.2846724000
129391.3544421512 136888.7513582815
131473.2590985317 132247.9488320444
127469.5962978000 136568.6960116444
139961.0242360829 129207.4230389926
140921.9033082586 127127.0632858519
125387.6916414195 138809.0834381037

131633.4056105610 132888.0595253185
146527.0312292829 124086.5374928000
132914.5777067951 134488.3362585037
129071.0614180927 135608.5299717333
136758.0939954976 129367.4507123111
141402.3428443464 125526.7865526667
137238.5335315854 130807.6997721778
140441.4637721707 126166.8972459407
136597.9474834683 132568.0041786815
145726.2986691366 123126.3714528889
136117.5079473805 128407.2846724000
118661.5381361902 142969.8029443852
127469.5962978000 136888.7513582815
144765.4195969610 126166.8972459407
136277.6544594098 131927.8934854074
133395.0172428830 134008.2532385481
138839.9986518781 128727.3400190370
143163.9544766683 126486.9525925778
130832.6730504146 136568.6960116444
126989.1567617122 136568.6960116444
129711.6474662098 134008.2532385481
143163.9544766683 126807.0079392148
131313.1125865025 136248.6406650074
138839.9986518781 127287.0909591704
130672.5265383854 133688.1978919111
132113.8451466488 136088.6129916889
127469.5962978000 135928.5853183704
125227.5451293902 138168.9727448296
138839.9986518781 126807.0079392148
124747.1055933024 139929.2771513333
143964.6870368147 126166.8972459407
131152.9660744732 137048.7790316000
134676.1893391171 130007.5614055852
130992.8195624439 134648.3639318222
133555.1637549122 134968.4192784592
128270.3288579463 134968.4192784592
130832.6730504146 135128.4469517778
127789.8893218585 137528.8620515556
121384.0288406878 140889.4431912444
124907.2521053317 137528.8620515556
145726.2986691366 124886.6758593926
121063.7358166293 141529.5538845185

135957.3614353512 131927.8934854074
138839.9986518781 127767.1739791259
139000.1451639073 130967.7274454963
121223.8823286586 141689.5815578370
146847.3242533415 123446.4267995259
136117.5079473805 131447.8104654518
129551.5009541805 134648.3639318222
137879.1195797024 127927.2016524444
136918.2405075268 129367.4507123111
143163.9544766683 125366.7588793481
145245.8591330488 125686.8142259852
135637.0684112927 128887.3676923556
139480.5846999951 129847.5337322667
132594.2846827366 136248.6406650074
125227.5451293902 138649.0557647852
130512.3800263561 132728.0318520000
130031.9404902683 133368.1425452741
143484.2475007268 123926.5098194815
134676.1893391171 134168.2809118667
134355.8963150585 134488.3362585037
124426.8125692439 137688.8897248741
143804.5405247854 126486.9525925778
135476.9218992634 133368.1425452741
125868.1311775073 139129.1387847407
143324.1009886976 124886.6758593926
131953.6986346195 134488.3362585037
131152.9660744732 133848.2255652296
136117.5079473805 128567.3123457185
141082.0498202878 127287.0909591704
138199.4126037610 130327.6167522222
139480.5846999951 129687.5060589481
146687.1777413122 122646.2884329333
129871.7939782390 136568.6960116444
129551.5009541805 137848.9173981926
129231.2079301219 137368.8343782371
127469.5962978000 137048.7790316000
145726.2986691366 122646.2884329333
118981.8311602488 142809.7752710667
129871.7939782390 136888.7513582815
132273.9916586781 135448.5022984148
131793.5521225902 132888.0595253185
128910.9149060634 135768.5576450519

132113.8451466488 132087.9211587259
126188.4242015659 137848.9173981926
147648.0568134878 122486.2607596148
120903.5893046000 141529.5538845185
135476.9218992634 132087.9211587259
132113.8451466488 135128.4469517778
135957.3614353512 129207.4230389926
141562.4893563756 126807.0079392148
134035.6032910000 130327.6167522222
127789.8893218585 136568.6960116444
136918.2405075268 131447.8104654518
144124.8335488439 123606.4544728444
145245.8591330488 124086.5374928000
119622.4172083659 142329.6922511111
130832.6730504146 134168.2809118667
125547.8381534488 137528.8620515556
140281.3172601415 129527.4783856296
140601.6102842000 128887.3676923556
129871.7939782390 132888.0595253185
134355.8963150585 133528.1702185926
136117.5079473805 130007.5614055852
130832.6730504146 134648.3639318222
122505.0544248927 140249.3324979703
141242.1963323171 128247.2569990815
138199.4126037610 127607.1463058074
127469.5962978000 135608.5299717333
130672.5265383854 135608.5299717333
123465.9334970683 138969.1111114222
129231.2079301219 137048.7790316000
132754.4311947659 131607.8381387703
130832.6730504146 134488.3362585037
123305.7869850390 139769.2494780148
131633.4056105610 136728.7236849630
145566.1521571073 125846.8418993037
140281.3172601415 126166.8972459407
126028.2776895366 136568.6960116444
124266.6660572146 139609.2218046963
128590.6218820049 137528.8620515556
132273.9916586781 131127.7551188148
143484.2475007268 127287.0909591704
126348.5707135951 137048.7790316000
130992.8195624439 132407.9765053630

132434.1381707073 133048.0871986370
130192.0870022976 133848.2255652296
135797.2149233220 128727.3400190370
125707.9846654781 139449.1941313778
141082.0498202878 128407.2846724000
143324.1009886976 127447.1186324889
145726.2986691366 123766.4821461630
130832.6730504146 135928.5853183704
127789.8893218585 138329.0004181481
129071.0614180927 137208.8067049185
132594.2846827366 135128.4469517778
139800.8777240537 129367.4507123111
129551.5009541805 134648.3639318222
138679.8521398488 129367.4507123111
126508.7172256244 136728.7236849630
128430.4753699756 135448.5022984148
129231.2079301219 135448.5022984148
140761.7567962293 126326.9249192592
130832.6730504146 137208.8067049185
146527.0312292829 123126.3714528889
136117.5079473805 129527.4783856296
129391.3544421512 136888.7513582815
131633.4056105610 131927.8934854074
131473.2590985317 132728.0318520000
146046.5916931951 124246.5651661185
120423.1497685122 142169.6645777926
137718.9730676732 130327.6167522222
130832.6730504146 132407.9765053630
142203.0754044927 125366.7588793481
130192.0870022976 135128.4469517778
124586.9590812732 140089.3048246518
140441.4637721707 128407.2846724000
139320.4381879659 128247.2569990815
130192.0870022976 134968.4192784592
119141.9776722781 142489.7199244296
137879.1195797024 127287.0909591704
130672.5265383854 136408.6683383259
134996.4823631756 132247.9488320444
145726.2986691366 124886.6758593926
129071.0614180927 136088.6129916889
138039.2660917317 129367.4507123111
139000.1451639073 129527.4783856296

