123768.7736107835 134375.6650232035
133222.8688903018 118347.0165402890
127454.2683807652 142710.5622343191
123288.0569016555 135016.8109625201
127133.7905746799 141107.6973860276
128736.1796051067 124277.6164789673
125851.8793503384 142229.7027798317
121525.4289681860 135497.6704170076
116237.5451677774 140947.4109011985
133383.1077933445 117545.5841161432
129056.6574111921 125239.3353879422
134184.3023085579 119148.4489644347
122326.6234833994 141267.9838708568
130659.0464416189 139665.1190225653
127133.7905746799 136138.8163563241
135466.2135328994 117225.0111464849
128736.1796051067 136138.8163563241
136107.1691450701 114019.2814499020
135786.6913389847 117064.7246616558
134184.3023085579 139665.1190225653
120403.7566468872 140306.2649618819
129697.6130233628 123636.4705396508
126492.8349625091 138222.5406591030
124569.9681259969 142229.7027798317
125371.1626412104 139985.6919922236
120724.2344529726 135657.9569018367
126813.3127685945 139985.6919922236
122647.1012894848 134535.9515080327
117839.9341982043 143191.4216888065
131940.9576659604 139344.5460529070
126653.0738655518 126040.7678120879
131300.0020537896 119469.0219340930
123127.8179986128 131971.3677507663
120403.7566468872 142870.8487191482
123127.8179986128 141588.5568405151
140433.6195272226 140306.2649618819
131620.4798598750 120110.1678734095
126813.3127685945 126681.9137514045
128415.7017990213 124758.4759334548
129377.1352172774 125079.0489031131
128415.7017990213 138703.4001135904
125210.9237381677 129086.2110238417
129857.8519264055 136940.2487804698
120563.9955499299 139985.6919922236
125691.6404472957 140626.8379315402
119923.0399377591 142069.4162950025
127774.7461868506 135818.2433866659
132902.3910842164 138863.6865984196
134665.0190176860 141107.6973860276
120243.5177438445 134856.5244776910
117359.2174890762 143511.9946584648
119923.0399377591 141428.2703556859
120884.4733560152 142389.9892646608
131780.7187629177 140306.2649618819
132581.9132781311 120591.0273278970
133703.5855994299 141428.2703556859
119762.8010347165 136138.8163563241
127133.7905746799 135337.3839321784
120724.2344529726 136619.6758108115
120563.9955499299 140626.8379315402
127934.9850898933 137901.9676894447
121845.9067742713 139504.8325377362
118000.1731012469 138222.5406591030
123448.2958046982 131650.7947811081
115436.3506525640 141588.5568405151
120724.2344529726 138222.5406591030
121204.9511621006 138062.2541742739
122486.8623864421 132772.8001749121
134825.2579207286 117866.1570858015
118961.6065195031 143031.1352039774
119923.0399377591 140466.5514467111
124249.4903199116 134535.9515080327
129216.8963142347 136779.9622956407
133543.3466963872 119308.7354492638
136587.8858541982 115622.1462981935
130338.5686355335 142550.2757494899
124409.7292229543 129246.4975086709
125050.6848351250 141588.5568405151
126172.3571564238 137901.9676894447
123608.5347077409 140466.5514467111
122006.1456773140 140145.9784770528
121845.9067742713 143992.8541129523
123608.5347077409 140787.1244163693
125531.4015442531 136459.3893259824
126012.1182533811 137421.1082349573
121525.4289681860 134055.0920535452
127294.0294777225 136138.8163563241
133383.1077933445 140787.1244163693
116878.5007799482 145275.1459915854
121525.4289681860 137581.3947197864
118480.8898103750 138062.2541742739
119602.5621316738 141909.1298101734
117198.9785860335 144634.0000522688
128736.1796051067 125720.1948424296
118961.6065195031 139665.1190225653
127774.7461868506 142229.7027798317
130659.0464416189 136779.9622956407
129216.8963142347 138222.5406591030
125851.8793503384 141428.2703556859
128255.4628959786 139184.2595680779
122166.3845803567 135016.8109625201
123929.0125138262 139184.2595680779
128736.1796051067 125239.3353879422
118480.8898103750 137741.6812046156
136587.8858541982 115301.5733285352
134665.0190176860 141267.9838708568
138991.4693998384 140787.1244163693
127294.0294777225 125399.6218727713
119602.5621316738 139184.2595680779
127774.7461868506 124277.6164789673
126172.3571564238 126361.3407817462
129537.3741203201 122835.0381155050
131620.4798598750 121392.4597520427
121845.9067742713 134856.5244776910
116397.7840708201 143992.8541129523
122486.8623864421 140145.9784770528
128415.7017990213 135978.5298714950
123608.5347077409 135177.0974473493

122486.8623864421 143832.5676281231
116237.5451677774 143672.2811432940
121845.9067742713 143672.2811432940
117839.9341982043 142870.8487191482
122807.3401925274 141107.6973860276
126813.3127685945 140306.2649618819
120083.2788408018 140145.9784770528
132581.9132781311 140145.9784770528
130178.3297324908 139985.6919922236
126172.3571564238 138703.4001135904
122647.1012894848 138382.8271439321
134344.5412116006 138382.8271439321
131940.9576659604 137901.9676894447
118961.6065195031 136619.6758108115
126813.3127685945 136619.6758108115
123288.0569016555 130849.3623569623
128575.9407020640 126040.7678120879
132261.4354720457 120270.4543582387
136748.1247572408 115461.8598133643
135946.9302420274 114820.7138740477
130979.5242477042 142550.2757494899
119282.0843255884 135978.5298714950
128896.4185081494 141267.9838708568
131300.0020537896 138863.6865984196
122006.1456773140 139023.9730832487
123608.5347077409 134215.3785383744
121525.4289681860 134215.3785383744
133062.6299872591 142229.7027798317
136107.1691450701 138703.4001135904
129537.3741203201 141267.9838708568
124569.9681259969 129246.4975086709
133062.6299872591 116904.4381768266
130498.8075385762 136779.9622956407
132742.1521811738 120110.1678734095
134985.4968237713 141588.5568405151
133222.8688903018 138222.5406591030
131460.2409568323 121071.8867823844
124249.4903199116 138062.2541742739
130178.3297324908 137421.1082349573
134665.0190176860 115622.1462981935
119762.8010347165 136138.8163563241
122967.5790955701 135177.0974473493
126653.0738655518 136619.6758108115
133383.1077933445 117705.8706009724
136427.6469511555 141428.2703556859
130979.5242477042 120110.1678734095
131300.0020537896 122674.7516306759
123127.8179986128 141909.1298101734
132742.1521811738 119789.5949037512
136267.4080481128 113858.9949650729
118961.6065195031 141267.9838708568
123768.7736107835 143672.2811432940
121044.7122590579 137260.8217501281
120724.2344529726 142550.2757494899
119602.5621316738 137581.3947197864
117519.4563921189 138703.4001135904
117359.2174890762 144473.7135674397
118641.1287134177 138703.4001135904
136587.8858541982 138863.6865984196
119762.8010347165 137901.9676894447
128896.4185081494 136940.2487804698
129216.8963142347 124598.1894486256
117839.9341982043 138382.8271439321
119602.5621316738 143511.9946584648
138991.4693998384 140306.2649618819
126492.8349625091 138863.6865984196
137068.6025633262 140306.2649618819
127454.2683807652 126681.9137514045
140593.8584302652 140626.8379315402
134985.4968237713 138543.1136287613
130498.8075385762 121713.0327217010
140113.1417211372 140145.9784770528
120083.2788408018 134856.5244776910
123288.0569016555 135337.3839321784
130819.2853446616 122995.3246003342
119762.8010347165 140626.8379315402
121685.6678712287 139184.2595680779
123288.0569016555 138062.2541742739
124569.9681259969 139344.5460529070
125531.4015442531 136940.2487804698
129216.8963142347 142550.2757494899
129056.6574111921 138062.2541742739
122807.3401925274 131971.3677507663
137389.0803694116 139344.5460529070
120563.9955499299 143992.8541129523
131620.4798598750 141909.1298101734
129216.8963142347 138222.5406591030
118320.6509073323 141748.8433253442
122166.3845803567 132291.9407204246
120563.9955499299 142229.7027798317
121365.1900651433 134535.9515080327
133703.5855994299 119629.3084189221
124409.7292229543 134696.2379928618
123929.0125138262 136138.8163563241
121525.4289681860 135978.5298714950
134024.0634055152 138543.1136287613
135786.6913389847 115141.2868437060
118160.4120042896 139504.8325377362
137869.7970785396 139665.1190225653
133703.5855994299 139665.1190225653
125851.8793503384 138062.2541742739
128575.9407020640 139825.4055073945
122326.6234833994 135016.8109625201
126172.3571564238 136940.2487804698
130979.5242477042 137581.3947197864
125050.6848351250 140947.4109011985
134344.5412116006 138543.1136287613
128255.4628959786 136779.9622956407
130178.3297324908 122995.3246003342
134024.0634055152 115461.8598133643
131139.7631507469 119949.8813885804
127774.7461868506 125079.0489031131
121685.6678712287 139985.6919922236
120884.4733560152 135016.8109625201
125050.6848351250 141107.6973860276
131940.9576659604 139985.6919922236
127934.9850898933 140947.4109011985
119602.5621316738 136619.6758108115

117038.7396829909 144954.5730219271
117679.6952951616 144954.5730219271
117359.2174890762 144794.2865370980
118320.6509073323 144473.7135674397
116237.5451677774 143672.2811432940
117038.7396829909 143351.7081736357
122166.3845803567 142870.8487191482
118961.6065195031 142069.4162950025
134184.3023085579 141748.8433253442
127133.7905746799 141588.5568405151
125210.9237381677 141428.2703556859
116718.2618769055 141267.9838708568
134665.0190176860 141267.9838708568
122807.3401925274 141107.6973860276
125691.6404472957 140947.4109011985
136267.4080481128 140947.4109011985
122326.6234833994 140787.1244163693
124249.4903199116 140787.1244163693
119282.0843255884 140626.8379315402
137869.7970785396 140626.8379315402
141234.8140424360 140626.8379315402
127294.0294777225 140306.2649618819
137869.7970785396 140306.2649618819
132581.9132781311 140145.9784770528
140113.1417211372 140145.9784770528
118480.8898103750 139985.6919922236
139151.7083028811 139825.4055073945
133703.5855994299 139665.1190225653
136587.8858541982 139504.8325377362
137549.3192724542 139504.8325377362
138190.2748846250 139504.8325377362
122486.8623864421 139023.9730832487
128736.1796051067 139023.9730832487
129697.6130233628 139023.9730832487
117679.6952951616 138863.6865984196
117519.4563921189 138703.4001135904
123768.7736107835 138703.4001135904
129216.8963142347 138703.4001135904
132902.3910842164 138382.8271439321
133383.1077933445 138382.8271439321
118160.4120042896 138222.5406591030
133062.6299872591 138222.5406591030
120403.7566468872 138062.2541742739
130819.2853446616 137901.9676894447
122006.1456773140 137100.5352652990
127614.5072838079 136299.1028411533
124409.7292229543 135818.2433866659
122647.1012894848 134696.2379928618
121204.9511621006 133413.9461142286
127614.5072838079 126681.9137514045
131940.9576659604 121873.3192065301
130819.2853446616 121392.4597520427
132261.4354720457 121392.4597520427
129857.8519264055 121232.1732672136
133222.8688903018 120270.4543582387
133703.5855994299 119148.4489644347
136107.1691450701 115622.1462981935
135626.4524359421 114660.4273892186
126813.3127685945 140306.2649618819
127614.5072838079 142870.8487191482
119762.8010347165 137901.9676894447
132261.4354720457 120270.4543582387
121525.4289681860 137581.3947197864
139632.4250120091 140466.5514467111
126172.3571564238 128445.0650845251
124730.2070290396 141428.2703556859
132261.4354720457 141267.9838708568
125691.6404472957 136619.6758108115
131300.0020537896 119308.7354492638
125851.8793503384 127483.3461755503
117359.2174890762 143992.8541129523
127934.9850898933 136138.8163563241
124569.9681259969 130047.9299328166
135946.9302420274 140787.1244163693
120083.2788408018 134856.5244776910
129056.6574111921 142550.2757494899
122647.1012894848 132131.6542355955
133383.1077933445 139504.8325377362
117839.9341982043 139184.2595680779
130498.8075385762 139023.9730832487
136748.1247572408 115942.7192678518
123127.8179986128 142550.2757494899
130338.5686355335 120591.0273278970
120884.4733560152 138222.5406591030
119602.5621316738 143191.4216888065
126332.5960594665 139504.8325377362
123768.7736107835 139184.2595680779
119121.8454225457 137260.8217501281
134024.0634055152 119308.7354492638
119923.0399377591 143992.8541129523
127454.2683807652 125559.9083576005
134184.3023085579 115141.2868437060
138190.2748846250 140787.1244163693
126172.3571564238 142229.7027798317
128736.1796051067 137581.3947197864
119282.0843255884 137260.8217501281
135145.7357268140 140947.4109011985
127614.5072838079 139344.5460529070
135305.9746298567 114500.1409043895
133383.1077933445 117705.8706009724
129216.8963142347 142229.7027798317
134665.0190176860 118667.5895099473
123448.2958046982 140145.9784770528
134344.5412116006 138543.1136287613
132742.1521811738 120430.7408430678
136748.1247572408 141107.6973860276
123288.0569016555 139023.9730832487
131300.0020537896 139985.6919922236
134665.0190176860 138703.4001135904
116558.0229738628 143992.8541129523
125691.6404472957 129086.2110238417
128095.2239929360 124117.3299941382
126973.5516716372 137421.1082349573
130178.3297324908 139985.6919922236
120724.2344529726 134856.5244776910
121044.7122590579 140947.4109011985
129857.8519264055 142550.2757494899
125210.9237381677 128925.9245390126

116718.2618769055 141267.9838708568
125210.9237381677 141107.6973860276
139632.4250120091 140466.5514467111
127294.0294777225 140306.2649618819
133383.1077933445 139504.8325377362
118961.6065195031 136619.6758108115
121525.4289681860 135978.5298714950
120083.2788408018 134856.5244776910
121204.9511621006 133413.9461142286
134184.3023085579 118026.4435706307
133703.5855994299 116904.4381768266
136748.1247572408 115461.8598133643
128095.2239929360 126681.9137514045
120243.5177438445 140145.9784770528
124249.4903199116 135657.9569018367
120884.4733560152 141748.8433253442
135466.2135328994 114339.8544195603
116878.5007799482 139665.1190225653
124730.2070290396 134535.9515080327
126012.1182533811 136779.9622956407
120403.7566468872 142870.8487191482
126973.5516716372 127162.7732058920
124249.4903199116 140626.8379315402
132101.1965690030 139344.5460529070
122967.5790955701 139184.2595680779
128095.2239929360 136459.3893259824
133383.1077933445 119789.5949037512
133222.8688903018 140466.5514467111
126492.8349625091 126361.3407817462
124089.2514168689 134215.3785383744
126973.5516716372 143031.1352039774
129377.1352172774 123155.6110851633
133703.5855994299 140626.8379315402
134024.0634055152 118026.4435706307
126012.1182533811 142550.2757494899
122486.8623864421 139023.9730832487
123608.5347077409 139184.2595680779
123448.2958046982 134856.5244776910
132742.1521811738 137581.3947197864
122967.5790955701 142870.8487191482
127934.9850898933 123957.0435093090
134504.7801146433 138863.6865984196
124569.9681259969 128765.6380541834
135145.7357268140 117385.2976313141
133543.3466963872 139825.4055073945
130979.5242477042 120110.1678734095
126172.3571564238 128445.0650845251
118000.1731012469 142069.4162950025
116878.5007799482 142229.7027798317
122166.3845803567 139985.6919922236
115917.0673616921 141107.6973860276
134024.0634055152 119148.4489644347
129697.6130233628 122674.7516306759
129537.3741203201 139184.2595680779
121204.9511621006 143031.1352039774
126813.3127685945 126201.0542969171
127614.5072838079 141267.9838708568
116718.2618769055 144313.4270826106
130178.3297324908 142229.7027798317
119923.0399377591 136779.9622956407
136267.4080481128 115942.7192678518
124569.9681259969 142229.7027798317
137869.7970785396 114179.5679347312
120884.4733560152 136459.3893259824
121365.1900651433 134856.5244776910
133062.6299872591 120270.4543582387
131780.7187629177 119629.3084189221
119762.8010347165 141748.8433253442
126813.3127685945 128124.4921148668
129537.3741203201 122514.4651458467
122166.3845803567 133413.9461142286
124569.9681259969 130047.9299328166
118641.1287134177 141107.6973860276
124249.4903199116 142389.9892646608
127614.5072838079 139344.5460529070
132261.4354720457 121552.7462368719
137549.3192724542 114500.1409043895
125050.6848351250 141588.5568405151
118801.3676164604 139344.5460529070
135145.7357268140 114820.7138740477
118961.6065195031 137901.9676894447
130498.8075385762 138222.5406591030
133222.8688903018 117545.5841161432
122326.6234833994 136299.1028411533
129857.8519264055 142389.9892646608
129537.3741203201 142550.2757494899
120083.2788408018 141909.1298101734
120083.2788408018 142389.9892646608
127934.9850898933 125559.9083576005
122006.1456773140 141267.9838708568
134665.0190176860 141428.2703556859
125691.6404472957 136619.6758108115
121685.6678712287 132772.8001749121
137068.6025633262 114981.0003588769
135305.9746298567 138863.6865984196
125210.9237381677 135177.0974473493
124890.4459320823 129727.3569631583
135145.7357268140 141428.2703556859
121845.9067742713 143672.2811432940
128255.4628959786 141107.6973860276
133703.5855994299 118667.5895099473
127294.0294777225 140145.9784770528
131780.7187629177 140466.5514467111
116237.5451677774 143672.2811432940
120724.2344529726 134055.0920535452
121365.1900651433 141909.1298101734
141234.8140424360 140626.8379315402
131139.7631507469 138543.1136287613
134665.0190176860 138382.8271439321
121525.4289681860 142069.4162950025
119762.8010347165 144313.4270826106
129056.6574111921 136299.1028411533
127454.2683807652 126201.0542969171
130018.0908294482 124117.3299941382
131460.2409568323 120911.6002975553
140433.6195272226 140787.1244163693
134504.7801146433 139985.6919922236
127454.2683807652 124918.7624182839

126813.3127685945 126842.2002362337
133863.8245024726 119629.3084189221
123127.8179986128 136619.6758108115
121525.4289681860 141748.8433253442
127454.2683807652 137901.9676894447
130979.5242477042 136779.9622956407
123288.0569016555 140787.1244163693
122647.1012894848 142870.8487191482
124569.9681259969 139665.1190225653
123608.5347077409 136619.6758108115
118160.4120042896 143031.1352039774
131940.9576659604 121552.7462368719
117839.9341982043 142550.2757494899
122486.8623864421 144153.1405977814
124730.2070290396 141588.5568405151
128736.1796051067 137421.1082349573
128896.4185081494 124598.1894486256
121525.4289681860 143992.8541129523
130498.8075385762 142069.4162950025
118961.6065195031 142710.5622343191
132581.9132781311 119629.3084189221
137389.0803694116 114339.8544195603
130338.5686355335 122033.6056913593
135626.4524359421 113698.7084802437
120403.7566468872 135016.8109625201
125691.6404472957 128605.3515693543
125691.6404472957 142069.4162950025
131620.4798598750 140947.4109011985
128736.1796051067 125880.4813272588
128415.7017990213 125399.6218727713
121525.4289681860 134696.2379928618
126172.3571564238 127643.6326603794
120403.7566468872 144634.0000522688
122326.6234833994 135978.5298714950
119442.3232286311 137100.5352652990
119923.0399377591 135177.0974473493
126492.8349625091 127483.3461755503
127774.7461868506 124918.7624182839
118961.6065195031 138222.5406591030
127454.2683807652 141909.1298101734
124089.2514168689 134856.5244776910
130178.3297324908 138222.5406591030
136908.3636602835 140306.2649618819
126813.3127685945 143351.7081736357
125371.1626412104 139504.8325377362
122486.8623864421 131811.0812659372
125851.8793503384 141107.6973860276
122967.5790955701 137100.5352652990
131300.0020537896 137421.1082349573
139632.4250120091 140145.9784770528
127454.2683807652 135497.6704170076
130338.5686355335 142069.4162950025
137549.3192724542 115141.2868437060
133062.6299872591 142229.7027798317
129697.6130233628 124277.6164789673
133222.8688903018 116583.8652071684
128736.1796051067 138062.2541742739
128415.7017990213 137421.1082349573
134184.3023085579 140145.9784770528
130979.5242477042 139825.4055073945
119762.8010347165 135657.9569018367
128736.1796051067 122995.3246003342
131940.9576659604 140626.8379315402
127133.7905746799 135657.9569018367
120884.4733560152 143031.1352039774
127934.9850898933 137100.5352652990
132902.3910842164 118186.7300554598
123929.0125138262 129887.6434479874
128736.1796051067 124117.3299941382
125531.4015442531 138863.6865984196
120724.2344529726 135337.3839321784
129216.8963142347 123796.7570244799
121845.9067742713 137100.5352652990
123448.2958046982 139825.4055073945
125371.1626412104 137421.1082349573
119442.3232286311 143992.8541129523
116397.7840708201 143351.7081736357
129537.3741203201 123315.8975699925
125851.8793503384 135978.5298714950
121525.4289681860 137581.3947197864
123127.8179986128 135497.6704170076
137869.7970785396 140306.2649618819
126172.3571564238 128445.0650845251
132742.1521811738 139504.8325377362
122326.6234833994 133574.2325990578
120083.2788408018 137421.1082349573
134504.7801146433 116744.1516919975
133703.5855994299 116263.2922375101
130979.5242477042 122835.0381155050
137549.3192724542 141267.9838708568
126172.3571564238 135978.5298714950
122967.5790955701 135337.3839321784
134504.7801146433 117705.8706009724
118000.1731012469 142229.7027798317
136908.3636602835 114981.0003588769
129537.3741203201 123636.4705396508
123448.2958046982 134375.6650232035
124249.4903199116 142389.9892646608
124409.7292229543 135497.6704170076
126492.8349625091 143191.4216888065
117038.7396829909 140947.4109011985
124569.9681259969 141909.1298101734
121845.9067742713 144153.1405977814
134665.0190176860 140466.5514467111
123929.0125138262 141909.1298101734
125210.9237381677 129727.3569631583
125531.4015442531 129246.4975086709
126492.8349625091 136779.9622956407
133222.8688903018 140787.1244163693
118801.3676164604 142229.7027798317
134344.5412116006 116904.4381768266
134184.3023085579 139985.6919922236
121525.4289681860 139184.2595680779
131139.7631507469 140466.5514467111
115917.0673616921 140947.4109011985
119121.8454225457 136619.6758108115
125691.6404472957 140145.9784770528
134184.3023085579 115782.4327830226

131139.7631507469 121232.1732672136
122807.3401925274 135818.2433866659
126172.3571564238 142389.9892646608
121845.9067742713 132612.5136900829
129377.1352172774 122033.6056913593
133863.8245024726 118667.5895099473
130338.5686355335 123315.8975699925
122807.3401925274 131490.5082962789
120563.9955499299 137741.6812046156
134024.0634055152 140466.5514467111
131460.2409568323 121232.1732672136
135946.9302420274 115622.1462981935
133383.1077933445 141267.9838708568
124890.4459320823 129567.0704783291
138350.5137876677 139825.4055073945
122967.5790955701 139023.9730832487
117519.4563921189 140306.2649618819
118641.1287134177 137260.8217501281
121525.4289681860 135497.6704170076
124890.4459320823 135177.0974473493
121044.7122590579 144473.7135674397
136748.1247572408 114500.1409043895
131780.7187629177 138863.6865984196
128095.2239929360 136940.2487804698
131940.9576659604 120751.3138127261
120083.2788408018 143672.2811432940
127614.5072838079 137741.6812046156
122006.1456773140 143191.4216888065
119602.5621316738 143191.4216888065
128575.9407020640 124918.7624182839
128095.2239929360 142710.5622343191
133703.5855994299 118186.7300554598
133543.3466963872 140466.5514467111
137068.6025633262 139665.1190225653
132421.6743750884 120110.1678734095
125691.6404472957 136459.3893259824
129056.6574111921 136619.6758108115
125531.4015442531 139184.2595680779
119121.8454225457 141107.6973860276
138030.0359815823 140947.4109011985
120884.4733560152 135177.0974473493
130338.5686355335 142069.4162950025
117198.9785860335 139023.9730832487
126492.8349625091 142870.8487191482
120563.9955499299 141428.2703556859
121204.9511621006 135016.8109625201
127133.7905746799 139825.4055073945
125050.6848351250 141267.9838708568
127294.0294777225 141267.9838708568
121365.1900651433 134055.0920535452
128415.7017990213 139825.4055073945
129216.8963142347 141107.6973860276
124249.4903199116 142229.7027798317
138030.0359815823 140626.8379315402
126973.5516716372 138382.8271439321
127294.0294777225 142710.5622343191
127614.5072838079 127323.0596907211
126332.5960594665 127323.0596907211
123448.2958046982 139023.9730832487
118160.4120042896 144313.4270826106
125210.9237381677 140787.1244163693
135626.4524359421 141107.6973860276
132581.9132781311 142229.7027798317
133703.5855994299 119789.5949037512
121204.9511621006 133894.8055687161
128255.4628959786 124758.4759334548
130018.0908294482 137581.3947197864
118480.8898103750 141267.9838708568
122647.1012894848 143992.8541129523
122647.1012894848 132933.0866597412
116397.7840708201 144473.7135674397
132581.9132781311 119148.4489644347
126492.8349625091 138382.8271439321
129697.6130233628 138222.5406591030
131139.7631507469 120591.0273278970
130659.0464416189 122193.8921761884
125210.9237381677 142069.4162950025
125691.6404472957 128124.4921148668
126653.0738655518 142229.7027798317
131300.0020537896 138863.6865984196
122486.8623864421 136779.9622956407
121365.1900651433 135657.9569018367
124730.2070290396 139665.1190225653
126012.1182533811 127483.3461755503
129056.6574111921 124277.6164789673
122166.3845803567 133253.6596293995
122006.1456773140 136299.1028411533
130018.0908294482 139985.6919922236
130498.8075385762 121232.1732672136
127294.0294777225 136299.1028411533
119602.5621316738 141588.5568405151
123448.2958046982 140466.5514467111
122807.3401925274 143031.1352039774
131139.7631507469 141748.8433253442
132581.9132781311 139184.2595680779
132902.3910842164 117385.2976313141
120724.2344529726 143992.8541129523
129216.8963142347 137581.3947197864
130498.8075385762 142229.7027798317
124890.4459320823 130689.0758721332
128736.1796051067 136619.6758108115
130979.5242477042 139504.8325377362
125371.1626412104 130047.9299328166
132421.6743750884 137421.1082349573
128095.2239929360 142870.8487191482
127294.0294777225 127323.0596907211
128575.9407020640 142550.2757494899
136267.4080481128 114820.7138740477
126973.5516716372 125559.9083576005
128095.2239929360 124918.7624182839
123929.0125138262 135016.8109625201
127454.2683807652 138863.6865984196
130018.0908294482 123636.4705396508
137389.0803694116 114981.0003588769
133222.8688903018 117545.5841161432
135145.7357268140 141107.6973860276
119602.5621316738 138863.6865984196
136107.1691450701 138703.4001135904

117359.2174890762 144794.2865370980
119602.5621316738 143191.4216888065
137228.8414663689 140947.4109011985
137869.7970785396 140626.8379315402
119602.5621316738 140306.2649618819
126813.3127685945 140145.9784770528
124890.4459320823 139504.8325377362
133863.8245024726 138382.8271439321
130979.5242477042 137581.3947197864
126813.3127685945 136619.6758108115
124089.2514168689 135337.3839321784
120724.2344529726 134856.5244776910
125851.8793503384 127483.3461755503
128575.9407020640 126040.7678120879
133062.6299872591 119949.8813885804
134665.0190176860 116423.5787223392
135786.6913389847 115461.8598133643
137389.0803694116 114660.4273892186
126492.8349625091 142710.5622343191
116718.2618769055 143672.2811432940
118480.8898103750 137741.6812046156
135305.9746298567 141267.9838708568
128255.4628959786 125559.9083576005
129537.3741203201 136299.1028411533
126012.1182533811 140306.2649618819
133062.6299872591 140947.4109011985
120563.9955499299 142550.2757494899
130338.5686355335 140626.8379315402
132581.9132781311 140145.9784770528
127454.2683807652 135818.2433866659
119442.3232286311 138543.1136287613
116558.0229738628 141428.2703556859
118961.6065195031 144153.1405977814
117519.4563921189 142710.5622343191
117198.9785860335 140626.8379315402
118641.1287134177 143832.5676281231
132421.6743750884 138222.5406591030
118000.1731012469 142229.7027798317
124569.9681259969 140626.8379315402
121365.1900651433 134535.9515080327
130338.5686355335 123476.1840548216
134184.3023085579 141107.6973860276
133543.3466963872 116103.0057526809
132581.9132781311 119148.4489644347
128255.4628959786 124437.9029637965
131780.7187629177 141107.6973860276
129697.6130233628 139023.9730832487
132421.6743750884 139985.6919922236
124890.4459320823 138062.2541742739
117839.9341982043 141909.1298101734
135466.2135328994 116744.1516919975
128896.4185081494 122995.3246003342
124730.2070290396 135818.2433866659
135145.7357268140 114820.7138740477
121845.9067742713 144153.1405977814
130018.0908294482 139023.9730832487
130018.0908294482 121071.8867823844
129216.8963142347 142229.7027798317
124409.7292229543 142229.7027798317
130819.2853446616 142389.9892646608
124089.2514168689 142069.4162950025
139632.4250120091 140466.5514467111
126172.3571564238 128765.6380541834
129537.3741203201 124117.3299941382
121044.7122590579 136459.3893259824
118801.3676164604 137901.9676894447
126653.0738655518 126361.3407817462
137228.8414663689 140145.9784770528
126492.8349625091 126361.3407817462
136427.6469511555 141267.9838708568
126653.0738655518 136619.6758108115
129537.3741203201 123796.7570244799
124409.7292229543 130047.9299328166
130018.0908294482 122835.0381155050
123448.2958046982 130208.2164176457
122647.1012894848 134215.3785383744
127454.2683807652 126040.7678120879
123768.7736107835 139023.9730832487
128415.7017990213 138062.2541742739
126172.3571564238 126681.9137514045
132101.1965690030 139344.5460529070
120083.2788408018 135016.8109625201
119282.0843255884 139344.5460529070
133703.5855994299 118667.5895099473
126813.3127685945 137421.1082349573
131139.7631507469 120591.0273278970
122326.6234833994 141267.9838708568
123768.7736107835 130528.7893873040
119442.3232286311 144634.0000522688
127133.7905746799 136299.1028411533
132581.9132781311 120430.7408430678
125691.6404472957 136138.8163563241
131139.7631507469 122033.6056913593
123768.7736107835 134535.9515080327
132902.3910842164 138222.5406591030
122807.3401925274 141107.6973860276
137709.5581754969 114981.0003588769
132742.1521811738 119148.4489644347
124409.7292229543 135337.3839321784
120083.2788408018 137741.6812046156
123127.8179986128 131811.0812659372
132261.4354720457 120270.4543582387
123768.7736107835 143992.8541129523
118000.1731012469 144794.2865370980
125371.1626412104 128765.6380541834
128575.9407020640 125399.6218727713
134504.7801146433 139023.9730832487
123127.8179986128 135337.3839321784
119762.8010347165 135337.3839321784
126492.8349625091 137260.8217501281
119762.8010347165 137901.9676894447
116077.3062647348 143832.5676281231
135946.9302420274 114981.0003588769
115596.5895556067 141267.9838708568
130659.0464416189 122514.4651458467
133062.6299872591 138222.5406591030
122647.1012894848 135177.0974473493
126332.5960594665 143351.7081736357

129056.6574111921 124918.7624182839
118000.1731012469 139184.2595680779
121685.6678712287 134215.3785383744
134825.2579207286 138863.6865984196
119121.8454225457 138222.5406591030
126332.5960594665 128765.6380541834
126172.3571564238 140466.5514467111
123929.0125138262 143191.4216888065
132742.1521811738 118667.5895099473
126973.5516716372 140947.4109011985
126653.0738655518 140306.2649618819
133863.8245024726 118667.5895099473
122486.8623864421 139504.8325377362
121525.4289681860 143832.5676281231
130659.0464416189 121713.0327217010
130819.2853446616 122835.0381155050
119762.8010347165 138863.6865984196
121685.6678712287 137901.9676894447
121204.9511621006 133734.5190838869
127614.5072838079 142229.7027798317
127294.0294777225 135978.5298714950
129377.1352172774 139665.1190225653
126012.1182533811 140145.9784770528
126492.8349625091 126521.6272665754
128415.7017990213 124598.1894486256
122647.1012894848 135337.3839321784
123288.0569016555 135337.3839321784
124569.9681259969 128765.6380541834
139151.7083028811 140787.1244163693
125531.4015442531 141428.2703556859
133543.3466963872 141909.1298101734
116558.0229738628 141107.6973860276
127294.0294777225 126681.9137514045
130338.5686355335 142229.7027798317
135466.2135328994 115782.4327830226
125531.4015442531 129406.7839935000
123608.5347077409 138062.2541742739
117359.2174890762 142550.2757494899
122967.5790955701 138062.2541742739
115756.8284586494 142069.4162950025
122486.8623864421 143511.9946584648
119602.5621316738 143992.8541129523
130979.5242477042 119629.3084189221
135786.6913389847 114019.2814499020
126973.5516716372 143031.1352039774
125531.4015442531 128445.0650845251
124409.7292229543 129246.4975086709
124890.4459320823 135497.6704170076
117038.7396829909 142550.2757494899
131300.0020537896 138703.4001135904
128255.4628959786 142550.2757494899
122967.5790955701 139344.5460529070
132261.4354720457 119308.7354492638
122807.3401925274 139665.1190225653
129697.6130233628 124437.9029637965
134344.5412116006 114981.0003588769
136748.1247572408 139023.9730832487
131620.4798598750 122193.8921761884
139472.1861089664 140466.5514467111
128415.7017990213 136940.2487804698
134985.4968237713 117064.7246616558
118000.1731012469 142710.5622343191
125851.8793503384 129086.2110238417
120884.4733560152 134696.2379928618
134184.3023085579 139184.2595680779
120724.2344529726 144153.1405977814
130338.5686355335 136940.2487804698
135145.7357268140 115141.2868437060
136267.4080481128 113698.7084802437
134665.0190176860 117866.1570858015
130338.5686355335 141428.2703556859
133062.6299872591 120270.4543582387
120243.5177438445 140787.1244163693
127774.7461868506 136299.1028411533
125851.8793503384 141428.2703556859
117679.6952951616 143351.7081736357
129216.8963142347 137581.3947197864
123288.0569016555 132612.5136900829
117359.2174890762 140145.9784770528
119442.3232286311 136940.2487804698
122166.3845803567 132131.6542355955
121044.7122590579 135657.9569018367
120563.9955499299 140626.8379315402
121204.9511621006 140306.2649618819
119121.8454225457 139665.1190225653
135946.9302420274 115942.7192678518
121204.9511621006 136619.6758108115
128575.9407020640 123636.4705396508
118480.8898103750 143672.2811432940
122006.1456773140 136619.6758108115
127934.9850898933 143031.1352039774
123608.5347077409 130208.2164176457
129216.8963142347 124437.9029637965
135626.4524359421 114660.4273892186
133383.1077933445 140947.4109011985
131460.2409568323 139344.5460529070
128255.4628959786 140626.8379315402
123608.5347077409 130689.0758721332
133383.1077933445 140306.2649618819
120563.9955499299 134215.3785383744
117038.7396829909 140787.1244163693
132902.3910842164 118507.3030251181
120724.2344529726 136299.1028411533
121044.7122590579 140626.8379315402
119923.0399377591 141588.5568405151
120083.2788408018 138062.2541742739
127934.9850898933 126201.0542969171
136587.8858541982 114660.4273892186
126172.3571564238 141748.8433253442
132261.4354720457 140787.1244163693
129216.8963142347 142550.2757494899
130498.8075385762 139184.2595680779
132581.9132781311 140145.9784770528
127133.7905746799 141588.5568405151
130979.5242477042 142389.9892646608
119442.3232286311 139184.2595680779
132581.9132781311 117545.5841161432
131940.9576659604 118667.5895099473

122647.1012894848 142710.5622343191
130498.8075385762 137100.5352652990
126653.0738655518 138222.5406591030
122006.1456773140 139344.5460529070
126813.3127685945 141588.5568405151
115596.5895556067 142069.4162950025
127614.5072838079 127323.0596907211
122647.1012894848 134856.5244776910
127294.0294777225 139504.8325377362
128575.9407020640 125559.9083576005
117359.2174890762 139023.9730832487
118961.6065195031 140947.4109011985
126813.3127685945 142550.2757494899
130498.8075385762 123796.7570244799
121365.1900651433 136619.6758108115
134504.7801146433 138382.8271439321
120083.2788408018 140466.5514467111
130018.0908294482 124277.6164789673
117679.6952951616 143511.9946584648
128415.7017990213 123476.1840548216
122326.6234833994 142389.9892646608
125210.9237381677 140466.5514467111
129537.3741203201 124277.6164789673
121044.7122590579 140626.8379315402
128896.4185081494 122514.4651458467
122326.6234833994 134696.2379928618
116558.0229738628 144473.7135674397
121204.9511621006 136940.2487804698
119923.0399377591 140626.8379315402
123448.2958046982 131811.0812659372
119762.8010347165 136779.9622956407
124890.4459320823 128925.9245390126
134504.7801146433 118667.5895099473
127934.9850898933 136138.8163563241
128255.4628959786 125239.3353879422
130498.8075385762 140145.9784770528
126653.0738655518 137260.8217501281
129697.6130233628 140787.1244163693
131940.9576659604 121713.0327217010
118801.3676164604 139825.4055073945
125371.1626412104 138222.5406591030
123768.7736107835 130047.9299328166
119121.8454225457 140787.1244163693
128736.1796051067 123476.1840548216
128415.7017990213 123957.0435093090
125210.9237381677 128765.6380541834
129697.6130233628 122033.6056913593
119762.8010347165 141588.5568405151
135466.2135328994 114820.7138740477
128255.4628959786 135978.5298714950
129857.8519264055 140145.9784770528
128095.2239929360 137741.6812046156
128736.1796051067 142710.5622343191
131139.7631507469 137421.1082349573
129216.8963142347 142710.5622343191
117519.4563921189 140787.1244163693
119923.0399377591 135497.6704170076
121525.4289681860 140466.5514467111
116237.5451677774 141588.5568405151
128415.7017990213 123636.4705396508
131460.2409568323 120110.1678734095
132101.1965690030 138382.8271439321
128736.1796051067 125399.6218727713
128736.1796051067 137581.3947197864
120884.4733560152 139985.6919922236
135466.2135328994 141428.2703556859
124569.9681259969 136940.2487804698
130018.0908294482 123155.6110851633
128415.7017990213 142389.9892646608
130498.8075385762 121392.4597520427
123929.0125138262 138222.5406591030
120563.9955499299 141107.6973860276
136748.1247572408 114019.2814499020
128575.9407020640 126040.7678120879
138670.9915937530 140466.5514467111
123288.0569016555 135818.2433866659
135145.7357268140 140626.8379315402
119602.5621316738 142069.4162950025
128095.2239929360 141267.9838708568
123608.5347077409 134055.0920535452
127454.2683807652 126201.0542969171
118160.4120042896 142710.5622343191
120403.7566468872 144473.7135674397
126332.5960594665 141909.1298101734
123127.8179986128 142710.5622343191
123929.0125138262 130528.7893873040
136107.1691450701 114981.0003588769
116718.2618769055 139825.4055073945
133222.8688903018 119949.8813885804
126012.1182533811 139665.1190225653
136267.4080481128 141588.5568405151
122166.3845803567 132131.6542355955
123929.0125138262 142710.5622343191
122166.3845803567 143351.7081736357
132581.9132781311 118507.3030251181
133703.5855994299 138863.6865984196
118000.1731012469 144473.7135674397
118801.3676164604 142069.4162950025
122166.3845803567 137421.1082349573
138350.5137876677 139825.4055073945
136748.1247572408 141107.6973860276
126492.8349625091 126361.3407817462
131940.9576659604 142389.9892646608
123448.2958046982 136299.1028411533
122326.6234833994 142069.4162950025
139792.6639150518 140626.8379315402
129216.8963142347 124598.1894486256
131620.4798598750 140787.1244163693
121044.7122590579 137260.8217501281
120243.5177438445 140947.4109011985
136427.6469511555 114339.8544195603
127294.0294777225 125880.4813272588
130018.0908294482 122033.6056913593
123929.0125138262 131811.0812659372
123768.7736107835 135818.2433866659
118801.3676164604 142389.9892646608
133863.8245024726 118186.7300554598
115917.0673616921 141588.5568405151

121204.9511621006 136299.1028411533
126012.1182533811 138543.1136287613
124569.9681259969 135177.0974473493
120724.2344529726 142870.8487191482
128095.2239929360 135818.2433866659
134985.4968237713 116103.0057526809
127294.0294777225 139184.2595680779
118641.1287134177 142710.5622343191
132101.1965690030 139344.5460529070
124569.9681259969 130368.5029024749
130018.0908294482 121713.0327217010
123929.0125138262 143672.2811432940
134024.0634055152 139665.1190225653
125691.6404472957 127483.3461755503
129697.6130233628 136299.1028411533
119442.3232286311 144153.1405977814
132902.3910842164 142069.4162950025
125851.8793503384 128925.9245390126
118480.8898103750 141267.9838708568
122647.1012894848 138222.5406591030
117679.6952951616 138382.8271439321
125691.6404472957 139344.5460529070
125371.1626412104 139985.6919922236
124730.2070290396 138703.4001135904
131780.7187629177 137100.5352652990
135786.6913389847 117064.7246616558
116718.2618769055 142550.2757494899
119602.5621316738 136619.6758108115
136427.6469511555 141588.5568405151
131460.2409568323 137581.3947197864
116878.5007799482 144634.0000522688
130178.3297324908 136940.2487804698
137869.7970785396 140787.1244163693
123448.2958046982 134856.5244776910
136427.6469511555 114981.0003588769
125691.6404472957 129246.4975086709
126973.5516716372 139023.9730832487
116718.2618769055 141267.9838708568
117198.9785860335 143511.9946584648
129857.8519264055 140787.1244163693
133703.5855994299 116904.4381768266
128415.7017990213 135978.5298714950
128255.4628959786 124758.4759334548
131780.7187629177 120751.3138127261
122326.6234833994 133574.2325990578
120243.5177438445 136619.6758108115
124249.4903199116 142389.9892646608
131460.2409568323 121392.4597520427
134504.7801146433 117705.8706009724
128736.1796051067 136299.1028411533
136427.6469511555 114019.2814499020
134985.4968237713 117866.1570858015
135145.7357268140 141748.8433253442
119923.0399377591 141909.1298101734
129377.1352172774 140306.2649618819
128255.4628959786 136619.6758108115
126973.5516716372 125239.3353879422
124569.9681259969 130047.9299328166
128415.7017990213 125079.0489031131
120884.4733560152 139504.8325377362
122967.5790955701 131971.3677507663
126172.3571564238 129086.2110238417
122166.3845803567 143191.4216888065
117839.9341982043 138062.2541742739
131139.7631507469 121232.1732672136
122166.3845803567 133734.5190838869
138190.2748846250 141267.9838708568
120403.7566468872 141909.1298101734
126492.8349625091 138863.6865984196
130338.5686355335 121873.3192065301
123929.0125138262 134535.9515080327
122006.1456773140 139344.5460529070
136748.1247572408 140787.1244163693
127133.7905746799 137581.3947197864
123768.7736107835 137901.9676894447
125371.1626412104 137581.3947197864
137228.8414663689 140466.5514467111
125050.6848351250 140947.4109011985
131460.2409568323 137741.6812046156
129216.8963142347 139504.8325377362
121204.9511621006 136619.6758108115
132421.6743750884 117866.1570858015
133383.1077933445 116744.1516919975
127454.2683807652 137260.8217501281
134825.2579207286 141909.1298101734
117359.2174890762 139665.1190225653
123768.7736107835 130528.7893873040
135466.2135328994 140947.4109011985
122807.3401925274 131811.0812659372
129056.6574111921 123796.7570244799
118801.3676164604 137260.8217501281
133703.5855994299 118507.3030251181
132421.6743750884 119949.8813885804
130018.0908294482 138382.8271439321
119282.0843255884 141267.9838708568
115917.0673616921 143191.4216888065
134344.5412116006 140145.9784770528
122807.3401925274 135657.9569018367
134344.5412116006 141107.6973860276
130498.8075385762 123796.7570244799
129537.3741203201 137421.1082349573
121845.9067742713 143832.5676281231
123448.2958046982 136138.8163563241
122006.1456773140 133574.2325990578
117839.9341982043 142389.9892646608
115596.5895556067 142550.2757494899
128736.1796051067 124758.4759334548
124409.7292229543 140626.8379315402
133062.6299872591 139825.4055073945
133703.5855994299 139665.1190225653
126653.0738655518 126521.6272665754
124249.4903199116 135497.6704170076
122486.8623864421 141428.2703556859
127614.5072838079 137741.6812046156
127774.7461868506 126361.3407817462
127774.7461868506 137421.1082349573
130819.2853446616 139504.8325377362
134184.3023085579 116583.8652071684

136908.3636602835 141428.2703556859
130338.5686355335 142069.4162950025
126332.5960594665 127803.9191452086
121525.4289681860 139344.5460529070
123448.2958046982 140306.2649618819
130498.8075385762 139023.9730832487
124249.4903199116 130849.3623569623
128896.4185081494 125239.3353879422
123608.5347077409 138222.5406591030
127294.0294777225 140787.1244163693
137709.5581754969 140947.4109011985
132742.1521811738 140787.1244163693
130659.0464416189 122193.8921761884
121845.9067742713 134215.3785383744
136267.4080481128 114500.1409043895
116397.7840708201 143511.9946584648
133863.8245024726 141107.6973860276
118641.1287134177 139825.4055073945
134184.3023085579 117866.1570858015
135145.7357268140 141588.5568405151
134825.2579207286 139825.4055073945
124569.9681259969 130689.0758721332
121044.7122590579 136459.3893259824
131460.2409568323 122354.1786610176
126012.1182533811 143031.1352039774
126973.5516716372 135497.6704170076
127294.0294777225 142229.7027798317
127294.0294777225 126040.7678120879
116077.3062647348 142550.2757494899
125371.1626412104 138543.1136287613
133222.8688903018 116904.4381768266
124089.2514168689 135818.2433866659
132581.9132781311 139023.9730832487
126492.8349625091 136940.2487804698
121525.4289681860 143191.4216888065
122967.5790955701 140145.9784770528
122647.1012894848 132452.2272052538
119923.0399377591 140466.5514467111
131300.0020537896 139985.6919922236
116718.2618769055 140145.9784770528
137709.5581754969 141267.9838708568
122326.6234833994 135978.5298714950
132261.4354720457 119469.0219340930
117679.6952951616 144153.1405977814
122326.6234833994 133093.3731445704
123448.2958046982 131811.0812659372
117198.9785860335 143351.7081736357
123929.0125138262 139184.2595680779
122166.3845803567 132131.6542355955
136107.1691450701 113858.9949650729
130819.2853446616 142229.7027798317
117038.7396829909 139985.6919922236
125371.1626412104 140787.1244163693
120724.2344529726 138222.5406591030
129056.6574111921 122674.7516306759
140113.1417211372 140145.9784770528
131940.9576659604 139825.4055073945
118000.1731012469 139665.1190225653
115596.5895556067 141107.6973860276
127614.5072838079 139825.4055073945
134504.7801146433 140947.4109011985
132581.9132781311 118186.7300554598
122486.8623864421 143191.4216888065
125851.8793503384 128765.6380541834
131620.4798598750 121873.3192065301
119442.3232286311 143672.2811432940
131300.0020537896 140787.1244163693
129697.6130233628 139504.8325377362
122006.1456773140 134856.5244776910
126332.5960594665 139665.1190225653
121525.4289681860 143992.8541129523
131780.7187629177 141909.1298101734
121365.1900651433 135497.6704170076
125050.6848351250 136940.2487804698
127774.7461868506 127002.4867210628
121044.7122590579 134055.0920535452
131300.0020537896 140947.4109011985
123127.8179986128 142550.2757494899
127294.0294777225 126521.6272665754
125210.9237381677 139023.9730832487
128255.4628959786 137741.6812046156
118480.8898103750 141909.1298101734
121044.7122590579 140466.5514467111
123929.0125138262 131811.0812659372
126973.5516716372 137260.8217501281
119923.0399377591 143031.1352039774
121365.1900651433 136459.3893259824
122326.6234833994 132452.2272052538
120403.7566468872 140306.2649618819
117038.7396829909 142389.9892646608
137068.6025633262 114820.7138740477
128575.9407020640 135978.5298714950
122006.1456773140 135818.2433866659
128575.9407020640 126040.7678120879
131620.4798598750 119308.7354492638
122486.8623864421 142389.9892646608
126653.0738655518 140145.9784770528
115917.0673616921 142710.5622343191
129056.6574111921 123636.4705396508
128896.4185081494 142550.2757494899
120403.7566468872 143351.7081736357
139792.6639150518 140787.1244163693
120403.7566468872 136138.8163563241
128255.4628959786 140626.8379315402
126973.5516716372 126681.9137514045
128896.4185081494 124918.7624182839
119121.8454225457 144153.1405977814
133383.1077933445 119469.0219340930
130979.5242477042 137741.6812046156
123127.8179986128 131169.9353266206
125050.6848351250 136619.6758108115
138030.0359815823 140145.9784770528
124089.2514168689 129246.4975086709
123127.8179986128 135337.3839321784
135786.6913389847 117225.0111464849
134825.2579207286 138543.1136287613
129377.1352172774 124918.7624182839
119602.5621316738 135497.6704170076

122486.8623864421 143832.5676281231
121845.9067742713 143672.2811432940
116558.0229738628 143191.4216888065
119602.5621316738 143191.4216888065
118801.3676164604 143031.1352039774
121204.9511621006 143031.1352039774
127133.7905746799 142870.8487191482
123127.8179986128 142550.2757494899
128575.9407020640 142389.9892646608
129216.8963142347 142229.7027798317
131620.4798598750 141909.1298101734
135626.4524359421 141588.5568405151
125210.9237381677 141428.2703556859
132261.4354720457 141267.9838708568
137869.7970785396 140626.8379315402
140914.3362363506 140626.8379315402
141234.8140424360 140626.8379315402
122486.8623864421 140466.5514467111
121365.1900651433 140145.9784770528
123448.2958046982 140145.9784770528
121685.6678712287 139825.4055073945
128415.7017990213 139665.1190225653
137549.3192724542 139504.8325377362
126492.8349625091 139344.5460529070
128896.4185081494 139344.5460529070
122967.5790955701 139184.2595680779
122486.8623864421 139023.9730832487
132902.3910842164 139023.9730832487
118641.1287134177 138863.6865984196
126492.8349625091 138863.6865984196
123768.7736107835 138703.4001135904
136107.1691450701 138703.4001135904
126813.3127685945 138382.8271439321
133383.1077933445 138382.8271439321
118801.3676164604 138062.2541742739
120403.7566468872 138062.2541742739
130819.2853446616 137901.9676894447
119923.0399377591 137741.6812046156
119602.5621316738 137581.3947197864
132902.3910842164 137581.3947197864
125210.9237381677 137421.1082349573
119282.0843255884 137260.8217501281
131460.2409568323 136940.2487804698
121044.7122590579 136299.1028411533
127934.9850898933 136138.8163563241
120724.2344529726 134856.5244776910
121845.9067742713 133574.2325990578
122967.5790955701 131490.5082962789
123288.0569016555 130849.3623569623
126172.3571564238 128445.0650845251
127614.5072838079 126681.9137514045
128415.7017990213 125720.1948424296
127454.2683807652 125399.6218727713
130979.5242477042 121713.0327217010
131620.4798598750 121552.7462368719
129857.8519264055 121232.1732672136
130338.5686355335 120591.0273278970
132261.4354720457 120270.4543582387
133222.8688903018 120270.4543582387
131300.0020537896 119308.7354492638
134184.3023085579 118026.4435706307
134985.4968237713 116263.2922375101
134665.0190176860 115622.1462981935
136107.1691450701 115622.1462981935
135786.6913389847 115461.8598133643
134184.3023085579 115141.2868437060
135466.2135328994 114339.8544195603
127934.9850898933 140947.4109011985
122166.3845803567 142870.8487191482
118160.4120042896 138222.5406591030
128896.4185081494 124598.1894486256
136427.6469511555 114339.8544195603
117519.4563921189 138703.4001135904
124890.4459320823 139504.8325377362
135145.7357268140 140947.4109011985
123288.0569016555 139023.9730832487
126172.3571564238 142229.7027798317
125691.6404472957 140947.4109011985
130178.3297324908 139985.6919922236
126973.5516716372 127162.7732058920
117839.9341982043 139184.2595680779
132742.1521811738 120430.7408430678
130979.5242477042 137581.3947197864
134504.7801146433 139985.6919922236
133703.5855994299 139665.1190225653
140113.1417211372 140145.9784770528
126813.3127685945 140306.2649618819
134024.0634055152 138543.1136287613
116237.5451677774 143672.2811432940
129216.8963142347 138703.4001135904
126813.3127685945 136619.6758108115
116878.5007799482 143672.2811432940
134184.3023085579 141748.8433253442
134344.5412116006 138382.8271439321
134665.0190176860 138703.4001135904
137228.8414663689 140947.4109011985
124730.2070290396 134535.9515080327
130498.8075385762 121232.1732672136
121525.4289681860 143191.4216888065
120083.2788408018 143191.4216888065
136748.1247572408 115942.7192678518
139472.1861089664 140466.5514467111
121525.4289681860 137581.3947197864
131460.2409568323 137421.1082349573
132261.4354720457 139023.9730832487
129697.6130233628 139023.9730832487
125691.6404472957 129086.2110238417
122807.3401925274 141107.6973860276
134665.0190176860 114981.0003588769
130659.0464416189 140145.9784770528
131460.2409568323 119308.7354492638
125210.9237381677 137741.6812046156
130979.5242477042 120110.1678734095
122486.8623864421 136940.2487804698
124249.4903199116 140787.1244163693
133703.5855994299 119148.4489644347
122166.3845803567 139985.6919922236
120403.7566468872 136138.8163563241

128896.4185081494 125399.6218727713
121525.4289681860 137100.5352652990
130178.3297324908 139825.4055073945
133222.8688903018 118186.7300554598
123608.5347077409 136299.1028411533
135305.9746298567 115622.1462981935
128736.1796051067 142229.7027798317
123929.0125138262 131811.0812659372
137068.6025633262 140787.1244163693
120083.2788408018 142389.9892646608
135305.9746298567 117545.5841161432
126813.3127685945 140947.4109011985
135466.2135328994 113538.4219954146
130338.5686355335 122354.1786610176
127133.7905746799 141588.5568405151
127614.5072838079 125079.0489031131
131780.7187629177 137100.5352652990
125851.8793503384 138382.8271439321
134825.2579207286 140626.8379315402
126172.3571564238 143031.1352039774
119121.8454225457 139504.8325377362
123929.0125138262 142229.7027798317
128255.4628959786 140626.8379315402
120403.7566468872 142069.4162950025
123448.2958046982 130368.5029024749
119602.5621316738 141909.1298101734
130498.8075385762 120270.4543582387
132581.9132781311 138222.5406591030
118801.3676164604 139665.1190225653
122326.6234833994 132291.9407204246
131620.4798598750 138863.6865984196
134504.7801146433 138062.2541742739
129216.8963142347 142229.7027798317
140593.8584302652 140466.5514467111
128736.1796051067 136459.3893259824
123608.5347077409 138222.5406591030
136267.4080481128 114339.8544195603
124890.4459320823 142229.7027798317
117679.6952951616 139184.2595680779
129216.8963142347 139985.6919922236
122006.1456773140 132772.8001749121
128095.2239929360 124758.4759334548
125050.6848351250 137741.6812046156
128736.1796051067 139985.6919922236
120884.4733560152 135978.5298714950
123608.5347077409 136138.8163563241
118320.6509073323 143031.1352039774
125371.1626412104 140306.2649618819
131620.4798598750 121713.0327217010
123448.2958046982 132291.9407204246
129216.8963142347 136940.2487804698
116237.5451677774 140626.8379315402
118641.1287134177 141748.8433253442
121204.9511621006 143832.5676281231
130018.0908294482 137581.3947197864
130659.0464416189 136779.9622956407
130979.5242477042 139184.2595680779
135786.6913389847 115301.5733285352
121685.6678712287 141107.6973860276
133383.1077933445 116904.4381768266
121204.9511621006 142550.2757494899
137549.3192724542 139825.4055073945
117839.9341982043 139504.8325377362
121845.9067742713 142550.2757494899
133543.3466963872 117866.1570858015
122647.1012894848 131811.0812659372
121204.9511621006 134375.6650232035
118480.8898103750 137421.1082349573
132101.1965690030 140145.9784770528
136267.4080481128 114981.0003588769
130498.8075385762 121873.3192065301
122647.1012894848 135177.0974473493
126172.3571564238 138382.8271439321
133863.8245024726 140145.9784770528
120083.2788408018 135337.3839321784
127934.9850898933 141267.9838708568
129056.6574111921 124758.4759334548
120884.4733560152 141428.2703556859
121845.9067742713 142069.4162950025
126012.1182533811 140466.5514467111
117198.9785860335 143351.7081736357
136908.3636602835 114500.1409043895
127294.0294777225 138062.2541742739
125050.6848351250 127964.2056300377
129697.6130233628 142710.5622343191
133703.5855994299 116423.5787223392
132421.6743750884 140306.2649618819
130979.5242477042 142550.2757494899
119282.0843255884 144473.7135674397
130659.0464416189 122835.0381155050
135305.9746298567 116744.1516919975
126492.8349625091 141588.5568405151
129216.8963142347 123155.6110851633
132902.3910842164 117225.0111464849
120403.7566468872 137741.6812046156
130498.8075385762 141748.8433253442
134344.5412116006 114981.0003588769
119442.3232286311 142550.2757494899
122326.6234833994 134375.6650232035
128095.2239929360 137421.1082349573
128896.4185081494 136138.8163563241
134665.0190176860 139665.1190225653
129537.3741203201 139023.9730832487
134665.0190176860 141428.2703556859
132421.6743750884 139023.9730832487
134985.4968237713 117545.5841161432
128575.9407020640 123476.1840548216
135946.9302420274 141428.2703556859
119442.3232286311 141909.1298101734
118160.4120042896 138863.6865984196
124409.7292229543 142710.5622343191
124409.7292229543 130368.5029024749
135626.4524359421 141267.9838708568
130498.8075385762 136940.2487804698
134985.4968237713 140947.4109011985
123127.8179986128 131971.3677507663
126973.5516716372 126040.7678120879
134825.2579207286 115782.4327830226

122647.1012894848 142870.8487191482
127133.7905746799 142389.9892646608
129216.8963142347 142229.7027798317
129537.3741203201 142229.7027798317
131139.7631507469 141588.5568405151
135626.4524359421 141588.5568405151
128415.7017990213 141428.2703556859
132581.9132781311 140145.9784770528
128415.7017990213 139665.1190225653
117839.9341982043 138382.8271439321
118160.4120042896 138222.5406591030
133062.6299872591 138062.2541742739
119602.5621316738 137581.3947197864
131460.2409568323 136940.2487804698
136748.1247572408 115942.7192678518
136107.1691450701 114660.4273892186
122486.8623864421 132131.6542355955
128095.2239929360 142870.8487191482
136107.1691450701 138703.4001135904
133863.8245024726 141428.2703556859
134024.0634055152 141909.1298101734
134504.7801146433 118186.7300554598
115917.0673616921 142710.5622343191
132742.1521811738 137741.6812046156
127133.7905746799 135497.6704170076
120884.4733560152 134055.0920535452
122647.1012894848 134696.2379928618
135466.2135328994 141588.5568405151
131620.4798598750 137581.3947197864
125851.8793503384 127162.7732058920
129056.6574111921 136299.1028411533
135786.6913389847 116583.8652071684
136908.3636602835 139504.8325377362
128736.1796051067 137581.3947197864
133062.6299872591 139985.6919922236
119762.8010347165 143832.5676281231
127614.5072838079 126681.9137514045
127774.7461868506 138863.6865984196
138350.5137876677 140145.9784770528
128255.4628959786 138703.4001135904
134344.5412116006 138382.8271439321
121685.6678712287 133734.5190838869
121204.9511621006 143031.1352039774
128896.4185081494 124277.6164789673
130018.0908294482 124117.3299941382
129216.8963142347 138703.4001135904
136587.8858541982 140145.9784770528
126492.8349625091 140626.8379315402
126012.1182533811 127483.3461755503
138190.2748846250 139504.8325377362
125851.8793503384 138863.6865984196
125210.9237381677 137741.6812046156
134825.2579207286 118347.0165402890
129537.3741203201 122674.7516306759
133222.8688903018 140306.2649618819
116878.5007799482 144794.2865370980
132581.9132781311 140306.2649618819
129857.8519264055 136459.3893259824
129697.6130233628 121392.4597520427
129216.8963142347 124277.6164789673
132902.3910842164 118186.7300554598
121044.7122590579 133574.2325990578
125851.8793503384 137260.8217501281
135466.2135328994 114981.0003588769
122647.1012894848 141588.5568405151
124730.2070290396 137260.8217501281
124409.7292229543 134856.5244776910
120563.9955499299 135016.8109625201
125210.9237381677 129567.0704783291
126653.0738655518 135978.5298714950
127133.7905746799 140306.2649618819
126813.3127685945 127964.2056300377
122166.3845803567 138703.4001135904
132101.1965690030 140466.5514467111
123127.8179986128 142389.9892646608
115596.5895556067 141588.5568405151
120884.4733560152 140466.5514467111
122006.1456773140 133574.2325990578
118641.1287134177 138543.1136287613
130819.2853446616 137741.6812046156
124409.7292229543 141267.9838708568
119923.0399377591 143672.2811432940
130018.0908294482 139023.9730832487
135145.7357268140 114981.0003588769
122166.3845803567 136459.3893259824
122166.3845803567 135497.6704170076
133543.3466963872 140466.5514467111
118160.4120042896 141588.5568405151
124409.7292229543 142550.2757494899
130819.2853446616 142389.9892646608
119282.0843255884 142069.4162950025
131300.0020537896 138863.6865984196
122326.6234833994 135978.5298714950
137869.7970785396 140466.5514467111
117839.9341982043 141909.1298101734
120083.2788408018 144634.0000522688
128095.2239929360 124117.3299941382
128095.2239929360 140787.1244163693
118961.6065195031 140787.1244163693
132261.4354720457 139504.8325377362
133222.8688903018 119629.3084189221
122166.3845803567 132772.8001749121
135786.6913389847 115301.5733285352
120724.2344529726 134696.2379928618
124569.9681259969 130849.3623569623
130018.0908294482 141267.9838708568
136748.1247572408 114981.0003588769
120563.9955499299 143672.2811432940
124730.2070290396 134535.9515080327
120884.4733560152 143992.8541129523
136908.3636602835 140787.1244163693
120884.4733560152 138222.5406591030
121365.1900651433 135337.3839321784
120403.7566468872 142550.2757494899
131620.4798598750 141428.2703556859
141234.8140424360 140626.8379315402
135145.7357268140 140947.4109011985
115917.0673616921 140787.1244163693

118801.3676164604 143031.1352039774
121204.9511621006 143031.1352039774
122166.3845803567 142870.8487191482
130819.2853446616 142389.9892646608
118961.6065195031 142069.4162950025
135626.4524359421 141588.5568405151
133863.8245024726 141428.2703556859
132261.4354720457 141267.9838708568
135145.7357268140 140947.4109011985
124249.4903199116 140787.1244163693
138190.2748846250 140787.1244163693
134825.2579207286 140626.8379315402
140914.3362363506 140626.8379315402
141234.8140424360 140626.8379315402
127294.0294777225 140306.2649618819
122647.1012894848 140145.9784770528
122166.3845803567 139985.6919922236
139151.7083028811 139825.4055073945
127934.9850898933 139504.8325377362
118480.8898103750 139344.5460529070
123288.0569016555 139023.9730832487
117519.4563921189 138703.4001135904
136107.1691450701 138703.4001135904
134024.0634055152 138543.1136287613
128415.7017990213 138382.8271439321
134344.5412116006 138382.8271439321
134665.0190176860 138382.8271439321
133222.8688903018 138222.5406591030
126172.3571564238 137901.9676894447
130819.2853446616 137901.9676894447
119602.5621316738 137581.3947197864
129056.6574111921 137260.8217501281
124890.4459320823 137100.5352652990
131460.2409568323 136940.2487804698
118961.6065195031 136619.6758108115
126813.3127685945 136619.6758108115
119602.5621316738 136459.3893259824
125371.1626412104 134856.5244776910
120563.9955499299 134535.9515080327
120724.2344529726 134055.0920535452
123288.0569016555 132612.5136900829
126172.3571564238 128445.0650845251
125851.8793503384 127483.3461755503
126813.3127685945 125559.9083576005
130819.2853446616 121392.4597520427
132421.6743750884 121232.1732672136
132742.1521811738 120911.6002975553
130979.5242477042 120430.7408430678
132742.1521811738 120430.7408430678
133062.6299872591 119949.8813885804
134024.0634055152 119469.0219340930
131460.2409568323 119308.7354492638
132261.4354720457 119148.4489644347
134184.3023085579 118026.4435706307
134024.0634055152 117545.5841161432
135786.6913389847 115461.8598133643
126813.3127685945 140145.9784770528
121685.6678712287 139825.4055073945
119602.5621316738 143191.4216888065
124730.2070290396 134535.9515080327
132581.9132781311 119949.8813885804
121204.9511621006 133413.9461142286
122486.8623864421 143832.5676281231
129056.6574111921 142550.2757494899
131940.9576659604 121873.3192065301
122166.3845803567 132291.9407204246
116077.3062647348 140626.8379315402
125050.6848351250 129887.6434479874
133703.5855994299 139665.1190225653
122326.6234833994 135337.3839321784
120563.9955499299 134856.5244776910
130338.5686355335 138703.4001135904
126172.3571564238 142229.7027798317
116718.2618769055 141267.9838708568
130018.0908294482 139023.9730832487
126492.8349625091 138863.6865984196
128736.1796051067 137581.3947197864
127133.7905746799 142389.9892646608
132902.3910842164 140787.1244163693
128415.7017990213 125559.9083576005
127294.0294777225 125720.1948424296
129377.1352172774 137901.9676894447
128736.1796051067 124117.3299941382
131300.0020537896 139985.6919922236
131620.4798598750 142069.4162950025
140113.1417211372 140145.9784770528
129537.3741203201 123155.6110851633
129216.8963142347 124277.6164789673
117839.9341982043 138062.2541742739
125691.6404472957 140947.4109011985
120884.4733560152 143351.7081736357
139632.4250120091 139985.6919922236
137869.7970785396 139344.5460529070
133062.6299872591 118507.3030251181
133222.8688903018 120270.4543582387
130659.0464416189 139985.6919922236
124730.2070290396 141428.2703556859
129857.8519264055 121232.1732672136
128415.7017990213 141428.2703556859
135466.2135328994 114339.8544195603
127294.0294777225 135657.9569018367
136587.8858541982 139504.8325377362
127934.9850898933 140947.4109011985
134665.0190176860 118667.5895099473
123448.2958046982 132291.9407204246
127934.9850898933 136138.8163563241
130498.8075385762 121232.1732672136
133703.5855994299 116904.4381768266
128415.7017990213 139665.1190225653
132101.1965690030 119949.8813885804
124409.7292229543 135818.2433866659
126492.8349625091 139344.5460529070
120884.4733560152 136940.2487804698
134344.5412116006 138543.1136287613
125531.4015442531 141428.2703556859
136748.1247572408 141107.6973860276
117839.9341982043 139184.2595680779
116397.7840708201 140306.2649618819

120403.7566468872 144473.7135674397
116237.5451677774 143672.2811432940
118801.3676164604 143031.1352039774
121204.9511621006 143031.1352039774
122166.3845803567 142870.8487191482
130819.2853446616 142389.9892646608
129537.3741203201 142229.7027798317
131139.7631507469 141588.5568405151
135626.4524359421 141588.5568405151
128415.7017990213 141428.2703556859
132261.4354720457 141267.9838708568
122807.3401925274 141107.6973860276
125691.6404472957 140947.4109011985
127934.9850898933 140947.4109011985
134825.2579207286 140626.8379315402
140914.3362363506 140626.8379315402
141234.8140424360 140626.8379315402
122647.1012894848 140145.9784770528
123448.2958046982 140145.9784770528
132581.9132781311 140145.9784770528
140113.1417211372 140145.9784770528
121365.1900651433 139985.6919922236
116878.5007799482 139665.1190225653
127934.9850898933 139504.8325377362
127614.5072838079 139344.5460529070
122967.5790955701 139184.2595680779
125050.6848351250 139184.2595680779
122486.8623864421 139023.9730832487
123288.0569016555 139023.9730832487
130498.8075385762 139023.9730832487
118641.1287134177 138863.6865984196
123768.7736107835 138703.4001135904
124089.2514168689 138703.4001135904
129216.8963142347 138703.4001135904
128736.1796051067 138543.1136287613
128415.7017990213 138382.8271439321
132902.3910842164 138382.8271439321
120083.2788408018 138222.5406591030
133222.8688903018 138222.5406591030
126172.3571564238 137901.9676894447
129377.1352172774 137901.9676894447
130819.2853446616 137901.9676894447
119121.8454225457 137260.8217501281
118961.6065195031 136619.6758108115
119602.5621316738 136459.3893259824
124409.7292229543 135818.2433866659
124730.2070290396 134535.9515080327
121845.9067742713 133574.2325990578
123288.0569016555 132612.5136900829
122967.5790955701 131490.5082962789
124569.9681259969 130047.9299328166
125851.8793503384 127483.3461755503
127294.0294777225 126361.3407817462
129216.8963142347 124277.6164789673
128095.2239929360 124117.3299941382
131940.9576659604 121873.3192065301
132742.1521811738 120430.7408430678
133543.3466963872 116103.0057526809
129216.8963142347 142229.7027798317
126172.3571564238 138382.8271439321
127133.7905746799 142389.9892646608
129697.6130233628 137741.6812046156
129056.6574111921 140466.5514467111
116558.0229738628 143191.4216888065
125691.6404472957 136619.6758108115
129056.6574111921 137260.8217501281
130498.8075385762 123315.8975699925
128415.7017990213 125559.9083576005
133062.6299872591 118507.3030251181
131460.2409568323 119308.7354492638
120403.7566468872 136138.8163563241
122647.1012894848 134696.2379928618
126813.3127685945 125559.9083576005
120884.4733560152 136940.2487804698
118480.8898103750 139344.5460529070
122486.8623864421 143832.5676281231
126813.3127685945 140145.9784770528
130018.0908294482 139023.9730832487
126172.3571564238 142229.7027798317
127294.0294777225 135657.9569018367
132261.4354720457 139023.9730832487
132261.4354720457 120270.4543582387
119762.8010347165 137901.9676894447
134344.5412116006 138382.8271439321
121204.9511621006 139985.6919922236
130819.2853446616 138703.4001135904
126492.8349625091 139344.5460529070
124730.2070290396 141428.2703556859
133543.3466963872 117705.8706009724
131620.4798598750 141909.1298101734
115756.8284586494 143031.1352039774
127454.2683807652 141107.6973860276
134665.0190176860 115622.1462981935
133062.6299872591 139504.8325377362
136748.1247572408 115461.8598133643
125371.1626412104 134856.5244776910
122326.6234833994 135337.3839321784
120083.2788408018 140145.9784770528
118160.4120042896 138222.5406591030
116558.0229738628 143992.8541129523
135145.7357268140 140947.4109011985
128736.1796051067 124117.3299941382
127454.2683807652 125399.6218727713
121525.4289681860 137581.3947197864
119923.0399377591 143992.8541129523
134024.0634055152 119469.0219340930
122166.3845803567 132291.9407204246
132581.9132781311 120591.0273278970
136427.6469511555 114660.4273892186
119602.5621316738 143191.4216888065
124890.4459320823 139504.8325377362
117839.9341982043 139184.2595680779
130979.5242477042 120430.7408430678
135946.9302420274 113698.7084802437
127934.9850898933 136138.8163563241
118160.4120042896 144313.4270826106
122486.8623864421 140466.5514467111
116397.7840708201 140306.2649618819

117359.2174890762 144794.2865370980
116718.2618769055 144634.0000522688
116237.5451677774 143672.2811432940
117198.9785860335 143351.7081736357
115756.8284586494 143031.1352039774
129377.1352172774 142710.5622343191
130819.2853446616 142389.9892646608
129537.3741203201 142229.7027798317
118961.6065195031 142069.4162950025
131139.7631507469 141588.5568405151
135626.4524359421 141588.5568405151
132261.4354720457 141267.9838708568
121044.7122590579 140947.4109011985
124249.4903199116 140787.1244163693
135946.9302420274 140787.1244163693
138190.2748846250 140787.1244163693
117198.9785860335 140626.8379315402
134825.2579207286 140626.8379315402
123448.2958046982 140145.9784770528
125210.9237381677 140145.9784770528
126813.3127685945 140145.9784770528
118480.8898103750 139985.6919922236
130178.3297324908 139985.6919922236
139151.7083028811 139825.4055073945
133703.5855994299 139665.1190225653
127614.5072838079 139344.5460529070
122967.5790955701 139184.2595680779
122486.8623864421 139023.9730832487
123288.0569016555 139023.9730832487
132261.4354720457 139023.9730832487
118641.1287134177 138863.6865984196
134024.0634055152 138543.1136287613
134665.0190176860 138382.8271439321
133222.8688903018 138222.5406591030
126172.3571564238 137901.9676894447
129377.1352172774 137901.9676894447
119602.5621316738 137581.3947197864
121525.4289681860 137581.3947197864
129056.6574111921 137260.8217501281
119602.5621316738 136459.3893259824
120403.7566468872 136138.8163563241
127294.0294777225 135657.9569018367
125371.1626412104 134856.5244776910
125851.8793503384 134856.5244776910
121845.9067742713 133574.2325990578
123448.2958046982 132291.9407204246
123288.0569016555 130849.3623569623
126172.3571564238 128445.0650845251
127294.0294777225 126361.3407817462
127454.2683807652 125399.6218727713
128736.1796051067 124117.3299941382
130819.2853446616 121392.4597520427
134024.0634055152 119469.0219340930
131300.0020537896 119308.7354492638
131460.2409568323 119308.7354492638
132261.4354720457 119148.4489644347
133543.3466963872 116103.0057526809
134665.0190176860 114981.0003588769
135305.9746298567 114500.1409043895
136427.6469511555 114339.8544195603
118801.3676164604 138062.2541742739
127294.0294777225 140306.2649618819
134504.7801146433 116423.5787223392
131620.4798598750 139504.8325377362
129697.6130233628 139023.9730832487
135466.2135328994 114339.8544195603
123768.7736107835 143672.2811432940
134504.7801146433 139985.6919922236
123288.0569016555 132612.5136900829
120724.2344529726 134055.0920535452
132902.3910842164 139023.9730832487
122647.1012894848 134375.6650232035
130979.5242477042 120430.7408430678
132581.9132781311 140145.9784770528
122326.6234833994 140787.1244163693
124890.4459320823 139504.8325377362
134184.3023085579 118026.4435706307
128415.7017990213 125559.9083576005
127934.9850898933 140947.4109011985
125531.4015442531 137421.1082349573
119121.8454225457 137260.8217501281
123929.0125138262 129727.3569631583
136748.1247572408 115461.8598133643
121204.9511621006 143031.1352039774
130498.8075385762 139023.9730832487
131300.0020537896 139985.6919922236
122166.3845803567 132291.9407204246
136587.8858541982 139504.8325377362
121685.6678712287 139825.4055073945
116878.5007799482 143672.2811432940
128736.1796051067 141588.5568405151
125851.8793503384 127483.3461755503
132742.1521811738 119949.8813885804
124569.9681259969 130047.9299328166
134665.0190176860 118667.5895099473
128736.1796051067 138543.1136287613
135145.7357268140 114339.8544195603
120083.2788408018 142389.9892646608
135946.9302420274 113698.7084802437
118160.4120042896 144313.4270826106
127614.5072838079 142550.2757494899
135305.9746298567 141748.8433253442
121365.1900651433 139985.6919922236
137068.6025633262 115141.2868437060
127133.7905746799 142389.9892646608
133703.5855994299 140626.8379315402
121525.4289681860 136619.6758108115
125050.6848351250 129887.6434479874
139472.1861089664 140466.5514467111
130819.2853446616 138703.4001135904
124730.2070290396 134535.9515080327
141234.8140424360 140626.8379315402
122967.5790955701 131490.5082962789
137869.7970785396 139344.5460529070
126492.8349625091 138863.6865984196
132421.6743750884 121232.1732672136
133703.5855994299 116904.4381768266
131460.2409568323 136940.2487804698

131780.7187629177 137100.5352652990
122326.6234833994 138863.6865984196
127774.7461868506 142069.4162950025
115917.0673616921 141428.2703556859
133543.3466963872 118347.0165402890
129056.6574111921 136138.8163563241
132742.1521811738 120751.3138127261
121365.1900651433 140306.2649618819
128415.7017990213 124758.4759334548
125531.4015442531 137100.5352652990
129377.1352172774 136779.9622956407
121685.6678712287 144153.1405977814
122486.8623864421 131650.7947811081
117839.9341982043 144954.5730219271
138190.2748846250 141107.6973860276
129537.3741203201 124117.3299941382
126492.8349625091 141748.8433253442
124089.2514168689 143832.5676281231
118000.1731012469 139344.5460529070
129857.8519264055 142069.4162950025
129537.3741203201 136779.9622956407
127934.9850898933 140466.5514467111
134344.5412116006 139665.1190225653
133703.5855994299 140466.5514467111
122486.8623864421 132612.5136900829
126973.5516716372 136138.8163563241
130178.3297324908 122674.7516306759
128736.1796051067 136299.1028411533
123288.0569016555 140947.4109011985
127934.9850898933 126201.0542969171
134825.2579207286 141588.5568405151
128896.4185081494 124437.9029637965
137709.5581754969 139504.8325377362
122486.8623864421 143511.9946584648
123608.5347077409 137901.9676894447
128415.7017990213 136299.1028411533
128896.4185081494 124598.1894486256
130979.5242477042 141428.2703556859
132581.9132781311 118988.1624796055
125050.6848351250 130208.2164176457
129056.6574111921 122514.4651458467
121845.9067742713 143031.1352039774
116718.2618769055 140947.4109011985
124249.4903199116 134375.6650232035
124409.7292229543 129887.6434479874
130018.0908294482 138703.4001135904
127294.0294777225 135657.9569018367
134504.7801146433 117545.5841161432
116878.5007799482 143191.4216888065
124249.4903199116 140626.8379315402
133222.8688903018 142069.4162950025
133863.8245024726 141909.1298101734
134665.0190176860 115141.2868437060
130659.0464416189 142550.2757494899
118801.3676164604 141267.9838708568
129697.6130233628 139344.5460529070
126332.5960594665 126842.2002362337
133703.5855994299 142069.4162950025
119923.0399377591 142550.2757494899
117198.9785860335 140306.2649618819
121845.9067742713 136299.1028411533
138190.2748846250 114339.8544195603
120884.4733560152 144313.4270826106
118641.1287134177 137901.9676894447
128575.9407020640 125079.0489031131
122967.5790955701 132452.2272052538
132902.3910842164 140306.2649618819
123288.0569016555 135177.0974473493
135466.2135328994 141588.5568405151
121525.4289681860 138062.2541742739
136908.3636602835 140787.1244163693
135305.9746298567 114660.4273892186
134344.5412116006 140947.4109011985
119602.5621316738 136299.1028411533
135305.9746298567 117866.1570858015
136427.6469511555 114500.1409043895
132101.1965690030 137741.6812046156
130338.5686355335 142550.2757494899
126813.3127685945 135337.3839321784
128896.4185081494 125720.1948424296
122486.8623864421 134856.5244776910
129056.6574111921 141748.8433253442
128896.4185081494 124758.4759334548
131460.2409568323 120110.1678734095
132261.4354720457 140466.5514467111
117038.7396829909 139985.6919922236
124730.2070290396 129887.6434479874
132902.3910842164 138382.8271439321
134504.7801146433 118827.8759947764
122486.8623864421 137100.5352652990
119602.5621316738 140306.2649618819
124249.4903199116 140787.1244163693
122166.3845803567 135818.2433866659
123448.2958046982 134856.5244776910
123288.0569016555 136299.1028411533
128575.9407020640 139985.6919922236
127454.2683807652 126681.9137514045
120563.9955499299 138703.4001135904
125851.8793503384 140947.4109011985
125691.6404472957 139344.5460529070
120243.5177438445 137260.8217501281
121204.9511621006 139985.6919922236
119923.0399377591 144473.7135674397
133863.8245024726 138863.6865984196
132101.1965690030 121713.0327217010
117198.9785860335 139985.6919922236
117198.9785860335 142710.5622343191
132581.9132781311 119148.4489644347
125050.6848351250 137421.1082349573
118320.6509073323 144153.1405977814
118320.6509073323 138382.8271439321
131460.2409568323 139985.6919922236
122807.3401925274 142069.4162950025
122647.1012894848 143031.1352039774
133383.1077933445 118507.3030251181
136107.1691450701 141428.2703556859
128255.4628959786 142069.4162950025
127133.7905746799 127323.0596907211

131940.9576659604 119949.8813885804
116878.5007799482 144473.7135674397
120403.7566468872 141428.2703556859
135626.4524359421 115942.7192678518
129216.8963142347 139344.5460529070
124890.4459320823 142389.9892646608
118320.6509073323 138543.1136287613
125050.6848351250 128445.0650845251
127774.7461868506 142389.9892646608
127294.0294777225 127162.7732058920
134825.2579207286 139665.1190225653
120724.2344529726 141588.5568405151
130659.0464416189 123155.6110851633
126813.3127685945 128284.7785996960
127934.9850898933 136138.8163563241
127614.5072838079 138703.4001135904
133703.5855994299 140947.4109011985
134504.7801146433 117866.1570858015
130659.0464416189 121873.3192065301
135786.6913389847 115622.1462981935
128896.4185081494 125559.9083576005
119121.8454225457 142710.5622343191
123929.0125138262 143672.2811432940
125531.4015442531 136619.6758108115
128255.4628959786 142069.4162950025
136267.4080481128 115301.5733285352
134344.5412116006 141267.9838708568
133543.3466963872 117866.1570858015
129056.6574111921 136940.2487804698
122326.6234833994 132933.0866597412
132902.3910842164 118186.7300554598
132101.1965690030 139344.5460529070
129537.3741203201 141909.1298101734
130338.5686355335 138382.8271439321
135626.4524359421 141107.6973860276
133222.8688903018 138382.8271439321
126012.1182533811 143031.1352039774
127934.9850898933 135657.9569018367
136587.8858541982 141107.6973860276
127133.7905746799 142389.9892646608
131780.7187629177 142069.4162950025
129697.6130233628 141107.6973860276
121685.6678712287 133734.5190838869
118160.4120042896 138543.1136287613
123448.2958046982 134856.5244776910
128255.4628959786 124117.3299941382
128095.2239929360 123796.7570244799
121365.1900651433 143832.5676281231
134344.5412116006 140306.2649618819
130659.0464416189 138543.1136287613
122326.6234833994 134375.6650232035
132101.1965690030 118186.7300554598
129056.6574111921 124437.9029637965
117198.9785860335 140466.5514467111
123768.7736107835 130047.9299328166
127454.2683807652 137260.8217501281
132581.9132781311 138863.6865984196
122006.1456773140 132933.0866597412
123288.0569016555 137741.6812046156
127614.5072838079 125239.3353879422
115756.8284586494 141428.2703556859
130338.5686355335 123957.0435093090
136908.3636602835 140947.4109011985
117679.6952951616 138703.4001135904
132101.1965690030 119148.4489644347
135145.7357268140 114179.5679347312
129697.6130233628 123155.6110851633
128095.2239929360 126040.7678120879
123608.5347077409 130047.9299328166
122006.1456773140 142069.4162950025
119121.8454225457 139023.9730832487
134825.2579207286 116423.5787223392
126813.3127685945 137100.5352652990
131300.0020537896 141748.8433253442
124089.2514168689 134856.5244776910
137389.0803694116 114660.4273892186
140433.6195272226 140466.5514467111
130338.5686355335 141267.9838708568
117359.2174890762 142870.8487191482
134024.0634055152 115782.4327830226
121685.6678712287 139825.4055073945
122166.3845803567 138543.1136287613
128896.4185081494 122835.0381155050
131139.7631507469 122995.3246003342
137389.0803694116 140626.8379315402
116397.7840708201 140787.1244163693
115596.5895556067 141588.5568405151
124569.9681259969 142389.9892646608
125691.6404472957 140466.5514467111
117679.6952951616 143351.7081736357
126012.1182533811 141428.2703556859
128896.4185081494 142710.5622343191
130498.8075385762 142550.2757494899
126332.5960594665 137421.1082349573
134344.5412116006 114981.0003588769
136748.1247572408 139504.8325377362
126492.8349625091 127803.9191452086
126653.0738655518 142870.8487191482
137389.0803694116 114820.7138740477
136908.3636602835 139023.9730832487
132581.9132781311 120270.4543582387
132101.1965690030 137421.1082349573
137068.6025633262 140787.1244163693
129537.3741203201 139344.5460529070
128415.7017990213 123796.7570244799
132581.9132781311 138222.5406591030
123768.7736107835 135657.9569018367
126492.8349625091 135978.5298714950
134985.4968237713 141107.6973860276
126012.1182533811 136299.1028411533
139632.4250120091 140145.9784770528
120884.4733560152 140787.1244163693
122647.1012894848 135016.8109625201
129697.6130233628 136459.3893259824
121525.4289681860 133253.6596293995
136587.8858541982 113858.9949650729
116397.7840708201 140947.4109011985
127934.9850898933 138863.6865984196

121845.9067742713 135337.3839321784
119121.8454225457 140787.1244163693
120243.5177438445 140306.2649618819
118801.3676164604 142550.2757494899
128575.9407020640 123315.8975699925
127934.9850898933 124277.6164789673
122326.6234833994 140947.4109011985
135305.9746298567 116904.4381768266
125210.9237381677 140466.5514467111
123929.0125138262 138062.2541742739
128736.1796051067 124277.6164789673
131940.9576659604 139665.1190225653
119923.0399377591 142389.9892646608
125691.6404472957 127483.3461755503
129056.6574111921 138222.5406591030
122647.1012894848 140947.4109011985
133383.1077933445 120270.4543582387
128415.7017990213 126040.7678120879
127294.0294777225 141748.8433253442
133703.5855994299 119629.3084189221
118961.6065195031 142710.5622343191
130979.5242477042 140626.8379315402
122807.3401925274 140466.5514467111
125691.6404472957 141748.8433253442
133222.8688903018 140306.2649618819
126492.8349625091 127643.6326603794
122006.1456773140 137741.6812046156
126973.5516716372 136619.6758108115
122326.6234833994 133253.6596293995
127934.9850898933 142069.4162950025
129377.1352172774 137421.1082349573
121044.7122590579 135657.9569018367
117839.9341982043 144794.2865370980
128255.4628959786 125720.1948424296
124089.2514168689 137260.8217501281
129056.6574111921 122674.7516306759
116718.2618769055 143992.8541129523
126813.3127685945 139184.2595680779
126492.8349625091 127483.3461755503
128575.9407020640 125559.9083576005
130819.2853446616 136779.9622956407
119121.8454225457 136779.9622956407
119282.0843255884 141909.1298101734
128896.4185081494 125079.0489031131
129857.8519264055 142389.9892646608
118000.1731012469 142550.2757494899
119442.3232286311 141588.5568405151
126653.0738655518 127643.6326603794
122326.6234833994 133734.5190838869
133222.8688903018 139665.1190225653
132902.3910842164 141267.9838708568
126813.3127685945 142870.8487191482
128896.4185081494 123476.1840548216
127614.5072838079 125880.4813272588
129377.1352172774 138382.8271439321
134344.5412116006 115461.8598133643
129857.8519264055 142069.4162950025
129377.1352172774 140787.1244163693
125851.8793503384 128445.0650845251
127294.0294777225 139825.4055073945
123768.7736107835 135497.6704170076
122326.6234833994 135337.3839321784
124089.2514168689 136299.1028411533
120884.4733560152 134215.3785383744
125210.9237381677 142229.7027798317
124409.7292229543 128925.9245390126
137709.5581754969 140145.9784770528
122967.5790955701 142710.5622343191
129216.8963142347 141748.8433253442
128255.4628959786 125239.3353879422
136107.1691450701 114019.2814499020
129857.8519264055 123957.0435093090
126973.5516716372 137421.1082349573
128415.7017990213 142870.8487191482
132261.4354720457 119469.0219340930
119602.5621316738 141428.2703556859
120884.4733560152 138222.5406591030
121365.1900651433 133093.3731445704
126653.0738655518 139184.2595680779
127934.9850898933 126521.6272665754
131460.2409568323 141428.2703556859
122166.3845803567 142550.2757494899
117679.6952951616 139825.4055073945
130498.8075385762 136779.9622956407
122807.3401925274 134375.6650232035
124089.2514168689 138703.4001135904
120243.5177438445 140466.5514467111
122166.3845803567 140145.9784770528
117519.4563921189 142870.8487191482
123929.0125138262 142389.9892646608
119442.3232286311 143191.4216888065
125210.9237381677 141588.5568405151
134985.4968237713 114179.5679347312
138510.7526907104 140145.9784770528
116878.5007799482 140626.8379315402
123127.8179986128 131971.3677507663
126172.3571564238 138222.5406591030
130338.5686355335 138222.5406591030
124249.4903199116 137901.9676894447
130659.0464416189 138062.2541742739
120563.9955499299 137741.6812046156
124089.2514168689 130208.2164176457
121525.4289681860 135337.3839321784
127133.7905746799 125079.0489031131
117038.7396829909 143191.4216888065
129056.6574111921 137901.9676894447
121204.9511621006 140947.4109011985
122647.1012894848 134696.2379928618
132902.3910842164 139665.1190225653
119442.3232286311 140626.8379315402
128415.7017990213 125559.9083576005
118320.6509073323 139184.2595680779
135466.2135328994 140947.4109011985
119923.0399377591 144473.7135674397
117839.9341982043 144473.7135674397
140754.0973333079 140626.8379315402
122166.3845803567 134535.9515080327
120884.4733560152 142710.5622343191

116237.5451677774 143832.5676281231
120403.7566468872 142870.8487191482
128896.4185081494 142870.8487191482
122807.3401925274 142710.5622343191
124249.4903199116 142069.4162950025
125371.1626412104 142069.4162950025
129216.8963142347 142069.4162950025
119282.0843255884 141909.1298101734
133703.5855994299 141909.1298101734
124569.9681259969 141588.5568405151
136107.1691450701 141107.6973860276
126492.8349625091 140947.4109011985
138350.5137876677 140787.1244163693
140754.0973333079 140787.1244163693
139472.1861089664 140626.8379315402
138991.4693998384 140145.9784770528
127614.5072838079 139665.1190225653
119923.0399377591 139184.2595680779
130659.0464416189 139184.2595680779
132261.4354720457 139023.9730832487
118801.3676164604 138863.6865984196
132101.1965690030 138863.6865984196
120243.5177438445 138543.1136287613
126813.3127685945 138062.2541742739
125210.9237381677 137741.6812046156
126172.3571564238 137260.8217501281
127454.2683807652 136779.9622956407
128896.4185081494 136299.1028411533
128575.9407020640 136138.8163563241
119923.0399377591 135177.0974473493
121365.1900651433 133093.3731445704
122486.8623864421 132131.6542355955
123127.8179986128 131330.2218114498
125531.4015442531 129727.3569631583
125210.9237381677 128765.6380541834
126172.3571564238 128605.3515693543
126332.5960594665 126521.6272665754
128736.1796051067 124918.7624182839
127614.5072838079 124598.1894486256
130659.0464416189 120591.0273278970
131780.7187629177 120270.4543582387
131300.0020537896 119949.8813885804
130979.5242477042 119789.5949037512
133863.8245024726 118026.4435706307
132742.1521811738 117385.2976313141
135145.7357268140 115622.1462981935
136267.4080481128 115622.1462981935
135946.9302420274 114339.8544195603
127294.0294777225 127483.3461755503
138670.9915937530 141107.6973860276
129056.6574111921 122354.1786610176
123448.2958046982 139184.2595680779
131139.7631507469 139344.5460529070
129537.3741203201 138703.4001135904
120724.2344529726 141107.6973860276
122647.1012894848 136940.2487804698
128896.4185081494 140466.5514467111
134825.2579207286 139665.1190225653
137869.7970785396 140787.1244163693
125851.8793503384 128445.0650845251
118000.1731012469 139344.5460529070
122326.6234833994 134535.9515080327
126973.5516716372 136940.2487804698
128896.4185081494 138863.6865984196
123929.0125138262 142229.7027798317
124890.4459320823 130047.9299328166
129537.3741203201 142710.5622343191
125210.9237381677 138543.1136287613
139311.9472059238 140626.8379315402
118480.8898103750 143672.2811432940
134024.0634055152 115942.7192678518
118641.1287134177 142229.7027798317
129377.1352172774 137100.5352652990
123768.7736107835 135337.3839321784
135626.4524359421 116103.0057526809
121204.9511621006 133413.9461142286
126492.8349625091 137581.3947197864
124890.4459320823 135177.0974473493
135946.9302420274 116263.2922375101
129056.6574111921 137260.8217501281
124569.9681259969 129567.0704783291
132101.1965690030 119308.7354492638
130018.0908294482 139023.9730832487
121044.7122590579 136138.8163563241
119602.5621316738 139344.5460529070
131780.7187629177 118988.1624796055
127934.9850898933 138062.2541742739
123127.8179986128 134856.5244776910
117519.4563921189 144954.5730219271
118000.1731012469 142069.4162950025
127133.7905746799 140466.5514467111
117679.6952951616 143031.1352039774
122166.3845803567 140466.5514467111
133863.8245024726 140466.5514467111
135145.7357268140 115301.5733285352
136748.1247572408 141428.2703556859
133543.3466963872 116263.2922375101
126653.0738655518 125880.4813272588
139952.9028180945 140466.5514467111
123608.5347077409 138863.6865984196
129697.6130233628 140145.9784770528
123608.5347077409 134856.5244776910
121525.4289681860 140466.5514467111
134344.5412116006 115622.1462981935
137389.0803694116 114179.5679347312
133062.6299872591 140306.2649618819
124089.2514168689 143031.1352039774
129697.6130233628 142229.7027798317
133383.1077933445 138382.8271439321
121685.6678712287 134535.9515080327
122647.1012894848 139665.1190225653
128255.4628959786 139504.8325377362
123929.0125138262 135497.6704170076
119923.0399377591 141748.8433253442
118160.4120042896 142710.5622343191
135626.4524359421 114500.1409043895
129377.1352172774 122033.6056913593
122326.6234833994 141267.9838708568

