946558379.1041252613 102915.4829444885
946935323.7041336298 102985.9545111656
947326620.5473222733 104115.1690235138
954460524.3481082916 107404.8445425034
975360169.9226728678 110525.0144786835
964217083.5036205053 110379.7284603119
956905166.0296885967 108840.3935222626
960659335.9392194748 109295.3311204910
947544421.1168612242 105177.0801696777
962977065.0060498714 109897.2970881462
947316338.6771731377 103492.4697437286
939259158.2242358923 102700.4178562164
948562149.3862375021 106777.5838527679
