257144530.1603464782 4019821.8574218750
262304377.7296380699 4036089.7675781250
253206878.5040529370 3909154.9687500000
254482501.0182341933 3975248.0468750000
253271113.2205846012 3918872.2148437500
255854707.1718254089 3999440.4003906250
252338308.0923606157 3908717.7148437500
255993616.6967808604 4005130.1875000000
253409034.4393335581 3954966.5800781250
255867178.9384405911 4002300.2207031250
253288665.0195972025 3954734.0058593750
253539796.4523850977 3958229.9667968750
255350897.1030279398 3995001.2812500000
258665078.7496362925 4020304.5097656250
265606758.8152228892 4047909.7656250000
253729849.1972204447 3964586.5449218750
256610745.3322786987 4010079.6074218750
261511329.6226607859 4034317.4902343750
262288364.4323339462 4034334.2207031250
259360087.8751503229 4033573.0000000000
255758690.9655721486 3999027.6113281250
254808198.3725501597 3982484.9824218750
262709109.2724480629 4036190.5664062500
263258462.9446709752 4040524.3125000000
254666957.4227537215 3979667.9453125000
255168112.7364976406 3991554.2519531250
