90945006.0877300203 860600.7978515625
93729208.8833920509 870337.5776367188
89594966.5503927618 832641.9162597656
92447226.9798891842 865467.9809570312
88747051.8902901858 790484.5405273438
89231078.3858612776 828913.6743164062
95227322.0322192460 874670.2944335938
89546768.8694429398 829577.3801269531
89709183.6921765506 854622.5688476562
89120222.0317593664 812540.1857910156
98368418.5287677944 878006.7387695312
90223606.9015226364 859410.0649414062
93904385.1025831699 873756.6069335938
93427385.6839043796 868932.8569335938
89684050.7306703478 836135.7231445312
96392531.5659827888 877129.6743164062
93775147.5548876971 873465.1860351562
94773848.3700353801 874614.1342773438
92755728.7096713781 868198.1835937500
93428537.3432347775 869322.7329101562
92740854.7547867447 865870.6191406250
95699062.7800855041 877049.8618164062
91895353.1372070014 864746.5405273438
91862567.5349797606 861792.4267578125
89652214.9311561733 833859.6728515625
89071722.2398956418 799432.4660644531
91925625.1892139167 865399.4521484375
93751624.9453029335 871695.0883789062
91645226.2411271483 861213.2177734375
