642924435.5752836466 1544451.5933723450
637626877.6226301193 1478668.8511962891
660828289.4381264448 1608815.9989624023
638326185.9322406054 1522108.3032989502
642317059.7896119356 1531097.1381378174
636701186.3525030613 1283891.6111297607
642589330.4486931562 1540110.6650085449
658433059.7981868982 1605479.4610748291
643356713.1365132332 1550498.9401092529
637565803.3365602493 1296702.5154876709
657524924.4137705564 1601969.9783477783
644441320.9293034077 1551081.9094543457
637381982.8914042711 1287110.1981811523
644840551.7115150690 1551743.2584381104
641489050.0650889874 1526628.9768371582
645308550.8913446665 1561682.5390319824
648144178.1788616180 1574728.2515563965
637597484.8101121187 1400153.1804504395
650117354.9823207855 1597381.5909423828
