839136625.8669859171 500407.1209564209
844066839.3072482347 520518.3301086426
841961389.1597156525 509148.3544692993
850549408.7234681845 531815.7984466553
845601247.2134822607 522948.5502319336
847713035.9526159763 528115.4506149292
860009153.3598337173 542972.2263641357
844059444.1237596273 517820.1225738525
850756963.5316289663 534983.7987823486
850644421.9161660671 533163.9972763062
842458702.8352066278 510297.2120819092
843317383.8887332678 511361.1124572754
844960913.6706776619 521577.3401489258
848096327.8641210794 528496.0509948730
842475366.9922995567 511182.8940734863
855853679.4399601221 540586.1267547607
850923536.7360785007 535509.9966278076
852364310.1844702959 536958.4206542969
852038551.2009395361 536204.7353973389
865115162.7336145639 543372.4645690918
849333725.4468013048 529133.6599578857
841439643.8591687679 508034.7829437256
858186266.5877435207 541729.2249755859
846131000.4914889336 525209.1238098145
849578207.7770479918 530289.8499603271
843741906.0030161142 517012.7007598877
850422768.7722181082 530901.4402008057
843331404.1925899982 516582.8567199707
