487121368.4738001823 147498.7358627319
498509178.6580359936 155577.2565078735
493683983.3409647942 152888.2189941406
488995786.4095607996 150853.2393226624
494533444.4517171979 153630.0010986328
502710577.9560095072 157099.4007263184
488843399.5847666264 148020.6434173584
488801390.6665248871 147760.4751815796
486368494.3228563666 144805.6281967163
485426888.7516514063 142616.2707157135
501241463.4986616373 155777.5209541321
485228141.7004116774 142574.8236427307
485191997.6793919206 139308.2561874390
483518573.1185162067 119692.0962162018
483359241.3023215532 116729.4269065857
492474486.9429682493 152065.9237365723
486610242.1794089079 145785.8982162476
485563307.8618370891 144016.9304122925
