294622870.3646066785 301060.1620178223
281520317.7187198997 281188.7127838135
295370635.0281934738 302379.0959014893
286913060.2755182981 297989.6564941406
285731022.6439405680 296317.1416931152
283774329.0525818467 289817.1398620605
292943193.2323886752 300121.0416259766
280380309.8130221963 278308.7641296387
284587379.8175303936 294860.3137969971
282024576.2688640952 284315.5717163086
284276403.9286106825 290993.2093963623
280157259.1363043189 271482.0616455078
283740185.7808880806 289203.8709106445
284495777.9642815590 291899.4603576660
283514844.0460571647 287708.7617187500
283364975.6198440790 285663.3567504883
289161260.2005588412 299045.8245544434
282940239.3253441453 285128.4404907227
