150588480.7621828914 30463.7099322155
160975906.9086744487 36356.7737121582
151395975.4801602662 32570.8483886719
153272380.3601982892 34152.4810523987
151543179.0053189397 33168.3451957703
159819745.2562586367 36337.9932327271
153992332.8874261975 34986.1335372925
155045398.8101789057 35066.0349769592
156891495.2408577502 35817.5915088654
153018056.6666251421 34116.2234783173
158690647.1395949721 36005.2251358032
153443191.6288441718 34671.8260173798
152315053.6392604411 34001.7851181030
155481613.2891272902 35648.4806785583
153269575.8929063380 34148.9568634033
157555941.9623855948 35822.9242782593
159345448.8507651091 36069.5275382996
