1045002129.9342271090 6215496.3818359375
1040725927.1875751019 6204847.6831054688
1060643663.7975691557 6353432.4418945312
1067695296.1006543636 6378078.3750000000
1039102983.9003307819 6132122.6098632812
1043081442.3347967863 6207866.1176757812
1046689975.7722610235 6310648.2797851562
1056553022.8816692829 6342404.2460937500
1053190332.0616792440 6326629.8657226562
1059104907.2897518873 6347658.8974609375
1058055455.7697063684 6345410.1616210938
1036498975.5008338690 6101081.0136718750
1065082223.2501865625 6372353.5131835938
1045517023.3825453520 6244244.0820312500
1062009663.5761889219 6364811.3276367188
1052557494.9714903831 6321450.5493164062
1043860747.6696815491 6212508.8540039062
