1393324749.1027772427 5523184.5036621094
1400899980.4475102425 5533895.2315673828
1401496331.9594385624 5541471.7404785156
1386576467.3646521568 5462581.4743652344
1403906834.8732335567 5546350.2993164062
1372085973.0662972927 5359323.0524902344
1367557720.8086566925 4885177.7076416016
1370683715.4522311687 5218029.4460449219
1390928701.9428131580 5468216.9755859375
1383296090.0412497520 5454881.9704589844
1383290897.0369703770 5423798.2814941406
1391675137.5264542103 5505305.5302734375
1391179788.2426693439 5475154.3253173828
1404400948.3821544647 5549143.8205566406
1371059054.2899456024 5242326.1191406250
1377523925.2924652100 5369201.4409179688
1377679857.1904315948 5423136.3569335938
