113384.3952241800 127657.0514441067
110838.8626603400 126056.6063559045
107656.9469555400 123655.9387236011
114179.8741503800 124616.2057765225
112907.1078684600 128617.3184970281
113225.2994389400 122855.7161795000
107338.7553850600 124616.2057765225
112270.7247275000 125896.5618470843
109247.9048079400 127497.0069352865
112588.9162979800 124296.1167588820
108293.3300965000 127657.0514441067
109247.9048079400 118374.4699325337
111634.3415865400 128617.3184970281
109725.1921636600 118214.4254237135
111157.0542308200 119814.8705119157
134857.3162522927 123364.2375480435
129558.9035111220 127204.5601873478
133251.7366337561 125764.4391976087
126347.7442740488 129764.7752802174
135178.4321760000 124644.3450944783
127632.2079688781 128644.6811770870
134536.2003285854 124804.3585377826
135660.1060615609 123044.2106614348

108770.6174522200 125576.4728294438
109407.0005931800 124296.1167588820
107975.1385260200 123175.8051971404
110202.4795193800 121415.3156001180
112588.9162979800 128457.2739882079
110361.5753046200 124296.1167588820
110997.9584455800 124456.1612677022
109088.8090227000 127176.9179176461
108452.4258817400 120935.1820736573
107975.1385260200 127657.0514441067
111793.4373717800 121255.2710912977
107497.8511703000 125576.4728294438
112429.8205127400 121255.2710912977
110679.7668751000 127657.0514441067
113543.4910094200 123335.8497059607
137747.3595656585 122884.1972181304
135820.6640234146 123364.2375480435
130361.6933203902 126404.4929708261
135499.5480997073 122884.1972181304
133572.8525574634 122564.1703315217
135017.8742141463 121764.1031150000
134696.7582904390 122884.1972181304
130361.6933203902 127364.5736306522

113225.2994389400 123175.8051971404
107020.5638145800 127817.0959529270
112270.7247275000 120775.1375648371
109088.8090227000 122215.5381442191
109566.0963784200 120775.1375648371
112907.1078684600 126696.7843911854
110520.6710898600 120775.1375648371
109884.2879489000 120935.1820736573
111316.1500160600 121095.2265824775
113384.3952241800 128297.2294793876
108293.3300965000 124296.1167588820
107656.9469555400 127817.0959529270
109884.2879489000 116133.8468090506
111634.3415865400 123976.0277412416
112588.9162979800 125896.5618470843
132609.5047863415 126724.5198574348
134696.7582904390 124004.2913212609
128916.6716637073 127204.5601873478
135178.4321760000 123524.2509913478
133572.8525574634 125924.4526409130
130040.5773966829 128324.6542904783
129398.3455492683 128644.6811770870
134375.6423667317 124804.3585377826

110679.7668751000 127336.9624264663
110202.4795193800 127336.9624264663
111316.1500160600 128617.3184970281
107179.6595998200 126856.8289000056
110997.9584455800 124136.0722500618
108293.3300965000 121415.3156001180
113225.2994389400 124456.1612677022
109407.0005931800 127176.9179176461
112588.9162979800 122215.5381442191
113225.2994389400 127977.1404617472
107816.0427407800 128297.2294793876
109725.1921636600 117094.1138619719
107497.8511703000 127657.0514441067
109247.9048079400 117894.3364060730
108611.5216669800 124776.2502853427
127311.0920451707 128484.6677337826
136462.8958708293 122884.1972181304
135660.1060615609 124804.3585377826
131325.0410915122 124804.3585377826
134857.3162522927 122564.1703315217
132930.6207100488 124484.3316511739
135499.5480997073 122884.1972181304
135178.4321760000 122564.1703315217

108770.6174522200 120134.9595295562
108452.4258817400 120935.1820736573
108452.4258817400 128137.1849705674
109088.8090227000 125576.4728294438
112429.8205127400 123976.0277412416
112588.9162979800 125256.3838118034
109247.9048079400 124136.0722500618
113066.2036537000 126376.6953735449
107975.1385260200 128137.1849705674
110361.5753046200 123495.8942147809
109566.0963784200 124136.0722500618
113384.3952241800 128137.1849705674
112907.1078684600 123175.8051971404
110679.7668751000 126216.6508647247
112748.0120832200 128457.2739882079
129077.2296255610 126244.4795275217
135338.9901378536 122724.1837748261
134375.6423667317 122244.1434449130
135017.8742141463 124484.3316511739
129719.4614729756 126084.4660842174
132609.5047863415 124644.3450944783
130843.3672059512 124804.3585377826
131485.5990533658 124484.3316511739

112588.9162979800 128617.3184970281
106543.2764588600 127977.1404617472
106861.4680293400 127977.1404617472
110202.4795193800 127336.9624264663
112907.1078684600 127336.9624264663
109247.9048079400 127016.8734088258
109884.2879489000 126696.7843911854
111316.1500160600 126696.7843911854
113861.6825799000 125576.4728294438
107497.8511703000 125416.4283206236
111793.4373717800 125256.3838118034
113543.4910094200 125256.3838118034
108929.7132374600 122855.7161795000
108134.2343112600 122695.6716706798
110838.8626603400 121735.4046177584
127953.3238925854 128164.6408471739
128274.4398162927 128164.6408471739
129719.4614729756 127844.6139605652
132288.3888626342 126564.5064141304
132930.6207100488 126564.5064141304
131164.4831296585 126084.4660842174
130201.1353585366 124644.3450944783
131646.1570152195 123044.2106614348

108611.5216669800 120775.1375648371
107975.1385260200 127817.0959529270
108770.6174522200 128137.1849705674
113225.2994389400 126216.6508647247
109725.1921636600 117414.2028796124
107179.6595998200 125736.5173382640
112907.1078684600 126056.6063559045
110679.7668751000 118694.5589501742
107975.1385260200 123015.7606883202
112429.8205127400 121415.3156001180
111475.2458013000 126696.7843911854
111793.4373717800 128937.4075146685
112270.7247275000 127657.0514441067
108452.4258817400 124776.2502853427
109088.8090227000 121255.2710912977
130040.5773966829 127684.6005172609
134696.7582904390 121604.0896716956
130201.1353585366 125124.3854243913
133733.4105193171 123204.2241047391
129880.0194348293 126244.4795275217
134215.0844048781 124004.2913212609
129077.2296255610 126884.5333007391
135178.4321760000 122884.1972181304

112907.1078684600 126056.6063559045
109407.0005931800 121255.2710912977
107497.8511703000 124136.0722500618
111952.5331570200 124616.2057765225
110679.7668751000 123015.7606883202
112111.6289422600 121415.3156001180
109725.1921636600 127176.9179176461
107179.6595998200 128137.1849705674
106702.3722441000 127176.9179176461
108770.6174522200 127657.0514441067
112588.9162979800 127016.8734088258
111157.0542308200 123175.8051971404
108134.2343112600 121895.4491265786
110679.7668751000 127176.9179176461
112588.9162979800 125256.3838118034
136462.8958708293 121764.1031150000
134375.6423667317 124644.3450944783
131003.9251678049 125604.4257543043
135178.4321760000 120804.0224551739
129880.0194348293 127204.5601873478
135017.8742141463 124004.2913212609
135338.9901378536 124164.3047645652
130682.8092440976 124964.3719810870

111475.2458013000 121095.2265824775
108452.4258817400 121415.3156001180
112748.0120832200 121735.4046177584
113543.4910094200 126216.6508647247
111157.0542308200 125256.3838118034
109566.0963784200 126696.7843911854
113384.3952241800 125096.3393029831
109247.9048079400 124296.1167588820
111634.3415865400 123976.0277412416
113861.6825799000 123976.0277412416
112270.7247275000 125416.4283206236
109566.0963784200 124296.1167588820
109088.8090227000 121415.3156001180
108452.4258817400 128297.2294793876
108452.4258817400 120455.0485471966
128113.8818544390 128484.6677337826
128916.6716637073 126884.5333007391
130522.2512822439 125284.3988676957
133733.4105193171 123524.2509913478
130522.2512822439 127044.5467440435
134857.3162522927 123364.2375480435
135660.1060615609 122404.1568882174
134696.7582904390 122084.1300016087

108293.3300965000 127977.1404617472
110838.8626603400 127977.1404617472
110202.4795193800 127817.0959529270
107020.5638145800 127657.0514441067
111952.5331570200 126536.7398823652
113225.2994389400 126536.7398823652
110520.6710898600 126056.6063559045
113861.6825799000 125576.4728294438
111157.0542308200 125096.3393029831
107656.9469555400 124136.0722500618
112748.0120832200 124136.0722500618
112429.8205127400 123815.9832324213
108452.4258817400 121575.3601089382
109407.0005931800 121255.2710912977
108770.6174522200 120295.0040383764
125866.0703884878 130404.8290534348
128274.4398162927 128964.7080636957
130361.6933203902 127364.5736306522
131646.1570152195 125764.4391976087
133893.9684811707 125764.4391976087
130040.5773966829 124804.3585377826
134696.7582904390 122564.1703315217
132609.5047863415 122404.1568882174

112748.0120832200 124936.2947941629
108611.5216669800 123335.8497059607
108611.5216669800 120775.1375648371
112748.0120832200 128937.4075146685
112429.8205127400 126216.6508647247
109566.0963784200 125096.3393029831
110043.3837341400 126696.7843911854
111157.0542308200 124136.0722500618
112270.7247275000 121095.2265824775
107497.8511703000 124136.0722500618
107816.0427407800 122855.7161795000
113702.5867946600 125576.4728294438
109407.0005931800 118374.4699325337
113225.2994389400 126856.8289000056
108770.6174522200 128457.2739882079
134054.5264430244 125444.4123110000
135017.8742141463 122724.1837748261
134857.3162522927 121444.0762283913
134536.2003285854 125604.4257543043
134857.3162522927 123044.2106614348
126347.7442740488 130084.8021668261
135017.8742141463 122244.1434449130
130361.6933203902 125924.4526409130

112429.8205127400 126856.8289000056
109566.0963784200 127497.0069352865
113225.2994389400 126696.7843911854
111793.4373717800 125736.5173382640
109884.2879489000 126536.7398823652
109407.0005931800 124296.1167588820
108293.3300965000 123976.0277412416
107020.5638145800 126056.6063559045
112270.7247275000 124776.2502853427
109088.8090227000 121415.3156001180
109088.8090227000 128617.3184970281
108452.4258817400 123976.0277412416
110361.5753046200 126376.6953735449
111316.1500160600 128777.3630058483
110679.7668751000 126056.6063559045
132288.3888626342 124644.3450944783
130522.2512822439 125284.3988676957
134857.3162522927 124804.3585377826
132770.0627481951 124644.3450944783
130201.1353585366 125604.4257543043
126829.4181596097 128804.6946203913
135338.9901378536 124004.2913212609
130361.6933203902 126404.4929708261

112748.0120832200 128937.4075146685
109247.9048079400 128297.2294793876
111475.2458013000 127016.8734088258
108611.5216669800 125896.5618470843
110997.9584455800 125736.5173382640
113702.5867946600 125576.4728294438
108293.3300965000 125416.4283206236
113384.3952241800 125256.3838118034
109884.2879489000 124936.2947941629
109566.0963784200 124136.0722500618
107497.8511703000 123815.9832324213
110202.4795193800 123815.9832324213
108929.7132374600 122375.5826530393
107975.1385260200 122055.4936353989
111475.2458013000 119174.6924766348
126668.8601977561 129924.7887235217
129398.3455492683 128484.6677337826
127953.3238925854 127684.6005172609
128916.6716637073 127044.5467440435
132930.6207100488 126404.4929708261
130361.6933203902 125444.4123110000
132448.9468244878 124484.3316511739
131164.4831296585 124164.3047645652

112907.1078684600 128137.1849705674
109725.1921636600 127176.9179176461
112748.0120832200 125736.5173382640
113225.2994389400 124776.2502853427
112429.8205127400 121415.3156001180
108929.7132374600 120134.9595295562
111475.2458013000 123015.7606883202
112111.6289422600 124776.2502853427
108134.2343112600 128137.1849705674
108770.6174522200 124296.1167588820
110202.4795193800 124616.2057765225
109247.9048079400 127497.0069352865
107816.0427407800 126216.6508647247
109566.0963784200 118854.6034589944
110679.7668751000 123815.9832324213
131325.0410915122 127204.5601873478
132127.8309007805 125604.4257543043
134536.2003285854 125444.4123110000
131164.4831296585 124964.3719810870
136302.3379089756 124324.3182078696
126187.1863121951 129924.7887235217
133893.9684811707 122564.1703315217
135178.4321760000 124324.3182078696

