503958545.6385403275 392156.0072784424
503887042.6528183818 390731.5045776367
498638997.6864996552 384274.4942932129
505103905.4998484254 398660.4924621582
503878205.2001454234 390662.4921264648
495593092.0579195023 363827.0098724365
499946506.2396919727 388338.6109619141
502150249.1186808944 389119.7920532227
495738724.0401158929 376634.3390045166
497740643.7939978838 382051.9338836670
502502078.2038959861 389396.3479919434
499568607.7888805866 385685.1171264648
503808473.0197381377 389625.8603820801
496097818.5817017555 381853.9975204468
504615043.9450631738 394147.4120788574
