937298607.2644073963 3937539.8076171875
925178547.8533421755 3831782.2587890625
924343089.3076621294 3813988.5769042969
925148203.4064664841 3821113.5615234375
936065561.9231061935 3928480.7316894531
932007958.4206960201 3913147.0212402344
937014719.2982596159 3935617.8469238281
921844424.4682580233 3754590.2651367188
928799390.2721518278 3911566.1506347656
923003990.9635622501 3769051.3007812500
942119678.9807659388 3965156.1445312500
925642033.5007662773 3832654.9670410156
942195227.8842754364 4004718.7312011719
926183607.3673740625 3861059.2531738281
920436569.0620050430 3360094.8153076172
928609058.0961444378 3901183.1654052734
939473064.5602562428 3956356.8825683594
927482718.2159477472 3876463.7165527344
