416632816.4017068148 3.0559281728
418424848.3903447986 3.0645349219
408551300.7675149441 2.9754742073
408473496.3260363340 2.9130027900
423293547.8695964217 3.0988425417
411187679.4627512097 3.0445734083
403472236.2522566319 2.8069266612
424096884.8037759066 3.1178000161
410262572.8327235579 2.9921338960
405041375.3363792300 2.8548471908
405548904.0803579688 2.8602730080
419255425.3379521370 3.0978415383
418614050.5879035592 3.0687703073
420642914.4681302309 3.0982717938
403440874.2151482105 2.2980147011
406116337.9419673085 2.9011129706
407314466.7200610638 2.9101784466
