144274872.3125296235 71848.1197204590
144011289.3471435010 71759.4563598633
136589543.2326296568 66938.0442123413
142117190.7473278940 70777.7737159729
137879938.9448105395 68644.0051574707
135029956.8328777850 66367.4241790771
145004949.8010940254 72408.7400665283
136601490.7910819948 67157.4334564209
138291729.2264550924 69093.8414611816
140830225.8411757946 70456.0179901123
136636043.2019306719 67992.1222534180
134794876.4038417041 64649.2275009155
144410923.5165696144 72326.1041259766
136840919.9624006748 68516.9031600952
136537658.4889714718 66906.9429168701
138262068.5492219925 68701.8281402588
136069725.1949980855 66561.6476821899
134358662.8478465378 61854.2046127319
142858584.3445006907 71152.5115509033
139176469.4687860906 69830.0247573853
140141536.6031755507 70046.8102340698
