285461341.4459307194 18.8223022539
272003443.2365447283 17.8881119974
278078011.8453296423 18.6159605682
277972142.6640431881 18.5307730697
273314548.5544845462 18.1682225391
272366896.1986054182 17.9252446201
269577488.3896164894 16.8695153769
270597036.9587936997 17.6603546087
277703950.0101015568 18.4152418235
269945637.9098908305 17.5809373697
277210833.2366400361 18.4144733828
284699101.1267622709 18.6392639531
267321023.0348261893 16.6419594809
276972910.8408895731 18.3681069957
274196366.0755046010 18.3535503745
269919851.8181223273 17.0783272358
275147154.6236770749 18.3671247642
272800323.3759654760 17.9483897546
272888706.6503973007 18.1442513093
273533891.2929784656 18.1838669730
