212146850.8198316395 188702.0714721680
214789443.9187432528 195383.9848022461
212863537.7197591066 191032.1032714844
214942876.0690329075 195860.2064208984
218048767.5883165896 198219.6108703613
218234893.9064171016 199109.5812683105
211078311.9319741726 166127.9516677856
213505825.1525456011 192942.4230041504
214011671.2715444267 195208.6103363037
222014530.8020199239 202719.4736938477
216047754.9234241545 196327.2904052734
217917691.2831130028 197951.2597045898
219440719.3055708110 200959.4181518555
211408733.2847808003 179585.8355255127
217039716.2941346467 197510.5764465332
