784741253.0786424875 3.6343496335
795025116.8676595688 4.6207306688
785675570.3913059235 3.6963688917
785698237.2536780834 4.2791017807
787137614.1817783117 4.3760272401
791085837.7665090561 4.5642960756
787979033.7661845684 4.5333591386
796180649.8681181669 4.6220980451
799038866.3718800545 4.7737529380
801417394.7951110601 4.7845609207
797489474.4556560516 4.7094523566
792631228.3414905071 4.6067860438
786656398.7685326338 4.3584451705
789754975.7269904613 4.5565921666
803847227.4254558086 4.8212551730
796694018.1281045675 4.7046542910
802541343.1081588268 4.7877213969
798529357.5327404737 4.7436182331
791138558.0299737453 4.5811865393
