440548679.8723478317 54222.1072998047
436220142.0388807058 51795.7674999237
444739454.4390771389 56368.3378524780
436184894.6766455770 50021.8867321014
435347646.7471027374 44951.8275136948
448320988.4328456521 57192.3578872681
439426101.0776792169 53939.8500719070
437992741.9874544740 52031.3478164673
444253986.3517218828 55550.3750572205
438390676.2694159150 52082.4472646713
436194927.8270874619 50338.7854042053
441050356.0361402035 54819.2123637199
438542565.1534545422 53480.9913940430
442443011.6092290878 55529.0347404480
