231429411.7819801867 2095595.4326171875
232695243.6248007715 2141145.2558593750
237692560.2326275408 2186762.4296875000
234085108.1746867895 2158966.8476562500
238827700.2875077128 2194382.6933593750
237190509.9011588395 2184564.7539062500
233395890.4097509980 2148275.9316406250
231606643.3401678801 2100786.1718750000
229780240.1359882057 1984280.7695312500
233643005.0052381754 2155494.6054687500
231649775.3687050641 2121056.7451171875
232531209.2479250431 2132760.3095703125
234457966.7718244791 2165640.6210937500
231363644.4670304954 2063596.7695312500
237500890.2683270872 2185497.8847656250
236832117.3358368278 2181633.2597656250
237872820.9614052773 2188006.9580078125
235750296.6260397434 2167569.2949218750
236361493.1294290721 2173537.6484375000
232491325.7293220758 2129352.1240234375
236715987.0851459503 2176791.7236328125
