231606643.3401678801 2100786.1718750000
239179327.7660037577 2188677.5566406250
229780240.1359882057 1984280.7695312500
232798270.2361150086 2134742.3779296875
233643005.0052381754 2155494.6054687500
231649775.3687050641 2121056.7451171875
232531209.2479250431 2132760.3095703125
231542367.6694166958 2093136.7607421875
240601812.1227097511 2190692.0156250000
234457966.7718244791 2165640.6210937500
231363644.4670304954 2063596.7695312500
237500890.2683270872 2185497.8847656250
234202385.1611307561 2157992.6494140625
236832117.3358368278 2181633.2597656250
231465283.7429497242 2076704.6894531250
237872820.9614052773 2188006.9580078125
233150888.1790482998 2140495.9003906250
240789533.1107557416 2194156.1435546875
232829656.8740950227 2139482.9326171875
235750296.6260397434 2167569.2949218750
236361493.1294290721 2173537.6484375000
233575700.4612669647 2140556.3486328125
232491325.7293220758 2129352.1240234375
236715987.0851459503 2176791.7236328125
233576689.4049241543 2147295.7119140625
