451995165.4827692509 3333.8878364563
469207987.8473112583 3693.2765792608
456392098.6501505375 3519.2069510221
471805009.0599035025 3718.3906528950
454753474.0741550326 3464.5156493187
458605176.0032848120 3579.1595439911
457622905.8209050894 3521.3529440165
453226796.7502834797 3403.6742668152
457796542.8617154360 3534.2218016386
454075874.4385890961 3403.7886732817
454383559.0949695706 3461.8982357979
451780773.4638561010 2743.5142462254
454224436.4516606331 3438.0049614906
462928625.1945680976 3661.2902353406
470876199.1643437147 3711.7017474771
451495940.1435444951 2690.2429182827
466606639.2289454937 3679.6399197578
452918172.6105009317 3364.4049487114
468164006.6577996016 3689.4731684923
462746327.7317490578 3580.9259169102
456343834.8483636379 3500.7902547121
455556523.9225324988 3499.2200038433
