373086521.5020148754 3681.6114887595
373719467.5887466073 3705.9077394009
375301451.0784762502 3794.3786442280
378590629.7030545473 3857.2941622734
376027181.9983896613 3810.4164230824
379685960.7849887013 3877.8237345219
373362600.9936916828 3686.9795978069
381160119.0777601600 3891.0727210045
374677564.1348851323 3790.2322750092
375730195.8978084922 3804.6679565907
373879976.0962007046 3716.6929812431
374527543.3752442598 3780.8989930153
372166144.8332364559 3620.6315391064
374381236.7021700740 3751.0990828276
381480986.0463082790 3901.8371310234
376573319.5565231442 3856.0606169701
379264217.3918894529 3860.5332798958
374076734.8368904591 3746.5847477913
