270669526.2915326357 1465301.2683105469
257766273.2023231387 1372889.3127441406
263168830.7181367874 1451078.6520996094
265295845.7970755696 1453869.2241210938
257064147.0173033774 1347600.6096191406
272392829.2943013310 1466687.0849609375
257884433.1662335396 1376842.7165527344
268295084.7846797407 1463583.1933593750
267042354.0380913615 1458449.8664550781
265601105.2610695958 1454204.2597656250
259861687.8999488354 1418111.7558593750
263457725.3995870054 1453412.7565917969
262715064.3614065945 1448258.8796386719
261952921.3043561876 1433413.5236816406
260477627.1904519498 1430025.4645996094
258258225.2513675988 1393907.2290039062
258565054.9340189993 1399007.3530273438
266568031.6540595889 1457087.2031250000
