180015226.4444632232 32355.6597862244
187703060.7042340934 37989.2368850708
185587209.9988278449 37731.0890846252
183532386.8021981716 37310.3421401978
184778340.7668970823 37471.9111099243
181010925.2830860913 35852.2557106018
180464777.7889066041 35079.6787309647
183099748.0999353826 37164.8042526245
181293137.4492160678 36375.1152343750
185582854.3786359429 37607.1614837646
181892742.8819215000 36831.9587860107
180383806.9648435116 35014.3532257080
180543926.9617019892 35084.0019474030
180613648.3404098153 35176.4892845154
180033970.0170923471 32553.5464096069
180036749.5373486876 34864.5811080933
187666435.7732451558 37872.0265884399
180681003.7958826125 35845.3772392273
181220347.6835126579 36079.7969436646
181511677.3903567493 36418.7133140564
181590412.6846360266 36451.4380645752
