128173.4762264697 134721.6194180556
117317.3147124091 139362.2525127593
125619.0852819849 136161.8158957222
116040.1192401667 136641.8813882778
113166.4294276212 130721.0736467593
121148.9011291364 132481.3137861296
115401.5215040454 129760.9426616481
127375.2290563182 135041.6630797593
117157.6652783788 138242.0996967963
118434.8607506212 134401.5757563519
132803.3098133485 137281.9687116852
122905.0449034697 133441.4447712408
126576.9818861667 134561.5975872037
118275.2113165909 130881.0954776111
115241.8720700151 131841.2264627223
132005.0626431970 136321.8377265741
115082.2226359849 130881.0954776111
112847.1305595606 132481.3137861296
116040.1192401667 131841.2264627223
122905.0449034697 134401.5757563519
116519.0675422576 137281.9687116852
114283.9754658333 131041.1173084630
114124.3260318030 137281.9687116852
125619.0852819849 135361.7067414630
112687.4811255303 130080.9863233518
122585.7460354091 132641.3356169815
115082.2226359849 134881.6412489074
116678.7169762879 138402.1215276482
115082.2226359849 138402.1215276482
128333.1256605000 135841.7722340185
112368.1822574697 134721.6194180556
116519.0675422576 131041.1173084630
114124.3260318030 136321.8377265741
121308.5505631667 134241.5539255000
116040.1192401667 139522.2743436111
127534.8784903485 136801.9032191296
114603.2743338939 132001.2482935741
112368.1822574697 129920.9644925000
122905.0449034697 135841.7722340185
119392.7573548030 138082.0778659444
121627.8494312273 135041.6630797593
115880.4698061364 137441.9905425370
119073.4584867424 137762.0342042407

117955.9124485303 137602.0123733889
133920.8558515606 137602.0123733889
130568.2177369242 137441.9905425370
120989.2516951061 137281.9687116852
134559.4535876818 137281.9687116852
131685.7637751364 136961.9250499815
126257.6830181061 136641.8813882778
116998.0158443485 136481.8595574259
131685.7637751364 136001.7940648704
122426.0966013788 135841.7722340185
116199.7686741970 135681.7504031667
120989.2516951061 135681.7504031667
112368.1822574697 134561.5975872037
122585.7460354091 134561.5975872037
117796.2630145000 134401.5757563519
117476.9641464394 134241.5539255000
120669.9528270454 133921.5102637963
114603.2743338939 133441.4447712408
124501.5392437727 133441.4447712408
116519.0675422576 133121.4011095371
119871.7056568939 132641.3356169815
112847.1305595606 132481.3137861296
117636.6135804697 132321.2919552778
114922.5732019545 132161.2701244259
111569.9350873182 131681.2046318704
116519.0675422576 131681.2046318704
118754.1596186818 131681.2046318704
113805.0271637424 131361.1609701667
110771.6879171667 131201.1391393149
115720.8203721061 131201.1391393149
116838.3664103182 130721.0736467593
111569.9350873182 130241.0081542037
113166.4294276212 129760.9426616481
112208.5328234394 129600.9208307963
114603.2743338939 136001.7940648704
117636.6135804697 137762.0342042407
125938.3841500454 134241.5539255000
116199.7686741970 130881.0954776111
110771.6879171667 132641.3356169815
111729.5845213485 132481.3137861296
122905.0449034697 133601.4666020926
124501.5392437727 133921.5102637963
134240.1547196212 137441.9905425370

116359.4181082273 137441.9905425370
124022.5909416818 134241.5539255000
120350.6539589849 132801.3574478333
128173.4762264697 136481.8595574259
121787.4988652576 134561.5975872037
115720.8203721061 137441.9905425370
121308.5505631667 133761.4884329445
117796.2630145000 139842.3180053148
117317.3147124091 130881.0954776111
112368.1822574697 130241.0081542037
129610.3211327424 136161.8158957222
129131.3728306515 135841.7722340185
117317.3147124091 136801.9032191296
128333.1256605000 136961.9250499815
122585.7460354091 134561.5975872037
113964.6765977727 136641.8813882778
127534.8784903485 136801.9032191296
123703.2920736212 135681.7504031667
112847.1305595606 135041.6630797593
116998.0158443485 134401.5757563519
120350.6539589849 133761.4884329445
124022.5909416818 135681.7504031667
112687.4811255303 131201.1391393149
122106.7977333182 135521.7285723148
115082.2226359849 138402.1215276482
116040.1192401667 137602.0123733889
129131.3728306515 136961.9250499815
117796.2630145000 139202.2306819074
132164.7120772272 137441.9905425370
118913.8090527121 136161.8158957222
114443.6248998636 137281.9687116852
114603.2743338939 130241.0081542037
114603.2743338939 136321.8377265741
127215.5796222879 136641.8813882778
113166.4294276212 129440.8989999445
115561.1709380758 132161.2701244259
116519.0675422576 134721.6194180556
120829.6022610757 133921.5102637963
115082.2226359849 131041.1173084630
113645.3777297121 134241.5539255000
116519.0675422576 136321.8377265741
114603.2743338939 133121.4011095371
119552.4067888333 132001.2482935741

112368.1822574697 130241.0081542037
126896.2807542273 136961.9250499815
113645.3777297121 127520.6370297222
116040.1192401667 136001.7940648704
127375.2290563182 134401.5757563519
117796.2630145000 135041.6630797593
121947.1482992879 132481.3137861296
130408.5683028939 136801.9032191296
111729.5845213485 132321.2919552778
118115.5618825606 131841.2264627223
116040.1192401667 138562.1433585000
111729.5845213485 130080.9863233518
112208.5328234394 130080.9863233518
118754.1596186818 137762.0342042407
113645.3777297121 132641.3356169815
113326.0788616515 135841.7722340185
125619.0852819849 136321.8377265741
119073.4584867424 136801.9032191296
117955.9124485303 135041.6630797593
124820.8381118333 136321.8377265741
113485.7282956818 134561.5975872037
116998.0158443485 138402.1215276482
129769.9705667727 135361.7067414630
127055.9301882576 135361.7067414630
120350.6539589849 133601.4666020926
115880.4698061364 130721.0736467593
120031.3550909242 136961.9250499815
114124.3260318030 134881.6412489074
115720.8203721061 133601.4666020926
122426.0966013788 133121.4011095371
116838.3664103182 135201.6849106111
130727.8671709545 135681.7504031667
113006.7799935909 132481.3137861296
124501.5392437727 134881.6412489074
121787.4988652576 132321.2919552778
132324.3615112576 137441.9905425370
121947.1482992879 132961.3792786852
114283.9754658333 136801.9032191296
124661.1886778030 133601.4666020926
128333.1256605000 136001.7940648704
114603.2743338939 136641.8813882778
122426.0966013788 134881.6412489074
115561.1709380758 137281.9687116852

112687.4811255303 128800.8116765371
115401.5215040454 131841.2264627223
114762.9237679242 131041.1173084630
112527.8316915000 129600.9208307963
126257.6830181061 134401.5757563519
113964.6765977727 136961.9250499815
127694.5279243788 135201.6849106111
126257.6830181061 135041.6630797593
131526.1143411060 137121.9468808333
120669.9528270454 135041.6630797593
114762.9237679242 136481.8595574259
115720.8203721061 137922.0560350926
126098.0335840757 136801.9032191296
116678.7169762879 137441.9905425370
128013.8267924394 135361.7067414630
131685.7637751364 136001.7940648704
119233.1079207727 136321.8377265741
111569.9350873182 134081.5320946482
128812.0739625909 136641.8813882778
129929.6200008030 136801.9032191296
115401.5215040454 131521.1828010186
117796.2630145000 135521.7285723148
126257.6830181061 134881.6412489074
119552.4067888333 134401.5757563519
127055.9301882576 136641.8813882778
113964.6765977727 135361.7067414630
128013.8267924394 135201.6849106111
115401.5215040454 138722.1651893519
121947.1482992879 135521.7285723148
123703.2920736212 133441.4447712408
127375.2290563182 135041.6630797593
129610.3211327424 135841.7722340185
114922.5732019545 131841.2264627223
129131.3728306515 135681.7504031667
130568.2177369242 137281.9687116852
114922.5732019545 129920.9644925000
115561.1709380758 133761.4884329445
116838.3664103182 137922.0560350926
127215.5796222879 135521.7285723148
117796.2630145000 134081.5320946482
119073.4584867424 137281.9687116852
120829.6022610757 136001.7940648704
116199.7686741970 137441.9905425370

126896.2807542273 134561.5975872037
121308.5505631667 132641.3356169815
130089.2694348333 135841.7722340185
121627.8494312273 132641.3356169815
126896.2807542273 136481.8595574259
115880.4698061364 133761.4884329445
117317.3147124091 137281.9687116852
116359.4181082273 137762.0342042407
117157.6652783788 134401.5757563519
114443.6248998636 137281.9687116852
116678.7169762879 136321.8377265741
120989.2516951061 137121.9468808333
119392.7573548030 134401.5757563519
127215.5796222879 134881.6412489074
115241.8720700151 132961.3792786852
127854.1773584091 136801.9032191296
113645.3777297121 135041.6630797593
116040.1192401667 137922.0560350926
118594.5101846515 132321.2919552778
125619.0852819849 134241.5539255000
118275.2113165909 135041.6630797593
112368.1822574697 134721.6194180556
111889.2339553788 131201.1391393149
112208.5328234394 132481.3137861296
113645.3777297121 133761.4884329445
111889.2339553788 134081.5320946482
118913.8090527121 132321.2919552778
119233.1079207727 138082.0778659444
128013.8267924394 135201.6849106111
113805.0271637424 129760.9426616481
121468.1999971970 132481.3137861296
123543.6426395909 133441.4447712408
120669.9528270454 132641.3356169815
125938.3841500454 135521.7285723148
117157.6652783788 137762.0342042407
123862.9415076515 136001.7940648704
128971.7233966212 136961.9250499815
114762.9237679242 136161.8158957222
113964.6765977727 136641.8813882778
135357.7007578333 137441.9905425370
115720.8203721061 138722.1651893519
126896.2807542273 136961.9250499815
115241.8720700151 135361.7067414630

118594.5101846515 131201.1391393149
111569.9350873182 130881.0954776111
112048.8833894091 134081.5320946482
114283.9754658333 137281.9687116852
128971.7233966212 135681.7504031667
112527.8316915000 133761.4884329445
124501.5392437727 134241.5539255000
128812.0739625909 135361.7067414630
117157.6652783788 139682.2961744630
116040.1192401667 138402.1215276482
114922.5732019545 131041.1173084630
120669.9528270454 135681.7504031667
127375.2290563182 135521.7285723148
130248.9188688636 137281.9687116852
116519.0675422576 138562.1433585000
114283.9754658333 132801.3574478333
111889.2339553788 131521.1828010186
116040.1192401667 136161.8158957222
119552.4067888333 138242.0996967963
115720.8203721061 137441.9905425370
114603.2743338939 136001.7940648704
116998.0158443485 132321.2919552778
112847.1305595606 130080.9863233518
124980.4875458636 134081.5320946482
134240.1547196212 137602.0123733889
117796.2630145000 137441.9905425370
117636.6135804697 140002.3398361667
120510.3033930151 132481.3137861296
125140.1369798939 134401.5757563519
128333.1256605000 135361.7067414630
117476.9641464394 136961.9250499815
112687.4811255303 129440.8989999445
115720.8203721061 133761.4884329445
128492.7750945303 136961.9250499815
115720.8203721061 138562.1433585000
127055.9301882576 134881.6412489074
119392.7573548030 137441.9905425370
117636.6135804697 133921.5102637963
118115.5618825606 137281.9687116852
112208.5328234394 134561.5975872037
118594.5101846515 134241.5539255000
125459.4358479545 135201.6849106111
114922.5732019545 129920.9644925000

134559.4535876818 137281.9687116852
125938.3841500454 136641.8813882778
131526.1143411060 136001.7940648704
119871.7056568939 135201.6849106111
115082.2226359849 134561.5975872037
121947.1482992879 133121.4011095371
111090.9867852273 132961.3792786852
110931.3373511970 131041.1173084630
113964.6765977727 129760.9426616481
119392.7573548030 138082.0778659444
116998.0158443485 136801.9032191296
116838.3664103182 138722.1651893519
115720.8203721061 130080.9863233518
114283.9754658333 137121.9468808333
125459.4358479545 135041.6630797593
121148.9011291364 136641.8813882778
118275.2113165909 136001.7940648704
117476.9641464394 134721.6194180556
131685.7637751364 136321.8377265741
121148.9011291364 132801.3574478333
111410.2856532879 133601.4666020926
130727.8671709545 136001.7940648704
121947.1482992879 134081.5320946482
112687.4811255303 129920.9644925000
113326.0788616515 134721.6194180556
116359.4181082273 137281.9687116852
125938.3841500454 134721.6194180556
127694.5279243788 135841.7722340185
118754.1596186818 134721.6194180556
128333.1256605000 137121.9468808333
126896.2807542273 136481.8595574259
117157.6652783788 135041.6630797593
121947.1482992879 135041.6630797593
117636.6135804697 133281.4229403889
116678.7169762879 139522.2743436111
129131.3728306515 137121.9468808333
129131.3728306515 136641.8813882778
120989.2516951061 133601.4666020926
120989.2516951061 134241.5539255000
112208.5328234394 130080.9863233518
119871.7056568939 132641.3356169815
119073.4584867424 138562.1433585000
116359.4181082273 138562.1433585000

128333.1256605000 135841.7722340185
115082.2226359849 132801.3574478333
111250.6362192576 133601.4666020926
126417.3324521364 134401.5757563519
115082.2226359849 136161.8158957222
126736.6313201970 136641.8813882778
118754.1596186818 131681.2046318704
113326.0788616515 135041.6630797593
116998.0158443485 137602.0123733889
122745.3954694394 134721.6194180556
119233.1079207727 136481.8595574259
116998.0158443485 138882.1870202037
127055.9301882576 135201.6849106111
120350.6539589849 132641.3356169815
128013.8267924394 135361.7067414630
120350.6539589849 133761.4884329445
119552.4067888333 132321.2919552778
119552.4067888333 135041.6630797593
125140.1369798939 134721.6194180556
121148.9011291364 134401.5757563519
131526.1143411060 137441.9905425370
118754.1596186818 138082.0778659444
116199.7686741970 138402.1215276482
115401.5215040454 130241.0081542037
123383.9932055606 136161.8158957222
120510.3033930151 137602.0123733889
116359.4181082273 136001.7940648704
123064.6943375000 133761.4884329445
121148.9011291364 136961.9250499815
113805.0271637424 130561.0518159074
114443.6248998636 131201.1391393149
122266.4471673485 132481.3137861296
114762.9237679242 136321.8377265741
112847.1305595606 130080.9863233518
119073.4584867424 137281.9687116852
114124.3260318030 130401.0299850555
122585.7460354091 135521.7285723148
123543.6426395909 136321.8377265741
111410.2856532879 133761.4884329445
115401.5215040454 132801.3574478333
119392.7573548030 138562.1433585000
118434.8607506212 131521.1828010186
113645.3777297121 130721.0736467593

116040.1192401667 137281.9687116852
119871.7056568939 138242.0996967963
113964.6765977727 129440.8989999445
111569.9350873182 132321.2919552778
125140.1369798939 134721.6194180556
122106.7977333182 132641.3356169815
120829.6022610757 132641.3356169815
128333.1256605000 135201.6849106111
115880.4698061364 130721.0736467593
113645.3777297121 131681.2046318704
116678.7169762879 140002.3398361667
116359.4181082273 138562.1433585000
117636.6135804697 139362.2525127593
111729.5845213485 130881.0954776111
113805.0271637424 136481.8595574259
128971.7233966212 135841.7722340185
121468.1999971970 134881.6412489074
112368.1822574697 133921.5102637963
122106.7977333182 135361.7067414630
123383.9932055606 133761.4884329445
116838.3664103182 131841.2264627223
116678.7169762879 139522.2743436111
129610.3211327424 136001.7940648704
118754.1596186818 132481.3137861296
118754.1596186818 137922.0560350926
117317.3147124091 136641.8813882778
115561.1709380758 132961.3792786852
120031.3550909242 136641.8813882778
117955.9124485303 138242.0996967963
130568.2177369242 135841.7722340185
111569.9350873182 134081.5320946482
120510.3033930151 133601.4666020926
118434.8607506212 133921.5102637963
114124.3260318030 136321.8377265741
122585.7460354091 135681.7504031667
117636.6135804697 131201.1391393149
128492.7750945303 135361.7067414630
133282.2581154394 137441.9905425370
134559.4535876818 137441.9905425370
119073.4584867424 132321.2919552778
115082.2226359849 130561.0518159074
127694.5279243788 136641.8813882778
116519.0675422576 132001.2482935741

120669.9528270454 136321.8377265741
117796.2630145000 139362.2525127593
127534.8784903485 135201.6849106111
120989.2516951061 132801.3574478333
120989.2516951061 136481.8595574259
113006.7799935909 134401.5757563519
114283.9754658333 137281.9687116852
117476.9641464394 130881.0954776111
129450.6716987121 137441.9905425370
131206.8154730454 137121.9468808333
121627.8494312273 132321.2919552778
117476.9641464394 133601.4666020926
117317.3147124091 136321.8377265741
126736.6313201970 135201.6849106111
130089.2694348333 135681.7504031667
128492.7750945303 137281.9687116852
116838.3664103182 137121.9468808333
117157.6652783788 131201.1391393149
128173.4762264697 135681.7504031667
115401.5215040454 131521.1828010186
114124.3260318030 130401.0299850555
115720.8203721061 137762.0342042407
120989.2516951061 137281.9687116852
112687.4811255303 130561.0518159074
117955.9124485303 134401.5757563519
125459.4358479545 134881.6412489074
121148.9011291364 136961.9250499815
128013.8267924394 135041.6630797593
117317.3147124091 134561.5975872037
125938.3841500454 134401.5757563519
130248.9188688636 136801.9032191296
114124.3260318030 136321.8377265741
126257.6830181061 136481.8595574259
113006.7799935909 130721.0736467593
115561.1709380758 130241.0081542037
126417.3324521364 135041.6630797593
127854.1773584091 136801.9032191296
129450.6716987121 136641.8813882778
126576.9818861667 136481.8595574259
130568.2177369242 136001.7940648704
116359.4181082273 137922.0560350926
127854.1773584091 135361.7067414630
119712.0562228636 135201.6849106111

128971.7233966212 135201.6849106111
129450.6716987121 137121.9468808333
126736.6313201970 136801.9032191296
113645.3777297121 130721.0736467593
124182.2403757121 136001.7940648704
117476.9641464394 138562.1433585000
124820.8381118333 136481.8595574259
120031.3550909242 132641.3356169815
114603.2743338939 130881.0954776111
122745.3954694394 134881.6412489074
116519.0675422576 139522.2743436111
114922.5732019545 134881.6412489074
128492.7750945303 135041.6630797593
112687.4811255303 135201.6849106111
116838.3664103182 137922.0560350926
117636.6135804697 134081.5320946482
113645.3777297121 135361.7067414630
128013.8267924394 135201.6849106111
115720.8203721061 139202.2306819074
120669.9528270454 132801.3574478333
113006.7799935909 129280.8771690926
120031.3550909242 131841.2264627223
128812.0739625909 137281.9687116852
116040.1192401667 136961.9250499815
125140.1369798939 134401.5757563519
117157.6652783788 136641.8813882778
128652.4245285606 134881.6412489074
114283.9754658333 133921.5102637963
121787.4988652576 133121.4011095371
116199.7686741970 135841.7722340185
113485.7282956818 130241.0081542037
122585.7460354091 134241.5539255000
128971.7233966212 136801.9032191296
113645.3777297121 134881.6412489074
117317.3147124091 137121.9468808333
117796.2630145000 135201.6849106111
117476.9641464394 139842.3180053148
128812.0739625909 136001.7940648704
127375.2290563182 135361.7067414630
127534.8784903485 136481.8595574259
112208.5328234394 133921.5102637963
115241.8720700151 136001.7940648704
112847.1305595606 134561.5975872037

123703.2920736212 136321.8377265741
115880.4698061364 132001.2482935741
129131.3728306515 137121.9468808333
113485.7282956818 135681.7504031667
112847.1305595606 132481.3137861296
116998.0158443485 135841.7722340185
116359.4181082273 136801.9032191296
112527.8316915000 129920.9644925000
114762.9237679242 133281.4229403889
126896.2807542273 135521.7285723148
117317.3147124091 135041.6630797593
116040.1192401667 132321.2919552778
113485.7282956818 129600.9208307963
122266.4471673485 134721.6194180556
114762.9237679242 130241.0081542037
134878.7524557424 137602.0123733889
116998.0158443485 139682.2961744630
126736.6313201970 135201.6849106111
128173.4762264697 135681.7504031667
129291.0222646818 137441.9905425370
120350.6539589849 132001.2482935741
127854.1773584091 135201.6849106111
113166.4294276212 134401.5757563519
122106.7977333182 136321.8377265741
120829.6022610757 132001.2482935741
120191.0045249545 131681.2046318704
115241.8720700151 131681.2046318704
119073.4584867424 135841.7722340185
115401.5215040454 138082.0778659444
113166.4294276212 134081.5320946482
120989.2516951061 133601.4666020926
117317.3147124091 138082.0778659444
118275.2113165909 139522.2743436111
125619.0852819849 136321.8377265741
125140.1369798939 136641.8813882778
117636.6135804697 131201.1391393149
117796.2630145000 139842.3180053148
112687.4811255303 130561.0518159074
117796.2630145000 138882.1870202037
117157.6652783788 136481.8595574259
116040.1192401667 136161.8158957222
114283.9754658333 136321.8377265741
113805.0271637424 129760.9426616481

117636.6135804697 122559.9602733148
111090.9867852273 131201.1391393149
116359.4181082273 131041.1173084630
115880.4698061364 130401.0299850555
125938.3841500454 135681.7504031667
130089.2694348333 137281.9687116852
129291.0222646818 135361.7067414630
116519.0675422576 138562.1433585000
118754.1596186818 132321.2919552778
123543.6426395909 133761.4884329445
124022.5909416818 136161.8158957222
111889.2339553788 131041.1173084630
121627.8494312273 132641.3356169815
116838.3664103182 131041.1173084630
119233.1079207727 132001.2482935741
113326.0788616515 132801.3574478333
128812.0739625909 135201.6849106111
113326.0788616515 129280.8771690926
127694.5279243788 136641.8813882778
119552.4067888333 120159.6328105370
118434.8607506212 137602.0123733889
121468.1999971970 134881.6412489074
113964.6765977727 134721.6194180556
124182.2403757121 134721.6194180556
110771.6879171667 132321.2919552778
121947.1482992879 135681.7504031667
134399.8041536515 137281.9687116852
127375.2290563182 134561.5975872037
127215.5796222879 135841.7722340185
119233.1079207727 135041.6630797593
114762.9237679242 134241.5539255000
114762.9237679242 136961.9250499815
111250.6362192576 133601.4666020926
119552.4067888333 137762.0342042407
120669.9528270454 136001.7940648704
119871.7056568939 132481.3137861296
125140.1369798939 135201.6849106111
126576.9818861667 135041.6630797593
121627.8494312273 133121.4011095371
117636.6135804697 137121.9468808333
113645.3777297121 130881.0954776111
119552.4067888333 132001.2482935741
116040.1192401667 133121.4011095371

115720.8203721061 136801.9032191296
116199.7686741970 135521.7285723148
125778.7347160151 134241.5539255000
116998.0158443485 140642.4271595741
121468.1999971970 135041.6630797593
123064.6943375000 133281.4229403889
118115.5618825606 131201.1391393149
115401.5215040454 137922.0560350926
126098.0335840757 134081.5320946482
116838.3664103182 134401.5757563519
120350.6539589849 132001.2482935741
117157.6652783788 135681.7504031667
121308.5505631667 134721.6194180556
124661.1886778030 135201.6849106111
116040.1192401667 139042.2088510556
127534.8784903485 136481.8595574259
129769.9705667727 135361.7067414630
113166.4294276212 129120.8553382408
118594.5101846515 131041.1173084630
120510.3033930151 132321.2919552778
114283.9754658333 134721.6194180556
118115.5618825606 134881.6412489074
119871.7056568939 137762.0342042407
126417.3324521364 134241.5539255000
113166.4294276212 135361.7067414630
121627.8494312273 132161.2701244259
128652.4245285606 135361.7067414630
125140.1369798939 136481.8595574259
126896.2807542273 135841.7722340185
126736.6313201970 134241.5539255000
114443.6248998636 137281.9687116852
116838.3664103182 137602.0123733889
123224.3437715303 135041.6630797593
112527.8316915000 131041.1173084630
116998.0158443485 134401.5757563519
127055.9301882576 134881.6412489074
113805.0271637424 136641.8813882778
114922.5732019545 130721.0736467593
127534.8784903485 137121.9468808333
127215.5796222879 136481.8595574259
119392.7573548030 135201.6849106111
126576.9818861667 136481.8595574259
118115.5618825606 131681.2046318704

119233.1079207727 137602.0123733889
112847.1305595606 129760.9426616481
119392.7573548030 136641.8813882778
116678.7169762879 137121.9468808333
113964.6765977727 131521.1828010186
113485.7282956818 129760.9426616481
121148.9011291364 132001.2482935741
115401.5215040454 135041.6630797593
119392.7573548030 131521.1828010186
122266.4471673485 134881.6412489074
129450.6716987121 136801.9032191296
117955.9124485303 131041.1173084630
114283.9754658333 126720.5278754630
129131.3728306515 135681.7504031667
129450.6716987121 135361.7067414630
119552.4067888333 131681.2046318704
111889.2339553788 134401.5757563519
114443.6248998636 131521.1828010186
117636.6135804697 136481.8595574259
118275.2113165909 132321.2919552778
118115.5618825606 137922.0560350926
116998.0158443485 138082.0778659444
116519.0675422576 138722.1651893519
112687.4811255303 134881.6412489074
114922.5732019545 136961.9250499815
121787.4988652576 132481.3137861296
120350.6539589849 131681.2046318704
122106.7977333182 136001.7940648704
128333.1256605000 135681.7504031667
120989.2516951061 136321.8377265741
115720.8203721061 131841.2264627223
119871.7056568939 137762.0342042407
131685.7637751364 136961.9250499815
117157.6652783788 136801.9032191296
127055.9301882576 134881.6412489074
127854.1773584091 135201.6849106111
123543.6426395909 133121.4011095371
117317.3147124091 139202.2306819074
127215.5796222879 135361.7067414630
111889.2339553788 132481.3137861296
117157.6652783788 139362.2525127593
122905.0449034697 135681.7504031667
121148.9011291364 132801.3574478333

132164.7120772272 137121.9468808333
127215.5796222879 135361.7067414630
119233.1079207727 135201.6849106111
117476.9641464394 133601.4666020926
114603.2743338939 133441.4447712408
121947.1482992879 133121.4011095371
113326.0788616515 132801.3574478333
117636.6135804697 132321.2919552778
113805.0271637424 131361.1609701667
116838.3664103182 130721.0736467593
112048.8833894091 130401.0299850555
113964.6765977727 129760.9426616481
125938.3841500454 136641.8813882778
114283.9754658333 132001.2482935741
119871.7056568939 132481.3137861296
117476.9641464394 134241.5539255000
114124.3260318030 133761.4884329445
111569.9350873182 131681.2046318704
121148.9011291364 132641.3356169815
116519.0675422576 131681.2046318704
112208.5328234394 129600.9208307963
115401.5215040454 134081.5320946482
115082.2226359849 130401.0299850555
129131.3728306515 135521.7285723148
126896.2807542273 135521.7285723148
113166.4294276212 135841.7722340185
116998.0158443485 140642.4271595741
118754.1596186818 138562.1433585000
115880.4698061364 138722.1651893519
125459.4358479545 135041.6630797593
134559.4535876818 137281.9687116852
112847.1305595606 132481.3137861296
133282.2581154394 136641.8813882778
121148.9011291364 133921.5102637963
112527.8316915000 131361.1609701667
131526.1143411060 136001.7940648704
117476.9641464394 132161.2701244259
120989.2516951061 135681.7504031667
122905.0449034697 133601.4666020926
119871.7056568939 136961.9250499815
118594.5101846515 138402.1215276482
118913.8090527121 134881.6412489074
123224.3437715303 135521.7285723148

