511364629.7272181511 1391444.1833496094
510456208.1367833018 1381953.7352905273
489282444.7680173516 1005739.9999389648
514955489.2044952512 1394956.3336791992
492805561.1728531718 1274329.0997009277
494354888.9823114872 1300999.9019165039
494653496.0660179257 1309832.4523315430
500306501.5839477181 1338685.4548950195
489670472.9767718911 1243362.6246681213
493358179.7700785995 1290740.9593505859
496725920.8281158209 1323633.1705932617
492149459.2012870312 1273026.0378723145
493375911.7725012898 1292764.1422729492
500303518.7089739442 1334036.2100219727
509006560.2650762200 1377635.7951660156
492903205.2032115459 1285692.8653869629
506471980.8067015409 1357343.1599731445
497041073.1638833880 1332521.4243774414
491515872.0382148623 1269962.2518310547
495047039.5259854198 1313481.6091918945
491267943.3465284705 1255652.8916015625
505777989.8726013899 1350218.1866455078
501981542.7500749826 1346284.6575317383
506991860.1065156460 1362602.7019042969
500836007.9812029004 1339666.8898315430
