1322553038.5490715504 59.8294381343
1299444876.8421897888 56.3667030354
1300676778.1110227108 58.0216607309
1300569197.0963613987 56.4668458504
1296573168.2095267773 48.8672063946
1311005838.9439373016 58.9681417331
1321877379.0747480392 59.5710484374
1324814621.7957508564 60.4378195640
1306400663.2492933273 58.3503332399
1315539823.9420070648 59.1447278778
1316329399.9140832424 59.4617790221
1315545809.3326947689 59.2730279544
1310045449.8662350178 58.9247669384
1306968388.7007527351 58.6755198810
1296928437.4384381771 56.1542682061
