975709792.5847126245 294137.6061782837
983888416.0106040239 297754.2418899536
984120391.7806123495 297761.3993148804
971427079.5297122002 288951.7325515747
969572264.5252043009 284097.9989662170
977009187.6871924400 295446.5944213867
989750974.3501209021 304289.3789024353
968657817.5013456345 280757.5378990173
993566423.3124569654 304753.0665817261
993768144.4916101694 306285.1648292542
969429242.8118487597 282151.7722396851
968135030.8577373028 237186.8788623810
1000474621.6441348791 306303.2321395874
971531376.9805115461 293621.9322586060
969877731.2179936171 286937.8824234009
989358724.0692690611 302292.7617912292
971351772.1969665289 287443.3323593140
978952164.6077300310 297554.6916122437
968073225.8061227798 229966.2467103004
976874272.3754605055 294236.5564994812
984750366.2750211954 301140.7191009521
969099662.5319271088 281402.8838386536
992728470.7313078642 304646.5887870789
984225658.0756957531 299796.8931636810
986997866.6398080587 301747.1010971069
