302134959.0078009963 8964386.3437500000
287349647.9798802733 8883463.2695312500
291321353.6721212268 8905204.8125000000
294117647.7319236994 8949853.7460937500
290909739.2585979700 8902053.9648437500
291348094.1534775496 8912386.8164062500
290759442.3376978040 8901011.6328125000
289066523.7658336163 8898268.3671875000
292897911.8027595282 8932280.2265625000
297991046.9834126234 8962017.7578125000
289900664.5125594735 8898355.0507812500
291722818.7809335589 8918796.6875000000
290693246.9896416068 8900600.9453125000
293103003.9170923829 8932685.8437500000
297231443.4123997688 8955621.6875000000
296645049.9165663123 8953847.6679687500
