428170868.5988140106 4634940.6933593750
440846737.0190208554 4722357.9628906250
427997722.0861781836 4634752.9335937500
431124465.9077944756 4680697.6445312500
434462564.3415512443 4699435.0429687500
427898837.4775261283 4630060.0976562500
429254722.7113723755 4665661.6894531250
431434873.3972964883 4687316.4199218750
425323231.6336101890 4599653.1484375000
428199887.9902141690 4645794.0302734375
429314656.2559212446 4670123.2343750000
436276751.3084927201 4708265.3945312500
426831101.7152284384 4620185.7656250000
435746350.7298445702 4702412.9121093750
429082194.0480591655 4661349.6542968750
433577663.7553718090 4697639.0673828125
427417377.3885511756 4624501.2900390625
428472290.9977379441 4653247.2656250000
425097575.4535923004 4589959.5361328125
436339689.7722566724 4715489.8554687500
430414086.8867942095 4677761.1806640625
424973736.2145318389 4374903.2646484375
427847136.1231743693 4627983.4941406250
