98409282.0699016005 378435.0244140625
97494821.4794387370 322668.5211791992
100391435.3282029778 387488.5063476562
97840237.4285398424 373878.3344726562
102641679.2568886280 393627.4267578125
97797284.6690533906 350585.8143310547
101529630.9466389269 391775.0278320312
97534333.6354465783 335777.7094116211
102461118.2658793032 393428.3593750000
99066625.5145440400 379309.8237304688
97452049.0213146955 313341.0508117676
100196120.2028426528 383181.0244140625
97550781.2195163518 346004.0530395508
100815665.3056794852 389457.4976806641
100236545.7749892622 385531.4574584961
99681900.8145345300 381134.3090820312
