716127422.2836003304 33153482.4023437500
728463057.9642241001 33184876.2734375000
714424603.8575081825 33142491.3906250000
715666056.9041297436 33145558.4414062500
717822509.9213749170 33158627.0117187500
721998152.3844108582 33179195.3984375000
721350634.7111047506 33174756.8203125000
708528678.4886553288 33025704.2773437500
712382055.5764138699 33109405.3789062500
709530708.8582050800 33085328.6445312500
711291064.0688272715 33109142.7109375000
725582937.0510871410 33184566.3750000000
713802801.5848613977 33114798.8046875000
713166692.6768226624 33112142.6796875000
717320821.2819803953 33158312.4218750000
710703847.4074090719 33086286.0273437500
712640343.9951589108 33111284.3203125000
