306180645.4340580702 343.8005529344
304337053.5214422345 327.7422151864
310567750.4550432563 359.5119951367
307555633.0802525878 350.8366653174
311594471.9411371350 360.5118165314
308730656.4090698957 355.3703831285
314247516.9257575274 364.3380097449
305277850.6916179061 329.2286161929
312165004.7481098771 361.9384320080
315460460.6781259179 364.5993444622
306393882.6560519338 346.4212865978
305640179.4925545454 342.4503964633
311874447.0583545566 360.8407781571
304157311.7491817474 316.5864350051
