428191817.8080819249 3037.5328159332
410223283.5960429311 2690.2997076809
410417115.7320640683 2735.3953227997
410296454.9730956554 2708.8534820080
427844308.0042935610 3020.8630506992
427501842.0368616581 3016.8546488285
413585550.2828778625 2820.7340837717
430514656.6409236193 3044.0023213625
433036237.8079645038 3077.0308299065
407624685.0290465951 2635.7638361454
415633747.5480588675 2890.3713128567
431597682.2395582199 3047.0230845213
414093699.4164649248 2831.0241984054
428948155.8298614025 3039.1718752384
412219688.6323204637 2771.9772908688
410280198.4865632653 2704.8416017294
414492403.7407208681 2864.4547048807
426436908.8991852403 3012.4015704393
412697258.1648392677 2806.9482269287
423365098.1626170278 3000.7240059376
422337904.9035522938 2957.5596297383
418385115.6231876016 2955.3743346930
417661803.4105227590 2909.7129139900
