594955889.5249508619 5350587.6650390625
586102473.3173980713 5302332.8847656250
585338380.9594197273 5276831.0722656250
584057401.7084479332 5087946.4140625000
589107077.2818315029 5322928.0771484375
590857844.8395832777 5343407.5078125000
587455291.3386430740 5310636.6972656250
585048582.3371181488 5273491.0810546875
589847971.4550995827 5332690.5175781250
597597628.1513072252 5351916.2617187500
594949858.3075346947 5345583.3593750000
585749859.2987470627 5280840.0273437500
588214171.7173262835 5311204.2451171875
592918310.6100257635 5344673.9101562500
598247681.6042755842 5373819.1816406250
584941817.7994126081 5208290.0078125000
