207752128.5405687988 4115183.6933593750
200789245.0222841501 4070163.6914062500
196396777.4832324088 3992195.8613281250
204260923.1696228385 4098497.5195312500
202109335.0513813496 4082849.2285156250
197052361.9193506241 4017680.3007812500
197196989.2324141860 4028913.3554687500
201634678.4335251749 4079140.4355468750
198325411.1883894205 4051886.4082031250
203667075.1071537733 4094786.4550781250
204895211.6551882923 4105290.5644531250
210176967.9563087523 4123340.5332031250
198994814.6159858704 4053830.0273437500
196363119.1873152852 3944865.4511718750
199186747.6360065639 4060904.3398437500
208970652.0257574618 4122258.4160156250
208753922.0182648301 4122154.2304687500
207558446.1905246675 4114596.4667968750
202683040.5151531994 4084738.7929687500
207302534.7530345321 4111649.1406250000
202873935.7770862877 4089696.9589843750
200726834.7730145752 4067349.6269531250
199421378.6569114029 4066774.2578125000
