999627113.5879685879 51983572.7656250000
1000754870.4107589722 51996664.8437500000
1001649050.5088622570 52048038.9296875000
1006919572.3190944195 52110527.8437500000
1023741979.2715363503 52157833.5234375000
1018266835.5290055275 52149497.8281250000
1001467340.6817779541 52039924.1718750000
995888332.2231725454 51368770.3671875000
1015795219.9286236763 52129350.8906250000
1017930929.9664956331 52147797.1718750000
1022611970.0377491713 52157390.5000000000
1028070609.9162669182 52164475.4218750000
1001332619.4102921486 52001073.6406250000
996658195.6503568888 51968739.5859375000
998532279.7588851452 51982940.0781250000
996219084.1084399223 51950440.6640625000
1002548063.2576642036 52071750.2578125000
998280876.9247032404 51982139.3281250000
1001943785.4578782320 52056765.7812500000
1009088983.4804053307 52119753.4218750000
