875483427.1371482611 1137959.3266296387
837088001.5311129093 838280.2329330444
855601689.4734499454 1114706.0456542969
838790807.8631556034 1069017.4425811768
842183437.0351787806 1076664.9787979126
849077677.1872767210 1099014.8228073120
837142193.1029889584 855330.5217819214
839335724.7123342752 1071926.7254943848
859149150.5517252684 1127474.2943420410
851107064.3345694542 1100522.9935913086
859145697.3399320841 1117993.5688552856
853020932.8991338015 1103734.7251586914
856986135.6420519352 1116820.1454772949
852613199.0223629475 1101722.4294586182
860302263.6008108854 1128347.6474761963
843329850.5322047472 1077005.1687469482
860608035.8832733631 1131065.0878601074
837505089.7504105568 1036519.0587310791
863800701.8050785065 1137901.4999771118
861928270.2321962118 1133474.4280700684
847653476.9120973349 1094370.8433837891
837267081.5352549553 881416.4551353455
846140366.9287112951 1085576.9826354980
843882477.8295022249 1083922.6835632324
