120480648.3504739106 201330.8256835938
116402497.3631847799 195677.0304565430
115389120.3760349303 191062.7151489258
114821621.3347307295 186357.6787109375
115192526.7890658379 189594.6524047852
114674532.7702916116 185267.3380126953
114347720.5970311016 172465.9529418945
114325501.3426116258 169709.3320922852
113414815.5003616959 166811.4497680664
121497190.6059357226 202922.7674560547
115267648.0059761107 189642.0777587891
117340966.0561810732 199256.4542846680
117365502.3406962454 200304.5003051758
120125694.8070543557 200308.8747558594
117208447.1375926435 198211.9976196289
120578120.0914334804 201421.9202880859
114631573.5470896959 181457.4765625000
114349775.2333354503 178151.0004272461
