141320271.0485693514 123141.3308029175
143350802.9681852758 132179.4246215820
145685645.0973727107 136424.0415039062
145861694.5838130414 137223.1174926758
141671294.6975796819 124115.4813537598
141769605.0665094256 124353.0632324219
141891262.4060699940 125240.8222351074
143858090.6726513207 133797.2495117188
145046386.8945969343 135649.8866271973
142154021.0545706749 126045.6944885254
145107711.6904307306 136039.0078125000
144522871.5032080114 135495.9712829590
144249479.1335583925 134846.1037292480
148843602.2703462839 139910.3585815430
140743655.6224856675 120739.4324645996
148620437.5391815305 139417.9559936523
142383941.9893965125 131120.1596069336
146865428.6548627615 138824.0050048828
149149487.9049873948 140846.0161132812
144359494.2943614125 135160.9356689453
146376676.8072769046 137394.3807067871
148536535.5048944950 138977.7217407227
147732304.2605400980 138943.0465698242
