507118439.2922993302 173835.8295135498
504102359.0136520863 173779.6316833496
508612866.3204911351 175497.0088806152
489307478.4721458554 153073.5209999084
491667886.0471451283 160400.2755012512
508583387.7665167451 174543.5422859192
512303269.7863895297 175696.7601394653
490554161.3984818459 154077.0372133255
491162229.7318045497 160319.0772933960
507509684.1841030717 174021.2183341980
492516256.2477000952 163497.1941604614
493858470.4978272319 164849.7941055298
491879127.0128209591 161179.8973312378
494327201.7597283125 165420.8796958923
494841293.1527836919 167874.9861412048
498966348.9206025004 169344.9828071594
500205948.0910174251 170284.5158023834
496641425.5184789896 167935.9998474121
