244727687.6429329515 530219.8614501953
234688170.7707572877 499431.5444335938
240973476.7481743693 526417.3522338867
242775813.3478949368 528296.1615600586
238020746.4041660428 515065.5749816895
237773467.1777608097 513890.9104309082
235958325.5295563638 502290.9664306641
238157994.3861471117 518312.9026184082
241054815.8528986275 526440.0210571289
242846268.8434988856 530022.3707885742
238564929.4221849442 520778.4519348145
235472218.2910377383 500632.8185729980
236522279.4362971783 509939.2344970703
241565915.7472397387 527954.8040771484
237244775.9243897498 513485.1867675781
238609068.1297991276 526074.8873291016
236609969.9422299266 510312.2924194336
237539931.6528041065 513617.3638305664
