464932431.8461408615 4363.1734631062
478261403.7394909263 4581.4873495102
475156956.0924622416 4576.4866602421
474646042.3706153631 4526.4266273975
466302875.2299368978 4407.8939001560
460616630.1825787425 4135.3411052227
462606478.8834840655 4295.0076777935
468953749.4924806952 4454.0460929871
468237508.6468063593 4426.2180914879
480190259.0495938063 4655.6139640808
471798471.5660924911 4460.4170638323
479224857.2008362412 4596.5736408234
463457370.9661995769 4324.4034934044
479613963.7515887022 4607.5009990931
464518724.4841810465 4354.3810156584
462393050.0960479379 4225.6886351705
468452340.2245249748 4433.6568918228
477523652.3463571668 4578.9413198233
462260150.7502080202 4185.9048736095
474900610.8372640014 4534.2227195501
462235253.7197088003 4166.3964854479
470475781.0470238924 4457.1620497704
472857287.6356489658 4507.4354457855
471935793.3463112116 4474.2496135235
465589230.4811671972 4376.5396957397
