237941645.1479152143 32319.5534172058
231004145.0636422336 31109.0041084290
231629145.4369701743 31137.7427883148
232973427.9245828390 31755.9952316284
226299718.7490465939 27722.0098037720
236326601.6295200884 32160.0183753967
250937189.1499196589 33485.8427963257
232582569.6503689289 31670.9391937256
230872969.0673118532 30315.7390632629
253765256.8172614276 34044.2748718262
236265681.4115794599 32009.4864463806
241878364.5992622972 32969.7635841370
228309746.4661467075 29416.0684013367
253628044.0844826400 33525.2293109894
253226449.7429400980 33491.6474571228
238642610.1792204976 32925.4494514465
229947159.9811409116 30187.3874263763
259170786.1221320331 34113.9893684387
245371055.0176885128 33114.7927169800
227673454.1295545697 29177.6713886261
248841735.1326059699 33380.5127868652
234769199.6780536473 31951.1707077026
