160228126.1775628030 2160420.9238281250
155434889.7181583643 2143070.4931640625
153692263.9192517698 2113404.0234375000
152866137.7326304615 2048893.4150390625
154416845.6896902621 2133875.0683593750
162313707.4119185209 2162042.2441406250
153143519.0462277830 2063072.2822265625
153416700.2047691941 2081138.6376953125
154285706.1934811771 2129308.0634765625
154250580.7741603851 2123391.2792968750
163868412.9556714594 2163742.8525390625
158730814.1186210811 2156953.4267578125
155938932.7497875690 2156853.9687500000
158815108.9619416893 2159507.7099609375
153472875.8999752104 2099297.4365234375
160492269.6346817017 2160796.3447265625
153813999.6861383915 2122082.9287109375
155169792.8737895787 2137582.9326171875
155038913.0014849007 2136973.0556640625
