640360207.0019077063 11240345.4882812500
633512231.3977408409 11175659.0332031250
647117666.3076663017 11291560.9111328125
635444814.9958019257 11188044.5820312500
649916300.0557360649 11320604.7158203125
636419310.9346572161 11190838.6308593750
648906142.1563371420 11299526.7177734375
632776694.0932971239 11090857.4267578125
648322686.9721455574 11294893.3417968750
649764089.5477552414 11308859.6513671875
644893043.7407524586 11273753.7578125000
646873652.0115760565 11277589.5791015625
631095699.5595694780 11073604.9853515625
630956382.7034815550 10735885.0302734375
636970109.8156926632 11220597.1982421875
633203076.3574216366 11095868.8847656250
633048894.0655673742 11093040.8017578125
641875515.0503724813 11245011.5673828125
644373269.7323379517 11248060.9218750000
632169772.5496186018 11085182.6601562500
643865717.4949113131 11246514.2246093750
