117529587.6009161025 2039360.6464843750
112962790.2647642046 2016286.3300781250
115189101.0703040063 2026649.2539062500
111935988.3948066980 1983738.6757812500
112864748.1844351292 2000494.1406250000
111562882.1280337423 1978508.8632812500
111043273.8447618335 1972831.3183593750
118632618.3613669127 2046582.6875000000
115824816.2107538283 2033585.2597656250
118111458.5560094863 2045123.7519531250
115409120.5073068589 2032560.3105468750
114379733.2919453979 2022804.9296875000
112281710.4306951016 1999183.8750000000
112267722.1968994737 1987025.9257812500
119096252.2459950298 2047920.6757812500
116293926.1442688555 2036848.3945312500
113432990.0971755981 2019505.8437500000
