778416707.6300531626 5690.2071766853
769847897.1907310486 5676.0945785046
754754077.1450057030 5575.8958482742
744478189.1426998377 5493.0755549669
756043108.5501819849 5593.5009394884
742363449.9986940622 5242.3370768726
759720229.7677919865 5644.5139904022
754746225.8635543585 5531.1549010277
743385962.0650312901 5285.0012084246
758604330.6014873981 5594.0246720314
755551260.3847512007 5585.6455255747
744214575.4285708666 5312.1009589434
752596501.0039237738 5525.1735262871
751804877.9276437759 5503.9380452633
