781498170.2645540237 660.5695960745
769288766.0101728439 470.3607652821
770426351.0965998173 631.0326430798
798588622.5101680756 687.0247626007
785080560.3614323139 661.3531327248
809109155.5037676096 687.3863229305
800401544.2795957327 687.1810615659
779942705.3330123425 659.1391084418
785173229.8134163618 677.1686355323
775728347.1932258606 648.6340082437
777018734.0085446835 653.0950428843
778545325.3214138746 656.5425236225
770738447.6440868378 648.0871008635
776372724.2493879795 651.3935706019
