133396.2018046304 127864.4879020996
132432.7701262826 129943.2965429378
134359.6334829782 118269.9864828465
132914.4859654565 138098.6227493029
131148.1945551522 131542.3801128133
133556.7737510217 119389.3449817593
127615.6117345435 145774.2238847054
134520.2054293696 118749.7115538091
139016.2199283261 116670.9029129710
128579.0434128913 141136.8815320664
132111.6262335000 128344.2129730622
138695.0760355435 117950.1697688714
134520.2054293696 123866.7789774108
133075.0579118478 124506.4124053610
133556.7737510217 130263.1132569129
133877.9176438044 124346.5040483734
133235.6298582391 132341.9218977510
131790.4823407174 131702.2884698008
135965.3529468913 128024.3962590871
136928.7846252391 124666.3207623486
138695.0760355435 117630.3530548963
133717.3456974131 119229.4366247718
133556.7737510217 120988.4285516348
135804.7810005000 128823.9380440249
133235.6298582391 132981.5553257013
136286.4968396739 124826.2291193361
140300.7954994565 113632.6441302075
131790.4823407174 127224.8544741494
133396.2018046304 131062.6550418506
133396.2018046304 135859.9057514772
137410.5004644131 121468.1536225975
130184.7628768044 139377.8896052033
130827.0506623696 129463.5714719751
130345.3348231957 141456.6982460415
132272.1981798913 135540.0890375021
134359.6334829782 125305.9541902988
133877.9176438044 124666.3207623486
129863.6189840217 142576.0567449543
132914.4859654565 130582.9299708880
133075.0579118478 129783.3881859502
132432.7701262826 126105.4959752365
132593.3420726739 123866.7789774108
130666.4787159783 134420.7305385892
135483.6371077174 126265.4043322241
132914.4859654565 124666.3207623486
131148.1945551522 132821.6469687137
132753.9140190652 124986.1374763237
131951.0542871087 124986.1374763237
128418.4714665000 142256.2400309793

127133.8958953696 147533.2158115685
128097.3275737174 144654.8653857925
129542.4750912391 142735.9651019419
132432.7701262826 138258.5311062904
132272.1981798913 134900.4556095519
135323.0651613261 129143.7547580000
134841.3493221522 126745.1294031867
137410.5004644131 122747.4204784979
134520.2054293696 122107.7870505477
134199.0615365870 121468.1536225975
138213.3601963696 119869.0700527220
138534.5040891522 117950.1697688714
134199.0615365870 116670.9029129710
134680.7773757609 114432.1859151452
134680.7773757609 113472.7357732199
140621.9393922391 112993.0107022573
134199.0615365870 114752.0026291203
130184.7628768044 140817.0648180913
133075.0579118478 127064.9461171618
130505.9067695869 139697.7063191785
131148.1945551522 129943.2965429378
137731.6443571956 120508.7034806722
133556.7737510217 133141.4636826888
132593.3420726739 129463.5714719751
135804.7810005000 126585.2210461992
132432.7701262826 133141.4636826888
137410.5004644131 121468.1536225975
128579.0434128913 141136.8815320664
132272.1981798913 132022.1051837759
131469.3384479348 126905.0377601743
134199.0615365870 118749.7115538091
133235.6298582391 130263.1132569129
139658.5077138913 116191.1778420083
131951.0542871087 128664.0296870374
133556.7737510217 119869.0700527220
133396.2018046304 129463.5714719751
127455.0397881522 146253.9489556680
133556.7737510217 124346.5040483734
126973.3239489783 147693.1241685560
128739.6153592826 144654.8653857925
132111.6262335000 126265.4043322241
135965.3529468913 127864.4879020996
134199.0615365870 114432.1859151452
133877.9176438044 123546.9622634357
134520.2054293696 118589.8031968216
136125.9248932826 124666.3207623486
133075.0579118478 136979.2642503900
127936.7556273261 142416.1483879668
127615.6117345435 144814.7737427801

130184.7628768044 142096.3316739917
133556.7737510217 130103.2048999253
134680.7773757609 118110.0781258589
131790.4823407174 133141.4636826888
134199.0615365870 124666.3207623486
130827.0506623696 141296.7898890539
135644.2090541087 125305.9541902988
128257.8995201087 143695.4152438672
139497.9357675000 115231.7277000830
131629.9103943261 129143.7547580000
132593.3420726739 130423.0216139004
138534.5040891522 118589.8031968216
132272.1981798913 126105.4959752365
136125.9248932826 126905.0377601743
129221.3311984565 144175.1403148299
131148.1945551522 140337.3397471287
134680.7773757609 115871.3611280332
130666.4787159783 131542.3801128133
130345.3348231957 141296.7898890539
132593.3420726739 129303.6631149876
132753.9140190652 131862.1968267884
131951.0542871087 125146.0458333112
134680.7773757609 120028.9784097095
130505.9067695869 141456.6982460415
131951.0542871087 134260.8221816017
133396.2018046304 122747.4204784979
131148.1945551522 128184.3046160747
133717.3456974131 135540.0890375021
134038.4895901956 126425.3126892116
132914.4859654565 129463.5714719751
129381.9031448478 141296.7898890539
128257.8995201087 144175.1403148299
132432.7701262826 135859.9057514772
134841.3493221522 129943.2965429378
133717.3456974131 121787.9703365726
128900.1873056739 144494.9570288050
131629.9103943261 130103.2048999253
131629.9103943261 129463.5714719751
134199.0615365870 121308.2452656099
135804.7810005000 128823.9380440249
132593.3420726739 124346.5040483734
128900.1873056739 140657.1564611037
132753.9140190652 123546.9622634357
135001.9212685435 112193.4689173195
134841.3493221522 114911.9109861079
128900.1873056739 141136.8815320664
128739.6153592826 140657.1564611037
134199.0615365870 120028.9784097095
131951.0542871087 132022.1051837759

127294.4678417609 147213.3990975934
127776.1836809348 145934.1322416930
127936.7556273261 142416.1483879668
130345.3348231957 141616.6066030291
128418.4714665000 141456.6982460415
130505.9067695869 136659.4475364150
133556.7737510217 133141.4636826888
138695.0760355435 118429.8948398340
139497.9357675000 115711.4527710456
140621.9393922391 112993.0107022573
131790.4823407174 125146.0458333112
130505.9067695869 142416.1483879668
128579.0434128913 144494.9570288050
137731.6443571956 119709.1616957344
136607.6407324565 122267.6954075353
130024.1909304131 135380.1806805145
131951.0542871087 127704.5795451120
134359.6334829782 124826.2291193361
137410.5004644131 120508.7034806722
133556.7737510217 129143.7547580000
130024.1909304131 143215.6901729045
132111.6262335000 128504.1213300498
133877.9176438044 133141.4636826888
134038.4895901956 125945.5876182490
133235.6298582391 136499.5391794274
126973.3239489783 146733.6740266307
132432.7701262826 130902.7466848631
132593.3420726739 132821.6469687137
134199.0615365870 126265.4043322241
134038.4895901956 134900.4556095519
131148.1945551522 130582.9299708880
135162.4932149348 128983.8464010125
133556.7737510217 122267.6954075353
133556.7737510217 129943.2965429378
135644.2090541087 128983.8464010125
135001.9212685435 111234.0187753942
134680.7773757609 120348.7951236846
131790.4823407174 129463.5714719751
134680.7773757609 118429.8948398340
128579.0434128913 141776.5149600166
132272.1981798913 124666.3207623486
131629.9103943261 129783.3881859502
132111.6262335000 123706.8706204232
138052.7882499782 119549.2533387469
134199.0615365870 121308.2452656099
133717.3456974131 116510.9945559834
134199.0615365870 119229.4366247718
133717.3456974131 124186.5956913859
131308.7665015435 140177.4313901411

133396.2018046304 120828.5201946473
133717.3456974131 116990.7196269461
139337.3638211087 115871.3611280332
129863.6189840217 142735.9651019419
131148.1945551522 130423.0216139004
131790.4823407174 139537.7979621908
131629.9103943261 129783.3881859502
132914.4859654565 126425.3126892116
130184.7628768044 135699.9973944896
130024.1909304131 136659.4475364150
134359.6334829782 119069.5282677842
128739.6153592826 143055.7818159170
133396.2018046304 127384.7628311369
132432.7701262826 129623.4798289627
133075.0579118478 124666.3207623486
135804.7810005000 128823.9380440249
136607.6407324565 125945.5876182490
134841.3493221522 115711.4527710456
132914.4859654565 129623.4798289627
130345.3348231957 142416.1483879668
139497.9357675000 116830.8112699585
132914.4859654565 135540.0890375021
133556.7737510217 129143.7547580000
134359.6334829782 123387.0539064481
131148.1945551522 139697.7063191785
133717.3456974131 125945.5876182490
132272.1981798913 125146.0458333112
131951.0542871087 129463.5714719751
132753.9140190652 125785.6792612614
133396.2018046304 118589.8031968216
137089.3565716304 124506.4124053610
133717.3456974131 117310.5363409212
131148.1945551522 128504.1213300498
127455.0397881522 144494.9570288050
130666.4787159783 138578.3478202656
129221.3311984565 143215.6901729045
131308.7665015435 130582.9299708880
130505.9067695869 131542.3801128133
133877.9176438044 124506.4124053610
127776.1836809348 143695.4152438672
130987.6226087609 129303.6631149876
133235.6298582391 135380.1806805145
129060.7592520652 143055.7818159170
132593.3420726739 128983.8464010125
131469.3384479348 139697.7063191785
130024.1909304131 141936.4233170041
134359.6334829782 116670.9029129710
135483.6371077174 128664.0296870374
133877.9176438044 115871.3611280332

132914.4859654565 138098.6227493029
133556.7737510217 118269.9864828465
137571.0724108043 120668.6118376597
130184.7628768044 139537.7979621908
136928.7846252391 123546.9622634357
135162.4932149348 128664.0296870374
135644.2090541087 124506.4124053610
135965.3529468913 123706.8706204232
139016.2199283261 117470.4446979087
134359.6334829782 121148.3369086224
131790.4823407174 125785.6792612614
136768.2126788478 124666.3207623486
128739.6153592826 139377.8896052033
137410.5004644131 123546.9622634357
132272.1981798913 129943.2965429378
134359.6334829782 131862.1968267884
132272.1981798913 123706.8706204232
131790.4823407174 130742.8383278755
137571.0724108043 121787.9703365726
131308.7665015435 127704.5795451120
133396.2018046304 119709.1616957344
133717.3456974131 117150.6279839336
132593.3420726739 124346.5040483734
129542.4750912391 143855.3236008548
135001.9212685435 129463.5714719751
135323.0651613261 127544.6711881245
131629.9103943261 130103.2048999253
139016.2199283261 118110.0781258589
132753.9140190652 136979.2642503900
133075.0579118478 124986.1374763237
130184.7628768044 141456.6982460415
131629.9103943261 136499.5391794274
130505.9067695869 140817.0648180913
129703.0470376304 141136.8815320664
132593.3420726739 130902.7466848631
133556.7737510217 130103.2048999253
128579.0434128913 145294.4988137427
130505.9067695869 131702.2884698008
133075.0579118478 124666.3207623486
133396.2018046304 129783.3881859502
131629.9103943261 126265.4043322241
137249.9285180217 120988.4285516348
131951.0542871087 129463.5714719751
133556.7737510217 129303.6631149876
131790.4823407174 138098.6227493029
137249.9285180217 122267.6954075353
130666.4787159783 130902.7466848631
133877.9176438044 116990.7196269461
134520.2054293696 119549.2533387469

127455.0397881522 146253.9489556680
127294.4678417609 145934.1322416930
127776.1836809348 145934.1322416930
127615.6117345435 145134.5904567552
128418.4714665000 143695.4152438672
130505.9067695869 139697.7063191785
129381.9031448478 138418.4394632780
129542.4750912391 137778.8060353278
131629.9103943261 136979.2642503900
129703.0470376304 136819.3558934025
129703.0470376304 136499.5391794274
132111.6262335000 135699.9973944896
133556.7737510217 135380.1806805145
133075.0579118478 133781.0971106390
132914.4859654565 133141.4636826888
133396.2018046304 126265.4043322241
135644.2090541087 126105.4959752365
133235.6298582391 125945.5876182490
135323.0651613261 125465.8625472863
137410.5004644131 122747.4204784979
137410.5004644131 121468.1536225975
134038.4895901956 121148.3369086224
137731.6443571956 120828.5201946473
138213.3601963696 119869.0700527220
134680.7773757609 119389.3449817593
138695.0760355435 118110.0781258589
139016.2199283261 117150.6279839336
139497.9357675000 115711.4527710456
134841.3493221522 115551.5444140581
139819.0796602826 114752.0026291203
134680.7773757609 114432.1859151452
134680.7773757609 113472.7357732199
134680.7773757609 112353.3772743071
135001.9212685435 111234.0187753942
132111.6262335000 135380.1806805145
128579.0434128913 139697.7063191785
137731.6443571956 121947.8786935602
134199.0615365870 116670.9029129710
132914.4859654565 138258.5311062904
128418.4714665000 142416.1483879668
133556.7737510217 125305.9541902988
132432.7701262826 133141.4636826888
127936.7556273261 142416.1483879668
138052.7882499782 119549.2533387469
130024.1909304131 135060.3639665394
127294.4678417609 147213.3990975934
128257.8995201087 144814.7737427801
137571.0724108043 120188.8867666971
138534.5040891522 118589.8031968216

133877.9176438044 129463.5714719751
128739.6153592826 140817.0648180913
134680.7773757609 112193.4689173195
133075.0579118478 119709.1616957344
133075.0579118478 136179.7224654523
127776.1836809348 146094.0405986805
135804.7810005000 128504.1213300498
134520.2054293696 121628.0619795851
132111.6262335000 130103.2048999253
132111.6262335000 130742.8383278755
134520.2054293696 115391.6360570705
130827.0506623696 141136.8815320664
136125.9248932826 123546.9622634357
130345.3348231957 138578.3478202656
132753.9140190652 122907.3288354855
133717.3456974131 132981.5553257013
132432.7701262826 124986.1374763237
133556.7737510217 122107.7870505477
131629.9103943261 127704.5795451120
130827.0506623696 137618.8976783402
130505.9067695869 139697.7063191785
134520.2054293696 122427.6037645228
133877.9176438044 126905.0377601743
137249.9285180217 122107.7870505477
132432.7701262826 129463.5714719751
132111.6262335000 139857.6146761660
130666.4787159783 140017.5230331535
127936.7556273261 144654.8653857925
131629.9103943261 128024.3962590871
133235.6298582391 135220.2723235270
138855.6479819348 118429.8948398340
134199.0615365870 118749.7115538091
129221.3311984565 143535.5068868797
132272.1981798913 127064.9461171618
135965.3529468913 125945.5876182490
135001.9212685435 129463.5714719751
138695.0760355435 118749.7115538091
131790.4823407174 125146.0458333112
137571.0724108043 120828.5201946473
129060.7592520652 144015.2319578423
131469.3384479348 138258.5311062904
132432.7701262826 130423.0216139004
134680.7773757609 119709.1616957344
132272.1981798913 124666.3207623486
133717.3456974131 129623.4798289627
132753.9140190652 130103.2048999253
139497.9357675000 115871.3611280332
132593.3420726739 125305.9541902988
133556.7737510217 124826.2291193361

133556.7737510217 121947.8786935602
134359.6334829782 131862.1968267884
134199.0615365870 125146.0458333112
134199.0615365870 121468.1536225975
133396.2018046304 125785.6792612614
134359.6334829782 125465.8625472863
134520.2054293696 119869.0700527220
134680.7773757609 119389.3449817593
132914.4859654565 124986.1374763237
129542.4750912391 137139.1726073776
129542.4750912391 137938.7143923154
131148.1945551522 128823.9380440249
134199.0615365870 124666.3207623486
132914.4859654565 130902.7466848631
133075.0579118478 127384.7628311369
134841.3493221522 114112.3692011701
133717.3456974131 124186.5956913859
139337.3638211087 117310.5363409212
133877.9176438044 120508.7034806722
136928.7846252391 123067.2371924730
134199.0615365870 117470.4446979087
129542.4750912391 141936.4233170041
136447.0687860652 123706.8706204232
131469.3384479348 128823.9380440249
132432.7701262826 126105.4959752365
133075.0579118478 127544.6711881245
133396.2018046304 134100.9138246141
133235.6298582391 130582.9299708880
132914.4859654565 131062.6550418506
135162.4932149348 126265.4043322241
130505.9067695869 137139.1726073776
129542.4750912391 136819.3558934025
128418.4714665000 141616.6066030291
140621.9393922391 112513.2856312946
131308.7665015435 129303.6631149876
134359.6334829782 113632.6441302075
138855.6479819348 117790.2614118838
133235.6298582391 129623.4798289627
134359.6334829782 124826.2291193361
133396.2018046304 128504.1213300498
132914.4859654565 126425.3126892116
134680.7773757609 117790.2614118838
133235.6298582391 127064.9461171618
132914.4859654565 129303.6631149876
131148.1945551522 130263.1132569129
133235.6298582391 128184.3046160747
134038.4895901956 116031.2694850207
132593.3420726739 125465.8625472863
131951.0542871087 126425.3126892116

137731.6443571956 122107.7870505477
134199.0615365870 114592.0942721328
131308.7665015435 129303.6631149876
132111.6262335000 139377.8896052033
128579.0434128913 144654.8653857925
133235.6298582391 132501.8302547386
128579.0434128913 141616.6066030291
133877.9176438044 118110.0781258589
133556.7737510217 129463.5714719751
131629.9103943261 125945.5876182490
136447.0687860652 123706.8706204232
131790.4823407174 128983.8464010125
134359.6334829782 117950.1697688714
134841.3493221522 114112.3692011701
132111.6262335000 128983.8464010125
133556.7737510217 131542.3801128133
134359.6334829782 116031.2694850207
133717.3456974131 133941.0054676266
132272.1981798913 139058.0728912282
140300.7954994565 113312.8274162324
136286.4968396739 124186.5956913859
134199.0615365870 119549.2533387469
129542.4750912391 141456.6982460415
135001.9212685435 113952.4608441826
131790.4823407174 132182.0135407635
135804.7810005000 124666.3207623486
126973.3239489783 147693.1241685560
139497.9357675000 115551.5444140581
129221.3311984565 140177.4313901411
129221.3311984565 140817.0648180913
130987.6226087609 134260.8221816017
132914.4859654565 131702.2884698008
130184.7628768044 135859.9057514772
129703.0470376304 136019.8141084648
132593.3420726739 126905.0377601743
127936.7556273261 145934.1322416930
133075.0579118478 125146.0458333112
134038.4895901956 122107.7870505477
133396.2018046304 119709.1616957344
131790.4823407174 134100.9138246141
140140.2235530652 114272.2775581577
131308.7665015435 130103.2048999253
134680.7773757609 113152.9190592448
133717.3456974131 123067.2371924730
132272.1981798913 123706.8706204232
133075.0579118478 125945.5876182490
128257.8995201087 142735.9651019419
133075.0579118478 124506.4124053610
137892.2163035870 119549.2533387469

131629.9103943261 126745.1294031867
135965.3529468913 127384.7628311369
134199.0615365870 120028.9784097095
133717.3456974131 122907.3288354855
131308.7665015435 130582.9299708880
132111.6262335000 135699.9973944896
133877.9176438044 132661.7386117261
139176.7918747174 117470.4446979087
133556.7737510217 130103.2048999253
132593.3420726739 133301.3720396763
133717.3456974131 122747.4204784979
132272.1981798913 124186.5956913859
131951.0542871087 129463.5714719751
134841.3493221522 129943.2965429378
136125.9248932826 125146.0458333112
133877.9176438044 127064.9461171618
134359.6334829782 120348.7951236846
128900.1873056739 141136.8815320664
129542.4750912391 139058.0728912282
134680.7773757609 118429.8948398340
128257.8995201087 145454.4071707303
134841.3493221522 126425.3126892116
134359.6334829782 131702.2884698008
133556.7737510217 129463.5714719751
130024.1909304131 142576.0567449543
133396.2018046304 129303.6631149876
136768.2126788478 124506.4124053610
133235.6298582391 125785.6792612614
130666.4787159783 131382.4717558257
139016.2199283261 117470.4446979087
134359.6334829782 124506.4124053610
128739.6153592826 141936.4233170041
136768.2126788478 125146.0458333112
136607.6407324565 122907.3288354855
139337.3638211087 117150.6279839336
131629.9103943261 140177.4313901411
136447.0687860652 125625.7709042739
134680.7773757609 112833.1023452697
131629.9103943261 128504.1213300498
133877.9176438044 121787.9703365726
132111.6262335000 124026.6873343983
135804.7810005000 124346.5040483734
130987.6226087609 141296.7898890539
135162.4932149348 129143.7547580000
132432.7701262826 133781.0971106390
134520.2054293696 119229.4366247718
132432.7701262826 127384.7628311369
128900.1873056739 139537.7979621908
131951.0542871087 124826.2291193361

131148.1945551522 133621.1887536515
133877.9176438044 133141.4636826888
136768.2126788478 124826.2291193361
136125.9248932826 126905.0377601743
133396.2018046304 131062.6550418506
135483.6371077174 125785.6792612614
130666.4787159783 141936.4233170041
132111.6262335000 128823.9380440249
132753.9140190652 138898.1645342406
136286.4968396739 125625.7709042739
139016.2199283261 117310.5363409212
135483.6371077174 129303.6631149876
133075.0579118478 124346.5040483734
131148.1945551522 130103.2048999253
129060.7592520652 144654.8653857925
130987.6226087609 129143.7547580000
132914.4859654565 135540.0890375021
133717.3456974131 122267.6954075353
133556.7737510217 125305.9541902988
135483.6371077174 124986.1374763237
133556.7737510217 123227.1455494606
132432.7701262826 130423.0216139004
131308.7665015435 128024.3962590871
128257.8995201087 143855.3236008548
131790.4823407174 140017.5230331535
128579.0434128913 141776.5149600166
129221.3311984565 137778.8060353278
136286.4968396739 123067.2371924730
135323.0651613261 126265.4043322241
129863.6189840217 142735.9651019419
131148.1945551522 128184.3046160747
133235.6298582391 121947.8786935602
132914.4859654565 128823.9380440249
132593.3420726739 126745.1294031867
134359.6334829782 118749.7115538091
139658.5077138913 115871.3611280332
133556.7737510217 128823.9380440249
133235.6298582391 120188.8867666971
132753.9140190652 131222.5633988382
133556.7737510217 123866.7789774108
131790.4823407174 133301.3720396763
134199.0615365870 123227.1455494606
134359.6334829782 124186.5956913859
128900.1873056739 140337.3397471287
134038.4895901956 125465.8625472863
133877.9176438044 130423.0216139004
133396.2018046304 118269.9864828465
133556.7737510217 122907.3288354855
137089.3565716304 121468.1536225975

133235.6298582391 125305.9541902988
131951.0542871087 130103.2048999253
132753.9140190652 128504.1213300498
135644.2090541087 129143.7547580000
132432.7701262826 122427.6037645228
134038.4895901956 123866.7789774108
134038.4895901956 116510.9945559834
138855.6479819348 117310.5363409212
133075.0579118478 126905.0377601743
128739.6153592826 139537.7979621908
130827.0506623696 134100.9138246141
134199.0615365870 125785.6792612614
129703.0470376304 141936.4233170041
130827.0506623696 129623.4798289627
134359.6334829782 123546.9622634357
130666.4787159783 133301.3720396763
137249.9285180217 121308.2452656099
134520.2054293696 122907.3288354855
133717.3456974131 118269.9864828465
131790.4823407174 128184.3046160747
133717.3456974131 124186.5956913859
132111.6262335000 126585.2210461992
133717.3456974131 124826.2291193361
130345.3348231957 140657.1564611037
132272.1981798913 127224.8544741494
134359.6334829782 125945.5876182490
131629.9103943261 138258.5311062904
133075.0579118478 120828.5201946473
130184.7628768044 140497.2481041162
133235.6298582391 124506.4124053610
136768.2126788478 125785.6792612614
131951.0542871087 125785.6792612614
139337.3638211087 116670.9029129710
139497.9357675000 115551.5444140581
132914.4859654565 129143.7547580000
138855.6479819348 117470.4446979087
135483.6371077174 129303.6631149876
131951.0542871087 135699.9973944896
134359.6334829782 116351.0861989959
132593.3420726739 129783.3881859502
135162.4932149348 125785.6792612614
134199.0615365870 120828.5201946473
131629.9103943261 130902.7466848631
132753.9140190652 134580.6388955768
132111.6262335000 123866.7789774108
129703.0470376304 138098.6227493029
129863.6189840217 136659.4475364150
136928.7846252391 121308.2452656099
137410.5004644131 122747.4204784979

135001.9212685435 130742.8383278755
132753.9140190652 123387.0539064481
134680.7773757609 131862.1968267884
127776.1836809348 143855.3236008548
130827.0506623696 130103.2048999253
131951.0542871087 125625.7709042739
131469.3384479348 134900.4556095519
131629.9103943261 127544.6711881245
130024.1909304131 143055.7818159170
133235.6298582391 127224.8544741494
134199.0615365870 126585.2210461992
133877.9176438044 119229.4366247718
132111.6262335000 124186.5956913859
131308.7665015435 129303.6631149876
128418.4714665000 143375.5985298921
132432.7701262826 130263.1132569129
132272.1981798913 123387.0539064481
138052.7882499782 120028.9784097095
132753.9140190652 123546.9622634357
132593.3420726739 136499.5391794274
129221.3311984565 142735.9651019419
131629.9103943261 129943.2965429378
130987.6226087609 130263.1132569129
128739.6153592826 145134.5904567552
131951.0542871087 125465.8625472863
134038.4895901956 125785.6792612614
133396.2018046304 122427.6037645228
129703.0470376304 138098.6227493029
130024.1909304131 138738.2561772531
134038.4895901956 126425.3126892116
135644.2090541087 125146.0458333112
136125.9248932826 124826.2291193361
132432.7701262826 125465.8625472863
134841.3493221522 126905.0377601743
133075.0579118478 124666.3207623486
131629.9103943261 139217.9812482158
133717.3456974131 120828.5201946473
135162.4932149348 131062.6550418506
130666.4787159783 131862.1968267884
132111.6262335000 124026.6873343983
132753.9140190652 130103.2048999253
134038.4895901956 119549.2533387469
133396.2018046304 125465.8625472863
131308.7665015435 131382.4717558257
133075.0579118478 119549.2533387469
133877.9176438044 129463.5714719751
131308.7665015435 127384.7628311369
134841.3493221522 113632.6441302075
134199.0615365870 118589.8031968216

127133.8958953696 147533.2158115685
127294.4678417609 147213.3990975934
127455.0397881522 146573.7656696432
127776.1836809348 145934.1322416930
128257.8995201087 144814.7737427801
127776.1836809348 143055.7818159170
128739.6153592826 140017.5230331535
131148.1945551522 139537.7979621908
129703.0470376304 139377.8896052033
129703.0470376304 138258.5311062904
130827.0506623696 137938.7143923154
129542.4750912391 137778.8060353278
131790.4823407174 137299.0809643652
132593.3420726739 137299.0809643652
129703.0470376304 136499.5391794274
131629.9103943261 136019.8141084648
130184.7628768044 135540.0890375021
131308.7665015435 134900.4556095519
132593.3420726739 133621.1887536515
133877.9176438044 132661.7386117261
134038.4895901956 132182.0135407635
131148.1945551522 128664.0296870374
135323.0651613261 127384.7628311369
133075.0579118478 126905.0377601743
135644.2090541087 126105.4959752365
134520.2054293696 124026.6873343983
132432.7701262826 123387.0539064481
137410.5004644131 122747.4204784979
134520.2054293696 122427.6037645228
137892.2163035870 121947.8786935602
137731.6443571956 121308.2452656099
138052.7882499782 120828.5201946473
137731.6443571956 120028.9784097095
138855.6479819348 118429.8948398340
138695.0760355435 118110.0781258589
134038.4895901956 117950.1697688714
139497.9357675000 116670.9029129710
133717.3456974131 116510.9945559834
134841.3493221522 115071.8193430954
139658.5077138913 114752.0026291203
140621.9393922391 112993.0107022573
134841.3493221522 112353.3772743071
132593.3420726739 123866.7789774108
134680.7773757609 113312.8274162324
140140.2235530652 114272.2775581577
133396.2018046304 136499.5391794274
134038.4895901956 133301.3720396763
134199.0615365870 123546.9622634357
134520.2054293696 122107.7870505477

126812.7520025869 147693.1241685560
127294.4678417609 147213.3990975934
127776.1836809348 145934.1322416930
127615.6117345435 144015.2319578423
128097.3275737174 144015.2319578423
132272.1981798913 139697.7063191785
129221.3311984565 138418.4394632780
130184.7628768044 138098.6227493029
130827.0506623696 137938.7143923154
133075.0579118478 136819.3558934025
129703.0470376304 136499.5391794274
130345.3348231957 136499.5391794274
133075.0579118478 133781.0971106390
131951.0542871087 133461.2803966639
134359.6334829782 131702.2884698008
130987.6226087609 130742.8383278755
133235.6298582391 130423.0216139004
133717.3456974131 130423.0216139004
132753.9140190652 129143.7547580000
135323.0651613261 128504.1213300498
132593.3420726739 128184.3046160747
135323.0651613261 127384.7628311369
134359.6334829782 127224.8544741494
136125.9248932826 124186.5956913859
132753.9140190652 123546.9622634357
137410.5004644131 122747.4204784979
133556.7737510217 121947.8786935602
137731.6443571956 121947.8786935602
137731.6443571956 120828.5201946473
137731.6443571956 120028.9784097095
134038.4895901956 118269.9864828465
139016.2199283261 118269.9864828465
138855.6479819348 117950.1697688714
133717.3456974131 116510.9945559834
134359.6334829782 114752.0026291203
134680.7773757609 114112.3692011701
134841.3493221522 112353.3772743071
133877.9176438044 119069.5282677842
136447.0687860652 126905.0377601743
136447.0687860652 123866.7789774108
134359.6334829782 124986.1374763237
139176.7918747174 117630.3530548963
131629.9103943261 132341.9218977510
127936.7556273261 144494.9570288050
129542.4750912391 139058.0728912282
134038.4895901956 117150.6279839336
127776.1836809348 144974.6820997676
137892.2163035870 121148.3369086224
135323.0651613261 129143.7547580000

127294.4678417609 147213.3990975934
127615.6117345435 145134.5904567552
129542.4750912391 142735.9651019419
128579.0434128913 139697.7063191785
132111.6262335000 137778.8060353278
133396.2018046304 135060.3639665394
131951.0542871087 130103.2048999253
132272.1981798913 129783.3881859502
134038.4895901956 125146.0458333112
137731.6443571956 120028.9784097095
139016.2199283261 117150.6279839336
134038.4895901956 115231.7277000830
140621.9393922391 112993.0107022573
132111.6262335000 130582.9299708880
127294.4678417609 145934.1322416930
127776.1836809348 143855.3236008548
140140.2235530652 114272.2775581577
134359.6334829782 122587.5121215104
133877.9176438044 124346.5040483734
134680.7773757609 113472.7357732199
131629.9103943261 128823.9380440249
135804.7810005000 124346.5040483734
137089.3565716304 122907.3288354855
134680.7773757609 112833.1023452697
130184.7628768044 138578.3478202656
133717.3456974131 128983.8464010125
134841.3493221522 112353.3772743071
133235.6298582391 125945.5876182490
134199.0615365870 117630.3530548963
130024.1909304131 142256.2400309793
130987.6226087609 138738.2561772531
132111.6262335000 127384.7628311369
132272.1981798913 137618.8976783402
137892.2163035870 119869.0700527220
126812.7520025869 147693.1241685560
135162.4932149348 128664.0296870374
130666.4787159783 139377.8896052033
136607.6407324565 123866.7789774108
137410.5004644131 122747.4204784979
135483.6371077174 125625.7709042739
130505.9067695869 142096.3316739917
131951.0542871087 138258.5311062904
134359.6334829782 131382.4717558257
131790.4823407174 136819.3558934025
134199.0615365870 125785.6792612614
133877.9176438044 129303.6631149876
131790.4823407174 130742.8383278755
132432.7701262826 125785.6792612614
138373.9321427609 118429.8948398340

127936.7556273261 142416.1483879668
132272.1981798913 139697.7063191785
132432.7701262826 138258.5311062904
130184.7628768044 138098.6227493029
132593.3420726739 136499.5391794274
135804.7810005000 128823.9380440249
138534.5040891522 117470.4446979087
134841.3493221522 114911.9109861079
133556.7737510217 132022.1051837759
132753.9140190652 124346.5040483734
137731.6443571956 120028.9784097095
132593.3420726739 126105.4959752365
131469.3384479348 140657.1564611037
134359.6334829782 118589.8031968216
132593.3420726739 126425.3126892116
128900.1873056739 141136.8815320664
134038.4895901956 120988.4285516348
132272.1981798913 134260.8221816017
131308.7665015435 134100.9138246141
127936.7556273261 145454.4071707303
134841.3493221522 111713.7438463569
127776.1836809348 143695.4152438672
133717.3456974131 126425.3126892116
136125.9248932826 124506.4124053610
134520.2054293696 120988.4285516348
135965.3529468913 125146.0458333112
137410.5004644131 122587.5121215104
129863.6189840217 140657.1564611037
138052.7882499782 119229.4366247718
139176.7918747174 117470.4446979087
131951.0542871087 124666.3207623486
132432.7701262826 130742.8383278755
131308.7665015435 139377.8896052033
132432.7701262826 123067.2371924730
131308.7665015435 130423.0216139004
130827.0506623696 141936.4233170041
133396.2018046304 136499.5391794274
135804.7810005000 127544.6711881245
134841.3493221522 115551.5444140581
132753.9140190652 129463.5714719751
133556.7737510217 128504.1213300498
132432.7701262826 128184.3046160747
129863.6189840217 138898.1645342406
132753.9140190652 138738.2561772531
133717.3456974131 121628.0619795851
133075.0579118478 128823.9380440249
135323.0651613261 129463.5714719751
134038.4895901956 122427.6037645228
130024.1909304131 136659.4475364150

