289640866.0639249086 387181.5571136475
288983102.4539926052 384289.5192565918
295871990.2165897489 407332.5306396484
286492309.5572193265 379737.8632507324
299201883.0289731622 414654.2866210938
303273345.2814042568 423607.9296264648
292926971.0701768994 406373.0504760742
295653786.5238218904 407021.8616943359
301799681.4859980941 422256.2596435547
288472279.7470194697 380495.0338554382
291977750.2760570645 398260.1429443359
299484584.8982629776 421397.6502075195
291274303.7955088615 393727.9588546753
299369592.5024809837 415588.1443786621
289944655.8599382639 389875.8836517334
291676740.6598215103 397221.8666992188
296488916.0035080314 414086.4470825195
