590684811.3624635935 402253.9822692871
585119279.6435011625 396953.4402770996
586708689.9343678951 399684.5228652954
589210335.6479671001 401574.7644958496
596782009.6506376266 416715.0440979004
588156958.5480209589 401354.9050445557
584620692.7356281281 377888.3590316772
605990618.8014118671 418781.8478088379
591444274.0138500929 404777.1802215576
590147886.1223440170 401994.9855194092
591302051.3586630821 403724.9976577759
591487073.9019401073 411603.3200073242
591098042.3627235889 403200.8372344971
582678454.5697413683 375700.3961181641
584019030.9734684229 375706.3778953552
590781166.0113830566 402970.7570495605
