179362299.4606181681 160706.5686645508
181729248.5098451674 167421.7252502441
179298444.9936863780 159773.8958740234
190085975.8164600134 171607.7742004395
179620011.4278125465 161120.8013305664
178636669.3668835163 155400.4296875000
186678065.5406014025 170949.4360046387
186432069.0590033531 170201.4372558594
181510431.4877921343 166302.6157531738
181176577.5283830166 165155.1485290527
189197444.1697181165 171430.0867309570
177492885.3291537464 155187.9001770020
178756859.1746451855 156536.2897796631
184368611.5165416896 169909.3635253906
183574122.7391296625 168343.8666534424
179694641.1030262709 164425.9857864380
