149502552.3544511497 154277.5213775635
158682460.6192584038 172202.1067504883
156020977.7552319169 170855.4310607910
150503371.5875250697 161666.1631011963
151046333.7049957514 163043.9428939819
154681147.9338779747 165882.4537963867
158551745.3712437451 171249.8041687012
147945361.9509526491 154186.5450744629
154678098.3812077045 165001.3933715820
155592256.9487254024 167221.4370422363
153725656.8303620219 164404.7018127441
153373270.1790899038 164380.4511108398
155169799.9318386018 166247.3157348633
150421528.9415811896 159638.1000671387
155718651.6108127534 168064.8856201172
154789690.3335614204 166190.7310333252
151598524.5567558408 163343.2515106201
150220868.3262530565 159566.2087936401
152108509.0164984465 164278.8316040039
149582112.5711482763 158459.6105041504
