130067.0456183983 129835.5215591390
107830.6201833160 106452.7560504854
108950.4401692554 106612.9119786268
128307.3284976364 112698.8372480025
135666.1455480953 135601.1349722317
124627.9199724069 110776.9661103049
120148.6400286494 116862.8913796805
129427.1484835758 125351.1555711781
123828.0485538788 122468.3488646317
128787.2513487533 125190.9996430366
110070.2601551948 112218.3694635781
111510.0287085455 109175.4068288902
107350.6973321991 107573.8475474756
128787.2513487533 124870.6877867537
105750.9544951429 107894.1594037585
125907.7142420520 121347.2573676415
135346.1969806840 106292.6001223439
131986.7370228658 112378.5253917195
124947.8685398182 125991.7792837439
106550.8259136710 106933.2238349098
112149.9258433680 113659.7728168512
123188.1514190563 110456.6542540220
123028.1771353507 105651.9764097781
116629.2057871255 109015.2509007488
126067.6885257576 123909.7522179049
107510.6716159048 108054.3153319000
125747.7399583463 121827.7251520659
122388.2800005281 109655.8746133146
122548.2542842338 120386.3217987927
115829.3343685974 116542.5795233976
108950.4401692554 110776.9661103049
127507.4570791082 123909.7522179049
119668.7171775325 116542.5795233976
123828.0485538788 110456.6542540220
127827.4056465195 118144.1388048122
128147.3542139308 125991.7792837439
124467.9456887013 111097.2779665878
132786.6084413940 133038.6401219683
128787.2513487533 123749.5962897634
132626.6341576883 132237.8604812610
129427.1484835758 128554.2741340073
127667.4313628139 111737.9016791537
129107.1999161645 115741.7998826902
114549.5400989524 111257.4338947293
124147.9971212900 109015.2509007488
128627.2770650476 124069.9081460463
131506.8141717489 106132.4441942024
110550.1830063117 110937.1220384464
126227.6628094632 106292.6001223439
119508.7428938268 111097.2779665878
124787.8942561126 109655.8746133146
109750.3115877835 106612.9119786268
125747.7399583463 122788.6607209146
124147.9971212900 122148.0370083488
115989.3086523030 116862.8913796805
136306.0426829178 105171.5086253537
125427.7913909351 108855.0949726073
125107.8428235238 120706.6336550756
125107.8428235238 125671.4674274610
115029.4629500693 109175.4068288902
135026.2484132728 134640.1994033830
129427.1484835758 117503.5150922464
116629.2057871255 112538.6813198610
104951.0830766147 107573.8475474756
111190.0801411342 107734.0034756171
131186.8656043377 130956.6130561293
118708.8714752987 111898.0576072951
121588.4085820000 118784.7625173781
115989.3086523030 106612.9119786268
116309.2572197143 117503.5150922464
114069.6172478355 106452.7560504854
114549.5400989524 115741.7998826902
124787.8942561126 120386.3217987927
123988.0228375844 120226.1658706512
122068.3314331169 115421.4880264073
127027.5342279913 113819.9287449927
119028.8200427100 110616.8101821634
136466.0169666234 136241.7586847976
138225.7340873853 106132.4441942024
117269.1029219480 111577.7457510122
129267.1741998701 108054.3153319000
118548.8971915931 105972.2882660610
128467.3027813420 105812.1323379195
130227.0199021039 112698.8372480025
124627.9199724069 109495.7186851732
110390.2087226061 109976.1864695976
121268.4600145888 119425.3862299439
126067.6885257576 111577.7457510122
127667.4313628139 114620.7083857000
125747.7399583463 114620.7083857000
116469.2315034199 108374.6271881829
123988.0228375844 119265.2303018024
117269.1029219480 118784.7625173781
106870.7744810822 106452.7560504854
122868.2028516450 116542.5795233976
114069.6172478355 108054.3153319000
120468.5885960606 105651.9764097781
129587.1227672814 128714.4300621488
121108.4857308831 119905.8540143683
131186.8656043377 112538.6813198610
124947.8685398182 105491.8204816366
125427.7913909351 108054.3153319000
117109.1286382424 115741.7998826902
132946.5827250996 131276.9249124122
121108.4857308831 114941.0202419829
105271.0316440260 107093.3797630512
123028.1771353507 113019.1491042854
123188.1514190563 108855.0949726073
125427.7913909351 124390.2200023293
127187.5085116970 108855.0949726073
129907.0713346926 129515.2097028561
129107.1999161645 128554.2741340073
117749.0257730649 109175.4068288902
126387.6370931688 114780.8643138415
131986.7370228658 131917.5486249781
113109.7715456017 106132.4441942024
113589.6943967186 106612.9119786268
130546.9684695152 110937.1220384464
123348.1257027619 109175.4068288902
128627.2770650476 117343.3591641049
119348.7686101212 107894.1594037585
134706.2998458615 133999.5756908171
123348.1257027619 122788.6607209146
122708.2285679394 106773.0679067683
115189.4372337749 113499.6168887098
127827.4056465195 118304.2947329537
117909.0000567706 113179.3050324268
111829.9772759567 107573.8475474756
118548.8971915931 119905.8540143683
113109.7715456017 111898.0576072951
120948.5114471775 120546.4777269342
126867.5599442857 113659.7728168512
127027.5342279913 120226.1658706512
109430.3630203723 109335.5627570317
119188.7943264156 118464.4506610951
108790.4658855498 110616.8101821634
106550.8259136710 107734.0034756171
120148.6400286494 105651.9764097781
124307.9714049957 108374.6271881829
121748.3828657056 109015.2509007488
132146.7113065714 107093.3797630512
124947.8685398182 123108.9725771976
127347.4827954026 124710.5318586122
124947.8685398182 120706.6336550756
115509.3858011862 105812.1323379195
112309.9001270736 107573.8475474756
137265.8883851515 106132.4441942024
111510.0287085455 107894.1594037585

134706.2998458615 134319.8875471000
133906.4284273334 133038.6401219683
133586.4798599221 132718.3282656854
132946.5827250996 131917.5486249781
131506.8141717489 131757.3926968366
129747.0970509870 129675.3656309976
130866.9170369264 128714.4300621488
127507.4570791082 127753.4944933000
129267.1741998701 127433.1826370171
128147.3542139308 127112.8707807342
125267.8171072294 126151.9352118854
125267.8171072294 125511.3114993195
127027.5342279913 125511.3114993195
130067.0456183983 125190.9996430366
124467.9456887013 124870.6877867537
125907.7142420520 124870.6877867537
126387.6370931688 124069.9081460463
130227.0199021039 123909.7522179049
127827.4056465195 123429.2844334805
128947.2256324589 123429.2844334805
124147.9971212900 122788.6607209146
124627.9199724069 122788.6607209146
122388.2800005281 122628.5047927732
125907.7142420520 122628.5047927732
129107.1999161645 121987.8810802073
120468.5885960606 121667.5692239244
125427.7913909351 121667.5692239244
121108.4857308831 120706.6336550756
119028.8200427100 120546.4777269342
122548.2542842338 120546.4777269342
118708.8714752987 120226.1658706512
124947.8685398182 120226.1658706512
120468.5885960606 120066.0099425098
124307.9714049957 120066.0099425098
119188.7943264156 119585.5421580854
123988.0228375844 119425.3862299439
118708.8714752987 119265.2303018024
120788.5371634719 119105.0743736610
119988.6657449437 118784.7625173781
122388.2800005281 118624.6065892366
129747.0970509870 118464.4506610951
120468.5885960606 118144.1388048122
119508.7428938268 117823.8269485293
125267.8171072294 117823.8269485293
125267.8171072294 117023.0473078220
126707.5856605801 116702.7354515390
120148.6400286494 116382.4235952561
120628.5628797662 116222.2676671146
113749.6686804242 115581.6439545488
128147.3542139308 115581.6439545488
120628.5628797662 115421.4880264073
128787.2513487533 115421.4880264073
116149.2829360087 115261.3320982659
120308.6143123550 115101.1761701244
125107.8428235238 115101.1761701244
126867.5599442857 115101.1761701244
113109.7715456017 114780.8643138415
117909.0000567706 114780.8643138415
116309.2572197143 114620.7083857000
124627.9199724069 114620.7083857000
115669.3600848918 114460.5524575586
127027.5342279913 113499.6168887098
114869.4886663636 113339.4609605683
123348.1257027619 113339.4609605683
129747.0970509870 113339.4609605683
116789.1800708312 113179.3050324268
111829.9772759567 112858.9931761439
126067.6885257576 112858.9931761439
122228.3057168225 112058.2135354366
129907.0713346926 112058.2135354366
110870.1315737229 111898.0576072951
124467.9456887013 111898.0576072951
130706.9427532208 111898.0576072951
114709.5143826580 111737.9016791537
118868.8457590043 111737.9016791537
109110.4144529610 111097.2779665878
119028.8200427100 111097.2779665878
111030.1058574286 110937.1220384464
114389.5658152468 110937.1220384464
122548.2542842338 110616.8101821634
126547.6113768745 110616.8101821634
118068.9743404762 110456.6542540220
108950.4401692554 110136.3423977390
115349.4115174805 110136.3423977390
118068.9743404762 110136.3423977390
120788.5371634719 110136.3423977390
130067.0456183983 109976.1864695976
108950.4401692554 109816.0305414561
118068.9743404762 109816.0305414561
110550.1830063117 109655.8746133146
117589.0514893593 109655.8746133146
107670.6458996104 109495.7186851732
114869.4886663636 109335.5627570317
113589.6943967186 109175.4068288902
124947.8685398182 109175.4068288902
133106.5570088052 109015.2509007488
119828.6914612381 108694.9390444659
106550.8259136710 108534.7831163244
115669.3600848918 108534.7831163244
127027.5342279913 108534.7831163244
108470.5173181385 108054.3153319000
109270.3887366667 108054.3153319000
111510.0287085455 107894.1594037585
133906.4284273334 107734.0034756171
120148.6400286494 107573.8475474756
121588.4085820000 107573.8475474756
105590.9802114372 107413.6916193341
128307.3284976364 107413.6916193341
131186.8656043377 107413.6916193341
107830.6201833160 107093.3797630512
110230.2344389004 107093.3797630512
115189.4372337749 107093.3797630512
109270.3887366667 106933.2238349098
118548.8971915931 106933.2238349098
121748.3828657056 106933.2238349098
133746.4541436277 106612.9119786268
123508.0999864675 106452.7560504854
119028.8200427100 106292.6001223439
109430.3630203723 106132.4441942024
113589.6943967186 105972.2882660610
123348.1257027619 105972.2882660610
134386.3512784502 105812.1323379195
115829.3343685974 105651.9764097781
127987.3799302251 105491.8204816366
129907.0713346926 105491.8204816366
131346.8398880433 105491.8204816366
126707.5856605801 105331.6645534951
127827.4056465195 105331.6645534951
128787.2513487533 105171.5086253537
132626.6341576883 105171.5086253537
137745.8112362684 105011.3526972122
127187.5085116970 111737.9016791537
129587.1227672814 120706.6336550756
115669.3600848918 117023.0473078220
124147.9971212900 106452.7560504854
116629.2057871255 109175.4068288902
117749.0257730649 117503.5150922464
119668.7171775325 112698.8372480025
117109.1286382424 115901.9558108317
128947.2256324589 112218.3694635781
131186.8656043377 105171.5086253537
132466.6598739827 109976.1864695976
131026.8913206320 112218.3694635781
120468.5885960606 106452.7560504854
106230.8773462597 106132.4441942024
113269.7458293074 108855.0949726073
124947.8685398182 117343.3591641049
125587.7656746407 123269.1285053390

131986.7370228658 129995.6774872805
128147.3542139308 107573.8475474756
127507.4570791082 128233.9622777244
127027.5342279913 123589.4403616219
112949.7972618961 106132.4441942024
126387.6370931688 110937.1220384464
129907.0713346926 125511.3114993195
125427.7913909351 122308.1929364902
115189.4372337749 108374.6271881829
117909.0000567706 111097.2779665878
117429.0772056537 109816.0305414561
124147.9971212900 111737.9016791537
126707.5856605801 111577.7457510122
130227.0199021039 124870.6877867537
130227.0199021039 121347.2573676415
114069.6172478355 112378.5253917195
114069.6172478355 116062.1117389732
123348.1257027619 122948.8166490561
107670.6458996104 106132.4441942024
124947.8685398182 107573.8475474756
127187.5085116970 117343.3591641049
131826.7627391602 107413.6916193341
111829.9772759567 109976.1864695976
126387.6370931688 123909.7522179049
131026.8913206320 108054.3153319000
121748.3828657056 115901.9558108317
129587.1227672814 129194.8978465732
119188.7943264156 110456.6542540220
108950.4401692554 108054.3153319000
119828.6914612381 108374.6271881829
131026.8913206320 107573.8475474756
120788.5371634719 106612.9119786268
129107.1999161645 114780.8643138415
127667.4313628139 118464.4506610951
125907.7142420520 105972.2882660610
119508.7428938268 112058.2135354366
118388.9229078874 110937.1220384464
128147.3542139308 112538.6813198610
118548.8971915931 105651.9764097781
131826.7627391602 106132.4441942024
105271.0316440260 106773.0679067683
132306.6855902771 109655.8746133146
130546.9684695152 105651.9764097781
117749.0257730649 112378.5253917195
122068.3314331169 114941.0202419829
122548.2542842338 112378.5253917195
106390.8516299654 106292.6001223439
128307.3284976364 123429.2844334805
127027.5342279913 105491.8204816366
111030.1058574286 111097.2779665878
127187.5085116970 106452.7560504854
111190.0801411342 111097.2779665878
113749.6686804242 110937.1220384464
128787.2513487533 127753.4944933000
136146.0683992121 108054.3153319000
114549.5400989524 109976.1864695976
112309.9001270736 111577.7457510122
121108.4857308831 110456.6542540220
136785.9655340347 136562.0705410805
123348.1257027619 121507.4132957829
110870.1315737229 110296.4983258805
115189.4372337749 116062.1117389732
114709.5143826580 116062.1117389732
121748.3828657056 122628.5047927732
111510.0287085455 109655.8746133146
105431.0059277316 107413.6916193341
130386.9941858095 123749.5962897634
111350.0544248398 108855.0949726073
123188.1514190563 107253.5356911927
124787.8942561126 123909.7522179049
121588.4085820000 106452.7560504854
125587.7656746407 105331.6645534951
137425.8626688572 137362.8501817878
129747.0970509870 129995.6774872805
118708.8714752987 111417.5898228707
125427.7913909351 107413.6916193341
110710.1572900173 105972.2882660610
132146.7113065714 110616.8101821634
116789.1800708312 114780.8643138415
131986.7370228658 106933.2238349098
124947.8685398182 113499.6168887098
130706.9427532208 127112.8707807342
116309.2572197143 106773.0679067683
119188.7943264156 119905.8540143683
125267.8171072294 111257.4338947293
114869.4886663636 109495.7186851732
129267.1741998701 110456.6542540220
122708.2285679394 123269.1285053390
117589.0514893593 118944.9184455195
126227.6628094632 119585.5421580854
123028.1771353507 108694.9390444659
109910.2858714892 108214.4712600415
126547.6113768745 126792.5589244512
134546.3255621559 109015.2509007488
130227.0199021039 110136.3423977390
117109.1286382424 110136.3423977390
127027.5342279913 113980.0846731342
113589.6943967186 109015.2509007488
123668.0742701732 115101.1761701244
123988.0228375844 107413.6916193341
125427.7913909351 109015.2509007488
133106.5570088052 131597.2367686951
123508.0999864675 121827.7251520659
123828.0485538788 117983.9828766707
129907.0713346926 129675.3656309976
125747.7399583463 121667.5692239244
111350.0544248398 112058.2135354366
119188.7943264156 116382.4235952561
135026.2484132728 105812.1323379195
131026.8913206320 130796.4571279878
116629.2057871255 116542.5795233976
123668.0742701732 119585.5421580854
124467.9456887013 109175.4068288902
126547.6113768745 124710.5318586122
128467.3027813420 126632.4029963098
135826.1198318009 135761.2909003732
120788.5371634719 115101.1761701244
129747.0970509870 124870.6877867537
113269.7458293074 106612.9119786268
123668.0742701732 119105.0743736610
128467.3027813420 109015.2509007488
135026.2484132728 105011.3526972122
104791.1087929091 106452.7560504854
115189.4372337749 108054.3153319000
125907.7142420520 123589.4403616219
135186.2226969784 134800.3553315244
120628.5628797662 121347.2573676415
129427.1484835758 107093.3797630512
120148.6400286494 109495.7186851732
124307.9714049957 123429.2844334805
130386.9941858095 123429.2844334805
130546.9684695152 105171.5086253537
115349.4115174805 107253.5356911927
124627.9199724069 106773.0679067683
114069.6172478355 106612.9119786268
130546.9684695152 124069.9081460463
123188.1514190563 112858.9931761439
135186.2226969784 135280.8231159488
118708.8714752987 117183.2032359634
123668.0742701732 105812.1323379195
121748.3828657056 114780.8643138415
135346.1969806840 106292.6001223439
121108.4857308831 109495.7186851732
113909.6429641299 112698.8372480025
107030.7487647879 107253.5356911927
128147.3542139308 128394.1182058658
128467.3027813420 106612.9119786268
125267.8171072294 109816.0305414561

128307.3284976364 117663.6710203878
124147.9971212900 112858.9931761439
128467.3027813420 110776.9661103049
130386.9941858095 113499.6168887098
111989.9515596623 110776.9661103049
124467.9456887013 122148.0370083488
115509.3858011862 114780.8643138415
118548.8971915931 112698.8372480025
127027.5342279913 108855.0949726073
126387.6370931688 108214.4712600415
118068.9743404762 110296.4983258805
132146.7113065714 108214.4712600415
128467.3027813420 113659.7728168512
124947.8685398182 123589.4403616219
120788.5371634719 119905.8540143683
127027.5342279913 117823.8269485293
128467.3027813420 118944.9184455195
122708.2285679394 107734.0034756171
107830.6201833160 108374.6271881829
124307.9714049957 122948.8166490561
120308.6143123550 108534.7831163244
132946.5827250996 107253.5356911927
129587.1227672814 128394.1182058658
112949.7972618961 112218.3694635781
131666.7884554545 111257.4338947293
116469.2315034199 112858.9931761439
107350.6973321991 107573.8475474756
134386.3512784502 133519.1079063927
126547.6113768745 114780.8643138415
128307.3284976364 124069.9081460463
105590.9802114372 106452.7560504854
133106.5570088052 133038.6401219683
118388.9229078874 119265.2303018024
116469.2315034199 109816.0305414561
126867.5599442857 112378.5253917195
134066.4027110390 133999.5756908171
119988.6657449437 107253.5356911927
120628.5628797662 105651.9764097781
115509.3858011862 105651.9764097781
128627.2770650476 105651.9764097781
124947.8685398182 108534.7831163244
128627.2770650476 129194.8978465732
116469.2315034199 109495.7186851732
112629.8486944849 112538.6813198610
137265.8883851515 105491.8204816366
116629.2057871255 110776.9661103049
110870.1315737229 109655.8746133146
130866.9170369264 112858.9931761439
128147.3542139308 125991.7792837439
123828.0485538788 122308.1929364902
124307.9714049957 109495.7186851732
115669.3600848918 114780.8643138415
118868.8457590043 115741.7998826902
128307.3284976364 126632.4029963098
120788.5371634719 115261.3320982659
124467.9456887013 107894.1594037585
113109.7715456017 109816.0305414561
127507.4570791082 108054.3153319000
130706.9427532208 112378.5253917195
123348.1257027619 117023.0473078220
115349.4115174805 113339.4609605683
125267.8171072294 108214.4712600415
122868.2028516450 111737.9016791537
129907.0713346926 106452.7560504854
129427.1484835758 112858.9931761439
115029.4629500693 114780.8643138415
122388.2800005281 123269.1285053390
128787.2513487533 119745.6980862268
126227.6628094632 107093.3797630512
131506.8141717489 131276.9249124122
127027.5342279913 113980.0846731342
134066.4027110390 108694.9390444659
123028.1771353507 113819.9287449927
111510.0287085455 106452.7560504854
115029.4629500693 113659.7728168512
121908.3571494113 112058.2135354366
117429.0772056537 114780.8643138415
125427.7913909351 120386.3217987927
131666.7884554545 110776.9661103049
117589.0514893593 117343.3591641049
113909.6429641299 113339.4609605683
130706.9427532208 109976.1864695976
111829.9772759567 113659.7728168512
131506.8141717489 106292.6001223439
126547.6113768745 127112.8707807342
107030.7487647879 109495.7186851732
113909.6429641299 106132.4441942024
128947.2256324589 117823.8269485293
127507.4570791082 116542.5795233976
113429.7201130130 112218.3694635781
107030.7487647879 105972.2882660610
128627.2770650476 125831.6233556025
134386.3512784502 109335.5627570317
119348.7686101212 117023.0473078220
116789.1800708312 106933.2238349098
126867.5599442857 117023.0473078220
127027.5342279913 107573.8475474756
116469.2315034199 113019.1491042854
128947.2256324589 112218.3694635781
127667.4313628139 124710.5318586122
124147.9971212900 119585.5421580854
126547.6113768745 115901.9558108317
128787.2513487533 126952.7148525927
126067.6885257576 123429.2844334805
115349.4115174805 115101.1761701244
133106.5570088052 106132.4441942024
111030.1058574286 108374.6271881829
115669.3600848918 115421.4880264073
128467.3027813420 123429.2844334805
138705.6569385022 105331.6645534951
122068.3314331169 106292.6001223439
132466.6598739827 107253.5356911927
119508.7428938268 108374.6271881829
127667.4313628139 121187.1014395000
114389.5658152468 107573.8475474756
128947.2256324589 124710.5318586122
123348.1257027619 117663.6710203878
129107.1999161645 118624.6065892366
121588.4085820000 122468.3488646317
135186.2226969784 109015.2509007488
132146.7113065714 112218.3694635781
123988.0228375844 111417.5898228707
127507.4570791082 122468.3488646317
130706.9427532208 129034.7419184317
113429.7201130130 113019.1491042854
121748.3828657056 107894.1594037585
130067.0456183983 105651.9764097781
107030.7487647879 108534.7831163244
127987.3799302251 125511.3114993195
123668.0742701732 111737.9016791537
128307.3284976364 110296.4983258805
130067.0456183983 126472.2470681683
133906.4284273334 110456.6542540220
129267.1741998701 125671.4674274610
137425.8626688572 105171.5086253537
127667.4313628139 113339.4609605683
129747.0970509870 112058.2135354366
132786.6084413940 109015.2509007488
124627.9199724069 107413.6916193341
124787.8942561126 108214.4712600415
125267.8171072294 106773.0679067683
124467.9456887013 123269.1285053390
118068.9743404762 115901.9558108317
124947.8685398182 125671.4674274610
124787.8942561126 107734.0034756171
115509.3858011862 106612.9119786268
115189.4372337749 105651.9764097781
120948.5114471775 109816.0305414561

116949.1543545368 113019.1491042854
125427.7913909351 108855.0949726073
131026.8913206320 126952.7148525927
127507.4570791082 107734.0034756171
132946.5827250996 132878.4841938269
121748.3828657056 111257.4338947293
125907.7142420520 110456.6542540220
107510.6716159048 108534.7831163244
113909.6429641299 115261.3320982659
127987.3799302251 127273.0267088756
107510.6716159048 109495.7186851732
121428.4342982944 118304.2947329537
124467.9456887013 109495.7186851732
135986.0941155065 108534.7831163244
109590.3373040779 108855.0949726073
129427.1484835758 117983.9828766707
126227.6628094632 118944.9184455195
120948.5114471775 105972.2882660610
110070.2601551948 110136.3423977390
128467.3027813420 108534.7831163244
112949.7972618961 111417.5898228707
133266.5312925108 106452.7560504854
136306.0426829178 106292.6001223439
127507.4570791082 112058.2135354366
129267.1741998701 118784.7625173781
110550.1830063117 110616.8101821634
129587.1227672814 124069.9081460463
124307.9714049957 121667.5692239244
123348.1257027619 119745.6980862268
114869.4886663636 115581.6439545488
121908.3571494113 109655.8746133146
116789.1800708312 107093.3797630512
128147.3542139308 125190.9996430366
125587.7656746407 125190.9996430366
117269.1029219480 118464.4506610951
129427.1484835758 128714.4300621488
127827.4056465195 121987.8810802073
125747.7399583463 110937.1220384464
123988.0228375844 106452.7560504854
124147.9971212900 109175.4068288902
111670.0029922511 107894.1594037585
131986.7370228658 108534.7831163244
124147.9971212900 119585.5421580854
136466.0169666234 136081.6027566561
105750.9544951429 107573.8475474756
123828.0485538788 107894.1594037585
118228.9486241818 108374.6271881829
105271.0316440260 107093.3797630512
127187.5085116970 111577.7457510122
127667.4313628139 125190.9996430366
119508.7428938268 107413.6916193341
117109.1286382424 107573.8475474756
127827.4056465195 125030.8437148951
128147.3542139308 114941.0202419829
116309.2572197143 117503.5150922464
125587.7656746407 116062.1117389732
130067.0456183983 128714.4300621488
118708.8714752987 112698.8372480025
129587.1227672814 125511.3114993195
131826.7627391602 107093.3797630512
129907.0713346926 105331.6645534951
111829.9772759567 111257.4338947293
129907.0713346926 119745.6980862268
130227.0199021039 110136.3423977390
129427.1484835758 129034.7419184317
121268.4600145888 111257.4338947293
125427.7913909351 123749.5962897634
127987.3799302251 117823.8269485293
125267.8171072294 107253.5356911927
113429.7201130130 112058.2135354366
127827.4056465195 123269.1285053390
124307.9714049957 124390.2200023293
128627.2770650476 107894.1594037585
116949.1543545368 110136.3423977390
123508.0999864675 105491.8204816366
129587.1227672814 122948.8166490561
124947.8685398182 124710.5318586122
126867.5599442857 119745.6980862268
109750.3115877835 111737.9016791537
130386.9941858095 129194.8978465732
120468.5885960606 117663.6710203878
127187.5085116970 119585.5421580854
111510.0287085455 108694.9390444659
129107.1999161645 127433.1826370171
112309.9001270736 111097.2779665878
133906.4284273334 105972.2882660610
115189.4372337749 107573.8475474756
120948.5114471775 118304.2947329537
113269.7458293074 113659.7728168512
122548.2542842338 119905.8540143683
126867.5599442857 124069.9081460463
128947.2256324589 108694.9390444659
130706.9427532208 125511.3114993195
128627.2770650476 118464.4506610951
129747.0970509870 110456.6542540220
103671.2888069697 106132.4441942024
131666.7884554545 109335.5627570317
129107.1999161645 129675.3656309976
127987.3799302251 125351.1555711781
130067.0456183983 108374.6271881829
123988.0228375844 122308.1929364902
124627.9199724069 114460.5524575586
114549.5400989524 105972.2882660610
127347.4827954026 109495.7186851732
126227.6628094632 121347.2573676415
115989.3086523030 109335.5627570317
127827.4056465195 105491.8204816366
123988.0228375844 124710.5318586122
121588.4085820000 115741.7998826902
126387.6370931688 108054.3153319000
129747.0970509870 119585.5421580854
128787.2513487533 107573.8475474756
119828.6914612381 118784.7625173781
114869.4886663636 107734.0034756171
132306.6855902771 110136.3423977390
124627.9199724069 122468.3488646317
121588.4085820000 108374.6271881829
116309.2572197143 105812.1323379195
113749.6686804242 110296.4983258805
127187.5085116970 122628.5047927732
121588.4085820000 118144.1388048122
128307.3284976364 115581.6439545488
123828.0485538788 123429.2844334805
115829.3343685974 106612.9119786268
111350.0544248398 113179.3050324268
104471.1602254978 106933.2238349098
121428.4342982944 107253.5356911927
130706.9427532208 129355.0537747146
130706.9427532208 105171.5086253537
117269.1029219480 109495.7186851732
127827.4056465195 108054.3153319000
126067.6885257576 125190.9996430366
135346.1969806840 105171.5086253537
129427.1484835758 123269.1285053390
123508.0999864675 114300.3965294171
114389.5658152468 112058.2135354366
135186.2226969784 105812.1323379195
123668.0742701732 121347.2573676415
131666.7884554545 110296.4983258805
107670.6458996104 107253.5356911927
138065.7598036797 105491.8204816366
127827.4056465195 112378.5253917195
121268.4600145888 119425.3862299439
128627.2770650476 105171.5086253537
108310.5430344329 106612.9119786268
121428.4342982944 119745.6980862268
128147.3542139308 121507.4132957829
116469.2315034199 106132.4441942024

135346.1969806840 135280.8231159488
134706.2998458615 134319.8875471000
132466.6598739827 132718.3282656854
132466.6598739827 132237.8604812610
133106.5570088052 132077.7045531195
131346.8398880433 131437.0808405537
130706.9427532208 130155.8334154220
129587.1227672814 129995.6774872805
130386.9941858095 129675.3656309976
129427.1484835758 128874.5859902903
128467.3027813420 128554.2741340073
130227.0199021039 128394.1182058658
127827.4056465195 128233.9622777244
130067.0456183983 127753.4944933000
131026.8913206320 127433.1826370171
129427.1484835758 126312.0911400269
128467.3027813420 125351.1555711781
126067.6885257576 125190.9996430366
126867.5599442857 125190.9996430366
128467.3027813420 124870.6877867537
126067.6885257576 124710.5318586122
125747.7399583463 123749.5962897634
125587.7656746407 123269.1285053390
128947.2256324589 123108.9725771976
125747.7399583463 121827.7251520659
122068.3314331169 120706.6336550756
128307.3284976364 119745.6980862268
123348.1257027619 119425.3862299439
124467.9456887013 119105.0743736610
121748.3828657056 118464.4506610951
124467.9456887013 118464.4506610951
127827.4056465195 118464.4506610951
118868.8457590043 118144.1388048122
124147.9971212900 118144.1388048122
126067.6885257576 118144.1388048122
127667.4313628139 117823.8269485293
120948.5114471775 117503.5150922464
115829.3343685974 117183.2032359634
125267.8171072294 116862.8913796805
120308.6143123550 116542.5795233976
119188.7943264156 116382.4235952561
120148.6400286494 116382.4235952561
117269.1029219480 115101.1761701244
124787.8942561126 115101.1761701244
125587.7656746407 115101.1761701244
114389.5658152468 114941.0202419829
124467.9456887013 114941.0202419829
127827.4056465195 114620.7083857000
115669.3600848918 114460.5524575586
117909.0000567706 114300.3965294171
129267.1741998701 114300.3965294171
113589.6943967186 113819.9287449927
124787.8942561126 113819.9287449927
127347.4827954026 113819.9287449927
127987.3799302251 113819.9287449927
125267.8171072294 113499.6168887098
123668.0742701732 113019.1491042854
128787.2513487533 113019.1491042854
112469.8744107792 112858.9931761439
125427.7913909351 112698.8372480025
111190.0801411342 112378.5253917195
120148.6400286494 112378.5253917195
128627.2770650476 112218.3694635781
131986.7370228658 112218.3694635781
117909.0000567706 112058.2135354366
117749.0257730649 111737.9016791537
109110.4144529610 111097.2779665878
123828.0485538788 111097.2779665878
124627.9199724069 111097.2779665878
113269.7458293074 110776.9661103049
132466.6598739827 110776.9661103049
113429.7201130130 110456.6542540220
114869.4886663636 109976.1864695976
113909.6429641299 109816.0305414561
107670.6458996104 109495.7186851732
111829.9772759567 109175.4068288902
120468.5885960606 109015.2509007488
122708.2285679394 108855.0949726073
132306.6855902771 108694.9390444659
106550.8259136710 108534.7831163244
127027.5342279913 108534.7831163244
110230.2344389004 108374.6271881829
120948.5114471775 108374.6271881829
112629.8486944849 108214.4712600415
109430.3630203723 107894.1594037585
122868.2028516450 107894.1594037585
130866.9170369264 107894.1594037585
115669.3600848918 107734.0034756171
122548.2542842338 107734.0034756171
130866.9170369264 107734.0034756171
120148.6400286494 107573.8475474756
121428.4342982944 107573.8475474756
131826.7627391602 107573.8475474756
109430.3630203723 107413.6916193341
136306.0426829178 107413.6916193341
112949.7972618961 107253.5356911927
111350.0544248398 107093.3797630512
119508.7428938268 107093.3797630512
124307.9714049957 106933.2238349098
127987.3799302251 106933.2238349098
105271.0316440260 106773.0679067683
115829.3343685974 106773.0679067683
116789.1800708312 106612.9119786268
137905.7855199740 106612.9119786268
108790.4658855498 106452.7560504854
124627.9199724069 106452.7560504854
134386.3512784502 106452.7560504854
127347.4827954026 106292.6001223439
108630.4916018442 105972.2882660610
121428.4342982944 105812.1323379195
127827.4056465195 105812.1323379195
131986.7370228658 105812.1323379195
122868.2028516450 105491.8204816366
136466.0169666234 105491.8204816366
124147.9971212900 105331.6645534951
138065.7598036797 105011.3526972122
115669.3600848918 113339.4609605683
120628.5628797662 113980.0846731342
126707.5856605801 117503.5150922464
116789.1800708312 107573.8475474756
113589.6943967186 105972.2882660610
126067.6885257576 113819.9287449927
122708.2285679394 112378.5253917195
130546.9684695152 123589.4403616219
124627.9199724069 112698.8372480025
117589.0514893593 108855.0949726073
118388.9229078874 118944.9184455195
123668.0742701732 110776.9661103049
113909.6429641299 113179.3050324268
131826.7627391602 108054.3153319000
110550.1830063117 111737.9016791537
128467.3027813420 121827.7251520659
121108.4857308831 105491.8204816366
109110.4144529610 107253.5356911927
110230.2344389004 108694.9390444659
131506.8141717489 131757.3926968366
120148.6400286494 115421.4880264073
117109.1286382424 115901.9558108317
129267.1741998701 122468.3488646317
124467.9456887013 114620.7083857000
123348.1257027619 117343.3591641049
128947.2256324589 118144.1388048122
126387.6370931688 124069.9081460463
127987.3799302251 120546.4777269342
131346.8398880433 111898.0576072951
120628.5628797662 118464.4506610951
122868.2028516450 123269.1285053390
123508.0999864675 118144.1388048122

131346.8398880433 131437.0808405537
130546.9684695152 131116.7689842707
132466.6598739827 130636.3011998464
131346.8398880433 130476.1452717049
130706.9427532208 128874.5859902903
127347.4827954026 126472.2470681683
129427.1484835758 126312.0911400269
128467.3027813420 124870.6877867537
129107.1999161645 121347.2573676415
118388.9229078874 118624.6065892366
127827.4056465195 118464.4506610951
115829.3343685974 117183.2032359634
115349.4115174805 112698.8372480025
124627.9199724069 112538.6813198610
128947.2256324589 112058.2135354366
123828.0485538788 111097.2779665878
121908.3571494113 110937.1220384464
113429.7201130130 110776.9661103049
118228.9486241818 110136.3423977390
125267.8171072294 109655.8746133146
109110.4144529610 109015.2509007488
113269.7458293074 108855.0949726073
120948.5114471775 108374.6271881829
109910.2858714892 106773.0679067683
115829.3343685974 106773.0679067683
116789.1800708312 106612.9119786268
137905.7855199740 106612.9119786268
112949.7972618961 106452.7560504854
124627.9199724069 106452.7560504854
138065.7598036797 105011.3526972122
119028.8200427100 110296.4983258805
126227.6628094632 118464.4506610951
130067.0456183983 123909.7522179049
128467.3027813420 122948.8166490561
117269.1029219480 112058.2135354366
124307.9714049957 113819.9287449927
121908.3571494113 117503.5150922464
129747.0970509870 110456.6542540220
136146.0683992121 105491.8204816366
111829.9772759567 109175.4068288902
128467.3027813420 110616.8101821634
130546.9684695152 123108.9725771976
106870.7744810822 109015.2509007488
121588.4085820000 115101.1761701244
120628.5628797662 107253.5356911927
125427.7913909351 124230.0640741878
124467.9456887013 111097.2779665878
125587.7656746407 106933.2238349098
135186.2226969784 105171.5086253537
125587.7656746407 115101.1761701244
136466.0169666234 107894.1594037585
120628.5628797662 119745.6980862268
128787.2513487533 129515.2097028561
114549.5400989524 110937.1220384464
127827.4056465195 108054.3153319000
129427.1484835758 109335.5627570317
133586.4798599221 106292.6001223439
130067.0456183983 124710.5318586122
131026.8913206320 127433.1826370171
113909.6429641299 112538.6813198610
130227.0199021039 110296.4983258805
124787.8942561126 105491.8204816366
129587.1227672814 127273.0267088756
119348.7686101212 119905.8540143683
117909.0000567706 113019.1491042854
128467.3027813420 127273.0267088756
120628.5628797662 120546.4777269342
129587.1227672814 119425.3862299439
128627.2770650476 121187.1014395000
131026.8913206320 128073.8063495829
124307.9714049957 106773.0679067683
124307.9714049957 108214.4712600415
116949.1543545368 111257.4338947293
129107.1999161645 121987.8810802073
133266.5312925108 105651.9764097781
126387.6370931688 105812.1323379195
110070.2601551948 112058.2135354366
113269.7458293074 109976.1864695976
127987.3799302251 108855.0949726073
123828.0485538788 106612.9119786268
116309.2572197143 116062.1117389732
125747.7399583463 121827.7251520659
122228.3057168225 120546.4777269342
120148.6400286494 121026.9455113585
129907.0713346926 113499.6168887098
115189.4372337749 113659.7728168512
113429.7201130130 107093.3797630512
131026.8913206320 107894.1594037585
109270.3887366667 107734.0034756171
117909.0000567706 118944.9184455195
124947.8685398182 110937.1220384464
115349.4115174805 113659.7728168512
125907.7142420520 108214.4712600415
128147.3542139308 115421.4880264073
123188.1514190563 109495.7186851732
127507.4570791082 126952.7148525927
125267.8171072294 123749.5962897634
117589.0514893593 118464.4506610951
107670.6458996104 109655.8746133146
135346.1969806840 135440.9790440903
123188.1514190563 120066.0099425098
106230.8773462597 106773.0679067683
119188.7943264156 118784.7625173781
122068.3314331169 120866.7895832171
135666.1455480953 135120.6671878074
113909.6429641299 109816.0305414561
115829.3343685974 116542.5795233976
121748.3828657056 122948.8166490561
122548.2542842338 108054.3153319000
127187.5085116970 122948.8166490561
126867.5599442857 108374.6271881829
126067.6885257576 116702.7354515390
133906.4284273334 133679.2638345342
110230.2344389004 109495.7186851732
122388.2800005281 118464.4506610951
127987.3799302251 116542.5795233976
129107.1999161645 113019.1491042854
127667.4313628139 124230.0640741878
133906.4284273334 105812.1323379195
138385.7083710909 105812.1323379195
118068.9743404762 105812.1323379195
125267.8171072294 108054.3153319000
131026.8913206320 112218.3694635781
128787.2513487533 116542.5795233976
132946.5827250996 108054.3153319000
129267.1741998701 107894.1594037585
113429.7201130130 107734.0034756171
104311.1859417922 106132.4441942024
129747.0970509870 105812.1323379195
133746.4541436277 108214.4712600415
121108.4857308831 119905.8540143683
127987.3799302251 123909.7522179049
129907.0713346926 124390.2200023293
115189.4372337749 106292.6001223439
129907.0713346926 110616.8101821634
111190.0801411342 112538.6813198610
128947.2256324589 122948.8166490561
121588.4085820000 113819.9287449927
115509.3858011862 116382.4235952561
120308.6143123550 116542.5795233976
126867.5599442857 105491.8204816366
127667.4313628139 121187.1014395000
128147.3542139308 115741.7998826902
122068.3314331169 116382.4235952561
125907.7142420520 113659.7728168512
139345.5540733247 105011.3526972122
108790.4658855498 106292.6001223439
119188.7943264156 118464.4506610951

136625.9912503290 136562.0705410805
134546.3255621559 133679.2638345342
131186.8656043377 129675.3656309976
130386.9941858095 126792.5589244512
129107.1999161645 123429.2844334805
129747.0970509870 121507.4132957829
123668.0742701732 119585.5421580854
124467.9456887013 119105.0743736610
123348.1257027619 117983.9828766707
128307.3284976364 117663.6710203878
128147.3542139308 117023.0473078220
119188.7943264156 116862.8913796805
122228.3057168225 116222.2676671146
129107.1999161645 115261.3320982659
122068.3314331169 114620.7083857000
124627.9199724069 114620.7083857000
124947.8685398182 113499.6168887098
115189.4372337749 113019.1491042854
121588.4085820000 112218.3694635781
110710.1572900173 112058.2135354366
111670.0029922511 112058.2135354366
119188.7943264156 112058.2135354366
126867.5599442857 111577.7457510122
111030.1058574286 109495.7186851732
110390.2087226061 107894.1594037585
131826.7627391602 106933.2238349098
127507.4570791082 106612.9119786268
111190.0801411342 106132.4441942024
118068.9743404762 106132.4441942024
135666.1455480953 105491.8204816366
117429.0772056537 114620.7083857000
113109.7715456017 111417.5898228707
133106.5570088052 132077.7045531195
124147.9971212900 110776.9661103049
112629.8486944849 107894.1594037585
133906.4284273334 108214.4712600415
127987.3799302251 110136.3423977390
106870.7744810822 106612.9119786268
128947.2256324589 124710.5318586122
134226.3769947446 107734.0034756171
133586.4798599221 107253.5356911927
128947.2256324589 122948.8166490561
127987.3799302251 124390.2200023293
114549.5400989524 106292.6001223439
138545.6826547965 105331.6645534951
127827.4056465195 124710.5318586122
123348.1257027619 119265.2303018024
131826.7627391602 129675.3656309976
116629.2057871255 106132.4441942024
125267.8171072294 105972.2882660610
107190.7230484935 108534.7831163244
126227.6628094632 121667.5692239244
124307.9714049957 122788.6607209146
137425.8626688572 106452.7560504854
129427.1484835758 109816.0305414561
125427.7913909351 121827.7251520659
126867.5599442857 109655.8746133146
131346.8398880433 129355.0537747146
129427.1484835758 109015.2509007488
129907.0713346926 125351.1555711781
122228.3057168225 120066.0099425098
124147.9971212900 108534.7831163244
115189.4372337749 108214.4712600415
129267.1741998701 117663.6710203878
126547.6113768745 107734.0034756171
133426.5055762165 133038.6401219683
124947.8685398182 105331.6645534951
128307.3284976364 117023.0473078220
133266.5312925108 132077.7045531195
133906.4284273334 107413.6916193341
110550.1830063117 110776.9661103049
127027.5342279913 120066.0099425098
130227.0199021039 108374.6271881829
127827.4056465195 118784.7625173781
128627.2770650476 125671.4674274610
128467.3027813420 108534.7831163244
113909.6429641299 109495.7186851732
119348.7686101212 107573.8475474756
119188.7943264156 111898.0576072951
123828.0485538788 117503.5150922464
130227.0199021039 126472.2470681683
107030.7487647879 108855.0949726073
132626.6341576883 110456.6542540220
118868.8457590043 107413.6916193341
135826.1198318009 105812.1323379195
127027.5342279913 125831.6233556025
120148.6400286494 105651.9764097781
122868.2028516450 108054.3153319000
121268.4600145888 117823.8269485293
125107.8428235238 107894.1594037585
121588.4085820000 109655.8746133146
126707.5856605801 127433.1826370171
111670.0029922511 107894.1594037585
117589.0514893593 111417.5898228707
120948.5114471775 105491.8204816366
129587.1227672814 127913.6504214415
120308.6143123550 116382.4235952561
127027.5342279913 122788.6607209146
127187.5085116970 124390.2200023293
125907.7142420520 108054.3153319000
111989.9515596623 110296.4983258805
135346.1969806840 109015.2509007488
122228.3057168225 123269.1285053390
116149.2829360087 115581.6439545488
136306.0426829178 106773.0679067683
128627.2770650476 121827.7251520659
130067.0456183983 121187.1014395000
130866.9170369264 128233.9622777244
119028.8200427100 118624.6065892366
130067.0456183983 130315.9893435634
125267.8171072294 111257.4338947293
124947.8685398182 105651.9764097781
128627.2770650476 111097.2779665878
108950.4401692554 106132.4441942024
123988.0228375844 106933.2238349098
137265.8883851515 106933.2238349098
111989.9515596623 113659.7728168512
129907.0713346926 121667.5692239244
113909.6429641299 112538.6813198610
129907.0713346926 119905.8540143683
128947.2256324589 113980.0846731342
124627.9199724069 106292.6001223439
131186.8656043377 129034.7419184317
119828.6914612381 119585.5421580854
115989.3086523030 107894.1594037585
129427.1484835758 106612.9119786268
126547.6113768745 113019.1491042854
126867.5599442857 116542.5795233976
111989.9515596623 107573.8475474756
131346.8398880433 128714.4300621488
110070.2601551948 111898.0576072951
131826.7627391602 107093.3797630512
123828.0485538788 110136.3423977390
122708.2285679394 122308.1929364902
130227.0199021039 130155.8334154220
117749.0257730649 116382.4235952561
128787.2513487533 129194.8978465732
135666.1455480953 135761.2909003732
121748.3828657056 116382.4235952561
110070.2601551948 106933.2238349098
128627.2770650476 111417.5898228707
119508.7428938268 114941.0202419829
130067.0456183983 106933.2238349098
107670.6458996104 107413.6916193341
119668.7171775325 114460.5524575586
116149.2829360087 116382.4235952561
129267.1741998701 127433.1826370171
104951.0830766147 106132.4441942024

106710.8001973766 107894.1594037585
134386.3512784502 133679.2638345342
113109.7715456017 109015.2509007488
130067.0456183983 124870.6877867537
127187.5085116970 120866.7895832171
122388.2800005281 120066.0099425098
119828.6914612381 112378.5253917195
135026.2484132728 105011.3526972122
130706.9427532208 129835.5215591390
133426.5055762165 107093.3797630512
125107.8428235238 122788.6607209146
121268.4600145888 122468.3488646317
132306.6855902771 130315.9893435634
125587.7656746407 124230.0640741878
122548.2542842338 107573.8475474756
111670.0029922511 113659.7728168512
123988.0228375844 111577.7457510122
128787.2513487533 123429.2844334805
130866.9170369264 130476.1452717049
109270.3887366667 109015.2509007488
123508.0999864675 118464.4506610951
126067.6885257576 106452.7560504854
106550.8259136710 106933.2238349098
119828.6914612381 119265.2303018024
123188.1514190563 119425.3862299439
115669.3600848918 106452.7560504854
128467.3027813420 118784.7625173781
127827.4056465195 121347.2573676415
106070.9030625541 106452.7560504854
124467.9456887013 107894.1594037585
138065.7598036797 105972.2882660610
107510.6716159048 107093.3797630512
124467.9456887013 110616.8101821634
123028.1771353507 122948.8166490561
130067.0456183983 122628.5047927732
126707.5856605801 120226.1658706512
134386.3512784502 134480.0434752415
123028.1771353507 112378.5253917195
126707.5856605801 126952.7148525927
126227.6628094632 121827.7251520659
122388.2800005281 121827.7251520659
131506.8141717489 129835.5215591390
128467.3027813420 120066.0099425098
124787.8942561126 123108.9725771976
130866.9170369264 127273.0267088756
128787.2513487533 113980.0846731342
115349.4115174805 116062.1117389732
118388.9229078874 109655.8746133146
128787.2513487533 120546.4777269342
129907.0713346926 111898.0576072951
115349.4115174805 107894.1594037585
126067.6885257576 114300.3965294171
125587.7656746407 106933.2238349098
127667.4313628139 125671.4674274610
129747.0970509870 126952.7148525927
108630.4916018442 110456.6542540220
130386.9941858095 113339.4609605683
119188.7943264156 117823.8269485293
115029.4629500693 111097.2779665878
124147.9971212900 123429.2844334805
116469.2315034199 115741.7998826902
121588.4085820000 119905.8540143683
118868.8457590043 110776.9661103049
123988.0228375844 106773.0679067683
127987.3799302251 123589.4403616219
121748.3828657056 110937.1220384464
122388.2800005281 116542.5795233976
121908.3571494113 105491.8204816366
122868.2028516450 122468.3488646317
109910.2858714892 109335.5627570317
124307.9714049957 112538.6813198610
108150.5687507273 108214.4712600415
110230.2344389004 109495.7186851732
130866.9170369264 127753.4944933000
125427.7913909351 111417.5898228707
128147.3542139308 122468.3488646317
124947.8685398182 124069.9081460463
131346.8398880433 131276.9249124122
136785.9655340347 107093.3797630512
133426.5055762165 105972.2882660610
117109.1286382424 111737.9016791537
132946.5827250996 108855.0949726073
123028.1771353507 122468.3488646317
113269.7458293074 112058.2135354366
129427.1484835758 126632.4029963098
130866.9170369264 107093.3797630512
129587.1227672814 117983.9828766707
130546.9684695152 125190.9996430366
123668.0742701732 121347.2573676415
132466.6598739827 109495.7186851732
126707.5856605801 105651.9764097781
128947.2256324589 119105.0743736610
117749.0257730649 117183.2032359634
125587.7656746407 115421.4880264073
119668.7171775325 106773.0679067683
127667.4313628139 121827.7251520659
127507.4570791082 115581.6439545488
123028.1771353507 123108.9725771976
128627.2770650476 122788.6607209146
132946.5827250996 111257.4338947293
133106.5570088052 109816.0305414561
131026.8913206320 106132.4441942024
114069.6172478355 109335.5627570317
125267.8171072294 108694.9390444659
123348.1257027619 117663.6710203878
117589.0514893593 115101.1761701244
105910.9287788485 108534.7831163244
124307.9714049957 107413.6916193341
131026.8913206320 106773.0679067683
131186.8656043377 108054.3153319000
135186.2226969784 105491.8204816366
123988.0228375844 111898.0576072951
130866.9170369264 111898.0576072951
119348.7686101212 117503.5150922464
112149.9258433680 113819.9287449927
110390.2087226061 107093.3797630512
129427.1484835758 129675.3656309976
125267.8171072294 123429.2844334805
106710.8001973766 106452.7560504854
112629.8486944849 106132.4441942024
129587.1227672814 126312.0911400269
121428.4342982944 120546.4777269342
121108.4857308831 120866.7895832171
127827.4056465195 111417.5898228707
115029.4629500693 113019.1491042854
129267.1741998701 124710.5318586122
121268.4600145888 117983.9828766707
126387.6370931688 124870.6877867537
112789.8229781905 111577.7457510122
134706.2998458615 107413.6916193341
128147.3542139308 121827.7251520659
134546.3255621559 109335.5627570317
118548.8971915931 110296.4983258805
135506.1712643896 105812.1323379195
116309.2572197143 109816.0305414561
115509.3858011862 112378.5253917195
127507.4570791082 107734.0034756171
124947.8685398182 124390.2200023293
130067.0456183983 123429.2844334805
126067.6885257576 122628.5047927732
119668.7171775325 107093.3797630512
107350.6973321991 109655.8746133146
130227.0199021039 107734.0034756171
132466.6598739827 131116.7689842707
129267.1741998701 107894.1594037585
123028.1771353507 118144.1388048122
127987.3799302251 122148.0370083488
112309.9001270736 113019.1491042854

130866.9170369264 130636.3011998464
131186.8656043377 130155.8334154220
129747.0970509870 129675.3656309976
131506.8141717489 129034.7419184317
128467.3027813420 125351.1555711781
123988.0228375844 124550.3759304707
122388.2800005281 122628.5047927732
119508.7428938268 121026.9455113585
129747.0970509870 120706.6336550756
118548.8971915931 119425.3862299439
119668.7171775325 118464.4506610951
119828.6914612381 117983.9828766707
120948.5114471775 117823.8269485293
126387.6370931688 117183.2032359634
115509.3858011862 116862.8913796805
121268.4600145888 115581.6439545488
121588.4085820000 114780.8643138415
114549.5400989524 114620.7083857000
111670.0029922511 113499.6168887098
120148.6400286494 111898.0576072951
115509.3858011862 111737.9016791537
119828.6914612381 110937.1220384464
113429.7201130130 109655.8746133146
129107.1999161645 108534.7831163244
113589.6943967186 108374.6271881829
124787.8942561126 107573.8475474756
132466.6598739827 107413.6916193341
133266.5312925108 107413.6916193341
130067.0456183983 107253.5356911927
131666.7884554545 106612.9119786268
118548.8971915931 106132.4441942024
128627.2770650476 125511.3114993195
120148.6400286494 118144.1388048122
129267.1741998701 118304.2947329537
130067.0456183983 123108.9725771976
109910.2858714892 111417.5898228707
123668.0742701732 113179.3050324268
126547.6113768745 107734.0034756171
128627.2770650476 120066.0099425098
108950.4401692554 109335.5627570317
128467.3027813420 123269.1285053390
121428.4342982944 105812.1323379195
115669.3600848918 108054.3153319000
124467.9456887013 121187.1014395000
123348.1257027619 110136.3423977390
135506.1712643896 108214.4712600415
111670.0029922511 111737.9016791537
119508.7428938268 107734.0034756171
125747.7399583463 114620.7083857000
118868.8457590043 111257.4338947293
106070.9030625541 105972.2882660610
120788.5371634719 113980.0846731342
121428.4342982944 109816.0305414561
128787.2513487533 129194.8978465732
123188.1514190563 117023.0473078220
126707.5856605801 111737.9016791537
124627.9199724069 108054.3153319000
119668.7171775325 105972.2882660610
130706.9427532208 130155.8334154220
133586.4798599221 133839.4197626756
113109.7715456017 112698.8372480025
119988.6657449437 121026.9455113585
128147.3542139308 122948.8166490561
113589.6943967186 115581.6439545488
130067.0456183983 122468.3488646317
123188.1514190563 114140.2406012756
116149.2829360087 111898.0576072951
112949.7972618961 110616.8101821634
125427.7913909351 107734.0034756171
128147.3542139308 109175.4068288902
114229.5915315411 112378.5253917195
126227.6628094632 110296.4983258805
130067.0456183983 108374.6271881829
109910.2858714892 105972.2882660610
118548.8971915931 117983.9828766707
131826.7627391602 105651.9764097781
135826.1198318009 135921.4468285147
128787.2513487533 126792.5589244512
127187.5085116970 115261.3320982659
132466.6598739827 132558.1723375439
129267.1741998701 127753.4944933000
134386.3512784502 109816.0305414561
115349.4115174805 109655.8746133146
112629.8486944849 113019.1491042854
125267.8171072294 112858.9931761439
128307.3284976364 109655.8746133146
109910.2858714892 106612.9119786268
123508.0999864675 124550.3759304707
116789.1800708312 113179.3050324268
126547.6113768745 124550.3759304707
119348.7686101212 110296.4983258805
131186.8656043377 127273.0267088756
129107.1999161645 126151.9352118854
126707.5856605801 116702.7354515390
120948.5114471775 112698.8372480025
128947.2256324589 119585.5421580854
128307.3284976364 116702.7354515390
128787.2513487533 105331.6645534951
124307.9714049957 108694.9390444659
131826.7627391602 112538.6813198610
112629.8486944849 110296.4983258805
128787.2513487533 117823.8269485293
122388.2800005281 115101.1761701244
109270.3887366667 106933.2238349098
127347.4827954026 118304.2947329537
130866.9170369264 128874.5859902903
134386.3512784502 107093.3797630512
115189.4372337749 111257.4338947293
115509.3858011862 108694.9390444659
126227.6628094632 111737.9016791537
124307.9714049957 113980.0846731342
122388.2800005281 112858.9931761439
132466.6598739827 131437.0808405537
117429.0772056537 111577.7457510122
124467.9456887013 109335.5627570317
108790.4658855498 106773.0679067683
129107.1999161645 127433.1826370171
124307.9714049957 125030.8437148951
111989.9515596623 106132.4441942024
110550.1830063117 108534.7831163244
117269.1029219480 108054.3153319000
135666.1455480953 107413.6916193341
122548.2542842338 119585.5421580854
127187.5085116970 118304.2947329537
130706.9427532208 110456.6542540220
113269.7458293074 109015.2509007488
113589.6943967186 109976.1864695976
118228.9486241818 105812.1323379195
125747.7399583463 105491.8204816366
119028.8200427100 111898.0576072951
104951.0830766147 107253.5356911927
115509.3858011862 115581.6439545488
130227.0199021039 112858.9931761439
115509.3858011862 110136.3423977390
129747.0970509870 120066.0099425098
124787.8942561126 125190.9996430366
117749.0257730649 112698.8372480025
131026.8913206320 130956.6130561293
129587.1227672814 129034.7419184317
133426.5055762165 107894.1594037585
117749.0257730649 116542.5795233976
119988.6657449437 105491.8204816366
123828.0485538788 110296.4983258805
121908.3571494113 116702.7354515390
122868.2028516450 107093.3797630512
127347.4827954026 125511.3114993195
128307.3284976364 110136.3423977390
123188.1514190563 108534.7831163244

121908.3571494113 116542.5795233976
112949.7972618961 111417.5898228707
130866.9170369264 108855.0949726073
127027.5342279913 116862.8913796805
126707.5856605801 109655.8746133146
134706.2998458615 105972.2882660610
125907.7142420520 114140.2406012756
121268.4600145888 119105.0743736610
130866.9170369264 108694.9390444659
125587.7656746407 122308.1929364902
129267.1741998701 119265.2303018024
132466.6598739827 108054.3153319000
135346.1969806840 108054.3153319000
137745.8112362684 105812.1323379195
124467.9456887013 108214.4712600415
124307.9714049957 119745.6980862268
128947.2256324589 107253.5356911927
127827.4056465195 124710.5318586122
121588.4085820000 109495.7186851732
132786.6084413940 131116.7689842707
128787.2513487533 126792.5589244512
122868.2028516450 121507.4132957829
121908.3571494113 119105.0743736610
128467.3027813420 121026.9455113585
114229.5915315411 109335.5627570317
104471.1602254978 106132.4441942024
123028.1771353507 107734.0034756171
138385.7083710909 105491.8204816366
121908.3571494113 116222.2676671146
123348.1257027619 124230.0640741878
107190.7230484935 105972.2882660610
123988.0228375844 122468.3488646317
119668.7171775325 106773.0679067683
112629.8486944849 113339.4609605683
129267.1741998701 122788.6607209146
111829.9772759567 111577.7457510122
127187.5085116970 126952.7148525927
127827.4056465195 116062.1117389732
106070.9030625541 106612.9119786268
114869.4886663636 106132.4441942024
128627.2770650476 127433.1826370171
129267.1741998701 125351.1555711781
111989.9515596623 107894.1594037585
129427.1484835758 106612.9119786268
125907.7142420520 113819.9287449927
121108.4857308831 105812.1323379195
124467.9456887013 121187.1014395000
126707.5856605801 119105.0743736610
125747.7399583463 113499.6168887098
127987.3799302251 125030.8437148951
126387.6370931688 106452.7560504854
136625.9912503290 106773.0679067683
124787.8942561126 120386.3217987927
135186.2226969784 105011.3526972122
127507.4570791082 108534.7831163244
123988.0228375844 124710.5318586122
123828.0485538788 123589.4403616219
134706.2998458615 133999.5756908171
105910.9287788485 108374.6271881829
107510.6716159048 108054.3153319000
112789.8229781905 113339.4609605683
117909.0000567706 110456.6542540220
129267.1741998701 107413.6916193341
119348.7686101212 112218.3694635781
130386.9941858095 123269.1285053390
125267.8171072294 106292.6001223439
127187.5085116970 119105.0743736610
133106.5570088052 132237.8604812610
117589.0514893593 114300.3965294171
126867.5599442857 109015.2509007488
128467.3027813420 110616.8101821634
112309.9001270736 108214.4712600415
128147.3542139308 107573.8475474756
113589.6943967186 107734.0034756171
128147.3542139308 112218.3694635781
118388.9229078874 105812.1323379195
125907.7142420520 108534.7831163244
123348.1257027619 113659.7728168512
123348.1257027619 108374.6271881829
132946.5827250996 110776.9661103049
121908.3571494113 108694.9390444659
120148.6400286494 115581.6439545488
113589.6943967186 108855.0949726073
125427.7913909351 125511.3114993195
126547.6113768745 118144.1388048122
130067.0456183983 129515.2097028561
123828.0485538788 120226.1658706512
133906.4284273334 133999.5756908171
127667.4313628139 123269.1285053390
128947.2256324589 122628.5047927732
123508.0999864675 124390.2200023293
122228.3057168225 111577.7457510122
128147.3542139308 119105.0743736610
121748.3828657056 118304.2947329537
110390.2087226061 108374.6271881829
108470.5173181385 107894.1594037585
127347.4827954026 115581.6439545488
122228.3057168225 109335.5627570317
125427.7913909351 112378.5253917195
130386.9941858095 124870.6877867537
129107.1999161645 129515.2097028561
137585.8369525628 106132.4441942024
130227.0199021039 129995.6774872805
121748.3828657056 109816.0305414561
117109.1286382424 107093.3797630512
132786.6084413940 107093.3797630512
122548.2542842338 115581.6439545488
131986.7370228658 131437.0808405537
124467.9456887013 106773.0679067683
106230.8773462597 106933.2238349098
108950.4401692554 107894.1594037585
130227.0199021039 107573.8475474756
133266.5312925108 111097.2779665878
127187.5085116970 125991.7792837439
112149.9258433680 106612.9119786268
116309.2572197143 110296.4983258805
132306.6855902771 132077.7045531195
124467.9456887013 112058.2135354366
117109.1286382424 106773.0679067683
124467.9456887013 122468.3488646317
123348.1257027619 109335.5627570317
105431.0059277316 107734.0034756171
123828.0485538788 110776.9661103049
131026.8913206320 130476.1452717049
126867.5599442857 110296.4983258805
132306.6855902771 111097.2779665878
129267.1741998701 111257.4338947293
129267.1741998701 111737.9016791537
122068.3314331169 110616.8101821634
124307.9714049957 121667.5692239244
119348.7686101212 119585.5421580854
123188.1514190563 108534.7831163244
118868.8457590043 110776.9661103049
128947.2256324589 119585.5421580854
123028.1771353507 119585.5421580854
127347.4827954026 117503.5150922464
124947.8685398182 120226.1658706512
122548.2542842338 105491.8204816366
128787.2513487533 125351.1555711781
131826.7627391602 106132.4441942024
109110.4144529610 109015.2509007488
125427.7913909351 108855.0949726073
119828.6914612381 117503.5150922464
137105.9141014459 107253.5356911927
112149.9258433680 107734.0034756171
122868.2028516450 111898.0576072951
115669.3600848918 113179.3050324268
110870.1315737229 108374.6271881829

132466.6598739827 109976.1864695976
134386.3512784502 134319.8875471000
138385.7083710909 105651.9764097781
122868.2028516450 123749.5962897634
119988.6657449437 106612.9119786268
124787.8942561126 108374.6271881829
115509.3858011862 116702.7354515390
126387.6370931688 125511.3114993195
126867.5599442857 115581.6439545488
123028.1771353507 113819.9287449927
112629.8486944849 108855.0949726073
123348.1257027619 112858.9931761439
124787.8942561126 124230.0640741878
122068.3314331169 107253.5356911927
125107.8428235238 125351.1555711781
110870.1315737229 108534.7831163244
114069.6172478355 115101.1761701244
111989.9515596623 109816.0305414561
125907.7142420520 113499.6168887098
122068.3314331169 115261.3320982659
131666.7884554545 110937.1220384464
125107.8428235238 114300.3965294171
125107.8428235238 108214.4712600415
118228.9486241818 119425.3862299439
122708.2285679394 106612.9119786268
123668.0742701732 106132.4441942024
115349.4115174805 115421.4880264073
130866.9170369264 127433.1826370171
122388.2800005281 118464.4506610951
120628.5628797662 112858.9931761439
115669.3600848918 117023.0473078220
135666.1455480953 107413.6916193341
128627.2770650476 125991.7792837439
128147.3542139308 125671.4674274610
121428.4342982944 115261.3320982659
137265.8883851515 105812.1323379195
125107.8428235238 105972.2882660610
131026.8913206320 130476.1452717049
127507.4570791082 113339.4609605683
115829.3343685974 115421.4880264073
136466.0169666234 105331.6645534951
119348.7686101212 107413.6916193341
132626.6341576883 106132.4441942024
136146.0683992121 108214.4712600415
130546.9684695152 126312.0911400269
130067.0456183983 128874.5859902903
132626.6341576883 111737.9016791537
127987.3799302251 112058.2135354366
128307.3284976364 114620.7083857000
124467.9456887013 116382.4235952561
116309.2572197143 108694.9390444659
124147.9971212900 110456.6542540220
133266.5312925108 105651.9764097781
123508.0999864675 121987.8810802073
126227.6628094632 110616.8101821634
133586.4798599221 110776.9661103049
105590.9802114372 107093.3797630512
113269.7458293074 108214.4712600415
120308.6143123550 120706.6336550756
130386.9941858095 130636.3011998464
132306.6855902771 108374.6271881829
115829.3343685974 107894.1594037585
123508.0999864675 117343.3591641049
128147.3542139308 111257.4338947293
112149.9258433680 112378.5253917195
111190.0801411342 110456.6542540220
134706.2998458615 109655.8746133146
123828.0485538788 107413.6916193341
122868.2028516450 122948.8166490561
127827.4056465195 123429.2844334805
136466.0169666234 105171.5086253537
110550.1830063117 109015.2509007488
123828.0485538788 110937.1220384464
119188.7943264156 119745.6980862268
129587.1227672814 113980.0846731342
123668.0742701732 122948.8166490561
129747.0970509870 125831.6233556025
123028.1771353507 110456.6542540220
111350.0544248398 110937.1220384464
111989.9515596623 113179.3050324268
129107.1999161645 126472.2470681683
127347.4827954026 119425.3862299439
129267.1741998701 119905.8540143683
114709.5143826580 109976.1864695976
129587.1227672814 118624.6065892366
136785.9655340347 105011.3526972122
130546.9684695152 129675.3656309976
106390.8516299654 106933.2238349098
130546.9684695152 113179.3050324268
110870.1315737229 106612.9119786268
108630.4916018442 107573.8475474756
123348.1257027619 121987.8810802073
129107.1999161645 111257.4338947293
124147.9971212900 119265.2303018024
133106.5570088052 109976.1864695976
118868.8457590043 111898.0576072951
126867.5599442857 125831.6233556025
110710.1572900173 109976.1864695976
114549.5400989524 116222.2676671146
119988.6657449437 116062.1117389732
121748.3828657056 118144.1388048122
110070.2601551948 107734.0034756171
129107.1999161645 107413.6916193341
127347.4827954026 118464.4506610951
117109.1286382424 116542.5795233976
124307.9714049957 107413.6916193341
113109.7715456017 113339.4609605683
127347.4827954026 111257.4338947293
127827.4056465195 120866.7895832171
129587.1227672814 121667.5692239244
125907.7142420520 105651.9764097781
116949.1543545368 114620.7083857000
113269.7458293074 109335.5627570317
117269.1029219480 107734.0034756171
134066.4027110390 106933.2238349098
122868.2028516450 112698.8372480025
119028.8200427100 111097.2779665878
127187.5085116970 125991.7792837439
128787.2513487533 118624.6065892366
111989.9515596623 111097.2779665878
124307.9714049957 107253.5356911927
123988.0228375844 110296.4983258805
116789.1800708312 107413.6916193341
120948.5114471775 117183.2032359634
131186.8656043377 130956.6130561293
128947.2256324589 116382.4235952561
127987.3799302251 112698.8372480025
122388.2800005281 109495.7186851732
114869.4886663636 115581.6439545488
128947.2256324589 115101.1761701244
115989.3086523030 112858.9931761439
116309.2572197143 110616.8101821634
122068.3314331169 110456.6542540220
128787.2513487533 115741.7998826902
129907.0713346926 111257.4338947293
125907.7142420520 115261.3320982659
123668.0742701732 123589.4403616219
129267.1741998701 121026.9455113585
107670.6458996104 109495.7186851732
120788.5371634719 109335.5627570317
125107.8428235238 112538.6813198610
119028.8200427100 106933.2238349098
135186.2226969784 134480.0434752415
126547.6113768745 122628.5047927732
133906.4284273334 105651.9764097781
128627.2770650476 105491.8204816366
128467.3027813420 128073.8063495829
138865.6312222078 105651.9764097781

123188.1514190563 109495.7186851732
128787.2513487533 112058.2135354366
106070.9030625541 106132.4441942024
128307.3284976364 114620.7083857000
127827.4056465195 116222.2676671146
123348.1257027619 109175.4068288902
120628.5628797662 119905.8540143683
123828.0485538788 122788.6607209146
125427.7913909351 113019.1491042854
122548.2542842338 118144.1388048122
127027.5342279913 124390.2200023293
105910.9287788485 107734.0034756171
112149.9258433680 106612.9119786268
115509.3858011862 117023.0473078220
123988.0228375844 123269.1285053390
109750.3115877835 112058.2135354366
125107.8428235238 108694.9390444659
110550.1830063117 110937.1220384464
115829.3343685974 105812.1323379195
118228.9486241818 111257.4338947293
121428.4342982944 105651.9764097781
129587.1227672814 108694.9390444659
114069.6172478355 110456.6542540220
125747.7399583463 114941.0202419829
110390.2087226061 109495.7186851732
129427.1484835758 123589.4403616219
123508.0999864675 112058.2135354366
114229.5915315411 106773.0679067683
110870.1315737229 112538.6813198610
117589.0514893593 110296.4983258805
133426.5055762165 108534.7831163244
131026.8913206320 113179.3050324268
111670.0029922511 109015.2509007488
108790.4658855498 106773.0679067683
125747.7399583463 108214.4712600415
134226.3769947446 133999.5756908171
124947.8685398182 105491.8204816366
131506.8141717489 107093.3797630512
111190.0801411342 111097.2779665878
124787.8942561126 119585.5421580854
131826.7627391602 129995.6774872805
125907.7142420520 117663.6710203878
129587.1227672814 113819.9287449927
125267.8171072294 117023.0473078220
110230.2344389004 106933.2238349098
127347.4827954026 113980.0846731342
130067.0456183983 108694.9390444659
134546.3255621559 106773.0679067683
124307.9714049957 123909.7522179049
126867.5599442857 125991.7792837439
126867.5599442857 122948.8166490561
116789.1800708312 117663.6710203878
117109.1286382424 109655.8746133146
123028.1771353507 107413.6916193341
124467.9456887013 110296.4983258805
124947.8685398182 107253.5356911927
127667.4313628139 105812.1323379195
133426.5055762165 133519.1079063927
115829.3343685974 109655.8746133146
123988.0228375844 119105.0743736610
124467.9456887013 110136.3423977390
116309.2572197143 105972.2882660610
139665.5026407359 105011.3526972122
120468.5885960606 107253.5356911927
126867.5599442857 125831.6233556025
120628.5628797662 109335.5627570317
119668.7171775325 107734.0034756171
121748.3828657056 107093.3797630512
123828.0485538788 106452.7560504854
110390.2087226061 111577.7457510122
129267.1741998701 112218.3694635781
124947.8685398182 120546.4777269342
126067.6885257576 110136.3423977390
110710.1572900173 110616.8101821634
123028.1771353507 108214.4712600415
128307.3284976364 124390.2200023293
133586.4798599221 133839.4197626756
129107.1999161645 123749.5962897634
123508.0999864675 117983.9828766707
117109.1286382424 109335.5627570317
129587.1227672814 125030.8437148951
105590.9802114372 106132.4441942024
117909.0000567706 108855.0949726073
131186.8656043377 126952.7148525927
115829.3343685974 117023.0473078220
126227.6628094632 126472.2470681683
124627.9199724069 123269.1285053390
112949.7972618961 110616.8101821634
129907.0713346926 127753.4944933000
137585.8369525628 106132.4441942024
124627.9199724069 122788.6607209146
128787.2513487533 115901.9558108317
126707.5856605801 117183.2032359634
113429.7201130130 110296.4983258805
113909.6429641299 108694.9390444659
123348.1257027619 123108.9725771976
129107.1999161645 119905.8540143683
110230.2344389004 107734.0034756171
128307.3284976364 109495.7186851732
124787.8942561126 109655.8746133146
122388.2800005281 109015.2509007488
126547.6113768745 126312.0911400269
123188.1514190563 110136.3423977390
128627.2770650476 110456.6542540220
127987.3799302251 111417.5898228707
127507.4570791082 116062.1117389732
135986.0941155065 135601.1349722317
125267.8171072294 114460.5524575586
129907.0713346926 124390.2200023293
127987.3799302251 119745.6980862268
111030.1058574286 106452.7560504854
129907.0713346926 124550.3759304707
129907.0713346926 109816.0305414561
124147.9971212900 105812.1323379195
130227.0199021039 107093.3797630512
129907.0713346926 121987.8810802073
116949.1543545368 110296.4983258805
104791.1087929091 106933.2238349098
126867.5599442857 123909.7522179049
137265.8883851515 106773.0679067683
122868.2028516450 109335.5627570317
119988.6657449437 114300.3965294171
115829.3343685974 107253.5356911927
130866.9170369264 130155.8334154220
109910.2858714892 110937.1220384464
115189.4372337749 115901.9558108317
121108.4857308831 120546.4777269342
104151.2116580866 106292.6001223439
107510.6716159048 106933.2238349098
125267.8171072294 124230.0640741878
128787.2513487533 108534.7831163244
132786.6084413940 110456.6542540220
127507.4570791082 127112.8707807342
125427.7913909351 107253.5356911927
130386.9941858095 106132.4441942024
120468.5885960606 116862.8913796805
135506.1712643896 107093.3797630512
111510.0287085455 113659.7728168512
128307.3284976364 126312.0911400269
124467.9456887013 108054.3153319000
130706.9427532208 107253.5356911927
126707.5856605801 124870.6877867537
118868.8457590043 112538.6813198610
123508.0999864675 114620.7083857000
131506.8141717489 109976.1864695976
138385.7083710909 105331.6645534951
128147.3542139308 121507.4132957829
125907.7142420520 105812.1323379195

115509.3858011862 117023.0473078220
129747.0970509870 126952.7148525927
127187.5085116970 109015.2509007488
119668.7171775325 107573.8475474756
129747.0970509870 108855.0949726073
112469.8744107792 109335.5627570317
122548.2542842338 118624.6065892366
113589.6943967186 112538.6813198610
127027.5342279913 126792.5589244512
125267.8171072294 114300.3965294171
115509.3858011862 112698.8372480025
130386.9941858095 110296.4983258805
124787.8942561126 112058.2135354366
128787.2513487533 120386.3217987927
125107.8428235238 107573.8475474756
126867.5599442857 109816.0305414561
123988.0228375844 107734.0034756171
129907.0713346926 111417.5898228707
130866.9170369264 131116.7689842707
123828.0485538788 110296.4983258805
116469.2315034199 117823.8269485293
128787.2513487533 117983.9828766707
126707.5856605801 125351.1555711781
127187.5085116970 110616.8101821634
106390.8516299654 106452.7560504854
107190.7230484935 108855.0949726073
121748.3828657056 115101.1761701244
122068.3314331169 119745.6980862268
125587.7656746407 111898.0576072951
120468.5885960606 112538.6813198610
130866.9170369264 130155.8334154220
130067.0456183983 128874.5859902903
127347.4827954026 108534.7831163244
131506.8141717489 106452.7560504854
126867.5599442857 107894.1594037585
124947.8685398182 105812.1323379195
128947.2256324589 116542.5795233976
112789.8229781905 107093.3797630512
128147.3542139308 116862.8913796805
127987.3799302251 125351.1555711781
134546.3255621559 105171.5086253537
115029.4629500693 105812.1323379195
130706.9427532208 127273.0267088756
128307.3284976364 109495.7186851732
112149.9258433680 106452.7560504854
119028.8200427100 111577.7457510122
120468.5885960606 119265.2303018024
111190.0801411342 108534.7831163244
132466.6598739827 131116.7689842707
123828.0485538788 111097.2779665878
112149.9258433680 110456.6542540220
127827.4056465195 109976.1864695976
132946.5827250996 106773.0679067683
129587.1227672814 108214.4712600415
115989.3086523030 112378.5253917195
132146.7113065714 130315.9893435634
128787.2513487533 114140.2406012756
128627.2770650476 123269.1285053390
127827.4056465195 119905.8540143683
118708.8714752987 117183.2032359634
120148.6400286494 118304.2947329537
114869.4886663636 108534.7831163244
128307.3284976364 128073.8063495829
134866.2741295671 108054.3153319000
129587.1227672814 127593.3385651585
122228.3057168225 116222.2676671146
110230.2344389004 110937.1220384464
112629.8486944849 106612.9119786268
121428.4342982944 121187.1014395000
127507.4570791082 108694.9390444659
138385.7083710909 105171.5086253537
124787.8942561126 112218.3694635781
123988.0228375844 124550.3759304707
125907.7142420520 109655.8746133146
131026.8913206320 111577.7457510122
124627.9199724069 122308.1929364902
131026.8913206320 111737.9016791537
128947.2256324589 122308.1929364902
126227.6628094632 123269.1285053390
106870.7744810822 106132.4441942024
111030.1058574286 106773.0679067683
119508.7428938268 114941.0202419829
123348.1257027619 106933.2238349098
125427.7913909351 123108.9725771976
110870.1315737229 111737.9016791537
124307.9714049957 120866.7895832171
125907.7142420520 109976.1864695976
121108.4857308831 119585.5421580854
130706.9427532208 125831.6233556025
128947.2256324589 126632.4029963098
130546.9684695152 110937.1220384464
126707.5856605801 116862.8913796805
129427.1484835758 113980.0846731342
135346.1969806840 106292.6001223439
111829.9772759567 113819.9287449927
126067.6885257576 119105.0743736610
125427.7913909351 122148.0370083488
130386.9941858095 113019.1491042854
125907.7142420520 109495.7186851732
126227.6628094632 107413.6916193341
120788.5371634719 116862.8913796805
124947.8685398182 108054.3153319000
124147.9971212900 110937.1220384464
110390.2087226061 112058.2135354366
126067.6885257576 116542.5795233976
121268.4600145888 115421.4880264073
105111.0573603203 107413.6916193341
124787.8942561126 106933.2238349098
114389.5658152468 112858.9931761439
122548.2542842338 117823.8269485293
131666.7884554545 108374.6271881829
123188.1514190563 118624.6065892366
127987.3799302251 110136.3423977390
130546.9684695152 110296.4983258805
117269.1029219480 116862.8913796805
124947.8685398182 120546.4777269342
129107.1999161645 109015.2509007488
133586.4798599221 108054.3153319000
115669.3600848918 111097.2779665878
127027.5342279913 119105.0743736610
123348.1257027619 118784.7625173781
124467.9456887013 119585.5421580854
107670.6458996104 106132.4441942024
120628.5628797662 120066.0099425098
129427.1484835758 106773.0679067683
110230.2344389004 109335.5627570317
123828.0485538788 123269.1285053390
137745.8112362684 105651.9764097781
126067.6885257576 111097.2779665878
129427.1484835758 120706.6336550756
120628.5628797662 117023.0473078220
125587.7656746407 106292.6001223439
130067.0456183983 122308.1929364902
127987.3799302251 110456.6542540220
130067.0456183983 110616.8101821634
111829.9772759567 110136.3423977390
114549.5400989524 106292.6001223439
110550.1830063117 108374.6271881829
127667.4313628139 125671.4674274610
134066.4027110390 134319.8875471000
110550.1830063117 111257.4338947293
110870.1315737229 108054.3153319000
123988.0228375844 106612.9119786268
127507.4570791082 118304.2947329537
125587.7656746407 108374.6271881829
119508.7428938268 106452.7560504854
107830.6201833160 107734.0034756171
128787.2513487533 126792.5589244512

135826.1198318009 135921.4468285147
135346.1969806840 135280.8231159488
134546.3255621559 134480.0434752415
129747.0970509870 129675.3656309976
128947.2256324589 129515.2097028561
130866.9170369264 129515.2097028561
129907.0713346926 127433.1826370171
131026.8913206320 127433.1826370171
130386.9941858095 126472.2470681683
130067.0456183983 126312.0911400269
129267.1741998701 126151.9352118854
127507.4570791082 125351.1555711781
127347.4827954026 125030.8437148951
125907.7142420520 124870.6877867537
125427.7913909351 124710.5318586122
123668.0742701732 124230.0640741878
125747.7399583463 124230.0640741878
126867.5599442857 123909.7522179049
122228.3057168225 123269.1285053390
128947.2256324589 123108.9725771976
126387.6370931688 121827.7251520659
125107.8428235238 121347.2573676415
127507.4570791082 120706.6336550756
129587.1227672814 120706.6336550756
127187.5085116970 120386.3217987927
128467.3027813420 120386.3217987927
121268.4600145888 120226.1658706512
123028.1771353507 120226.1658706512
120468.5885960606 120066.0099425098
126707.5856605801 119905.8540143683
122868.2028516450 119585.5421580854
125107.8428235238 119585.5421580854
122068.3314331169 119105.0743736610
122388.2800005281 119105.0743736610
128627.2770650476 118464.4506610951
116629.2057871255 118304.2947329537
118868.8457590043 118144.1388048122
120788.5371634719 117823.8269485293
128947.2256324589 117343.3591641049
120788.5371634719 117023.0473078220
123348.1257027619 117023.0473078220
114069.6172478355 115901.9558108317
119188.7943264156 115901.9558108317
120788.5371634719 115581.6439545488
120148.6400286494 115421.4880264073
113429.7201130130 115101.1761701244
119988.6657449437 115101.1761701244
127027.5342279913 114460.5524575586
129267.1741998701 114300.3965294171
125427.7913909351 114140.2406012756
127987.3799302251 114140.2406012756
125267.8171072294 113980.0846731342
121588.4085820000 113819.9287449927
130227.0199021039 113499.6168887098
113909.6429641299 113179.3050324268
116789.1800708312 113179.3050324268
127347.4827954026 113179.3050324268
111829.9772759567 112858.9931761439
128147.3542139308 112698.8372480025
113909.6429641299 112538.6813198610
111670.0029922511 112378.5253917195
131986.7370228658 112218.3694635781
112309.9001270736 112058.2135354366
122228.3057168225 111898.0576072951
123668.0742701732 111898.0576072951
110230.2344389004 111737.9016791537
114229.5915315411 111737.9016791537
117749.0257730649 111737.9016791537
112149.9258433680 111417.5898228707
129907.0713346926 111417.5898228707
133106.5570088052 110937.1220384464
122388.2800005281 110776.9661103049
131826.7627391602 110616.8101821634
116469.2315034199 110456.6542540220
107990.5944670217 110296.4983258805
122068.3314331169 110296.4983258805
131986.7370228658 110296.4983258805
112469.8744107792 110136.3423977390
129267.1741998701 109816.0305414561
134706.2998458615 109655.8746133146
112789.8229781905 109495.7186851732
120468.5885960606 109335.5627570317
110870.1315737229 109175.4068288902
119828.6914612381 109015.2509007488
122708.2285679394 108855.0949726073
115829.3343685974 108694.9390444659
109750.3115877835 108374.6271881829
112789.8229781905 108214.4712600415
114709.5143826580 108214.4712600415
122388.2800005281 108214.4712600415
136466.0169666234 108054.3153319000
107510.6716159048 107894.1594037585
121428.4342982944 107573.8475474756
109430.3630203723 107413.6916193341
120788.5371634719 107413.6916193341
107190.7230484935 107253.5356911927
123828.0485538788 107253.5356911927
114389.5658152468 107093.3797630512
125107.8428235238 107093.3797630512
129427.1484835758 107093.3797630512
110070.2601551948 106933.2238349098
116629.2057871255 106773.0679067683
126867.5599442857 106612.9119786268
135506.1712643896 106612.9119786268
120468.5885960606 106452.7560504854
106230.8773462597 106292.6001223439
106870.7744810822 106292.6001223439
137585.8369525628 106292.6001223439
104791.1087929091 106132.4441942024
105271.0316440260 106132.4441942024
107350.6973321991 106132.4441942024
114069.6172478355 106132.4441942024
128307.3284976364 106132.4441942024
131346.8398880433 106132.4441942024
108630.4916018442 105972.2882660610
112629.8486944849 105972.2882660610
122708.2285679394 105972.2882660610
125267.8171072294 105972.2882660610
120788.5371634719 105491.8204816366
129907.0713346926 105491.8204816366
125107.8428235238 105331.6645534951
135346.1969806840 105331.6645534951
132306.6855902771 105171.5086253537
111190.0801411342 111737.9016791537
124307.9714049957 114140.2406012756
129427.1484835758 123749.5962897634
125747.7399583463 125991.7792837439
131186.8656043377 130155.8334154220
124307.9714049957 115261.3320982659
122388.2800005281 123429.2844334805
116309.2572197143 116382.4235952561
129907.0713346926 122948.8166490561
128947.2256324589 107253.5356911927
130227.0199021039 128394.1182058658
130706.9427532208 129194.8978465732
117589.0514893593 113179.3050324268
125427.7913909351 125671.4674274610
125267.8171072294 111417.5898228707
112309.9001270736 113819.9287449927
138225.7340873853 106452.7560504854
120468.5885960606 117663.6710203878
112789.8229781905 111898.0576072951
134546.3255621559 108374.6271881829
124947.8685398182 107253.5356911927
125907.7142420520 107573.8475474756
127187.5085116970 118784.7625173781
108950.4401692554 109175.4068288902
115509.3858011862 110296.4983258805

135346.1969806840 135280.8231159488
133746.4541436277 133999.5756908171
133266.5312925108 132718.3282656854
132466.6598739827 132558.1723375439
132306.6855902771 132237.8604812610
130067.0456183983 129515.2097028561
128467.3027813420 129034.7419184317
130546.9684695152 126632.4029963098
127987.3799302251 126472.2470681683
130227.0199021039 126472.2470681683
127187.5085116970 126312.0911400269
127987.3799302251 126151.9352118854
125747.7399583463 125831.6233556025
128467.3027813420 124390.2200023293
124787.8942561126 124230.0640741878
123828.0485538788 122628.5047927732
121268.4600145888 121187.1014395000
121428.4342982944 121187.1014395000
129427.1484835758 121026.9455113585
125427.7913909351 120866.7895832171
120788.5371634719 120386.3217987927
124307.9714049957 120066.0099425098
125267.8171072294 120066.0099425098
129427.1484835758 120066.0099425098
119028.8200427100 119905.8540143683
125107.8428235238 119905.8540143683
119828.6914612381 119745.6980862268
125107.8428235238 119745.6980862268
122708.2285679394 119265.2303018024
128627.2770650476 119265.2303018024
129747.0970509870 119265.2303018024
119348.7686101212 118944.9184455195
129747.0970509870 118944.9184455195
117429.0772056537 118464.4506610951
128787.2513487533 117983.9828766707
125747.7399583463 117823.8269485293
116629.2057871255 117343.3591641049
124787.8942561126 117343.3591641049
120468.5885960606 117183.2032359634
116949.1543545368 116702.7354515390
122388.2800005281 116702.7354515390
128947.2256324589 116702.7354515390
116309.2572197143 116382.4235952561
128947.2256324589 116382.4235952561
127027.5342279913 116222.2676671146
117269.1029219480 116062.1117389732
117109.1286382424 115901.9558108317
114229.5915315411 115741.7998826902
115829.3343685974 115261.3320982659
121108.4857308831 114300.3965294171
112949.7972618961 113659.7728168512
128787.2513487533 113659.7728168512
126867.5599442857 113339.4609605683
117589.0514893593 113179.3050324268
118388.9229078874 112538.6813198610
109910.2858714892 112058.2135354366
127827.4056465195 112058.2135354366
122228.3057168225 111898.0576072951
118708.8714752987 111577.7457510122
127187.5085116970 111577.7457510122
112949.7972618961 111417.5898228707
125747.7399583463 111257.4338947293
132626.6341576883 111257.4338947293
114709.5143826580 110937.1220384464
121108.4857308831 110937.1220384464
127187.5085116970 110937.1220384464
111350.0544248398 110776.9661103049
124307.9714049957 110616.8101821634
131826.7627391602 110616.8101821634
117429.0772056537 109976.1864695976
134066.4027110390 109976.1864695976
111350.0544248398 109816.0305414561
132466.6598739827 109495.7186851732
124787.8942561126 109335.5627570317
125267.8171072294 109335.5627570317
106550.8259136710 109015.2509007488
116149.2829360087 109015.2509007488
125107.8428235238 109015.2509007488
112789.8229781905 108855.0949726073
122708.2285679394 108855.0949726073
124307.9714049957 108855.0949726073
129267.1741998701 108855.0949726073
112469.8744107792 108534.7831163244
108150.5687507273 108374.6271881829
128467.3027813420 108374.6271881829
120788.5371634719 108214.4712600415
107030.7487647879 107894.1594037585
122708.2285679394 107894.1594037585
130227.0199021039 107894.1594037585
135506.1712643896 107894.1594037585
130866.9170369264 107573.8475474756
112949.7972618961 107093.3797630512
116149.2829360087 107093.3797630512
121748.3828657056 107093.3797630512
127667.4313628139 107093.3797630512
131026.8913206320 107093.3797630512
135026.2484132728 106933.2238349098
108950.4401692554 106773.0679067683
111989.9515596623 106773.0679067683
120628.5628797662 106773.0679067683
105750.9544951429 106132.4441942024
127027.5342279913 106132.4441942024
110870.1315737229 105972.2882660610
112789.8229781905 105972.2882660610
138385.7083710909 105331.6645534951
119668.7171775325 111097.2779665878
128467.3027813420 110136.3423977390
127827.4056465195 118464.4506610951
121268.4600145888 113980.0846731342
127507.4570791082 123749.5962897634
129587.1227672814 121187.1014395000
126067.6885257576 118144.1388048122
126387.6370931688 125831.6233556025
106070.9030625541 107093.3797630512
126227.6628094632 113179.3050324268
116469.2315034199 110136.3423977390
120788.5371634719 115581.6439545488
131186.8656043377 129515.2097028561
112149.9258433680 108855.0949726073
119508.7428938268 120226.1658706512
124627.9199724069 112538.6813198610
115669.3600848918 108534.7831163244
131666.7884554545 109655.8746133146
118068.9743404762 117343.3591641049
130706.9427532208 124230.0640741878
127347.4827954026 123108.9725771976
128307.3284976364 122788.6607209146
130546.9684695152 127273.0267088756
132466.6598739827 130476.1452717049
135186.2226969784 106773.0679067683
126227.6628094632 109976.1864695976
123508.0999864675 121827.7251520659
111350.0544248398 108694.9390444659
124787.8942561126 121827.7251520659
112149.9258433680 111257.4338947293
115349.4115174805 107093.3797630512
129107.1999161645 124230.0640741878
125907.7142420520 117023.0473078220
122228.3057168225 117023.0473078220
127347.4827954026 125671.4674274610
121268.4600145888 106773.0679067683
117269.1029219480 112378.5253917195
130706.9427532208 130956.6130561293
114389.5658152468 115581.6439545488
128787.2513487533 129355.0537747146
121268.4600145888 115901.9558108317
119508.7428938268 114780.8643138415
129907.0713346926 123269.1285053390

