225636991.1272837520 173491.9073486328
228383545.5227442980 178611.4606933594
221361477.7967008054 168740.3182067871
229324412.3723543584 179380.3677673340
226436514.0782008767 176773.7407226562
220669142.5391131341 160711.8746795654
223857718.2525078952 173361.6462707520
222397535.6825339496 170019.7874755859
219632065.3227126896 154095.2813262939
228015930.0846165717 177904.0274047852
221210467.0255263746 164789.7894592285
221003167.8118865490 164392.3580474854
220928194.4746814370 163469.1636962891
225658730.5068808198 173565.5143127441
227715908.6496411562 177081.8888854980
227959392.1246089339 177887.4417114258
229635171.5318611860 181589.0195312500
220716625.7780559063 160889.6454086304
222963551.2682755589 171718.1855926514
226357635.1503012180 176457.0161895752
221280362.2857759893 167188.0364227295
223280730.4655025303 172123.9011840820
220193944.2840520442 160079.3664398193
225670336.1915786862 175239.0134887695
