448537120.2492913008 55462.4167137146
408725250.5864377618 50542.3215999603
419792952.9134356976 53590.9246139526
423534273.2288928628 53591.9819316864
429538528.1976430416 54988.3717269897
423976752.5830248594 54071.8235588074
409446635.4053901434 52632.0095176697
449525631.0292480588 56039.2206363678
423803891.7641794086 53755.0200557709
441308578.9238219261 55345.0892333984
419448255.4241378307 52683.6209716797
445939406.3824505210 55360.6774864197
425787451.3995589614 54534.4544601440
451557395.6463015079 56440.5286369324
403461291.1932290196 49599.9608707428
419486658.2722404599 52973.9271907806
