227937723.2024695575 2902923.7636718750
236622027.4304774702 2941936.6601562500
233654165.9668672681 2925908.9648437500
233855465.1348303854 2930286.6113281250
223891916.9932046831 2883625.2578125000
223377777.0091749430 2882184.6953125000
223549797.5788019598 2883267.5312500000
225708128.7716486752 2902688.7773437500
231268359.0941751003 2919530.6972656250
223980477.4186303914 2895217.5937500000
220951596.9203055799 2683131.5449218750
229711406.3127581775 2914550.4355468750
222954648.9578882158 2869648.2773437500
233560845.3829618990 2921912.0917968750
234574738.0609708130 2939129.2128906250
229438527.7841153443 2911027.2792968750
223223755.0607430041 2876160.5156250000
224866771.3015124798 2898048.3046875000
228012033.1223614812 2907009.1601562500
220998285.6987455785 2866281.3417968750
225577725.9594846368 2899669.9160156250
