545790336.5133134127 7184654.0312500000
536964351.1285351515 7156926.3183593750
545103047.9516421556 7183646.6484375000
533949368.7506378889 7100688.2988281250
544120179.0910634995 7175789.0136718750
548415888.1162489653 7215019.2089843750
545931797.3695151806 7197971.4960937500
547677582.7752625942 7204847.0488281250
535486524.8768189549 7108261.8398437500
544827493.7092255354 7180336.8808593750
532620095.0620076656 7032514.0898437500
542546597.5102598667 7175404.8945312500
535763396.7231179476 7130368.6113281250
540464397.5128310919 7171388.7324218750
540377456.4704526663 7157854.2753906250
544177206.0360293388 7176452.8046875000
545454537.2266153097 7183907.8378906250
