388065374.0087996721 154380.3058166504
379699735.8166000843 152913.4604110718
373856567.7676907182 146583.2022018433
383133210.9116335511 154096.1469726562
372728217.3395602107 146098.2758560181
394314539.9832750559 155292.2350311279
374709349.9411057830 148057.9979629517
372522309.3223192096 142358.2379531860
371313456.7315546274 129288.2594757080
373367238.5599029064 146455.2142410278
374600525.1812306046 147377.9127731323
375495159.5155261755 148331.3845748901
384581938.7759663463 154269.8438262939
388548383.2959073186 154444.0255584717
378444634.1169047952 152438.0759048462
381417194.8505190015 153574.0594406128
389414920.2652794123 154706.4505691528
376309998.8832775950 151934.4407196045
389533263.3790873289 155255.7705307007
375619322.7176100612 150868.9913940430
