68977205.0930914581 9.4572861204
70658539.3561181724 9.8240847886
69607143.4554510862 9.6368610337
70193244.5867767781 9.7657789215
71254200.2368131578 9.8972958699
69418376.0644126534 9.4836067371
68663258.2413519770 9.2294941435
69959406.0855647027 9.7417401224
68775410.5294710547 9.4320726059
72050752.4276342690 9.9029370174
67644654.1895461231 8.5835440038
68977515.7594805807 9.4631830491
68534613.0769516379 8.8520184034
69459746.8516717553 9.5356057808
69574830.5107222348 9.5783209596
68573109.6287330836 9.1716447975
69498657.3211928904 9.5755819995
