290315468.0361157656 2703.6589015722
291373120.4213328958 2717.3869853020
276835772.8125289083 2480.3041803092
293680631.9491056800 2720.0722484589
281557626.4732476473 2585.5939760208
282145794.7091798782 2586.2436368465
280928374.1286861300 2547.5454601049
282638332.3582315445 2617.1434111595
279115777.2404131293 2535.8413999081
288005777.2547371387 2678.0460171700
280308465.0444931388 2545.9703376293
277961051.5574290752 2512.8699592352
281080713.2437506914 2566.6404657364
286620285.9606462717 2617.5012421608
288484723.1395837069 2685.7679338455
286965371.2722660899 2629.8917529583
279784143.9979810119 2544.8321399689
276145738.1584719419 2315.9036219120
275807636.7697330117 2073.5329195261
287616966.5837531090 2641.6157293320
278967281.1777280569 2516.9294912815
287678628.8552806973 2642.9985246658
288003043.2808974385 2650.4044084549
280944095.7003276348 2548.2532019615
