308524531.0253639817 327.7140068114
306783937.6767317057 323.9710548818
299318724.7804198861 279.2285059616
299717342.6545825601 297.6763176620
312335991.1239779592 331.5157056302
299460980.1117854714 280.4956836849
307131804.4748954773 324.9182120264
308857506.6336176991 329.1946802735
314424915.9356512427 333.6508097351
307400394.6139745712 326.2795531452
301262015.1462427378 311.5700249970
303924285.5366032720 320.4813958704
318547095.3256068230 334.4961157143
308139048.6926934123 326.3252155781
300367187.9483155012 310.7152003646
299651355.9524719119 287.1710088253
305421812.2426168323 321.8326537907
301794983.3181241751 316.4923591912
306594569.0247511864 323.5377982557
299836282.6351848841 306.8721673936
303485239.2189515829 318.8002882749
298175313.7186849117 272.1001234949
