208452353.9521802068 81583.9253768921
219928215.9658612907 88807.9061431885
219677820.5032365322 88575.3860931396
217320327.0365220904 88266.0434875488
207530141.4366154373 79674.0419349670
216066081.6228959560 87261.8789215088
215578597.5193507373 87092.7154235840
207290064.6729352772 68902.8021774292
217061637.9238101244 87428.7831115723
213668213.4223687351 86640.5045623779
210190246.6778672338 85762.8902053833
218450389.4671657979 88348.3114318848
209093617.6383356154 83203.4955825806
208423472.2496152520 80235.3340301514
221012305.7932944000 89146.5144500732
210020978.3258554935 84853.3515052795
208637744.9048371315 82962.4001770020
209888049.9541386366 83492.4668502808
