338187156.3562728167 2811482.4228515625
332318708.4720026851 2789860.5478515625
335139058.8760197163 2795829.3564453125
338277571.8660407662 2824723.8242187500
329535663.1492099762 2779274.1347656250
337047811.8555458784 2801280.5722656250
326299592.2168841958 2754524.9531250000
333589170.6679235697 2795805.5078125000
327959999.9281715155 2773126.7890625000
324480160.0886261463 2749282.9960937500
332875633.6439937949 2792769.9375000000
323163544.3376839757 2536705.5458984375
326310311.9535777569 2769706.8964843750
322975433.7979090214 2513230.3310546875
330720896.9748294950 2789269.0283203125
329902238.6568658352 2780705.9091796875
324224185.8618264198 2740922.7724609375
325908744.9377163053 2751467.5507812500
327610541.8271985054 2770112.6962890625
323334647.8017382622 2734971.7216796875
330362536.7422330379 2783924.5937500000
329123166.4364035130 2778438.4277343750
