512190130.9172270894 4207.3595860004
511096410.8624207377 4182.0478407145
523636721.9298018217 4395.0152773857
521051278.1896420121 4393.4874920845
524387615.7370323539 4409.8053205013
524973753.2530420423 4451.1422286034
527873352.3980298638 4499.4800672531
524960179.3989158273 4411.8766138554
526216806.7110766172 4464.4043380022
509211295.8278642893 4153.6784724146
514436111.7717518210 4309.5029996634
506800322.2407338023 4101.2730087936
516671814.2545095086 4349.4373532534
512331825.0505945683 4268.1570906639
518902848.5214026570 4390.2436554432
