749211088.5564360619 23994994.5156250000
747403664.2533874512 23993142.0703125000
740514326.5920987129 23960977.8125000000
750538628.5695555210 23998968.3085937500
741893516.9938247204 23965617.3593750000
738115601.5265221596 23638025.3046875000
753874564.1418131590 24014154.9726562500
742249376.3668092489 23969192.5351562500
757659287.9718887806 24020355.4960937500
739226133.8363239765 23880747.7812500000
754552449.0840634108 24018680.8476562500
746097033.5202890635 23984966.0703125000
745196150.0649501085 23982938.8593750000
738669197.5661870241 23640861.4726562500
739623608.5362629890 23920005.2968750000
739772881.9092766047 23944331.6250000000
744358304.7954028845 23973670.4921875000
750282287.9996821880 23996171.4960937500
750861831.4341011047 24010070.0859375000
744874342.5825052261 23981396.7070312500
