886196287.6533976793 5475457.5844726562
880990693.0320333242 5389624.9541015625
880997233.5043991804 5393418.3857421875
888275896.3772416115 5511171.8808593750
887688997.9582111835 5489345.3330078125
886046602.8366521597 5462926.0781250000
891674086.9769835472 5539696.7602539062
884968533.0767108202 5461228.9765625000
907176328.8942244053 5561339.0952148438
907570744.9377610683 5563841.4941406250
896130837.0865753889 5544025.0405273438
888192653.2507638931 5490657.2250976562
903918881.3502607346 5560859.7412109375
908683357.7864511013 5564354.3671875000
911186518.8867292404 5579067.6123046875
881425639.5157957077 5421524.3969726562
883851570.6713110209 5455712.7773437500
897413968.3474156857 5558467.5996093750
883784059.4273648262 5435546.5390625000
