420958945.3080557585 280675.2351684570
398647273.9849979281 267354.6425781250
407421227.3341212273 277902.6785430908
403687552.8054155707 272605.2371520996
394762215.8326938152 264115.1467208862
399700005.2145920992 270908.8028564453
392909499.6497597694 261265.8858184814
416110894.9958607554 278517.6144714355
403744024.5280200243 272765.9516601562
385981627.6820042133 248525.4440307617
390885063.8752589822 260592.6799316406
417933752.7595303059 279607.5719299316
386872948.9880533218 255522.9976348877
402827389.0108554959 271607.9840087891
395686494.3548455834 266599.0491943359
389787802.8935900331 256938.6853942871
392709700.7267955542 261219.4001007080
399128819.1356441975 267947.6865692139
394469533.8632141352 262718.9997558594
