172443484.8930415213 36551.7655410767
168294347.7004374266 33864.0159168243
166219439.8785378635 31814.7514886856
172925894.2861051559 36573.3380432129
173132775.6271443069 36734.2854194641
179620189.2629940510 38188.4652328491
173744562.4487729967 36947.1750411987
177786064.4725233018 38010.2902374268
168860913.7641975284 35636.0517578125
174975506.2547012568 37012.4366836548
167392243.0515207946 32945.5356254578
171290713.7563412488 36492.4163150787
170461360.3466441631 36049.5690946579
173240974.1530218422 36779.6969642639
168307532.2011682987 34395.7998476028
170991453.2834138870 36479.2254409790
168586687.4436780214 34868.2029647827
179735368.9597965777 38430.3378524780
175365682.2087344825 37845.6394996643
173651664.6290203035 36857.7675743103
166244076.1689999700 32650.0838718414
177332709.9247630537 37911.8483734131
170251670.5056463480 35743.8040637970
167817823.6761516035 33626.4777336121
