108043.3530527938 141690.7108106980
109958.9417164437 138817.9444888149
116503.8696505813 138498.7482308279
119536.8850346937 131955.2249420942
109480.0445505312 139935.1313917695
117302.0315937687 132274.4212000812
121612.1060869812 130359.2436521591
109001.1473846187 141211.9164237175
119057.9878687812 133391.6081030357
114269.0162096562 138179.5519728409
116982.7668164937 131955.2249420942
119377.2526460563 132434.0193290747
119536.8850346937 131795.6268131007
111555.2656028187 136264.3744249188
110757.1036596312 137541.1594568669
119377.2526460563 132593.6174580682
117940.5611483187 135785.5800379383
120654.3117551562 131795.6268131007
109480.0445505312 138498.7482308279
117302.0315937687 135945.1781669318
119377.2526460563 134189.5987480032
108841.5149959813 142488.7014556656
112034.1627687312 138658.3463598214
113311.2218778313 140573.5239077435
127199.2396892938 125092.5053953734
112513.0599346438 141211.9164237175
107245.1911096063 141850.3089396916
112672.6923232812 140733.1220367370
114269.0162096562 134668.3931349838
112991.9571005563 142329.1033266721
110437.8388823562 139456.3370047890
113151.5894891937 137381.5613278734
113311.2218778313 139935.1313917695
125922.1805801937 125411.7016533604
112832.3247119187 135306.7856509578
127039.6073006563 125092.5053953734
127997.4016324812 124773.3091373864
113790.1190437437 140892.7201657305
111714.8979914563 140892.7201657305
110916.7360482688 142329.1033266721
118579.0907028688 131636.0286841072
109639.6769391687 139775.5332627760
116184.6048733063 133072.4118450487
127837.7692438438 125252.1035243669
113151.5894891937 142488.7014556656
111395.6332141813 136264.3744249188
109001.1473846187 140094.7295207630
118579.0907028688 133870.4024900162
112672.6923232812 139615.9351337825
112672.6923232812 136743.1688118993
120335.0469778813 131316.8324261201
120015.7822006062 134349.1968769967
119377.2526460563 131476.4305551136
112513.0599346438 142009.9070686851
117461.6639824062 133391.6081030357
127518.5044665687 125092.5053953734
109799.3093278063 140094.7295207630
112353.4275460062 137700.7575858604
112353.4275460062 140733.1220367370
113311.2218778313 139137.1407468019
113630.4866551062 138498.7482308279
113470.8542664688 138977.5426178084
108681.8826073438 139296.7388757954

115226.8105414812 139775.5332627760
110916.7360482688 137700.7575858604
110118.5741050813 137381.5613278734
112193.7951573687 137381.5613278734
115865.3400960312 135625.9819089448
112991.9571005563 135147.1875219643
114747.9133755688 134668.3931349838
123208.4299733562 130518.8417811526
122729.5328074437 130199.6455231656
124166.2243051813 126688.4866853085
125443.2834142812 126209.6922983279
129114.8283529437 123177.3278474513
117142.3992051313 136104.7762959253
107245.1911096063 142967.4958426461
111076.3684369062 144244.2808745942
113630.4866551062 140733.1220367370
121452.4736983438 130040.0473941721
108043.3530527938 139935.1313917695
115546.0753187563 134349.1968769967
118419.4583142312 135945.1781669318
107883.7206641562 143127.0939716396
114109.3838210188 134827.9912639773
110916.7360482688 139615.9351337825
116663.5020392188 132434.0193290747
107564.4558868812 140413.9257787500
106766.2939436937 139615.9351337825
113949.7514323813 139775.5332627760
125602.9158029188 127326.8792012825
109160.7797732562 144882.6733905682
118738.7230915063 133232.0099740422
117142.3992051313 132434.0193290747
124006.5919165438 129082.4586202111
118898.3554801437 135306.7856509578
113470.8542664688 136743.1688118993
109799.3093278063 138817.9444888149
115386.4429301187 133551.2062320292
123687.3271392687 127167.2810722890
108043.3530527938 138658.3463598214
110437.8388823562 141690.7108106980
110278.2064937188 145680.6640355357
110118.5741050813 137221.9631988799
120973.5765324313 130359.2436521591
110118.5741050813 142169.5051976786
111874.5303800938 135785.5800379383
114907.5457642063 138658.3463598214
112991.9571005563 137541.1594568669
123846.9595279062 129242.0567492045
116982.7668164937 138179.5519728409
127997.4016324812 124454.1128793994
116503.8696505813 132593.6174580682
113470.8542664688 142488.7014556656
107245.1911096063 141052.3182947240
113151.5894891937 142807.8977136526
111714.8979914563 138179.5519728409
122889.1651960812 130997.6361681331
111555.2656028187 144244.2808745942
111076.3684369062 145201.8696485552
112991.9571005563 134668.3931349838
113151.5894891937 139296.7388757954
116982.7668164937 134349.1968769967
110597.4712709937 139456.3370047890
119057.9878687812 135147.1875219643
111874.5303800938 140733.1220367370

114269.0162096562 134349.1968769967
125283.6510256437 126688.4866853085
112672.6923232812 139137.1407468019
112193.7951573687 142488.7014556656
111555.2656028187 136583.5706829058
115865.3400960312 138339.1501018344
113790.1190437437 138019.9538438474
115865.3400960312 134827.9912639773
116982.7668164937 136743.1688118993
109001.1473846187 138179.5519728409
113630.4866551062 138498.7482308279
118579.0907028688 134189.5987480032
115386.4429301187 138658.3463598214
120813.9441437937 133232.0099740422
109001.1473846187 138658.3463598214
106925.9263323312 142488.7014556656
113311.2218778313 141531.1126817045
125602.9158029188 127965.2717172565
117780.9287596813 133072.4118450487
116503.8696505813 134827.9912639773
111874.5303800938 136264.3744249188
114907.5457642063 136902.7669408928
114428.6485982937 134030.0006190098
105968.1320005062 139935.1313917695
118579.0907028688 132753.2155870617
112353.4275460062 140733.1220367370
112832.3247119187 136423.9725539123
117302.0315937687 135466.3837799513
114428.6485982937 136104.7762959253
114109.3838210188 137221.9631988799
118738.7230915063 131316.8324261201
111714.8979914563 142807.8977136526
111874.5303800938 137541.1594568669
109639.6769391687 144723.0752615747
108362.6178300687 143446.2902296266
111236.0008255437 140254.3276497565
120015.7822006062 134508.7950059903
116663.5020392188 132753.2155870617
106287.3967777813 139615.9351337825
109799.3093278063 139935.1313917695
110118.5741050813 138977.5426178084
109958.9417164437 140573.5239077435
130391.8874620438 122219.7390734903
113151.5894891937 140413.9257787500
112832.3247119187 139935.1313917695
110437.8388823562 138977.5426178084
118259.8259255938 132114.8230710877
112991.9571005563 141690.7108106980
109958.9417164437 144244.2808745942
107085.5587209688 142648.2995846591
112672.6923232812 141211.9164237175
113470.8542664688 139935.1313917695
111236.0008255437 136583.5706829058
122729.5328074437 130997.6361681331
118100.1935369562 131157.2342971266
124325.8566938187 129242.0567492045
111395.6332141813 139137.1407468019
117461.6639824062 136583.5706829058
111395.6332141813 139935.1313917695
112353.4275460062 138817.9444888149
112991.9571005563 140892.7201657305
110278.2064937188 145999.8602935227
114747.9133755688 139456.3370047890

109480.0445505312 144723.0752615747
110757.1036596312 144244.2808745942
112832.3247119187 142967.4958426461
107245.1911096063 142807.8977136526
112034.1627687312 142807.8977136526
108681.8826073438 142488.7014556656
112353.4275460062 141531.1126817045
108202.9854414313 140733.1220367370
106287.3967777813 140254.3276497565
109320.4121618938 139615.9351337825
106606.6615550563 139296.7388757954
106925.9263323312 139296.7388757954
113949.7514323813 139296.7388757954
108043.3530527938 139137.1407468019
110437.8388823562 138498.7482308279
108043.3530527938 138339.1501018344
110757.1036596312 138339.1501018344
109001.1473846187 137700.7575858604
112193.7951573687 137381.5613278734
115067.1781528438 137221.9631988799
110437.8388823562 136902.7669408928
114907.5457642063 136104.7762959253
113630.4866551062 135945.1781669318
115226.8105414812 135625.9819089448
112832.3247119187 135466.3837799513
115546.0753187563 135306.7856509578
116344.2372619437 134189.5987480032
116503.8696505813 133710.8043610227
117940.5611483187 133391.6081030357
115546.0753187563 133232.0099740422
116663.5020392188 132274.4212000812
117940.5611483187 132114.8230710877
120335.0469778813 131795.6268131007
122569.9004188063 130997.6361681331
121612.1060869812 130838.0380391396
121452.4736983438 129880.4492651786
122250.6356415312 129880.4492651786
124006.5919165438 129561.2530071916
123208.4299733562 128124.8698462500
124166.2243051813 127646.0754592695
127678.1368552062 124613.7110083929
114269.0162096562 138817.9444888149
114907.5457642063 134827.9912639773
122729.5328074437 129561.2530071916
121771.7384756188 131636.0286841072
112672.6923232812 135945.1781669318
113630.4866551062 141211.9164237175
112353.4275460062 143765.4864876136
107245.1911096063 141052.3182947240
116344.2372619437 138339.1501018344
119057.9878687812 132434.0193290747
120494.6793665187 133870.4024900162
106606.6615550563 140094.7295207630
116823.1344278562 136583.5706829058
119696.5174233312 132434.0193290747
116503.8696505813 135625.9819089448
119856.1498119688 134668.3931349838
117302.0315937687 136423.9725539123
112353.4275460062 139456.3370047890
125443.2834142812 127646.0754592695
122729.5328074437 130199.6455231656
114428.6485982937 140733.1220367370
113470.8542664688 142169.5051976786

112353.4275460062 143765.4864876136
112832.3247119187 142967.4958426461
112353.4275460062 141531.1126817045
113311.2218778313 141371.5145527110
109639.6769391687 141211.9164237175
110278.2064937188 141211.9164237175
107085.5587209688 140254.3276497565
105489.2348345937 140094.7295207630
106447.0291664188 139456.3370047890
110278.2064937188 139456.3370047890
106925.9263323312 139296.7388757954
107245.1911096063 139137.1407468019
108043.3530527938 139137.1407468019
107404.8234982437 138817.9444888149
109001.1473846187 137700.7575858604
110597.4712709937 137700.7575858604
109639.6769391687 137541.1594568669
115067.1781528438 137221.9631988799
115705.7077073938 136902.7669408928
116024.9724846687 136902.7669408928
114907.5457642063 136104.7762959253
112672.6923232812 135945.1781669318
113630.4866551062 135945.1781669318
112832.3247119187 135466.3837799513
116344.2372619437 135147.1875219643
118100.1935369562 134189.5987480032
116184.6048733063 133391.6081030357
117940.5611483187 133391.6081030357
119536.8850346937 132593.6174580682
116663.5020392188 132274.4212000812
121452.4736983438 131476.4305551136
122729.5328074437 131316.8324261201
122889.1651960812 130678.4399101461
119696.5174233312 130040.0473941721
122729.5328074437 129561.2530071916
123527.6947506313 129401.6548781981
123687.3271392687 128922.8604912175
122729.5328074437 128603.6642332305
123208.4299733562 128124.8698462500
124325.8566938187 127965.2717172565
125443.2834142812 127646.0754592695
124485.4890824562 127486.4773302760
128635.9311870313 123975.3184924188
105329.6024459562 140254.3276497565
126720.3425233813 125092.5053953734
124166.2243051813 129082.4586202111
122250.6356415312 129242.0567492045
109320.4121618938 139615.9351337825
121612.1060869812 130199.6455231656
113470.8542664688 142169.5051976786
120335.0469778813 131795.6268131007
107883.7206641562 140254.3276497565
111714.8979914563 135625.9819089448
116344.2372619437 134189.5987480032
109639.6769391687 143925.0846166071
114428.6485982937 140733.1220367370
122410.2680301688 131157.2342971266
125283.6510256437 126848.0848143019
122729.5328074437 129082.4586202111
122889.1651960812 131157.2342971266
112034.1627687312 137860.3557148539
106287.3967777813 140254.3276497565
119856.1498119688 134668.3931349838

121292.8413097062 129880.4492651786
116184.6048733063 137221.9631988799
111395.6332141813 136104.7762959253
113311.2218778313 142169.5051976786
110757.1036596312 145361.4677775487
119536.8850346937 134668.3931349838
117780.9287596813 133232.0099740422
115705.7077073938 139137.1407468019
116024.9724846687 138019.9538438474
110916.7360482688 139615.9351337825
115386.4429301187 134189.5987480032
129434.0931302188 122858.1315894643
118898.3554801437 133551.2062320292
115386.4429301187 133710.8043610227
118419.4583142312 132114.8230710877
117940.5611483187 136583.5706829058
116982.7668164937 134189.5987480032
117461.6639824062 137062.3650698864
122889.1651960812 130678.4399101461
117142.3992051313 133710.8043610227
111555.2656028187 137062.3650698864
116503.8696505813 133870.4024900162
127678.1368552062 125411.7016533604
110118.5741050813 137381.5613278734
109958.9417164437 139615.9351337825
113790.1190437437 138498.7482308279
116982.7668164937 131795.6268131007
116344.2372619437 138019.9538438474
113470.8542664688 136583.5706829058
120175.4145892438 133391.6081030357
116184.6048733063 136264.3744249188
112672.6923232812 140733.1220367370
120813.9441437937 131157.2342971266
110916.7360482688 141211.9164237175
122729.5328074437 127805.6735882630
120973.5765324313 131157.2342971266
118579.0907028688 133391.6081030357
109480.0445505312 145201.8696485552
113630.4866551062 136423.9725539123
118738.7230915063 132274.4212000812
129912.9902961313 122698.5334604708
124964.3862483687 126369.2904273214
113151.5894891937 140413.9257787500
111714.8979914563 138339.1501018344
111555.2656028187 137381.5613278734
116823.1344278562 133072.4118450487
110916.7360482688 138817.9444888149
105808.4996118687 141052.3182947240
110597.4712709937 136423.9725539123
111236.0008255437 139296.7388757954
109160.7797732562 138658.3463598214
114747.9133755688 137221.9631988799
111874.5303800938 140413.9257787500
122410.2680301688 129561.2530071916
118579.0907028688 131476.4305551136
120015.7822006062 134508.7950059903
112832.3247119187 134827.9912639773
112193.7951573687 143286.6921006331
112513.0599346438 138817.9444888149
109480.0445505312 140573.5239077435
124964.3862483687 127167.2810722890
117940.5611483187 136104.7762959253
113311.2218778313 138817.9444888149

119217.6202574187 135147.1875219643
119536.8850346937 135147.1875219643
112353.4275460062 135785.5800379383
120015.7822006062 131157.2342971266
110597.4712709937 142807.8977136526
116663.5020392188 133870.4024900162
110757.1036596312 141052.3182947240
113151.5894891937 139296.7388757954
116024.9724846687 139137.1407468019
108202.9854414313 139137.1407468019
112832.3247119187 138019.9538438474
105968.1320005062 141211.9164237175
121612.1060869812 131157.2342971266
108681.8826073438 140573.5239077435
111236.0008255437 137541.1594568669
118259.8259255938 132593.6174580682
108841.5149959813 143446.2902296266
116503.8696505813 138339.1501018344
127358.8720779312 125730.8979113474
112353.4275460062 138339.1501018344
112353.4275460062 138817.9444888149
110597.4712709937 144882.6733905682
108681.8826073438 139137.1407468019
117780.9287596813 136264.3744249188
112832.3247119187 141371.5145527110
113630.4866551062 138498.7482308279
113630.4866551062 139456.3370047890
126879.9749120187 125092.5053953734
111714.8979914563 139935.1313917695
128476.2987983937 124294.5147504059
116024.9724846687 135466.3837799513
125124.0186370063 126528.8885563149
107085.5587209688 142009.9070686851
115386.4429301187 134349.1968769967
116024.9724846687 136423.9725539123
109958.9417164437 139137.1407468019
125762.5481915562 126848.0848143019
117780.9287596813 132912.8137160552
119217.6202574187 132434.0193290747
117940.5611483187 131795.6268131007
111714.8979914563 137221.9631988799
112672.6923232812 138977.5426178084
117940.5611483187 135785.5800379383
113790.1190437437 140094.7295207630
114747.9133755688 139137.1407468019
109639.6769391687 140413.9257787500
113790.1190437437 140254.3276497565
127997.4016324812 123975.3184924188
116184.6048733063 136264.3744249188
120813.9441437937 131157.2342971266
109480.0445505312 138658.3463598214
109639.6769391687 144563.4771325812
117302.0315937687 136104.7762959253
105808.4996118687 140254.3276497565
110757.1036596312 139615.9351337825
111395.6332141813 137221.9631988799
111236.0008255437 139935.1313917695
112034.1627687312 138179.5519728409
109160.7797732562 144723.0752615747
119217.6202574187 131316.8324261201
112672.6923232812 140413.9257787500
116184.6048733063 132434.0193290747
120654.3117551562 130838.0380391396

112034.1627687312 143925.0846166071
105648.8672232313 140094.7295207630
116503.8696505813 138339.1501018344
115067.1781528438 137221.9631988799
110437.8388823562 136902.7669408928
118100.1935369562 134189.5987480032
116663.5020392188 132274.4212000812
118898.3554801437 132114.8230710877
121452.4736983438 131476.4305551136
119696.5174233312 130040.0473941721
124006.5919165438 129561.2530071916
122250.6356415312 129242.0567492045
124166.2243051813 127646.0754592695
112193.7951573687 137062.3650698864
114109.3838210188 137541.1594568669
115865.3400960312 133072.4118450487
112832.3247119187 140413.9257787500
115705.7077073938 136902.7669408928
111395.6332141813 138019.9538438474
108522.2502187062 138498.7482308279
115546.0753187563 138977.5426178084
121612.1060869812 130199.6455231656
112991.9571005563 139456.3370047890
110437.8388823562 141850.3089396916
109639.6769391687 137221.9631988799
113790.1190437437 135147.1875219643
122091.0032528937 131476.4305551136
124485.4890824562 127486.4773302760
122889.1651960812 131157.2342971266
106606.6615550563 140254.3276497565
120335.0469778813 131795.6268131007
116982.7668164937 133870.4024900162
109480.0445505312 142488.7014556656
126879.9749120187 124773.3091373864
106925.9263323312 139296.7388757954
105968.1320005062 141211.9164237175
116823.1344278562 131955.2249420942
113311.2218778313 139615.9351337825
118738.7230915063 132593.6174580682
114109.3838210188 138817.9444888149
117142.3992051313 135945.1781669318
124804.7538597312 128922.8604912175
113151.5894891937 142009.9070686851
116344.2372619437 136743.1688118993
117780.9287596813 135945.1781669318
115386.4429301187 137221.9631988799
111874.5303800938 135945.1781669318
117780.9287596813 136583.5706829058
111714.8979914563 140254.3276497565
111714.8979914563 142009.9070686851
108681.8826073438 142488.7014556656
112991.9571005563 140413.9257787500
116663.5020392188 138179.5519728409
115546.0753187563 137541.1594568669
109958.9417164437 141850.3089396916
116344.2372619437 135147.1875219643
112832.3247119187 140892.7201657305
118100.1935369562 132114.8230710877
117940.5611483187 133551.2062320292
118419.4583142312 133710.8043610227
120973.5765324313 132434.0193290747
118579.0907028688 130997.6361681331
110118.5741050813 138339.1501018344

112832.3247119187 138817.9444888149
116184.6048733063 138658.3463598214
117461.6639824062 131476.4305551136
114588.2809869313 134189.5987480032
120175.4145892438 133710.8043610227
122250.6356415312 130997.6361681331
120015.7822006062 134030.0006190098
124804.7538597312 126209.6922983279
119057.9878687812 134189.5987480032
111555.2656028187 138658.3463598214
117461.6639824062 135785.5800379383
113470.8542664688 141211.9164237175
118898.3554801437 134349.1968769967
119536.8850346937 134189.5987480032
127997.4016324812 125092.5053953734
117142.3992051313 135147.1875219643
109001.1473846187 141371.5145527110
110118.5741050813 139615.9351337825
108362.6178300687 142009.9070686851
127518.5044665687 124932.9072663799
112991.9571005563 137062.3650698864
117142.3992051313 136902.7669408928
116344.2372619437 137062.3650698864
112991.9571005563 138977.5426178084
113151.5894891937 138019.9538438474
112353.4275460062 139296.7388757954
116982.7668164937 133072.4118450487
114907.5457642063 134827.9912639773
116663.5020392188 138179.5519728409
118100.1935369562 136264.3744249188
109320.4121618938 139615.9351337825
115226.8105414812 133232.0099740422
111874.5303800938 136104.7762959253
117780.9287596813 132114.8230710877
117940.5611483187 135945.1781669318
115546.0753187563 139296.7388757954
124804.7538597312 127805.6735882630
117780.9287596813 133551.2062320292
116184.6048733063 138817.9444888149
111076.3684369062 139296.7388757954
116503.8696505813 137860.3557148539
116503.8696505813 138019.9538438474
115386.4429301187 140094.7295207630
113630.4866551062 142169.5051976786
113949.7514323813 139775.5332627760
112034.1627687312 138658.3463598214
116024.9724846687 136423.9725539123
109799.3093278063 142488.7014556656
117302.0315937687 136902.7669408928
121931.3708642563 131955.2249420942
121292.8413097062 131636.0286841072
118579.0907028688 136104.7762959253
119696.5174233312 132114.8230710877
115865.3400960312 134987.5893929708
114269.0162096562 135785.5800379383
111076.3684369062 142488.7014556656
116344.2372619437 136104.7762959253
111076.3684369062 142648.2995846591
125922.1805801937 126050.0941693344
111395.6332141813 137860.3557148539
113790.1190437437 140413.9257787500
115546.0753187563 139137.1407468019
119856.1498119688 133391.6081030357

111874.5303800938 143605.8883586201
121931.3708642563 128763.2623622240
127997.4016324812 124454.1128793994
116982.7668164937 134030.0006190098
119217.6202574187 134349.1968769967
120813.9441437937 131316.8324261201
114109.3838210188 140892.7201657305
112353.4275460062 138817.9444888149
113470.8542664688 141690.7108106980
116823.1344278562 136264.3744249188
111874.5303800938 138658.3463598214
106925.9263323312 141052.3182947240
113630.4866551062 137541.1594568669
119536.8850346937 131157.2342971266
114907.5457642063 140094.7295207630
111076.3684369062 144882.6733905682
106925.9263323312 141371.5145527110
113470.8542664688 139137.1407468019
112991.9571005563 135147.1875219643
113630.4866551062 138658.3463598214
124325.8566938187 127965.2717172565
116663.5020392188 135147.1875219643
113470.8542664688 139296.7388757954
127039.6073006563 124613.7110083929
125762.5481915562 125571.2997823539
111874.5303800938 135625.9819089448
114428.6485982937 135466.3837799513
126560.7101347437 125571.2997823539
120813.9441437937 129880.4492651786
124964.3862483687 127326.8792012825
114109.3838210188 136743.1688118993
111874.5303800938 135466.3837799513
114747.9133755688 139456.3370047890
111874.5303800938 144084.6827456006
108841.5149959813 138817.9444888149
115386.4429301187 136583.5706829058
111236.0008255437 140892.7201657305
110278.2064937188 142329.1033266721
117621.2963710437 131476.4305551136
120015.7822006062 133232.0099740422
117940.5611483187 131476.4305551136
119536.8850346937 133232.0099740422
110597.4712709937 140733.1220367370
113311.2218778313 136104.7762959253
109320.4121618938 140094.7295207630
112672.6923232812 140573.5239077435
116344.2372619437 135147.1875219643
128316.6664097563 124613.7110083929
128316.6664097563 123975.3184924188
113311.2218778313 138977.5426178084
112672.6923232812 142488.7014556656
107883.7206641562 143127.0939716396
112991.9571005563 140413.9257787500
116982.7668164937 135147.1875219643
116503.8696505813 134349.1968769967
126081.8129688312 126209.6922983279
110916.7360482688 139775.5332627760
116344.2372619437 136583.5706829058
114588.2809869313 134987.5893929708
114907.5457642063 137700.7575858604
114588.2809869313 136583.5706829058
111714.8979914563 137541.1594568669
116184.6048733063 138179.5519728409

109001.1473846187 140094.7295207630
111395.6332141813 139935.1313917695
113470.8542664688 139615.9351337825
119217.6202574187 132753.2155870617
116982.7668164937 136902.7669408928
109639.6769391687 145999.8602935227
116663.5020392188 136423.9725539123
115067.1781528438 137860.3557148539
121612.1060869812 130518.8417811526
112672.6923232812 136104.7762959253
127837.7692438438 124932.9072663799
114269.0162096562 134827.9912639773
109958.9417164437 141690.7108106980
110757.1036596312 144244.2808745942
109001.1473846187 145201.8696485552
114269.0162096562 136743.1688118993
123846.9595279062 127805.6735882630
115226.8105414812 138179.5519728409
125443.2834142812 127167.2810722890
113311.2218778313 139935.1313917695
116982.7668164937 137700.7575858604
110118.5741050813 145680.6640355357
113790.1190437437 135945.1781669318
111874.5303800938 140573.5239077435
113151.5894891937 141690.7108106980
111236.0008255437 139615.9351337825
120015.7822006062 130678.4399101461
112353.4275460062 140733.1220367370
111076.3684369062 139137.1407468019
113151.5894891937 141850.3089396916
126401.0777461062 126050.0941693344
108681.8826073438 144723.0752615747
117780.9287596813 137221.9631988799
109160.7797732562 144084.6827456006
114428.6485982937 137700.7575858604
117302.0315937687 136583.5706829058
109799.3093278063 138498.7482308279
119057.9878687812 134030.0006190098
109480.0445505312 145201.8696485552
112193.7951573687 141531.1126817045
107404.8234982437 142488.7014556656
121133.2089210687 130997.6361681331
109160.7797732562 140094.7295207630
114588.2809869313 134349.1968769967
109320.4121618938 143286.6921006331
112991.9571005563 139137.1407468019
119856.1498119688 131316.8324261201
113470.8542664688 139775.5332627760
114269.0162096562 140094.7295207630
111395.6332141813 140094.7295207630
116344.2372619437 132912.8137160552
114269.0162096562 135625.9819089448
112832.3247119187 138817.9444888149
116663.5020392188 133072.4118450487
119536.8850346937 131157.2342971266
118898.3554801437 130997.6361681331
114109.3838210188 140254.3276497565
113630.4866551062 140254.3276497565
116982.7668164937 135785.5800379383
112193.7951573687 139137.1407468019
119377.2526460563 134030.0006190098
111236.0008255437 141052.3182947240
121292.8413097062 130040.0473941721

118898.3554801437 132593.6174580682
129434.0931302188 122858.1315894643
116503.8696505813 134827.9912639773
112513.0599346438 138977.5426178084
111555.2656028187 140094.7295207630
115067.1781528438 137700.7575858604
109160.7797732562 141371.5145527110
112672.6923232812 137062.3650698864
118898.3554801437 131636.0286841072
114747.9133755688 139775.5332627760
109160.7797732562 140094.7295207630
107883.7206641562 142488.7014556656
113151.5894891937 138658.3463598214
116344.2372619437 133391.6081030357
114907.5457642063 134030.0006190098
113630.4866551062 141531.1126817045
121292.8413097062 130838.0380391396
116024.9724846687 136743.1688118993
118738.7230915063 132274.4212000812
110278.2064937188 142648.2995846591
112832.3247119187 140892.7201657305
111874.5303800938 143127.0939716396
118100.1935369562 136583.5706829058
119217.6202574187 130997.6361681331
108362.6178300687 141531.1126817045
114588.2809869313 135625.9819089448
109320.4121618938 145521.0659065422
105808.4996118687 141211.9164237175
109001.1473846187 138977.5426178084
110437.8388823562 143765.4864876136
117142.3992051313 133072.4118450487
117940.5611483187 134030.0006190098
117461.6639824062 134349.1968769967
122091.0032528937 130040.0473941721
114109.3838210188 139615.9351337825
112991.9571005563 135625.9819089448
112991.9571005563 142488.7014556656
109958.9417164437 137541.1594568669
110757.1036596312 139615.9351337825
112672.6923232812 142329.1033266721
112832.3247119187 137860.3557148539
122410.2680301688 131476.4305551136
112353.4275460062 141850.3089396916
124804.7538597312 126528.8885563149
112991.9571005563 139137.1407468019
124166.2243051813 127965.2717172565
114269.0162096562 140573.5239077435
113311.2218778313 137541.1594568669
116663.5020392188 132434.0193290747
114428.6485982937 133710.8043610227
121292.8413097062 132593.6174580682
109799.3093278063 144882.6733905682
112513.0599346438 135625.9819089448
116024.9724846687 137860.3557148539
118579.0907028688 134030.0006190098
115067.1781528438 137062.3650698864
110118.5741050813 140094.7295207630
112034.1627687312 142488.7014556656
129274.4607415812 123496.5241054383
114907.5457642063 139456.3370047890
110437.8388823562 139615.9351337825
124804.7538597312 127486.4773302760
116823.1344278562 136423.9725539123

109001.1473846187 140573.5239077435
112672.6923232812 135147.1875219643
109639.6769391687 145042.2715195617
111555.2656028187 138817.9444888149
118579.0907028688 132434.0193290747
109799.3093278063 142009.9070686851
111395.6332141813 144563.4771325812
115386.4429301187 134987.5893929708
110278.2064937188 140733.1220367370
117142.3992051313 132114.8230710877
112832.3247119187 138339.1501018344
110597.4712709937 140733.1220367370
114269.0162096562 139296.7388757954
119377.2526460563 130678.4399101461
118898.3554801437 135306.7856509578
111874.5303800938 140573.5239077435
114428.6485982937 137860.3557148539
107245.1911096063 139296.7388757954
111555.2656028187 140413.9257787500
117461.6639824062 133232.0099740422
108362.6178300687 139935.1313917695
114907.5457642063 139456.3370047890
112193.7951573687 142169.5051976786
118579.0907028688 136264.3744249188
117940.5611483187 131476.4305551136
113470.8542664688 138977.5426178084
113151.5894891937 136583.5706829058
125922.1805801937 127007.6829432955
114269.0162096562 134030.0006190098
110597.4712709937 138977.5426178084
113630.4866551062 138339.1501018344
113151.5894891937 141690.7108106980
112193.7951573687 136743.1688118993
115546.0753187563 134508.7950059903
115546.0753187563 138498.7482308279
119057.9878687812 132753.2155870617
127039.6073006563 125890.4960403409
107085.5587209688 142169.5051976786
108362.6178300687 143925.0846166071
110916.7360482688 141211.9164237175
106766.2939436937 141371.5145527110
126560.7101347437 126369.2904273214
123527.6947506313 128922.8604912175
118259.8259255938 133232.0099740422
112193.7951573687 138498.7482308279
121452.4736983438 131476.4305551136
121452.4736983438 129880.4492651786
111236.0008255437 136264.3744249188
121452.4736983438 128603.6642332305
115865.3400960312 136743.1688118993
108043.3530527938 143925.0846166071
116663.5020392188 133391.6081030357
116503.8696505813 136902.7669408928
117302.0315937687 134030.0006190098
110118.5741050813 139137.1407468019
115226.8105414812 135625.9819089448
112353.4275460062 139456.3370047890
111555.2656028187 139456.3370047890
117780.9287596813 132753.2155870617
123687.3271392687 127646.0754592695
124485.4890824562 127486.4773302760
120015.7822006062 129880.4492651786
123368.0623619938 128124.8698462500

111874.5303800938 140094.7295207630
111555.2656028187 144084.6827456006
108522.2502187062 139456.3370047890
107404.8234982437 141371.5145527110
125124.0186370063 126209.6922983279
122091.0032528937 131636.0286841072
114588.2809869313 137221.9631988799
111236.0008255437 139775.5332627760
112193.7951573687 138817.9444888149
112832.3247119187 139775.5332627760
111236.0008255437 140573.5239077435
111874.5303800938 141052.3182947240
125922.1805801937 127326.8792012825
116823.1344278562 135466.3837799513
115226.8105414812 136902.7669408928
118259.8259255938 136583.5706829058
114747.9133755688 133551.2062320292
116663.5020392188 136423.9725539123
111874.5303800938 136104.7762959253
127837.7692438438 125252.1035243669
119057.9878687812 130997.6361681331
115546.0753187563 138019.9538438474
109958.9417164437 138498.7482308279
119856.1498119688 133232.0099740422
113790.1190437437 136583.5706829058
127039.6073006563 126209.6922983279
112034.1627687312 138179.5519728409
112672.6923232812 135785.5800379383
112672.6923232812 142967.4958426461
117621.2963710437 136264.3744249188
118259.8259255938 133551.2062320292
122410.2680301688 130518.8417811526
112832.3247119187 142169.5051976786
113311.2218778313 134827.9912639773
117621.2963710437 137221.9631988799
111874.5303800938 141531.1126817045
110916.7360482688 136423.9725539123
114588.2809869313 140573.5239077435
112991.9571005563 140094.7295207630
113311.2218778313 135306.7856509578
120335.0469778813 130359.2436521591
126879.9749120187 125092.5053953734
110757.1036596312 144084.6827456006
119856.1498119688 132114.8230710877
116503.8696505813 134987.5893929708
112672.6923232812 138179.5519728409
118419.4583142312 134349.1968769967
118898.3554801437 130678.4399101461
115865.3400960312 138977.5426178084
111714.8979914563 137541.1594568669
120654.3117551562 129242.0567492045
121931.3708642563 131636.0286841072
111395.6332141813 140892.7201657305
125443.2834142812 126209.6922983279
110757.1036596312 140892.7201657305
120654.3117551562 132114.8230710877
127039.6073006563 124773.3091373864
117940.5611483187 137062.3650698864
116823.1344278562 133870.4024900162
113630.4866551062 134668.3931349838
113470.8542664688 141850.3089396916
112034.1627687312 141211.9164237175
114428.6485982937 134189.5987480032

114747.9133755688 135625.9819089448
112353.4275460062 139296.7388757954
110437.8388823562 142329.1033266721
112672.6923232812 135945.1781669318
106606.6615550563 142009.9070686851
114747.9133755688 140573.5239077435
112513.0599346438 142807.8977136526
117940.5611483187 136423.9725539123
118898.3554801437 135147.1875219643
119377.2526460563 131795.6268131007
119696.5174233312 133710.8043610227
113470.8542664688 141052.3182947240
124645.1214710938 128284.4679752435
114907.5457642063 139456.3370047890
115705.7077073938 139137.1407468019
112672.6923232812 139296.7388757954
118419.4583142312 131955.2249420942
112991.9571005563 137860.3557148539
110278.2064937188 140733.1220367370
128157.0340211187 123975.3184924188
125602.9158029188 127646.0754592695
120175.4145892438 130359.2436521591
110278.2064937188 138019.9538438474
117302.0315937687 134189.5987480032
108362.6178300687 141531.1126817045
114109.3838210188 135625.9819089448
121931.3708642563 130678.4399101461
126560.7101347437 125092.5053953734
112991.9571005563 141531.1126817045
112193.7951573687 137860.3557148539
118579.0907028688 133391.6081030357
108681.8826073438 141211.9164237175
110278.2064937188 138977.5426178084
115705.7077073938 135785.5800379383
117142.3992051313 132114.8230710877
117621.2963710437 136583.5706829058
126081.8129688312 127007.6829432955
124166.2243051813 127486.4773302760
116663.5020392188 135945.1781669318
122410.2680301688 129082.4586202111
117940.5611483187 133072.4118450487
126401.0777461062 126209.6922983279
111714.8979914563 140413.9257787500
114747.9133755688 138658.3463598214
127039.6073006563 125252.1035243669
108362.6178300687 143605.8883586201
114907.5457642063 140254.3276497565
118419.4583142312 131636.0286841072
112991.9571005563 137541.1594568669
118419.4583142312 133391.6081030357
107404.8234982437 141690.7108106980
116024.9724846687 133232.0099740422
110437.8388823562 138817.9444888149
117142.3992051313 134349.1968769967
114269.0162096562 137700.7575858604
116344.2372619437 133391.6081030357
117940.5611483187 134349.1968769967
127837.7692438438 124134.9166214123
121771.7384756188 129082.4586202111
113790.1190437437 136583.5706829058
117142.3992051313 133391.6081030357
109958.9417164437 137221.9631988799
113151.5894891937 141690.7108106980

107724.0882755188 143446.2902296266
106606.6615550563 139296.7388757954
109480.0445505312 137700.7575858604
114907.5457642063 135306.7856509578
116344.2372619437 134668.3931349838
113630.4866551062 134508.7950059903
116344.2372619437 134189.5987480032
116982.7668164937 133870.4024900162
114428.6485982937 133710.8043610227
116184.6048733063 132593.6174580682
122889.1651960812 130678.4399101461
119536.8850346937 130518.8417811526
123527.6947506313 129242.0567492045
122729.5328074437 129082.4586202111
122729.5328074437 128603.6642332305
124485.4890824562 128603.6642332305
113630.4866551062 140254.3276497565
119856.1498119688 131476.4305551136
113470.8542664688 138179.5519728409
115865.3400960312 134987.5893929708
125124.0186370063 127167.2810722890
112353.4275460062 136583.5706829058
121771.7384756188 130518.8417811526
109799.3093278063 142967.4958426461
108522.2502187062 140573.5239077435
129434.0931302188 123336.9259764448
118579.0907028688 132912.8137160552
112991.9571005563 135466.3837799513
114588.2809869313 140413.9257787500
110437.8388823562 136583.5706829058
124804.7538597312 128603.6642332305
121133.2089210687 131476.4305551136
106127.7643891438 139615.9351337825
112672.6923232812 142488.7014556656
110118.5741050813 142967.4958426461
119377.2526460563 133870.4024900162
120813.9441437937 131476.4305551136
110916.7360482688 141850.3089396916
113470.8542664688 142009.9070686851
108841.5149959813 144244.2808745942
112672.6923232812 141211.9164237175
127358.8720779312 125092.5053953734
121931.3708642563 130040.0473941721
116344.2372619437 138339.1501018344
110916.7360482688 143127.0939716396
115705.7077073938 139775.5332627760
115546.0753187563 138339.1501018344
105329.6024459562 140254.3276497565
111874.5303800938 142807.8977136526
116184.6048733063 135945.1781669318
116663.5020392188 132114.8230710877
113470.8542664688 134987.5893929708
111395.6332141813 137860.3557148539
124166.2243051813 129082.4586202111
126879.9749120187 125890.4960403409
112672.6923232812 135945.1781669318
113311.2218778313 139615.9351337825
111236.0008255437 138977.5426178084
113470.8542664688 139296.7388757954
114428.6485982937 139137.1407468019
113630.4866551062 135785.5800379383
118738.7230915063 134030.0006190098
117461.6639824062 133391.6081030357

112193.7951573687 143765.4864876136
113470.8542664688 142169.5051976786
113470.8542664688 139935.1313917695
114269.0162096562 138817.9444888149
117142.3992051313 137381.5613278734
117302.0315937687 135466.3837799513
115546.0753187563 133232.0099740422
116184.6048733063 132593.6174580682
119696.5174233312 130040.0473941721
123048.7975847188 128603.6642332305
122569.9004188063 127805.6735882630
108841.5149959813 141850.3089396916
112672.6923232812 141690.7108106980
107883.7206641562 142009.9070686851
126401.0777461062 125730.8979113474
118419.4583142312 131795.6268131007
116184.6048733063 136743.1688118993
112832.3247119187 142169.5051976786
111714.8979914563 141531.1126817045
124166.2243051813 127646.0754592695
123208.4299733562 127965.2717172565
114588.2809869313 135785.5800379383
124485.4890824562 128763.2623622240
114588.2809869313 137062.3650698864
126879.9749120187 125890.4960403409
116024.9724846687 137700.7575858604
121771.7384756188 130040.0473941721
109480.0445505312 141052.3182947240
120813.9441437937 131476.4305551136
110437.8388823562 137381.5613278734
106447.0291664188 141531.1126817045
108681.8826073438 140573.5239077435
114428.6485982937 140892.7201657305
114907.5457642063 138339.1501018344
113470.8542664688 140573.5239077435
109639.6769391687 140573.5239077435
113790.1190437437 138817.9444888149
112832.3247119187 135466.3837799513
109160.7797732562 139137.1407468019
129434.0931302188 122858.1315894643
117461.6639824062 132434.0193290747
109480.0445505312 145042.2715195617
109320.4121618938 140094.7295207630
111076.3684369062 138977.5426178084
112513.0599346438 140892.7201657305
126401.0777461062 125092.5053953734
112991.9571005563 135306.7856509578
128635.9311870313 124134.9166214123
114428.6485982937 135945.1781669318
112034.1627687312 142967.4958426461
111076.3684369062 141052.3182947240
105489.2348345937 140573.5239077435
120494.6793665187 129720.8511361851
110437.8388823562 138817.9444888149
120335.0469778813 133232.0099740422
121452.4736983438 132114.8230710877
116503.8696505813 137700.7575858604
127518.5044665687 124932.9072663799
112353.4275460062 143127.0939716396
105968.1320005062 139935.1313917695
111076.3684369062 137221.9631988799
108362.6178300687 143446.2902296266
118898.3554801437 132114.8230710877

110437.8388823562 143605.8883586201
108841.5149959813 141850.3089396916
110437.8388823562 141371.5145527110
105329.6024459562 140254.3276497565
106447.0291664188 139935.1313917695
106925.9263323312 139296.7388757954
113790.1190437437 137700.7575858604
110437.8388823562 136902.7669408928
115705.7077073938 136902.7669408928
117302.0315937687 135466.3837799513
122729.5328074437 131316.8324261201
124166.2243051813 127646.0754592695
129114.8283529437 123177.3278474513
123687.3271392687 129401.6548781981
116184.6048733063 135625.9819089448
120494.6793665187 132114.8230710877
116344.2372619437 133870.4024900162
113311.2218778313 137700.7575858604
112193.7951573687 141371.5145527110
109320.4121618938 138019.9538438474
117940.5611483187 131955.2249420942
115546.0753187563 137221.9631988799
118898.3554801437 134349.1968769967
127837.7692438438 124134.9166214123
116184.6048733063 132593.6174580682
116663.5020392188 136902.7669408928
127518.5044665687 125092.5053953734
115705.7077073938 135785.5800379383
125124.0186370063 126050.0941693344
121133.2089210687 130518.8417811526
108043.3530527938 143925.0846166071
116663.5020392188 132114.8230710877
118419.4583142312 136104.7762959253
127199.2396892938 125411.7016533604
108202.9854414313 138498.7482308279
112832.3247119187 136902.7669408928
110916.7360482688 138179.5519728409
120015.7822006062 134349.1968769967
130391.8874620438 122219.7390734903
113470.8542664688 140094.7295207630
115546.0753187563 139456.3370047890
123208.4299733562 130518.8417811526
120175.4145892438 133551.2062320292
114428.6485982937 136104.7762959253
116184.6048733063 137860.3557148539
122250.6356415312 129082.4586202111
120175.4145892438 134030.0006190098
124645.1214710938 127646.0754592695
112353.4275460062 142488.7014556656
108681.8826073438 144084.6827456006
108043.3530527938 140254.3276497565
108681.8826073438 141371.5145527110
119057.9878687812 135625.9819089448
114428.6485982937 136902.7669408928
121292.8413097062 130040.0473941721
112193.7951573687 137221.9631988799
112513.0599346438 138977.5426178084
128955.1959643062 123496.5241054383
107724.0882755188 143446.2902296266
118898.3554801437 131636.0286841072
116024.9724846687 137062.3650698864
111555.2656028187 138339.1501018344
111874.5303800938 135945.1781669318

112353.4275460062 143127.0939716396
106127.7643891438 141531.1126817045
110437.8388823562 141371.5145527110
113470.8542664688 140573.5239077435
106606.6615550563 140094.7295207630
109480.0445505312 137700.7575858604
112353.4275460062 137381.5613278734
116663.5020392188 134189.5987480032
115546.0753187563 133232.0099740422
118738.7230915063 132434.0193290747
121292.8413097062 132434.0193290747
117940.5611483187 132114.8230710877
122729.5328074437 128603.6642332305
123368.0623619938 128124.8698462500
123368.0623619938 127326.8792012825
121133.2089210687 129242.0567492045
108043.3530527938 138817.9444888149
109958.9417164437 141211.9164237175
124166.2243051813 127646.0754592695
113151.5894891937 137221.9631988799
121612.1060869812 130838.0380391396
110757.1036596312 139296.7388757954
119696.5174233312 130040.0473941721
110757.1036596312 140892.7201657305
115865.3400960312 135306.7856509578
111076.3684369062 137062.3650698864
108522.2502187062 143925.0846166071
107404.8234982437 141052.3182947240
111395.6332141813 135945.1781669318
114269.0162096562 133870.4024900162
118898.3554801437 135306.7856509578
120335.0469778813 130518.8417811526
110597.4712709937 143605.8883586201
109480.0445505312 142169.5051976786
122889.1651960812 129720.8511361851
123527.6947506313 129401.6548781981
121452.4736983438 132274.4212000812
112513.0599346438 135306.7856509578
118100.1935369562 136902.7669408928
111236.0008255437 144244.2808745942
120973.5765324313 130359.2436521591
117142.3992051313 136902.7669408928
118738.7230915063 133710.8043610227
121931.3708642563 128603.6642332305
120175.4145892438 132114.8230710877
126879.9749120187 125730.8979113474
113151.5894891937 141371.5145527110
112513.0599346438 140892.7201657305
124804.7538597312 126848.0848143019
108202.9854414313 143925.0846166071
116024.9724846687 134668.3931349838
118898.3554801437 133232.0099740422
112991.9571005563 134827.9912639773
116024.9724846687 133072.4118450487
115865.3400960312 136743.1688118993
114428.6485982937 133710.8043610227
128795.5635756688 123336.9259764448
119696.5174233312 131795.6268131007
111555.2656028187 136743.1688118993
127199.2396892938 125571.2997823539
107564.4558868812 143286.6921006331
109639.6769391687 139775.5332627760
117621.2963710437 133870.4024900162

