512957797.9022575021 1449192.6781616211
501688006.1158769727 1377970.1101379395
518718785.0628852248 1454092.4117431641
501713863.7877214551 1379916.0901489258
501735988.6894958615 1392790.7318572998
498051366.3841685057 1147678.7753906250
506399954.1189156771 1429714.5548706055
504918722.2615717649 1402604.2754516602
504651627.0234413743 1401398.8428955078
498451707.6342440248 1367013.0013427734
504294411.7657964826 1400234.7623291016
507600112.5873454809 1433645.1629028320
503155779.1854298711 1399358.0519409180
506270242.4061514139 1414315.1199951172
