129695.2175873696 115722.2640318167
129374.3188718043 113797.9905490167
128732.5214406739 113156.5660547500
129374.3188718043 113156.5660547500
128090.7240095435 109949.4435834167
126325.7810739348 109628.7313362833
125683.9836428043 108987.3068420167
124079.4900649783 108506.2384713167
121351.8509826739 106902.6772356500
119747.3574048478 106742.3211120833
121191.4016248913 106581.9649885167
123116.7939182826 106421.6088649500
120389.1548359783 105780.1843706833
122314.5471293696 106742.3211120833
124721.2874961087 109147.6629655833
126165.3317161522 108506.2384713167
124721.2874961087 110109.7997069833
127769.8252939783 113156.5660547500
118303.3131848043 103855.9108878833
122154.0977715870 107544.1017299167
118945.1106159348 103695.5547643167
130978.8124496304 112034.0731897833
130497.4643762826 113958.3466725833
129855.6669451522 115401.5517846833
125042.1862116739 110430.5119541167
139000.1264298715 123921.9966182797
134848.7855567857 123118.9404485339
140596.7959964428 122958.3292145848
135008.4525134429 122476.4955127373
134050.4507735000 122155.2730448390
139000.1264298715 122155.2730448390
135487.4533834143 121994.6618108898
132613.4481635857 121834.0505769407
139319.4603431857 121834.0505769407
133252.1159902143 118300.6034300593
133731.1168601857 118300.6034300593
133411.7829468714 117176.3247924153
133890.7838168429 116212.6573887203
133252.1159902143 124082.6078522288
138361.4586032428 121512.8281090424
133252.1159902143 119585.4933016525
137563.1238199572 122637.1067466864
135008.4525134429 121834.0505769407
141554.7977363857 121673.4393429915
138042.1246899286 122958.3292145848
133092.4490335571 121512.8281090424
140916.1299097571 121191.6056411441
119805.5658957426 130022.5504232849
119164.9665594485 129701.1450514477
117563.4682187132 129540.4423655291
124289.7612498015 129540.4423655291
118204.0675550073 129219.0369936919
126371.7090927574 128897.6316218547
127492.7579312720 128897.6316218547
113880.0220350220 128736.9289359360
122207.8134068456 127772.7128204244
122848.4127431397 127772.7128204244
114840.9210394632 127129.9020767500
117403.3183846397 126647.7940189942
124289.7612498015 126647.7940189942
118844.6668913015 125040.7671598081
115801.8200439044 124558.6591020523
117083.0187164926 124558.6591020523
119325.1163935221 124558.6591020523
117403.3183846397 123915.8483583779
117083.0187164926 123755.1456724593
122528.1130749927 122308.8214991919
122207.8134068456 120862.4973259244
123168.7124112868 120862.4973259244
120926.6147342574 120219.6865822500
126051.4094246103 117969.8489793895
117403.3183846397 130183.2531092035
116922.8688824191 130183.2531092035
112438.6735283603 130343.9557951221
127172.4582631250 129058.3343077733

124721.2874961087 107544.1017299167
126486.2304317174 111071.9364483833
119747.3574048478 104497.3353821500
123437.6926338478 107223.3894827833
119907.8067626304 104978.4037528500
123919.0407071956 107223.3894827833
129855.6669451522 112354.7854369167
122154.0977715870 106581.9649885167
118945.1106159348 104818.0476292833
128572.0720828913 111392.6486955167
128572.0720828913 114920.4834139833
119907.8067626304 104336.9792585833
129213.8695140217 112835.8538076167
129855.6669451522 112515.1415604833
130497.4643762826 114920.4834139833
126165.3317161522 111713.3609426500
123598.1419916304 107063.0333592167
128251.1733673261 111553.0048190833
128572.0720828913 113797.9905490167
126807.1291472826 109468.3752127167
130657.9137340652 113156.5660547500
127288.4772206304 112354.7854369167
130337.0150185000 113797.9905490167
121512.3003404565 106261.2527413833
127930.2746517609 109789.0874598500
136764.7890366714 123761.3853843305
133571.4499035286 116052.0461547712
138042.1246899286 122315.8842787881
132613.4481635857 119264.2708337542
140596.7959964428 121834.0505769407
132773.1151202428 123440.1629164322
133252.1159902143 122797.7179806356
132453.7812069286 120067.3270035000
133252.1159902143 117658.1584942627
133890.7838168429 117979.3809621610
140596.7959964428 121512.8281090424
133092.4490335571 123921.9966182797
135966.4542533857 123279.5516824831
133411.7829468714 117176.3247924153
137084.1229499857 122958.3292145848
134050.4507735000 122958.3292145848
135806.7872967286 121191.6056411441
136764.7890366714 121352.2168750932
133092.4490335571 122958.3292145848
134210.1177301571 124082.6078522288
132134.4472936143 121994.6618108898
134210.1177301571 124243.2190861780
123649.1619135073 120219.6865822500
116282.2695461250 128415.5235640988
124449.9110838750 128415.5235640988
124449.9110838750 120058.9838963314
116282.2695461250 127772.7128204244
113559.7223668750 126969.1993908314
123649.1619135073 130022.5504232849
125891.2595905367 118130.5516653081
116922.8688824191 123433.7403006221
123008.5625772132 127290.6047626686
119004.8167253750 123594.4429865407
121567.2140705515 126165.6859612384
120926.6147342574 126969.1993908314
116602.5692142721 130343.9557951221
129254.4061060809 129701.1450514477
120286.0153979632 130343.9557951221
120125.8655638897 120219.6865822500
120766.4649001838 128576.2262500174
119645.4160616691 121666.0107555174
122367.9632409191 129379.7396796105
118204.0675550073 122469.5241851105
117723.6180527868 123594.4429865407
123008.5625772132 121023.2000118430
121727.3639046250 122790.9295569477
117563.4682187132 124076.5510442965
118684.5170572279 127129.9020767500
123489.0120794338 118612.6597230639
125090.5104201691 128094.1181922616

122635.4458449348 107544.1017299167
127609.3759361957 112354.7854369167
130176.5656607174 113156.5660547500
121672.7496982391 106100.8966178167
117982.4144692391 102733.4180229167
130337.0150185000 112034.0731897833
122474.9964871522 106421.6088649500
130176.5656607174 114118.7027961500
120068.2561204130 104497.3353821500
130657.9137340652 111713.3609426500
122956.3445605000 106261.2527413833
123598.1419916304 107864.8139770500
123277.2432760652 107544.1017299167
126807.1291472826 109468.3752127167
126807.1291472826 110911.5803248167
123437.6926338478 108987.3068420167
128090.7240095435 113797.9905490167
124881.7368538913 107544.1017299167
119426.4586892826 103855.9108878833
123598.1419916304 108025.1701006167
130176.5656607174 112675.4976840500
129534.7682295869 114920.4834139833
127448.9265784130 110430.5119541167
128411.6227251087 114920.4834139833
118945.1106159348 105138.7598764167
131974.7803369571 120067.3270035000
132613.4481635857 120709.7719392966
131815.1133803000 121834.0505769407
134050.4507735000 121673.4393429915
132773.1151202428 120549.1607053475
141395.1307797286 120870.3831732458
135806.7872967286 121191.6056411441
140277.4620831286 123279.5516824831
133411.7829468714 124082.6078522288
134050.4507735000 118300.6034300593
137243.7899066428 122155.2730448390
135168.1194701000 120709.7719392966
131974.7803369571 122797.7179806356
132134.4472936143 122476.4955127373
134848.7855567857 120227.9382374492
138521.1255599000 122637.1067466864
133252.1159902143 123440.1629164322
134369.7846868143 123440.1629164322
133890.7838168429 123761.3853843305
132932.7820769000 124243.2190861780
133890.7838168429 123118.9404485339
133731.1168601857 117176.3247924153
117243.1685505662 124558.6591020523
119965.7157298162 120219.6865822500
120286.0153979632 121344.6053836802
117883.7678868603 123915.8483583779
123809.3117475809 128254.8208781802
119325.1163935221 127451.3074485872
120446.1652320368 124880.0644738895
120606.3150661103 126969.1993908314
118364.2173890809 122308.8214991919
120606.3150661103 120219.6865822500
117403.3183846397 124558.6591020523
111637.9243579926 129058.3343077733
123809.3117475809 128415.5235640988
127973.2074334926 130022.5504232849
120125.8655638897 121023.2000118430
124930.3605860956 118291.2543512267
119164.9665594485 127612.0101345058
124610.0609179485 118291.2543512267
119325.1163935221 120701.7946400058
119805.5658957426 130343.9557951221
121727.3639046250 128576.2262500174
128293.5071016397 130183.2531092035
118043.9177209338 126969.1993908314
120606.3150661103 123112.3349287849
123168.7124112868 130022.5504232849
126051.4094246103 117648.4436075523
120125.8655638897 125040.7671598081
114360.4715372426 129701.1450514477

126646.6797895000 109628.7313362833
119747.3574048478 104818.0476292833
124079.4900649783 108826.9507184500
129534.7682295869 116684.4007732167
125202.6355694565 109628.7313362833
118463.7625425869 104176.6231350167
129053.4201562391 113797.9905490167
118303.3131848043 103054.1302700500
119105.5599737174 103855.9108878833
130016.1163029348 115241.1956611167
130337.0150185000 114118.7027961500
129374.3188718043 114279.0589197167
126646.6797895000 111553.0048190833
123919.0407071956 106902.6772356500
128251.1733673261 113637.6344254500
130176.5656607174 113958.3466725833
122474.9964871522 106742.3211120833
126325.7810739348 110911.5803248167
131139.2618074130 113797.9905490167
129695.2175873696 113156.5660547500
126807.1291472826 110590.8680776833
131460.1605229783 112194.4293133500
127288.4772206304 109789.0874598500
126646.6797895000 109308.0190891500
130016.1163029348 111553.0048190833
132613.4481635857 118461.2146640085
136126.1212100429 121512.8281090424
133890.7838168429 123761.3853843305
132932.7820769000 122797.7179806356
134210.1177301571 122476.4955127373
132613.4481635857 119103.6595998051
139479.1272998429 123279.5516824831
132773.1151202428 119906.7157695509
133890.7838168429 123600.7741503814
133890.7838168429 122155.2730448390
133571.4499035286 115730.8236868729
133252.1159902143 123440.1629164322
135966.4542533857 123921.9966182797
135168.1194701000 122637.1067466864
136605.1220800143 123600.7741503814
142193.4655630143 120870.3831732458
133411.7829468714 124403.8303201271
131974.7803369571 120388.5494713983
141395.1307797286 121030.9944071949
134689.1186001286 120227.9382374492
140596.7959964428 121994.6618108898
138361.4586032428 122637.1067466864
121086.7645683309 129058.3343077733
128613.8067697868 128897.6316218547
118684.5170572279 129540.4423655291
128453.6569357132 129861.8477373663
124449.9110838750 118291.2543512267
124930.3605860956 128094.1181922616
126531.8589268309 130022.5504232849
112278.5236942867 130343.9557951221
128773.9566038603 128897.6316218547
120766.4649001838 127933.4155063430
122848.4127431397 130343.9557951221
123328.8622453603 126808.4967049128
116442.4193801985 127772.7128204244
126211.5592586838 129379.7396796105
120286.0153979632 124880.0644738895
124610.0609179485 127451.3074485872
116762.7190483456 126969.1993908314
118524.3672231544 121505.3080695988
118204.0675550073 122148.1188132732
127012.3084290515 129861.8477373663
125090.5104201691 127933.4155063430
115321.3705416838 130343.9557951221
111798.0741920662 129701.1450514477
120606.3150661103 120541.0919540872
127172.4582631250 129058.3343077733
123809.3117475809 128254.8208781802
114200.3217031691 125683.5779034826
114200.3217031691 130183.2531092035

130818.3630918478 113958.3466725833
128572.0720828913 114920.4834139833
121833.1990560218 105780.1843706833
122314.5471293696 106100.8966178167
126807.1291472826 112034.0731897833
127769.8252939783 112835.8538076167
130657.9137340652 112996.2099311833
129695.2175873696 111553.0048190833
128090.7240095435 111553.0048190833
125523.5342850217 108025.1701006167
130657.9137340652 112354.7854369167
127769.8252939783 112354.7854369167
129053.4201562391 111392.6486955167
130337.0150185000 112996.2099311833
124881.7368538913 108826.9507184500
123277.2432760652 108826.9507184500
128251.1733673261 114760.1272904167
120068.2561204130 104336.9792585833
123277.2432760652 108987.3068420167
123919.0407071956 106902.6772356500
127288.4772206304 110751.2242012500
129053.4201562391 112996.2099311833
128732.5214406739 113316.9221783167
130016.1163029348 113797.9905490167
125363.0849272391 111713.3609426500
132294.1142502714 119585.4933016525
135008.4525134429 123600.7741503814
132773.1151202428 123440.1629164322
140117.7951264714 122797.7179806356
137084.1229499857 123440.1629164322
134050.4507735000 123921.9966182797
140756.4629531000 122315.8842787881
135008.4525134429 121512.8281090424
134529.4516434714 121512.8281090424
133252.1159902143 116694.4910905678
132932.7820769000 122637.1067466864
132613.4481635857 123921.9966182797
138361.4586032428 122476.4955127373
138521.1255599000 123279.5516824831
133890.7838168429 121030.9944071949
141235.4638230714 121834.0505769407
132453.7812069286 119424.8820677034
131336.1125103286 121994.6618108898
134050.4507735000 117818.7697282119
133571.4499035286 122637.1067466864
134369.7846868143 118139.9921961102
131974.7803369571 119906.7157695509
129734.8556083015 129540.4423655291
117243.1685505662 129058.3343077733
124610.0609179485 119898.2812104128
116442.4193801985 126969.1993908314
119164.9665594485 121023.2000118430
118684.5170572279 121344.6053836802
120926.6147342574 120219.6865822500
121727.3639046250 120380.3892681686
123969.4615816544 128415.5235640988
115161.2207076103 129701.1450514477
123809.3117475809 128736.9289359360
120606.3150661103 128736.9289359360
117723.6180527868 124076.5510442965
116282.2695461250 127451.3074485872
124289.7612498015 118773.3624089826
130215.3051105221 129861.8477373663
126051.4094246103 127612.0101345058
124930.3605860956 127933.4155063430
118043.9177209338 123755.1456724593
116442.4193801985 124880.0644738895
122207.8134068456 121023.2000118430
118684.5170572279 129861.8477373663
116922.8688824191 128094.1181922616
118844.6668913015 122951.6322428663
121086.7645683309 126808.4967049128
116602.5692142721 129701.1450514477
129414.5559401544 130022.5504232849
119325.1163935221 126969.1993908314

130016.1163029348 115401.5517846833
129374.3188718043 112515.1415604833
130337.0150185000 113797.9905490167
128572.0720828913 114760.1272904167
123437.6926338478 106581.9649885167
119105.5599737174 104016.2670114500
126807.1291472826 110430.5119541167
127609.3759361957 109468.3752127167
123277.2432760652 106902.6772356500
126004.8823583696 109468.3752127167
122314.5471293696 111713.3609426500
129534.7682295869 111553.0048190833
125042.1862116739 111232.2925719500
122795.8952027174 108025.1701006167
129213.8695140217 115080.8395375500
127609.3759361957 114439.4150432833
118945.1106159348 104978.4037528500
122795.8952027174 107063.0333592167
129534.7682295869 110911.5803248167
125363.0849272391 111232.2925719500
126646.6797895000 110911.5803248167
130176.5656607174 112034.0731897833
126967.5785050652 110751.2242012500
129534.7682295869 112996.2099311833
123919.0407071956 109949.4435834167
138201.7916465857 121352.2168750932
131815.1133803000 121030.9944071949
133252.1159902143 119424.8820677034
132294.1142502714 123118.9404485339
134210.1177301571 117015.7135584661
133252.1159902143 117176.3247924153
133890.7838168429 121994.6618108898
134369.7846868143 118621.8258979576
139000.1264298715 123761.3853843305
136285.7881667000 123600.7741503814
131974.7803369571 121352.2168750932
136924.4559933286 122797.7179806356
132294.1142502714 119746.1045356017
136285.7881667000 122797.7179806356
134848.7855567857 118782.4371319068
139159.7933865286 121352.2168750932
132773.1151202428 119585.4933016525
135806.7872967286 123279.5516824831
132134.4472936143 121673.4393429915
137882.4577332714 121191.6056411441
131815.1133803000 123440.1629164322
132294.1142502714 121030.9944071949
125570.9599223897 127772.7128204244
113079.2728646544 127451.3074485872
126531.8589268309 129379.7396796105
123969.4615816544 127772.7128204244
126692.0087609044 128094.1181922616
120606.3150661103 129379.7396796105
120766.4649001838 126165.6859612384
120926.6147342574 129219.0369936919
124770.2107520220 119898.2812104128
124930.3605860956 118451.9570371453
121086.7645683309 120701.7946400058
117723.6180527868 128254.8208781802
119485.2662275956 121826.7134414360
121086.7645683309 119898.2812104128
120125.8655638897 123594.4429865407
120125.8655638897 122630.2268710291
118684.5170572279 124076.5510442965
118844.6668913015 127933.4155063430
119004.8167253750 125683.5779034826
120446.1652320368 120380.3892681686
122848.4127431397 120380.3892681686
121246.9144024044 120058.9838963314
122848.4127431397 121987.4161273546
116602.5692142721 128254.8208781802
116922.8688824191 127451.3074485872
126211.5592586838 128415.5235640988
117723.6180527868 124237.2537302151
127492.7579312720 129058.3343077733

130818.3630918478 113477.2783018833
130978.8124496304 112194.4293133500
123758.5913494130 108025.1701006167
125523.5342850217 110590.8680776833
118624.2119003696 103374.8425171833
127930.2746517609 109949.4435834167
123116.7939182826 108987.3068420167
130337.0150185000 115080.8395375500
122795.8952027174 106742.3211120833
123116.7939182826 108345.8823477500
121512.3003404565 106742.3211120833
127288.4772206304 111392.6486955167
118303.3131848043 103695.5547643167
130176.5656607174 115561.9079082500
129374.3188718043 115722.2640318167
126325.7810739348 111873.7170662167
129053.4201562391 113958.3466725833
127448.9265784130 110270.1558305500
126646.6797895000 109789.0874598500
122314.5471293696 107223.3894827833
126325.7810739348 111232.2925719500
124239.9394227609 110270.1558305500
128572.0720828913 113637.6344254500
127288.4772206304 113958.3466725833
121993.6484138044 105619.8282471167
134050.4507735000 123279.5516824831
132134.4472936143 120870.3831732458
134210.1177301571 121673.4393429915
133571.4499035286 115730.8236868729
134210.1177301571 122637.1067466864
134529.4516434714 120227.9382374492
137084.1229499857 121352.2168750932
133731.1168601857 122476.4955127373
140117.7951264714 121352.2168750932
132773.1151202428 121030.9944071949
132294.1142502714 123921.9966182797
133571.4499035286 120388.5494713983
133571.4499035286 123600.7741503814
134848.7855567857 123600.7741503814
139159.7933865286 121994.6618108898
138680.7925165571 122476.4955127373
140756.4629531000 121673.4393429915
131815.1133803000 121352.2168750932
131815.1133803000 121512.8281090424
133092.4490335571 120870.3831732458
134529.4516434714 118782.4371319068
136924.4559933286 122315.8842787881
121246.9144024044 129540.4423655291
119965.7157298162 129219.0369936919
123328.8622453603 119737.5785244942
121086.7645683309 126808.4967049128
125090.5104201691 128897.6316218547
120446.1652320368 120701.7946400058
126371.7090927574 117648.4436075523
125410.8100883162 128094.1181922616
120766.4649001838 123433.7403006221
116282.2695461250 127933.4155063430
124610.0609179485 129701.1450514477
126692.0087609044 129861.8477373663
118844.6668913015 122951.6322428663
129414.5559401544 129701.1450514477
115961.9698779779 128094.1181922616
121246.9144024044 120058.9838963314
129734.8556083015 129701.1450514477
123008.5625772132 128094.1181922616
123008.5625772132 121987.4161273546
123649.1619135073 126487.0913330756
124930.3605860956 127933.4155063430
112598.8233624338 127772.7128204244
124610.0609179485 118934.0650949012
114200.3217031691 128897.6316218547
119325.1163935221 121987.4161273546
112118.3738602132 128254.8208781802
113399.5725328015 129701.1450514477
119485.2662275956 122790.9295569477

120710.0535515435 104818.0476292833
120870.5029093261 108987.3068420167
129053.4201562391 113316.9221783167
127288.4772206304 109308.0190891500
122474.9964871522 108345.8823477500
130497.4643762826 115241.1956611167
125363.0849272391 108345.8823477500
118945.1106159348 103855.9108878833
127448.9265784130 112996.2099311833
129053.4201562391 114279.0589197167
122956.3445605000 106581.9649885167
129855.6669451522 113156.5660547500
127930.2746517609 109949.4435834167
125042.1862116739 110751.2242012500
126325.7810739348 111071.9364483833
120389.1548359783 104657.6915057167
129855.6669451522 113316.9221783167
123919.0407071956 107704.4578534833
131299.7111651957 112194.4293133500
131620.6098807609 112515.1415604833
128251.1733673261 113797.9905490167
128572.0720828913 114920.4834139833
127769.8252939783 113958.3466725833
126325.7810739348 112835.8538076167
123116.7939182826 108987.3068420167
131655.4464236428 121191.6056411441
138521.1255599000 123118.9404485339
135327.7864267571 120870.3831732458
140437.1290397857 122958.3292145848
137084.1229499857 121352.2168750932
141235.4638230714 121834.0505769407
131495.7794669857 122476.4955127373
135487.4533834143 120227.9382374492
134050.4507735000 119746.1045356017
132294.1142502714 119103.6595998051
140916.1299097571 122315.8842787881
132613.4481635857 123440.1629164322
138680.7925165571 122637.1067466864
133571.4499035286 123279.5516824831
131815.1133803000 120709.7719392966
136285.7881667000 123761.3853843305
140117.7951264714 123440.1629164322
133092.4490335571 117658.1584942627
134529.4516434714 124243.2190861780
132773.1151202428 118461.2146640085
135327.7864267571 121834.0505769407
138042.1246899286 121352.2168750932
119325.1163935221 130022.5504232849
117723.6180527868 126969.1993908314
123328.8622453603 121666.0107555174
119485.2662275956 122951.6322428663
118364.2173890809 122148.1188132732
122047.6635727720 120862.4973259244
120446.1652320368 128736.9289359360
115641.6702098309 130183.2531092035
114200.3217031691 129219.0369936919
121727.3639046250 121183.9026977616
119485.2662275956 128576.2262500174
115961.9698779779 127772.7128204244
125731.1097564632 128897.6316218547
118204.0675550073 122630.2268710291
122688.2629090662 119576.8758385756
124289.7612498015 120058.9838963314
112919.1230305809 127129.9020767500
120446.1652320368 130183.2531092035
117243.1685505662 124880.0644738895
123168.7124112868 121826.7134414360
123969.4615816544 120701.7946400058
123969.4615816544 118612.6597230639
114200.3217031691 125844.2805894012
120606.3150661103 127772.7128204244
125570.9599223897 118773.3624089826
120926.6147342574 125844.2805894012
118364.2173890809 130343.9557951221
119164.9665594485 128415.5235640988

124881.7368538913 108826.9507184500
129374.3188718043 115401.5517846833
128892.9707984565 114279.0589197167
121993.6484138044 106581.9649885167
128251.1733673261 114599.7711668500
126165.3317161522 108666.5945948833
129695.2175873696 115401.5517846833
127288.4772206304 110751.2242012500
128090.7240095435 114760.1272904167
126807.1291472826 111392.6486955167
123437.6926338478 106902.6772356500
130337.0150185000 112354.7854369167
129695.2175873696 113477.2783018833
126165.3317161522 109147.6629655833
125042.1862116739 109949.4435834167
127769.8252939783 112354.7854369167
125523.5342850217 111071.9364483833
123598.1419916304 107544.1017299167
123919.0407071956 109147.6629655833
130497.4643762826 111713.3609426500
128572.0720828913 110751.2242012500
118624.2119003696 104336.9792585833
125523.5342850217 111553.0048190833
121672.7496982391 107383.7456063500
127609.3759361957 112996.2099311833
137084.1229499857 121352.2168750932
134050.4507735000 119424.8820677034
140117.7951264714 122958.3292145848
132773.1151202428 122315.8842787881
139638.7942565000 122637.1067466864
139479.1272998429 122958.3292145848
132294.1142502714 119103.6595998051
136605.1220800143 123279.5516824831
134529.4516434714 123921.9966182797
132613.4481635857 120227.9382374492
140916.1299097571 122797.7179806356
140277.4620831286 122315.8842787881
135806.7872967286 122315.8842787881
132773.1151202428 119103.6595998051
132294.1142502714 122315.8842787881
132134.4472936143 124243.2190861780
132613.4481635857 124564.4415540763
138201.7916465857 122797.7179806356
133731.1168601857 118300.6034300593
134369.7846868143 121673.4393429915
135966.4542533857 121673.4393429915
134369.7846868143 117336.9360263644
118524.3672231544 127290.6047626686
123809.3117475809 119094.7677808198
113880.0220350220 126808.4967049128
122047.6635727720 121826.7134414360
120606.3150661103 128254.8208781802
112598.8233624338 128415.5235640988
117723.6180527868 127451.3074485872
114360.4715372426 125522.8752175640
119325.1163935221 120862.4973259244
122688.2629090662 128897.6316218547
124129.6114157279 127612.0101345058
117403.3183846397 123594.4429865407
123809.3117475809 120219.6865822500
123649.1619135073 128254.8208781802
125731.1097564632 128254.8208781802
116122.1197120515 128736.9289359360
119965.7157298162 126004.9832753198
121246.9144024044 123755.1456724593
124930.3605860956 118773.3624089826
119485.2662275956 122790.9295569477
126211.5592586838 128254.8208781802
113559.7223668750 127612.0101345058
126051.4094246103 128415.5235640988
119004.8167253750 127612.0101345058
116922.8688824191 127772.7128204244
113399.5725328015 128736.9289359360
117083.0187164926 125040.7671598081
127973.2074334926 130183.2531092035

129374.3188718043 110751.2242012500
128892.9707984565 112835.8538076167
119105.5599737174 105138.7598764167
123758.5913494130 109628.7313362833
128572.0720828913 114760.1272904167
118142.8638270217 103374.8425171833
130176.5656607174 112835.8538076167
123919.0407071956 109468.3752127167
127288.4772206304 110430.5119541167
117661.5157536739 102573.0618993500
123277.2432760652 107063.0333592167
128732.5214406739 113316.9221783167
129534.7682295869 116524.0446496500
127448.9265784130 114118.7027961500
123919.0407071956 108987.3068420167
120549.6041937609 108345.8823477500
125363.0849272391 109949.4435834167
121672.7496982391 110430.5119541167
130657.9137340652 112515.1415604833
127128.0278628478 112354.7854369167
131299.7111651957 113958.3466725833
126967.5785050652 111873.7170662167
127288.4772206304 109308.0190891500
126646.6797895000 109789.0874598500
130818.3630918478 114760.1272904167
132613.4481635857 122155.2730448390
134210.1177301571 117658.1584942627
133890.7838168429 121512.8281090424
131815.1133803000 120549.1607053475
137563.1238199572 122315.8842787881
134369.7846868143 120388.5494713983
134848.7855567857 119906.7157695509
134529.4516434714 122797.7179806356
140117.7951264714 121994.6618108898
138361.4586032428 123761.3853843305
134050.4507735000 123279.5516824831
134210.1177301571 123761.3853843305
132134.4472936143 120067.3270035000
133411.7829468714 116694.4910905678
139479.1272998429 123118.9404485339
134369.7846868143 121352.2168750932
134848.7855567857 119103.6595998051
136605.1220800143 123761.3853843305
136126.1212100429 123440.1629164322
137882.4577332714 123440.1629164322
140277.4620831286 121352.2168750932
132294.1142502714 121191.6056411441
112438.6735283603 130343.9557951221
122207.8134068456 122148.1188132732
120766.4649001838 123433.7403006221
116762.7190483456 124558.6591020523
124930.3605860956 118612.6597230639
122688.2629090662 120219.6865822500
119164.9665594485 126969.1993908314
113559.7223668750 130343.9557951221
122528.1130749927 121987.4161273546
123168.7124112868 129058.3343077733
113079.2728646544 127772.7128204244
119805.5658957426 121344.6053836802
117563.4682187132 125844.2805894012
113399.5725328015 129058.3343077733
125891.2595905367 127451.3074485872
117563.4682187132 128254.8208781802
118364.2173890809 125522.8752175640
112919.1230305809 127290.6047626686
125090.5104201691 130343.9557951221
120286.0153979632 125362.1725316453
121887.5137386985 129379.7396796105
122207.8134068456 129219.0369936919
119645.4160616691 126326.3886471570
120606.3150661103 120058.9838963314
120286.0153979632 122148.1188132732
114200.3217031691 126004.9832753198
113399.5725328015 127451.3074485872
123489.0120794338 126808.4967049128

129374.3188718043 112034.0731897833
123758.5913494130 107223.3894827833
126967.5785050652 109147.6629655833
128892.9707984565 113637.6344254500
119747.3574048478 106421.6088649500
128251.1733673261 114279.0589197167
122635.4458449348 108345.8823477500
123758.5913494130 107864.8139770500
131941.5085963261 112675.4976840500
122474.9964871522 106100.8966178167
121833.1990560218 106421.6088649500
125683.9836428043 110911.5803248167
127448.9265784130 112835.8538076167
123277.2432760652 107383.7456063500
122795.8952027174 106100.8966178167
130657.9137340652 112515.1415604833
122795.8952027174 107223.3894827833
126967.5785050652 110590.8680776833
122956.3445605000 108345.8823477500
130818.3630918478 113637.6344254500
124721.2874961087 110751.2242012500
121191.4016248913 106581.9649885167
120549.6041937609 104818.0476292833
120870.5029093261 104978.4037528500
119586.9080470652 106261.2527413833
134689.1186001286 120388.5494713983
133890.7838168429 123761.3853843305
132932.7820769000 120067.3270035000
132453.7812069286 122797.7179806356
133092.4490335571 123921.9966182797
141235.4638230714 121030.9944071949
135647.1203400714 122637.1067466864
135168.1194701000 119103.6595998051
138521.1255599000 123761.3853843305
135647.1203400714 121673.4393429915
138840.4594732143 123440.1629164322
132613.4481635857 123761.3853843305
133252.1159902143 119424.8820677034
135806.7872967286 123118.9404485339
132613.4481635857 120709.7719392966
131815.1133803000 123118.9404485339
134050.4507735000 122315.8842787881
133571.4499035286 123600.7741503814
133890.7838168429 120227.9382374492
133092.4490335571 124403.8303201271
136445.4551233572 123279.5516824831
135806.7872967286 123761.3853843305
119965.7157298162 129540.4423655291
121407.0642364779 122790.9295569477
123969.4615816544 119737.5785244942
123168.7124112868 130343.9557951221
118204.0675550073 126647.7940189942
118524.3672231544 130183.2531092035
124129.6114157279 118934.0650949012
115641.6702098309 128254.8208781802
123649.1619135073 130022.5504232849
125891.2595905367 130343.9557951221
126051.4094246103 127772.7128204244
115321.3705416838 129861.8477373663
119805.5658957426 124397.9564161337
113399.5725328015 129219.0369936919
117403.3183846397 123594.4429865407
114200.3217031691 125844.2805894012
121086.7645683309 121023.2000118430
129895.0054423750 129540.4423655291
122367.9632409191 120541.0919540872
126531.8589268309 129701.1450514477
125250.6602542426 127612.0101345058
118524.3672231544 128254.8208781802
127813.0575994191 128254.8208781802
117723.6180527868 123594.4429865407
119645.4160616691 121023.2000118430
123168.7124112868 121505.3080695988
119004.8167253750 126808.4967049128
120125.8655638897 124397.9564161337

128251.1733673261 114599.7711668500
127448.9265784130 114118.7027961500
128251.1733673261 113958.3466725833
130497.4643762826 112996.2099311833
127609.3759361957 112675.4976840500
130978.8124496304 112194.4293133500
127769.8252939783 112034.0731897833
129213.8695140217 110751.2242012500
127448.9265784130 110430.5119541167
124721.2874961087 109789.0874598500
127128.0278628478 109628.7313362833
122956.3445605000 107383.7456063500
123437.6926338478 106742.3211120833
120389.1548359783 105780.1843706833
120068.2561204130 104818.0476292833
119426.4586892826 104657.6915057167
118303.3131848043 103855.9108878833
118945.1106159348 104818.0476292833
130337.0150185000 115241.1956611167
130016.1163029348 113477.2783018833
128251.1733673261 111232.2925719500
131941.5085963261 112996.2099311833
125042.1862116739 111392.6486955167
124079.4900649783 109308.0190891500
124079.4900649783 107704.4578534833
132134.4472936143 123279.5516824831
134529.4516434714 123279.5516824831
135806.7872967286 123279.5516824831
138361.4586032428 123279.5516824831
138521.1255599000 123118.9404485339
136605.1220800143 122958.3292145848
137243.7899066428 122637.1067466864
139638.7942565000 122637.1067466864
140916.1299097571 122637.1067466864
135647.1203400714 122315.8842787881
139958.1281698143 122315.8842787881
141874.1316497000 121030.9944071949
134210.1177301571 120067.3270035000
133411.7829468714 119906.7157695509
135008.4525134429 119746.1045356017
134050.4507735000 119264.2708337542
133890.7838168429 116212.6573887203
139159.7933865286 122476.4955127373
141235.4638230714 121352.2168750932
140916.1299097571 121673.4393429915
133571.4499035286 117336.9360263644
133731.1168601857 118300.6034300593
118364.2173890809 130343.9557951221
122207.8134068456 130183.2531092035
112438.6735283603 129701.1450514477
121086.7645683309 129540.4423655291
115801.8200439044 129379.7396796105
116602.5692142721 129219.0369936919
129254.4061060809 129219.0369936919
123969.4615816544 128897.6316218547
116122.1197120515 127451.3074485872
115801.8200439044 127290.6047626686
117243.1685505662 127290.6047626686
120926.6147342574 126647.7940189942
119805.5658957426 126165.6859612384
117083.0187164926 125844.2805894012
120926.6147342574 125844.2805894012
118043.9177209338 125040.7671598081
119645.4160616691 124880.0644738895
116922.8688824191 124237.2537302151
117723.6180527868 124076.5510442965
121246.9144024044 124076.5510442965
119805.5658957426 123273.0376147035
122047.6635727720 122469.5241851105
120926.6147342574 122148.1188132732
119325.1163935221 121505.3080695988
120125.8655638897 121505.3080695988
122688.2629090662 120862.4973259244
123649.1619135073 119898.2812104128
124449.9110838750 119898.2812104128

130337.0150185000 115241.1956611167
128572.0720828913 113797.9905490167
130016.1163029348 113477.2783018833
130978.8124496304 112194.4293133500
126807.1291472826 111873.7170662167
125523.5342850217 110109.7997069833
125363.0849272391 109308.0190891500
123919.0407071956 108185.5262241833
123437.6926338478 106742.3211120833
121672.7496982391 106581.9649885167
120389.1548359783 105780.1843706833
118945.1106159348 104818.0476292833
120870.5029093261 104818.0476292833
120068.2561204130 104818.0476292833
123437.6926338478 107223.3894827833
131941.5085963261 112675.4976840500
123437.6926338478 108025.1701006167
128251.1733673261 113958.3466725833
130978.8124496304 114279.0589197167
124560.8381383261 110430.5119541167
127930.2746517609 109949.4435834167
127448.9265784130 114118.7027961500
130657.9137340652 114118.7027961500
124079.4900649783 107704.4578534833
118303.3131848043 103855.9108878833
132134.4472936143 124564.4415540763
134689.1186001286 123279.5516824831
135806.7872967286 123279.5516824831
137722.7907766143 123279.5516824831
138361.4586032428 123279.5516824831
138521.1255599000 123118.9404485339
139638.7942565000 122637.1067466864
139159.7933865286 122476.4955127373
135647.1203400714 122315.8842787881
141235.4638230714 121352.2168750932
134210.1177301571 120067.3270035000
133411.7829468714 119906.7157695509
133092.4490335571 121191.6056411441
132134.4472936143 120388.5494713983
140596.7959964428 121352.2168750932
137403.4568633000 122315.8842787881
131336.1125103286 122155.2730448390
138201.7916465857 121352.2168750932
139958.1281698143 122315.8842787881
131815.1133803000 122958.3292145848
134050.4507735000 121352.2168750932
136445.4551233572 121673.4393429915
112438.6735283603 129701.1450514477
117563.4682187132 129701.1450514477
126852.1585949779 129540.4423655291
115801.8200439044 129379.7396796105
129254.4061060809 129219.0369936919
123969.4615816544 128897.6316218547
122848.4127431397 128736.9289359360
118204.0675550073 127772.7128204244
113399.5725328015 127290.6047626686
113079.2728646544 127129.9020767500
116762.7190483456 126969.1993908314
118524.3672231544 126487.0913330756
119485.2662275956 126487.0913330756
113880.0220350220 126165.6859612384
119805.5658957426 126165.6859612384
117723.6180527868 124076.5510442965
117403.3183846397 123273.0376147035
119004.8167253750 122148.1188132732
119325.1163935221 121505.3080695988
123168.7124112868 121023.2000118430
122688.2629090662 120862.4973259244
123168.7124112868 120380.3892681686
123649.1619135073 119898.2812104128
124449.9110838750 119898.2812104128
123809.3117475809 119576.8758385756
124610.0609179485 118451.9570371453
118043.9177209338 125040.7671598081
127012.3084290515 129058.3343077733

121351.8509826739 105459.4721235500
124079.4900649783 108826.9507184500
123758.5913494130 108185.5262241833
121512.3003404565 105299.1159999833
123758.5913494130 107063.0333592167
128251.1733673261 114279.0589197167
126004.8823583696 110590.8680776833
127769.8252939783 112354.7854369167
127448.9265784130 113637.6344254500
127448.9265784130 112354.7854369167
130016.1163029348 114760.1272904167
130016.1163029348 113156.5660547500
126165.3317161522 112034.0731897833
125363.0849272391 108185.5262241833
120549.6041937609 104978.4037528500
124079.4900649783 109468.3752127167
122474.9964871522 106100.8966178167
128090.7240095435 114118.7027961500
131781.0592385435 113156.5660547500
126486.2304317174 111071.9364483833
118945.1106159348 105138.7598764167
130818.3630918478 114760.1272904167
126807.1291472826 109789.0874598500
127448.9265784130 109949.4435834167
119907.8067626304 104497.3353821500
132613.4481635857 122315.8842787881
139638.7942565000 121673.4393429915
134529.4516434714 120227.9382374492
137882.4577332714 122155.2730448390
132294.1142502714 120709.7719392966
139638.7942565000 123921.9966182797
138840.4594732143 121352.2168750932
131655.4464236428 122797.7179806356
140916.1299097571 122637.1067466864
133731.1168601857 123761.3853843305
134210.1177301571 119103.6595998051
133252.1159902143 119424.8820677034
139798.4612131571 121030.9944071949
132773.1151202428 123921.9966182797
132613.4481635857 123761.3853843305
140756.4629531000 121834.0505769407
139000.1264298715 121352.2168750932
135966.4542533857 122958.3292145848
138361.4586032428 123761.3853843305
132613.4481635857 120870.3831732458
132613.4481635857 124082.6078522288
132613.4481635857 120227.9382374492
119325.1163935221 121505.3080695988
123969.4615816544 120380.3892681686
121727.3639046250 119416.1731526570
125090.5104201691 127129.9020767500
124129.6114157279 120219.6865822500
116762.7190483456 124719.3617879709
120606.3150661103 124076.5510442965
122047.6635727720 122630.2268710291
117403.3183846397 126487.0913330756
115961.9698779779 130183.2531092035
115481.5203757573 124558.6591020523
115321.3705416838 130504.6584810407
124449.9110838750 119094.7677808198
124449.9110838750 126969.1993908314
122367.9632409191 121505.3080695988
117083.0187164926 123433.7403006221
117083.0187164926 127129.9020767500
114520.6213713162 126165.6859612384
110196.5758513309 130022.5504232849
114200.3217031691 127612.0101345058
114360.4715372426 125844.2805894012
125891.2595905367 127612.0101345058
122528.1130749927 126165.6859612384
114520.6213713162 126647.7940189942
126051.4094246103 127933.4155063430
118043.9177209338 121987.4161273546
114200.3217031691 126969.1993908314
118844.6668913015 125844.2805894012

129695.2175873696 115722.2640318167
130337.0150185000 115241.1956611167
128251.1733673261 114599.7711668500
130978.8124496304 114279.0589197167
126646.6797895000 113156.5660547500
130497.4643762826 112996.2099311833
131941.5085963261 112675.4976840500
126004.8823583696 111873.7170662167
128251.1733673261 111713.3609426500
129213.8695140217 110751.2242012500
125523.5342850217 110109.7997069833
127930.2746517609 109949.4435834167
123598.1419916304 109628.7313362833
124400.3887805435 109628.7313362833
125523.5342850217 108666.5945948833
123919.0407071956 108185.5262241833
124079.4900649783 107704.4578534833
121672.7496982391 106581.9649885167
119426.4586892826 104657.6915057167
128572.0720828913 113797.9905490167
125042.1862116739 111392.6486955167
120389.1548359783 105780.1843706833
128251.1733673261 111232.2925719500
123437.6926338478 107223.3894827833
129053.4201562391 113637.6344254500
135966.4542533857 123600.7741503814
138521.1255599000 123118.9404485339
137243.7899066428 122637.1067466864
139638.7942565000 122637.1067466864
135647.1203400714 122315.8842787881
139958.1281698143 122315.8842787881
131336.1125103286 122155.2730448390
137563.1238199572 122155.2730448390
138042.1246899286 121834.0505769407
131974.7803369571 121673.4393429915
136445.4551233572 121673.4393429915
133411.7829468714 119906.7157695509
135008.4525134429 119746.1045356017
132613.4481635857 118782.4371319068
141235.4638230714 121191.6056411441
133092.4490335571 120227.9382374492
135008.4525134429 122476.4955127373
140916.1299097571 122637.1067466864
138361.4586032428 121352.2168750932
141874.1316497000 121030.9944071949
139159.7933865286 122476.4955127373
133092.4490335571 121191.6056411441
114040.1718690956 130504.6584810407
118364.2173890809 129861.8477373663
120286.0153979632 129861.8477373663
120766.4649001838 129701.1450514477
115801.8200439044 129379.7396796105
116602.5692142721 129219.0369936919
114040.1718690956 129058.3343077733
127012.3084290515 129058.3343077733
122367.9632409191 128897.6316218547
114360.4715372426 128576.2262500174
120766.4649001838 127612.0101345058
124449.9110838750 127612.0101345058
120606.3150661103 126647.7940189942
113880.0220350220 126165.6859612384
122047.6635727720 126165.6859612384
117083.0187164926 125844.2805894012
117083.0187164926 124558.6591020523
121246.9144024044 124076.5510442965
117083.0187164926 123433.7403006221
122047.6635727720 122469.5241851105
119325.1163935221 121505.3080695988
120125.8655638897 121505.3080695988
122688.2629090662 120862.4973259244
121567.2140705515 119898.2812104128
124449.9110838750 119898.2812104128
124930.3605860956 119576.8758385756
124930.3605860956 118612.6597230639
120926.6147342574 126647.7940189942

127448.9265784130 114118.7027961500
128251.1733673261 113958.3466725833
130497.4643762826 112996.2099311833
127288.4772206304 112675.4976840500
131941.5085963261 112675.4976840500
130978.8124496304 112194.4293133500
125042.1862116739 111392.6486955167
124400.3887805435 109628.7313362833
127128.0278628478 109628.7313362833
122956.3445605000 107383.7456063500
123437.6926338478 107223.3894827833
121672.7496982391 107063.0333592167
123437.6926338478 106742.3211120833
120389.1548359783 105780.1843706833
120068.2561204130 104818.0476292833
119426.4586892826 104657.6915057167
118303.3131848043 103855.9108878833
130016.1163029348 113477.2783018833
124721.2874961087 109789.0874598500
128572.0720828913 113797.9905490167
128251.1733673261 111232.2925719500
130337.0150185000 115241.1956611167
128411.6227251087 113637.6344254500
125523.5342850217 109628.7313362833
123598.1419916304 109628.7313362833
134529.4516434714 123279.5516824831
138521.1255599000 123118.9404485339
131815.1133803000 122958.3292145848
136605.1220800143 122958.3292145848
137243.7899066428 122637.1067466864
139638.7942565000 122637.1067466864
140916.1299097571 122637.1067466864
139159.7933865286 122476.4955127373
135647.1203400714 122315.8842787881
137403.4568633000 122315.8842787881
139958.1281698143 122315.8842787881
136445.4551233572 121673.4393429915
133092.4490335571 121191.6056411441
132134.4472936143 120388.5494713983
133411.7829468714 119906.7157695509
134848.7855567857 119906.7157695509
135008.4525134429 119746.1045356017
141874.1316497000 121030.9944071949
138361.4586032428 123279.5516824831
131336.1125103286 122155.2730448390
141235.4638230714 121352.2168750932
135806.7872967286 123279.5516824831
118364.2173890809 130343.9557951221
122207.8134068456 130183.2531092035
112438.6735283603 129701.1450514477
117723.6180527868 129701.1450514477
121086.7645683309 129540.4423655291
115801.8200439044 129379.7396796105
116602.5692142721 129219.0369936919
123969.4615816544 128897.6316218547
125090.5104201691 128254.8208781802
113399.5725328015 127290.6047626686
117083.0187164926 126969.1993908314
120606.3150661103 126647.7940189942
120926.6147342574 126647.7940189942
118524.3672231544 126487.0913330756
113880.0220350220 126165.6859612384
119805.5658957426 126165.6859612384
120926.6147342574 125844.2805894012
116122.1197120515 124397.9564161337
121246.9144024044 124076.5510442965
119805.5658957426 123273.0376147035
119645.4160616691 122951.6322428663
119325.1163935221 121505.3080695988
120125.8655638897 121505.3080695988
123168.7124112868 121023.2000118430
122688.2629090662 120862.4973259244
122047.6635727720 120541.0919540872
123168.7124112868 120380.3892681686
124449.9110838750 119898.2812104128

