146052.0537568564 140877.9774516016
145731.0176801117 140075.6441402734
138668.2239917287 139594.2441534766
138347.1879149840 139273.3108289453
145409.9816033670 138952.3775044141
135136.8271475372 138791.9108421485
142199.6208359202 138310.5108553516
135136.8271475372 138150.0441930860
143804.8012196436 138150.0441930860
143644.2831812713 137829.1108685547
134494.7549940479 136705.8442326953
138989.2600684734 136705.8442326953
137544.5977231223 134619.7776232422
134976.3091091649 134298.8442987109
136581.4894928883 134138.3776364453
134976.3091091649 133175.5776628516
120250.3604729077 141533.4247150000
119450.2679393692 141373.3297045556
122810.6565802308 141213.2346941111
124090.8046338923 140572.8546523333
126171.0452210923 140572.8546523333
120090.3419662000 140412.7596418889
127611.2117814615 140412.7596418889
119770.3049527846 140252.6646314444
125210.9341808461 140252.6646314444
127291.1747680462 140092.5696210000
115769.8422850923 139932.4746105556
118170.1198857077 139932.4746105556
117850.0828722923 139612.2845896667
124090.8046338923 139612.2845896667
121050.4530064462 139452.1895792222
121530.5085265692 139292.0945687778
122810.6565802308 139292.0945687778
117850.0828722923 138811.8095374444
119610.2864460769 138811.8095374444
125690.9897009692 138491.6195165556
113689.6016978923 138171.4294956667
129371.4153552462 138171.4294956667
114489.6942314308 137851.2394747778
122970.6750869385 137851.2394747778
122810.6565802308 137691.1444643333
119450.2679393692 137531.0494538889
115289.7867649692 137050.7644225556
129691.4523686615 137050.7644225556
116569.9348186308 136890.6694121111
117210.0088454615 136730.5744016667
119610.2864460769 136570.4793912222
119290.2494326616 136410.3843807778
117530.0458588769 136250.2893703333
121690.5270332769 136250.2893703333
116729.9533253385 135930.0993494444
119290.2494326616 135930.0993494444
123450.7306070615 135930.0993494444
127771.2302881692 135930.0993494444
125690.9897009692 135609.9093285556
122810.6565802308 135449.8143181111
128571.3228217077 135449.8143181111
129371.4153552462 135289.7193076667
121370.4900198615 134969.5292867778
127131.1562613385 134969.5292867778
114169.6572180154 134809.4342763333
129371.4153552462 134809.4342763333
127611.2117814615 134649.3392658889
117370.0273521692 134329.1492450000
130651.5634089077 133848.8642136667
121050.4530064462 133528.6741927778
114649.7127381385 133368.5791823333
129531.4338619538 133208.4841718889
116089.8792985077 132728.1991405556
122650.6380735231 132728.1991405556
127451.1932747539 132568.1041301111
132411.7669826923 132247.9141092222
130651.5634089077 132087.8190987778
132251.7484759846 131927.7240883333
116889.9718320462 131767.6290778889
128251.2858082923 131767.6290778889
121850.5455399846 131607.5340674444
128731.3413284154 131607.5340674444
129371.4153552462 131447.4390570000
114809.7312448462 131287.3440465556
126011.0267143846 131287.3440465556
124410.8416473077 131127.2490361111
114489.6942314308 130967.1540256667
117210.0088454615 130967.1540256667

140112.8863370798 138470.9775176172
141557.5486824308 136705.8442326953
139310.2961452181 137508.1775440234
144286.3553347606 138310.5108553516
145409.9816033670 140557.0441270703
139470.8141835904 136384.9109081641
144446.8733731330 140877.9774516016
135136.8271475372 134940.7109477734
143965.3192580160 140877.9774516016
141397.0306440585 139754.7108157422
138347.1879149840 137508.1775440234
135939.4173393990 138310.5108553516
138828.7420301010 138791.9108421485
143644.2831812713 138631.4441798828
135457.8632242819 133175.5776628516
138989.2600684734 137026.7775572266
126971.1377546308 141693.5197254444
127131.1562613385 136410.3843807778
114969.7497515539 129046.0139003333
121050.4530064462 130967.1540256667
122970.6750869385 131447.4390570000
124730.8786607231 135930.0993494444
115609.8237783846 133528.6741927778
127451.1932747539 137370.9544434444
117850.0828722923 130807.0590152222
124730.8786607231 133688.7692032222
128731.3413284154 137691.1444643333
131931.7114625692 133208.4841718889
115449.8052716769 135129.6242972222
118970.2124192461 137851.2394747778
132091.7299692769 130807.0590152222
121050.4530064462 141373.3297045556
129691.4523686615 130967.1540256667
128091.2673015846 137851.2394747778
115769.8422850923 140732.9496627778
124090.8046338923 132568.1041301111
118010.1013790000 138491.6195165556
128571.3228217077 130166.6789734444
121370.4900198615 141693.5197254444
115289.7867649692 134489.2442554444
125530.9711942616 138811.8095374444
127451.1932747539 138011.3344852222
116569.9348186308 133848.8642136667
116409.9163119231 127284.9687854444
116729.9533253385 131287.3440465556
122810.6565802308 134329.1492450000
115929.8607918000 134008.9592241111
119130.2309259538 133208.4841718889
130811.5819156154 131767.6290778889
117690.0643655846 134969.5292867778
131771.6929558615 132408.0091196667
128571.3228217077 134489.2442554444
128731.3413284154 131287.3440465556
119610.2864460769 141213.2346941111
125690.9897009692 135930.0993494444
129531.4338619538 134969.5292867778
116889.9718320462 138011.3344852222
120090.3419662000 138011.3344852222
116409.9163119231 140572.8546523333
115289.7867649692 138331.5245061111
122970.6750869385 138971.9045478889
114169.6572180154 138971.9045478889
128571.3228217077 131127.2490361111
119610.2864460769 139612.2845896667
118810.1939125385 129686.3939421111
124250.8231406000 130326.7739838889
116409.9163119231 137851.2394747778
114969.7497515539 126964.7787645556
123450.7306070615 135289.7193076667
124250.8231406000 135449.8143181111
128411.3043150000 133208.4841718889
116249.8978052154 130486.8689943333
120250.3604729077 136410.3843807778
130811.5819156154 130486.8689943333
129211.3968485385 131127.2490361111
126171.0452210923 137691.1444643333
125050.9156741385 139131.9995583333
115129.7682582615 140092.5696210000
130651.5634089077 135449.8143181111
114329.6757247231 131607.5340674444
118170.1198857077 129686.3939421111
116569.9348186308 133688.7692032222
125851.0082076769 131287.3440465556
128091.2673015846 130486.8689943333

138989.2600684734 137829.1108685547
137223.5616463776 138631.4441798828
138668.2239917287 137668.6442062891
141878.5847591755 140236.1108025391
136099.9353777713 136705.8442326953
143965.3192580160 139915.1774780078
147175.6800254628 140717.5107893359
139149.7781068458 137989.5775308203
136420.9714545159 138470.9775176172
135457.8632242819 131891.8443647266
145249.4635649947 140557.0441270703
135778.8993010266 137989.5775308203
146052.0537568564 139433.7774912110
140594.4404521968 139594.2441534766
138347.1879149840 139433.7774912110
136581.4894928883 132694.1776760547
120570.3974863231 138491.6195165556
127131.1562613385 132408.0091196667
127931.2487948769 132247.9141092222
129851.4708753692 135449.8143181111
126491.0822345077 130967.1540256667
114329.6757247231 135930.0993494444
114009.6387113077 139452.1895792222
125851.0082076769 134329.1492450000
127291.1747680462 134329.1492450000
120890.4344997385 132888.2941510000
116569.9348186308 129366.2039212222
127291.1747680462 139612.2845896667
127291.1747680462 131607.5340674444
114809.7312448462 129686.3939421111
114329.6757247231 131607.5340674444
131451.6559424461 133208.4841718889
118170.1198857077 133848.8642136667
118330.1383924154 132247.9141092222
117530.0458588769 135289.7193076667
122810.6565802308 131447.4390570000
116089.8792985077 138171.4294956667
113209.5461777692 139932.4746105556
127451.1932747539 135930.0993494444
125690.9897009692 140732.9496627778
116409.9163119231 133688.7692032222
117690.0643655846 139292.0945687778
128411.3043150000 140092.5696210000
118810.1939125385 133208.4841718889
118650.1754058308 130807.0590152222
121530.5085265692 137531.0494538889
124890.8971674308 141373.3297045556
126811.1192479231 140893.0446732222
124570.8601540154 140092.5696210000
114489.6942314308 140092.5696210000
125851.0082076769 130967.1540256667
115769.8422850923 139452.1895792222
117049.9903387539 133048.3891614444
124250.8231406000 130967.1540256667
122810.6565802308 141053.1396836667
116089.8792985077 130006.5839630000
115129.7682582615 132087.8190987778
116249.8978052154 139452.1895792222
121690.5270332769 130166.6789734444
127771.2302881692 140572.8546523333
123130.6935936462 132568.1041301111
124090.8046338923 130807.0590152222
123130.6935936462 138171.4294956667
123290.7121003538 134169.0542345556
117530.0458588769 137370.9544434444
130811.5819156154 133048.3891614444
115929.8607918000 129526.2989316667
114169.6572180154 133048.3891614444
119770.3049527846 139292.0945687778
114329.6757247231 139932.4746105556
131131.6189290308 133688.7692032222
131291.6374357385 130646.9640047778
125370.9526875538 130326.7739838889
127131.1562613385 137851.2394747778
124730.8786607231 133688.7692032222
131291.6374357385 131927.7240883333
113529.5831911846 140893.0446732222
122650.6380735231 136730.5744016667
119770.3049527846 130326.7739838889
129371.4153552462 134809.4342763333
129211.3968485385 137851.2394747778
127291.1747680462 130967.1540256667
121530.5085265692 134649.3392658889
117530.0458588769 133368.5791823333

145570.4996417394 140396.5774648047
145891.5357184841 140396.5774648047
138186.6698766117 140075.6441402734
144607.3914115053 139915.1774780078
142520.6569126649 139754.7108157422
145731.0176801117 139433.7774912110
134494.7549940479 139112.8441666797
134334.2369556755 138791.9108421485
138186.6698766117 138631.4441798828
138507.7059533564 138631.4441798828
144446.8733731330 138310.5108553516
140915.4765289415 137989.5775308203
137223.5616463776 137668.6442062891
143162.7290661543 137347.7108817578
142199.6208359202 137026.7775572266
134815.7910707926 136545.3775704297
120250.3604729077 141533.4247150000
118170.1198857077 141373.3297045556
119450.2679393692 141373.3297045556
119770.3049527846 141373.3297045556
120090.3419662000 141213.2346941111
121370.4900198615 141213.2346941111
122810.6565802308 141213.2346941111
125851.0082076769 141053.1396836667
124250.8231406000 140732.9496627778
125370.9526875538 140732.9496627778
115609.8237783846 140412.7596418889
123770.7676204769 140412.7596418889
125050.9156741385 140412.7596418889
117210.0088454615 139932.4746105556
119930.3234594923 139932.4746105556
113049.5276710616 139612.2845896667
116729.9533253385 139292.0945687778
121530.5085265692 139292.0945687778
113209.5461777692 138491.6195165556
116089.8792985077 138491.6195165556
118490.1568991231 138331.5245061111
117530.0458588769 138171.4294956667
129371.4153552462 138011.3344852222
117370.0273521692 137370.9544434444
124410.8416473077 137210.8594330000
128731.3413284154 137050.7644225556
115609.8237783846 136730.5744016667
115929.8607918000 136410.3843807778
115449.8052716769 136090.1943598889
127771.2302881692 136090.1943598889
116729.9533253385 135930.0993494444
114329.6757247231 135770.0043390000
121050.4530064462 135609.9093285556
115609.8237783846 135289.7193076667
127771.2302881692 135289.7193076667
121210.4715131539 134809.4342763333
120090.3419662000 134649.3392658889
118810.1939125385 134329.1492450000
129531.4338619538 134329.1492450000
119130.2309259538 134169.0542345556
125851.0082076769 134169.0542345556
118810.1939125385 133848.8642136667
116249.8978052154 133368.5791823333
120410.3789796154 133208.4841718889
123770.7676204769 133208.4841718889
124890.8971674308 133208.4841718889
129531.4338619538 133208.4841718889
115929.8607918000 132888.2941510000
117370.0273521692 132888.2941510000
121210.4715131539 132568.1041301111
119290.2494326616 132247.9141092222
114329.6757247231 132087.8190987778
124410.8416473077 131127.2490361111
126971.1377546308 130967.1540256667
127291.1747680462 130967.1540256667
128891.3598351231 130807.0590152222
115129.7682582615 130486.8689943333
119770.3049527846 130326.7739838889
126011.0267143846 130326.7739838889
117210.0088454615 129846.4889525556
119610.2864460769 129846.4889525556
117690.0643655846 127925.3488272222
116409.9163119231 127765.2538167778
116889.9718320462 127605.1588063333
114649.7127381385 127445.0637958889
117530.0458588769 127445.0637958889
115769.8422850923 127284.9687854444
121050.4530064462 130967.1540256667

145891.5357184841 140557.0441270703
138828.7420301010 140075.6441402734
135939.4173393990 132854.6443383203
139149.7781068458 135903.5109213672
139791.8502603351 140557.0441270703
138026.1518382394 138791.9108421485
139952.3682987074 137508.1775440234
139791.8502603351 136545.3775704297
137384.0796847500 134940.7109477734
134173.7189173032 136705.8442326953
136099.9353777713 133496.5109873828
137865.6337998670 136705.8442326953
141557.5486824308 136063.9775836328
136581.4894928883 139754.7108157422
139149.7781068458 137829.1108685547
147496.7161022074 140717.5107893359
122810.6565802308 132568.1041301111
122650.6380735231 139452.1895792222
125851.0082076769 136250.2893703333
116249.8978052154 131607.5340674444
118330.1383924154 129686.3939421111
122650.6380735231 134008.9592241111
122490.6195668154 138331.5245061111
115929.8607918000 140412.7596418889
125370.9526875538 142013.7097463333
126651.1007412154 138331.5245061111
114009.6387113077 133048.3891614444
115609.8237783846 130006.5839630000
116729.9533253385 139772.3796001111
121210.4715131539 137050.7644225556
113849.6202046000 138491.6195165556
116569.9348186308 134329.1492450000
114489.6942314308 130166.6789734444
123610.7491137692 133368.5791823333
122490.6195668154 138971.9045478889
116889.9718320462 136890.6694121111
129371.4153552462 137210.8594330000
132091.7299692769 132408.0091196667
124570.8601540154 132087.8190987778
117850.0828722923 130006.5839630000
115929.8607918000 131767.6290778889
115449.8052716769 135449.8143181111
129691.4523686615 137851.2394747778
123290.7121003538 138171.4294956667
117530.0458588769 130967.1540256667
115289.7867649692 138491.6195165556
123610.7491137692 134969.5292867778
126971.1377546308 131767.6290778889
119770.3049527846 132728.1991405556
119290.2494326616 131927.7240883333
125690.9897009692 132087.8190987778
121050.4530064462 131607.5340674444
126491.0822345077 140412.7596418889
115289.7867649692 128725.8238794444
129531.4338619538 130967.1540256667
131931.7114625692 131927.7240883333
117530.0458588769 130006.5839630000
123290.7121003538 135609.9093285556
127291.1747680462 133368.5791823333
124570.8601540154 130486.8689943333
126331.0637278000 140412.7596418889
127611.2117814615 141533.4247150000
116889.9718320462 137851.2394747778
123290.7121003538 138651.7145270000
127611.2117814615 134329.1492450000
114329.6757247231 136730.5744016667
117690.0643655846 128725.8238794444
117530.0458588769 135289.7193076667
129051.3783418308 136410.3843807778
128731.3413284154 130967.1540256667
117850.0828722923 134649.3392658889
124570.8601540154 135289.7193076667
126171.0452210923 138491.6195165556
130971.6004223231 133688.7692032222
128571.3228217077 137050.7644225556
116089.8792985077 130166.6789734444
115449.8052716769 132087.8190987778
124250.8231406000 135770.0043390000
115609.8237783846 139772.3796001111
132251.7484759846 130486.8689943333
126331.0637278000 141853.6147358889
123450.7306070615 134649.3392658889
117049.9903387539 132568.1041301111
129051.3783418308 135449.8143181111

144607.3914115053 139915.1774780078
141075.9945673138 139433.7774912110
134334.2369556755 138791.9108421485
143002.2110277819 138791.9108421485
135939.4173393990 138631.4441798828
139952.3682987074 138631.4441798828
140754.9584905691 138470.9775176172
136260.4534161436 137347.7108817578
139149.7781068458 137347.7108817578
134815.7910707926 136545.3775704297
138186.6698766117 135582.5775968359
137063.0436080053 138470.9775176172
142841.6929894096 136866.3108949609
136581.4894928883 139754.7108157422
138026.1518382394 140236.1108025391
137544.5977231223 139594.2441534766
119290.2494326616 141213.2346941111
122810.6565802308 141213.2346941111
121530.5085265692 141053.1396836667
128091.2673015846 140252.6646314444
125851.0082076769 139932.4746105556
122010.5640466923 139131.9995583333
128411.3043150000 139131.9995583333
114649.7127381385 138811.8095374444
116089.8792985077 138491.6195165556
115129.7682582615 137531.0494538889
119450.2679393692 137531.0494538889
113529.5831911846 137210.8594330000
125851.0082076769 136890.6694121111
114809.7312448462 136410.3843807778
126491.0822345077 136410.3843807778
129371.4153552462 134809.4342763333
123130.6935936462 134489.2442554444
114329.6757247231 133688.7692032222
123930.7861271846 133688.7692032222
125050.9156741385 133688.7692032222
119290.2494326616 132247.9141092222
115289.7867649692 132087.8190987778
125370.9526875538 131767.6290778889
129371.4153552462 131447.4390570000
115609.8237783846 128085.4438376667
128891.3598351231 130166.6789734444
126011.0267143846 131287.3440465556
114649.7127381385 127124.8737750000
127611.2117814615 142173.8047567778
126651.1007412154 131447.4390570000
127291.1747680462 130967.1540256667
129371.4153552462 135770.0043390000
122330.6010601077 132247.9141092222
120410.3789796154 137691.1444643333
123450.7306070615 140092.5696210000
125050.9156741385 135129.6242972222
115289.7867649692 141213.2346941111
123450.7306070615 131447.4390570000
115609.8237783846 132247.9141092222
124570.8601540154 131767.6290778889
126651.1007412154 138971.9045478889
115289.7867649692 136410.3843807778
119770.3049527846 130486.8689943333
115609.8237783846 133688.7692032222
118010.1013790000 138011.3344852222
129371.4153552462 133208.4841718889
124890.8971674308 133528.6741927778
131451.6559424461 130486.8689943333
122810.6565802308 130166.6789734444
119130.2309259538 133848.8642136667
124090.8046338923 131447.4390570000
115609.8237783846 126004.2087018889
127291.1747680462 138491.6195165556
126651.1007412154 138331.5245061111
124410.8416473077 133528.6741927778
123610.7491137692 134169.0542345556
117530.0458588769 141053.1396836667
127291.1747680462 135930.0993494444
116889.9718320462 134809.4342763333
118170.1198857077 134169.0542345556
116569.9348186308 138491.6195165556
118330.1383924154 136410.3843807778
116889.9718320462 136570.4793912222
121530.5085265692 130486.8689943333
123290.7121003538 138651.7145270000
130171.5078887846 134969.5292867778
125050.9156741385 134969.5292867778
118970.2124192461 129846.4889525556

136902.5255696330 136063.9775836328
139631.3322219627 139754.7108157422
137705.1157614947 139594.2441534766
137544.5977231223 136866.3108949609
140915.4765289415 137668.6442062891
136581.4894928883 134298.8442987109
136581.4894928883 137989.5775308203
143323.2471045266 140075.6441402734
139470.8141835904 136063.9775836328
135939.4173393990 139273.3108289453
134976.3091091649 134459.3109609766
134976.3091091649 133336.0443251172
143162.7290661543 137026.7775572266
142360.1388742926 140396.5774648047
147175.6800254628 140557.0441270703
141557.5486824308 138310.5108553516
118010.1013790000 140732.9496627778
126651.1007412154 137531.0494538889
119770.3049527846 140412.7596418889
122970.6750869385 132087.8190987778
114969.7497515539 125844.1136914445
122010.5640466923 141533.4247150000
124730.8786607231 133048.3891614444
129691.4523686615 131287.3440465556
118010.1013790000 130486.8689943333
115609.8237783846 136730.5744016667
123610.7491137692 139292.0945687778
123130.6935936462 130807.0590152222
114649.7127381385 139772.3796001111
122490.6195668154 140412.7596418889
126811.1192479231 130486.8689943333
122650.6380735231 131767.6290778889
129051.3783418308 134649.3392658889
127451.1932747539 138971.9045478889
115289.7867649692 137370.9544434444
121690.5270332769 132247.9141092222
115769.8422850923 135930.0993494444
125210.9341808461 141853.6147358889
127771.2302881692 132087.8190987778
116729.9533253385 139452.1895792222
126011.0267143846 135770.0043390000
121050.4530064462 135449.8143181111
116089.8792985077 140252.6646314444
113529.5831911846 136570.4793912222
132891.8225028154 130326.7739838889
116569.9348186308 126964.7787645556
117370.0273521692 127605.1588063333
115449.8052716769 126644.5887436667
125530.9711942616 140412.7596418889
124890.8971674308 131607.5340674444
120730.4159930308 140572.8546523333
116889.9718320462 141053.1396836667
123770.7676204769 131287.3440465556
122490.6195668154 132728.1991405556
115129.7682582615 129846.4889525556
129851.4708753692 133368.5791823333
118170.1198857077 130646.9640047778
117049.9903387539 135609.9093285556
131771.6929558615 130807.0590152222
127131.1562613385 136570.4793912222
116569.9348186308 140893.0446732222
122330.6010601077 134329.1492450000
123290.7121003538 135930.0993494444
115609.8237783846 129366.2039212222
114969.7497515539 128085.4438376667
117049.9903387539 129686.3939421111
121050.4530064462 136410.3843807778
128091.2673015846 138491.6195165556
126011.0267143846 134969.5292867778
131451.6559424461 132247.9141092222
122490.6195668154 141693.5197254444
130171.5078887846 133688.7692032222
115929.8607918000 138011.3344852222
129211.3968485385 137050.7644225556
122810.6565802308 130486.8689943333
125690.9897009692 131447.4390570000
123930.7861271846 138011.3344852222
121050.4530064462 131607.5340674444
116249.8978052154 127925.3488272222
123610.7491137692 136570.4793912222
119770.3049527846 136090.1943598889
118490.1568991231 129366.2039212222
125851.0082076769 131287.3440465556
113209.5461777692 140412.7596418889

144767.9094498777 138310.5108553516
136902.5255696330 138631.4441798828
144125.8372963883 138310.5108553516
141718.0667208032 140396.5774648047
138668.2239917287 137668.6442062891
147336.1980638351 141038.4441138672
139631.3322219627 136224.4442458984
135136.8271475372 132533.7110137891
146533.6078719734 140396.5774648047
135136.8271475372 133977.9109741797
142039.1027975479 138310.5108553516
141878.5847591755 139594.2441534766
144928.4274882500 140396.5774648047
136260.4534161436 139433.7774912110
136099.9353777713 132854.6443383203
138347.1879149840 138310.5108553516
120250.3604729077 130807.0590152222
114489.6942314308 140092.5696210000
118010.1013790000 137370.9544434444
115289.7867649692 130486.8689943333
113209.5461777692 140893.0446732222
116089.8792985077 132087.8190987778
114329.6757247231 138811.8095374444
116089.8792985077 128405.6338585556
117530.0458588769 140893.0446732222
117049.9903387539 129206.1089107778
124570.8601540154 141373.3297045556
119450.2679393692 136890.6694121111
114009.6387113077 134809.4342763333
132411.7669826923 131767.6290778889
116729.9533253385 127445.0637958889
121210.4715131539 141533.4247150000
116249.8978052154 133688.7692032222
131771.6929558615 132728.1991405556
125530.9711942616 136570.4793912222
130811.5819156154 132728.1991405556
116729.9533253385 129526.2989316667
117210.0088454615 129366.2039212222
119290.2494326616 129526.2989316667
118490.1568991231 129846.4889525556
125690.9897009692 131607.5340674444
118810.1939125385 132087.8190987778
114169.6572180154 130967.1540256667
116729.9533253385 130646.9640047778
123610.7491137692 137851.2394747778
125690.9897009692 138971.9045478889
119290.2494326616 132408.0091196667
129851.4708753692 137050.7644225556
124570.8601540154 139612.2845896667
116089.8792985077 135930.0993494444
126491.0822345077 139772.3796001111
127611.2117814615 141693.5197254444
117370.0273521692 128725.8238794444
115289.7867649692 127124.8737750000
122970.6750869385 130807.0590152222
116249.8978052154 128245.5388481111
116409.9163119231 131127.2490361111
121370.4900198615 133208.4841718889
123130.6935936462 131287.3440465556
129851.4708753692 130967.1540256667
127771.2302881692 141373.3297045556
123290.7121003538 138171.4294956667
119610.2864460769 136890.6694121111
129851.4708753692 130326.7739838889
127931.2487948769 135289.7193076667
116729.9533253385 128245.5388481111
119130.2309259538 139131.9995583333
117530.0458588769 130486.8689943333
129051.3783418308 134169.0542345556
121690.5270332769 130486.8689943333
123930.7861271846 132087.8190987778
116569.9348186308 137370.9544434444
115769.8422850923 127124.8737750000
126651.1007412154 139612.2845896667
118170.1198857077 136250.2893703333
127451.1932747539 136570.4793912222
127611.2117814615 138971.9045478889
114329.6757247231 134489.2442554444
117530.0458588769 132087.8190987778
113369.5646844769 137370.9544434444
124890.8971674308 134649.3392658889
116089.8792985077 140092.5696210000
115129.7682582615 139932.4746105556
116889.9718320462 140893.0446732222

139631.3322219627 139112.8441666797
142360.1388742926 137829.1108685547
134976.3091091649 137508.1775440234
138347.1879149840 134940.7109477734
137705.1157614947 134459.3109609766
138507.7059533564 137347.7108817578
138347.1879149840 138470.9775176172
134655.2730324202 137026.7775572266
140273.4043754521 138952.3775044141
140915.4765289415 135261.6442723047
141878.5847591755 140236.1108025391
143644.2831812713 139433.7774912110
141718.0667208032 139915.1774780078
142199.6208359202 140557.0441270703
142039.1027975479 137347.7108817578
136260.4534161436 133656.9776496484
125851.0082076769 141053.1396836667
122650.6380735231 140412.7596418889
122810.6565802308 139292.0945687778
122010.5640466923 138011.3344852222
113369.5646844769 137370.9544434444
119610.2864460769 135930.0993494444
122330.6010601077 135289.7193076667
129531.4338619538 134329.1492450000
122970.6750869385 133368.5791823333
116729.9533253385 133208.4841718889
120410.3789796154 133208.4841718889
124890.8971674308 133208.4841718889
117370.0273521692 132888.2941510000
118010.1013790000 132247.9141092222
118970.2124192461 132247.9141092222
128731.3413284154 131607.5340674444
121050.4530064462 130326.7739838889
117210.0088454615 129846.4889525556
118490.1568991231 129846.4889525556
115609.8237783846 128725.8238794444
116409.9163119231 127765.2538167778
114649.7127381385 127445.0637958889
115609.8237783846 126004.2087018889
123930.7861271846 135930.0993494444
119450.2679393692 130646.9640047778
126171.0452210923 141053.1396836667
125370.9526875538 133048.3891614444
127611.2117814615 139452.1895792222
117530.0458588769 129686.3939421111
125050.9156741385 141053.1396836667
120090.3419662000 141373.3297045556
117690.0643655846 128405.6338585556
132091.7299692769 130166.6789734444
117049.9903387539 133848.8642136667
129371.4153552462 135449.8143181111
115449.8052716769 135609.9093285556
120890.4344997385 131927.7240883333
114169.6572180154 135449.8143181111
121850.5455399846 139452.1895792222
114809.7312448462 126484.4937332222
129851.4708753692 137691.1444643333
127931.2487948769 134489.2442554444
119610.2864460769 136570.4793912222
120090.3419662000 138331.5245061111
125690.9897009692 136250.2893703333
113049.5276710616 140092.5696210000
119290.2494326616 141373.3297045556
114329.6757247231 133688.7692032222
119930.3234594923 140092.5696210000
113209.5461777692 140893.0446732222
117049.9903387539 131607.5340674444
126651.1007412154 135129.6242972222
120570.3974863231 138331.5245061111
130811.5819156154 135289.7193076667
124090.8046338923 136410.3843807778
114009.6387113077 139452.1895792222
115769.8422850923 139292.0945687778
114169.6572180154 132888.2941510000
124570.8601540154 139772.3796001111
122010.5640466923 134169.0542345556
129211.3968485385 136890.6694121111
114809.7312448462 138491.6195165556
115609.8237783846 130006.5839630000
117690.0643655846 138011.3344852222
130811.5819156154 134649.3392658889
126811.1192479231 131927.7240883333
123290.7121003538 133848.8642136667
116089.8792985077 139612.2845896667

144446.8733731330 138150.0441930860
135618.3812626542 134138.3776364453
141075.9945673138 140236.1108025391
138347.1879149840 139915.1774780078
136742.0075312606 137026.7775572266
145891.5357184841 140557.0441270703
141075.9945673138 138310.5108553516
146052.0537568564 139754.7108157422
139310.2961452181 138310.5108553516
144446.8733731330 138952.3775044141
134976.3091091649 133175.5776628516
135136.8271475372 135582.5775968359
136742.0075312606 133656.9776496484
142039.1027975479 138310.5108553516
134976.3091091649 139433.7774912110
134655.2730324202 134619.7776232422
117049.9903387539 141213.2346941111
115129.7682582615 134169.0542345556
130011.4893820769 130646.9640047778
115289.7867649692 141053.1396836667
115769.8422850923 133848.8642136667
130171.5078887846 133208.4841718889
118490.1568991231 128405.6338585556
118010.1013790000 128885.9188898889
117049.9903387539 136890.6694121111
115769.8422850923 136250.2893703333
124090.8046338923 133368.5791823333
129051.3783418308 137370.9544434444
125210.9341808461 138331.5245061111
128411.3043150000 138971.9045478889
115449.8052716769 138171.4294956667
128251.2858082923 135609.9093285556
125050.9156741385 130166.6789734444
118490.1568991231 129206.1089107778
121850.5455399846 139772.3796001111
125370.9526875538 133848.8642136667
117530.0458588769 131767.6290778889
118330.1383924154 129686.3939421111
129051.3783418308 138011.3344852222
117370.0273521692 140092.5696210000
124570.8601540154 134809.4342763333
122010.5640466923 135289.7193076667
133531.8965296462 130166.6789734444
116729.9533253385 141373.3297045556
124250.8231406000 130166.6789734444
126971.1377546308 136730.5744016667
122970.6750869385 136250.2893703333
117049.9903387539 138011.3344852222
117690.0643655846 132247.9141092222
117210.0088454615 130967.1540256667
123930.7861271846 140732.9496627778
122170.5825534000 134329.1492450000
126171.0452210923 139292.0945687778
130811.5819156154 135770.0043390000
118170.1198857077 136890.6694121111
127931.2487948769 140092.5696210000
117690.0643655846 131447.4390570000
128251.2858082923 137691.1444643333
131451.6559424461 131927.7240883333
122970.6750869385 131447.4390570000
116729.9533253385 128565.7288690000
120730.4159930308 141533.4247150000
114969.7497515539 129046.0139003333
122170.5825534000 138171.4294956667
123130.6935936462 131927.7240883333
115769.8422850923 139612.2845896667
117530.0458588769 141053.1396836667
122970.6750869385 139452.1895792222
118810.1939125385 133688.7692032222
118330.1383924154 131447.4390570000
125370.9526875538 132568.1041301111
118810.1939125385 134649.3392658889
120730.4159930308 132888.2941510000
125210.9341808461 130807.0590152222
117530.0458588769 139292.0945687778
120250.3604729077 132087.8190987778
130971.6004223231 130807.0590152222
113849.6202046000 133368.5791823333
124410.8416473077 137691.1444643333
121530.5085265692 140732.9496627778
133371.8780229384 130326.7739838889
119770.3049527846 129686.3939421111
131131.6189290308 134008.9592241111
123930.7861271846 138331.5245061111

142520.6569126649 137508.1775440234
135778.8993010266 133817.4443119141
136742.0075312606 137187.2442194922
134976.3091091649 132373.2443515235
147978.2702173245 140717.5107893359
137384.0796847500 134298.8442987109
141397.0306440585 136866.3108949609
142199.6208359202 136866.3108949609
134815.7910707926 134459.3109609766
139952.3682987074 140717.5107893359
138989.2600684734 134780.2442855078
135939.4173393990 133496.5109873828
142681.1749510372 136705.8442326953
135297.3451859096 135261.6442723047
135618.3812626542 132212.7776892578
144125.8372963883 138470.9775176172
127451.1932747539 141053.1396836667
114809.7312448462 130326.7739838889
122650.6380735231 132728.1991405556
120890.4344997385 135129.6242972222
119770.3049527846 139131.9995583333
119610.2864460769 135609.9093285556
121050.4530064462 131767.6290778889
114009.6387113077 132247.9141092222
125210.9341808461 131927.7240883333
115129.7682582615 138011.3344852222
122650.6380735231 131447.4390570000
129051.3783418308 135930.0993494444
119930.3234594923 138011.3344852222
131451.6559424461 132728.1991405556
119770.3049527846 130006.5839630000
130651.5634089077 131447.4390570000
116569.9348186308 136730.5744016667
129211.3968485385 138651.7145270000
116409.9163119231 136090.1943598889
125530.9711942616 138011.3344852222
122970.6750869385 141373.3297045556
114969.7497515539 134809.4342763333
128251.2858082923 138971.9045478889
116409.9163119231 129046.0139003333
118490.1568991231 130166.6789734444
115609.8237783846 132568.1041301111
130491.5449022000 135129.6242972222
116569.9348186308 134489.2442554444
124410.8416473077 130166.6789734444
122650.6380735231 138011.3344852222
121690.5270332769 138971.9045478889
130171.5078887846 131127.2490361111
113529.5831911846 138171.4294956667
122490.6195668154 135770.0043390000
128731.3413284154 130807.0590152222
126811.1192479231 131127.2490361111
119290.2494326616 138651.7145270000
122010.5640466923 141373.3297045556
113689.6016978923 135129.6242972222
126011.0267143846 139292.0945687778
116249.8978052154 134329.1492450000
123930.7861271846 134329.1492450000
122970.6750869385 137370.9544434444
118010.1013790000 135449.8143181111
126171.0452210923 141373.3297045556
115129.7682582615 130807.0590152222
124090.8046338923 135129.6242972222
116889.9718320462 136570.4793912222
129371.4153552462 136250.2893703333
115609.8237783846 139932.4746105556
118010.1013790000 130967.1540256667
116249.8978052154 127765.2538167778
121530.5085265692 130486.8689943333
123130.6935936462 134969.5292867778
121370.4900198615 141693.5197254444
116089.8792985077 138651.7145270000
120730.4159930308 133528.6741927778
126811.1192479231 132247.9141092222
125851.0082076769 140572.8546523333
119930.3234594923 139452.1895792222
127131.1562613385 141053.1396836667
127771.2302881692 140092.5696210000
118810.1939125385 130646.9640047778
120410.3789796154 131927.7240883333
126971.1377546308 138491.6195165556
117530.0458588769 134809.4342763333
119290.2494326616 141213.2346941111
130651.5634089077 132728.1991405556

145088.9455266223 140396.5774648047
138989.2600684734 140236.1108025391
141878.5847591755 140236.1108025391
138347.1879149840 139915.1774780078
134655.2730324202 139433.7774912110
143804.8012196436 139112.8441666797
139952.3682987074 138310.5108553516
143804.8012196436 138150.0441930860
134976.3091091649 137508.1775440234
141878.5847591755 137187.2442194922
134976.3091091649 137026.7775572266
134815.7910707926 136545.3775704297
135939.4173393990 136384.9109081641
138347.1879149840 136063.9775836328
136420.9714545159 135743.0442591016
140915.4765289415 135422.1109345703
127451.1932747539 141533.4247150000
118650.1754058308 141373.3297045556
115289.7867649692 141213.2346941111
121370.4900198615 141213.2346941111
128251.2858082923 141213.2346941111
121530.5085265692 140252.6646314444
119930.3234594923 140092.5696210000
123450.7306070615 140092.5696210000
116409.9163119231 139932.4746105556
114969.7497515539 139612.2845896667
122810.6565802308 139292.0945687778
118490.1568991231 138651.7145270000
126011.0267143846 138651.7145270000
115289.7867649692 138491.6195165556
116089.8792985077 138491.6195165556
120730.4159930308 138331.5245061111
118490.1568991231 138171.4294956667
129691.4523686615 137851.2394747778
114809.7312448462 137691.1444643333
113849.6202046000 137531.0494538889
122650.6380735231 137210.8594330000
129531.4338619538 137050.7644225556
115289.7867649692 135770.0043390000
127131.1562613385 134969.5292867778
119610.2864460769 134809.4342763333
121050.4530064462 134809.4342763333
121690.5270332769 134809.4342763333
128571.3228217077 134809.4342763333
128891.3598351231 134809.4342763333
119450.2679393692 134649.3392658889
127931.2487948769 134489.2442554444
130171.5078887846 134489.2442554444
126971.1377546308 134329.1492450000
114489.6942314308 134169.0542345556
121370.4900198615 134169.0542345556
125050.9156741385 134008.9592241111
128731.3413284154 133688.7692032222
115289.7867649692 133368.5791823333
116249.8978052154 133368.5791823333
125851.0082076769 133368.5791823333
114329.6757247231 133208.4841718889
115769.8422850923 133048.3891614444
121050.4530064462 133048.3891614444
119770.3049527846 132888.2941510000
119450.2679393692 132247.9141092222
121210.4715131539 132247.9141092222
124570.8601540154 132247.9141092222
131771.6929558615 132247.9141092222
121050.4530064462 131767.6290778889
127611.2117814615 131767.6290778889
128731.3413284154 131607.5340674444
126171.0452210923 131127.2490361111
131131.6189290308 131127.2490361111
117690.0643655846 130967.1540256667
122970.6750869385 130967.1540256667
123770.7676204769 130807.0590152222
129211.3968485385 130807.0590152222
131931.7114625692 130807.0590152222
119290.2494326616 130486.8689943333
120250.3604729077 130166.6789734444
115289.7867649692 129366.2039212222
114969.7497515539 129046.0139003333
116569.9348186308 128725.8238794444
118170.1198857077 127925.3488272222
114969.7497515539 126164.3037123333
115609.8237783846 126004.2087018889
123930.7861271846 135129.6242972222
125050.9156741385 130326.7739838889

143644.2831812713 140557.0441270703
141718.0667208032 135903.5109213672
142199.6208359202 139754.7108157422
136260.4534161436 139273.3108289453
141236.5126056862 136705.8442326953
134494.7549940479 137347.7108817578
135778.8993010266 131891.8443647266
143965.3192580160 138631.4441798828
139952.3682987074 140236.1108025391
147175.6800254628 140557.0441270703
138026.1518382394 139594.2441534766
135457.8632242819 133656.9776496484
138026.1518382394 138791.9108421485
139310.2961452181 137187.2442194922
135778.8993010266 136384.9109081641
135778.8993010266 139594.2441534766
114009.6387113077 138331.5245061111
130651.5634089077 134489.2442554444
131451.6559424461 130646.9640047778
116249.8978052154 135609.9093285556
124890.8971674308 133368.5791823333
121210.4715131539 141693.5197254444
117850.0828722923 130967.1540256667
116089.8792985077 126644.5887436667
117210.0088454615 134489.2442554444
126331.0637278000 133048.3891614444
124410.8416473077 139772.3796001111
116089.8792985077 139612.2845896667
119930.3234594923 139772.3796001111
115929.8607918000 139452.1895792222
126491.0822345077 133848.8642136667
125690.9897009692 137050.7644225556
122810.6565802308 137531.0494538889
129211.3968485385 133528.6741927778
119450.2679393692 129846.4889525556
117850.0828722923 135129.6242972222
119930.3234594923 129526.2989316667
124090.8046338923 136090.1943598889
122010.5640466923 132728.1991405556
128411.3043150000 133688.7692032222
116409.9163119231 139932.4746105556
122330.6010601077 137851.2394747778
124570.8601540154 141693.5197254444
123130.6935936462 130486.8689943333
117370.0273521692 141053.1396836667
114169.6572180154 135129.6242972222
117049.9903387539 129046.0139003333
122810.6565802308 133528.6741927778
123770.7676204769 130166.6789734444
118490.1568991231 131127.2490361111
115929.8607918000 126004.2087018889
124730.8786607231 132247.9141092222
115129.7682582615 136410.3843807778
132251.7484759846 132247.9141092222
118970.2124192461 140732.9496627778
119930.3234594923 130646.9640047778
119930.3234594923 140412.7596418889
126171.0452210923 140252.6646314444
129531.4338619538 133048.3891614444
115609.8237783846 126964.7787645556
120570.3974863231 136570.4793912222
115609.8237783846 138651.7145270000
115769.8422850923 125844.1136914445
116089.8792985077 138331.5245061111
123930.7861271846 137050.7644225556
116249.8978052154 130326.7739838889
115289.7867649692 128405.6338585556
129371.4153552462 131767.6290778889
128251.2858082923 132568.1041301111
118970.2124192461 129206.1089107778
116729.9533253385 130807.0590152222
126971.1377546308 137531.0494538889
126811.1192479231 136570.4793912222
130971.6004223231 133528.6741927778
128411.3043150000 133208.4841718889
127451.1932747539 131767.6290778889
116249.8978052154 129526.2989316667
114489.6942314308 139932.4746105556
121690.5270332769 131127.2490361111
124890.8971674308 130967.1540256667
119130.2309259538 138011.3344852222
116889.9718320462 131767.6290778889
118170.1198857077 131767.6290778889
125370.9526875538 135609.9093285556

136902.5255696330 139273.3108289453
139952.3682987074 139433.7774912110
138507.7059533564 135743.0442591016
140754.9584905691 140557.0441270703
144607.3914115053 140075.6441402734
136260.4534161436 139112.8441666797
140273.4043754521 138952.3775044141
137865.6337998670 134459.3109609766
135457.8632242819 133817.4443119141
143965.3192580160 139594.2441534766
140112.8863370798 135261.6442723047
143002.2110277819 140557.0441270703
139631.3322219627 137026.7775572266
144125.8372963883 137829.1108685547
144286.3553347606 139433.7774912110
137705.1157614947 133977.9109741797
121850.5455399846 132568.1041301111
124730.8786607231 141693.5197254444
114649.7127381385 137370.9544434444
122810.6565802308 132888.2941510000
125690.9897009692 130807.0590152222
123130.6935936462 139292.0945687778
127131.1562613385 137531.0494538889
121050.4530064462 138651.7145270000
118970.2124192461 137210.8594330000
122970.6750869385 137691.1444643333
127131.1562613385 133688.7692032222
116089.8792985077 135609.9093285556
127451.1932747539 135770.0043390000
121690.5270332769 138971.9045478889
127931.2487948769 137531.0494538889
121850.5455399846 130166.6789734444
116089.8792985077 138011.3344852222
126011.0267143846 133208.4841718889
116249.8978052154 139772.3796001111
115289.7867649692 139131.9995583333
118490.1568991231 138171.4294956667
126971.1377546308 130166.6789734444
115769.8422850923 132408.0091196667
127291.1747680462 134008.9592241111
126331.0637278000 133848.8642136667
115449.8052716769 134649.3392658889
116729.9533253385 141213.2346941111
129051.3783418308 138971.9045478889
127611.2117814615 142173.8047567778
132251.7484759846 130166.6789734444
121530.5085265692 137691.1444643333
115769.8422850923 137210.8594330000
124890.8971674308 137851.2394747778
114169.6572180154 133048.3891614444
126491.0822345077 140893.0446732222
126331.0637278000 133688.7692032222
117370.0273521692 137851.2394747778
119450.2679393692 139932.4746105556
130491.5449022000 131287.3440465556
117850.0828722923 131127.2490361111
126491.0822345077 134329.1492450000
122170.5825534000 132568.1041301111
121210.4715131539 135449.8143181111
127451.1932747539 140412.7596418889
124250.8231406000 140732.9496627778
128091.2673015846 138971.9045478889
122810.6565802308 137531.0494538889
118330.1383924154 130646.9640047778
126811.1192479231 138811.8095374444
127451.1932747539 140732.9496627778
121850.5455399846 132087.8190987778
129531.4338619538 132087.8190987778
124250.8231406000 130166.6789734444
123130.6935936462 138171.4294956667
124090.8046338923 141533.4247150000
117530.0458588769 136250.2893703333
126491.0822345077 137210.8594330000
114969.7497515539 130646.9640047778
120090.3419662000 138811.8095374444
118970.2124192461 131127.2490361111
123130.6935936462 134008.9592241111
124890.8971674308 135770.0043390000
115769.8422850923 140572.8546523333
129851.4708753692 137050.7644225556
130331.5263954923 134329.1492450000
122490.6195668154 138331.5245061111
124090.8046338923 136410.3843807778
123930.7861271846 137370.9544434444

144125.8372963883 138631.4441798828
139470.8141835904 139433.7774912110
134494.7549940479 139273.3108289453
143804.8012196436 138791.9108421485
135939.4173393990 132854.6443383203
138989.2600684734 139754.7108157422
137223.5616463776 139915.1774780078
135457.8632242819 136705.8442326953
137865.6337998670 135101.1776100391
142199.6208359202 138952.3775044141
136581.4894928883 133977.9109741797
134013.2008789308 137508.1775440234
138347.1879149840 140236.1108025391
146854.6439487181 139915.1774780078
137063.0436080053 135422.1109345703
143323.2471045266 138631.4441798828
124250.8231406000 132408.0091196667
130811.5819156154 130967.1540256667
125690.9897009692 132568.1041301111
113689.6016978923 135449.8143181111
118970.2124192461 132247.9141092222
119770.3049527846 141373.3297045556
121050.4530064462 135930.0993494444
119770.3049527846 132087.8190987778
127931.2487948769 133208.4841718889
125050.9156741385 140252.6646314444
123770.7676204769 133848.8642136667
117690.0643655846 137050.7644225556
118490.1568991231 129046.0139003333
116569.9348186308 126644.5887436667
126651.1007412154 141053.1396836667
123930.7861271846 141053.1396836667
126011.0267143846 138331.5245061111
116249.8978052154 131767.6290778889
118490.1568991231 132087.8190987778
127291.1747680462 133208.4841718889
121050.4530064462 137050.7644225556
121690.5270332769 140732.9496627778
125851.0082076769 131287.3440465556
118330.1383924154 138491.6195165556
123450.7306070615 131767.6290778889
114329.6757247231 132087.8190987778
121690.5270332769 141373.3297045556
115609.8237783846 126804.6837541111
117690.0643655846 135770.0043390000
122330.6010601077 140732.9496627778
127131.1562613385 133368.5791823333
121370.4900198615 139131.9995583333
129851.4708753692 137531.0494538889
123290.7121003538 139932.4746105556
117049.9903387539 140732.9496627778
126971.1377546308 138491.6195165556
127291.1747680462 130486.8689943333
128731.3413284154 139292.0945687778
117049.9903387539 132408.0091196667
117530.0458588769 140572.8546523333
122650.6380735231 136090.1943598889
115769.8422850923 127605.1588063333
120570.3974863231 136410.3843807778
118010.1013790000 132087.8190987778
119450.2679393692 133688.7692032222
118010.1013790000 129846.4889525556
116889.9718320462 128245.5388481111
120890.4344997385 136730.5744016667
118970.2124192461 134008.9592241111
120570.3974863231 133848.8642136667
125050.9156741385 138491.6195165556
130971.6004223231 131767.6290778889
124410.8416473077 130646.9640047778
116089.8792985077 135289.7193076667
128411.3043150000 131447.4390570000
126491.0822345077 135129.6242972222
131451.6559424461 131607.5340674444
113369.5646844769 139131.9995583333
115129.7682582615 130166.6789734444
121530.5085265692 132247.9141092222
119450.2679393692 136730.5744016667
122490.6195668154 133528.6741927778
114009.6387113077 134169.0542345556
122970.6750869385 131767.6290778889
131611.6744491538 130166.6789734444
114969.7497515539 133528.6741927778
127771.2302881692 141533.4247150000
125210.9341808461 140412.7596418889

143002.2110277819 140557.0441270703
138668.2239917287 137668.6442062891
140594.4404521968 139915.1774780078
134494.7549940479 138791.9108421485
144928.4274882500 140236.1108025391
142360.1388742926 138791.9108421485
136099.9353777713 139273.3108289453
142841.6929894096 140396.5774648047
141397.0306440585 140557.0441270703
140112.8863370798 136705.8442326953
144607.3914115053 138631.4441798828
135297.3451859096 133015.1110005860
139631.3322219627 139112.8441666797
139631.3322219627 140717.5107893359
142360.1388742926 137187.2442194922
141878.5847591755 140236.1108025391
129211.3968485385 132087.8190987778
114169.6572180154 131447.4390570000
118170.1198857077 131607.5340674444
128891.3598351231 138811.8095374444
120730.4159930308 139452.1895792222
131931.7114625692 132247.9141092222
116089.8792985077 139932.4746105556
125050.9156741385 132408.0091196667
130011.4893820769 137370.9544434444
122170.5825534000 141533.4247150000
118810.1939125385 138651.7145270000
115769.8422850923 135930.0993494444
120570.3974863231 141693.5197254444
118490.1568991231 128405.6338585556
122170.5825534000 141053.1396836667
117690.0643655846 128885.9188898889
118330.1383924154 133368.5791823333
118490.1568991231 141373.3297045556
117210.0088454615 129846.4889525556
130011.4893820769 135770.0043390000
121210.4715131539 136090.1943598889
118490.1568991231 132728.1991405556
119770.3049527846 136250.2893703333
117850.0828722923 129206.1089107778
125210.9341808461 132888.2941510000
118330.1383924154 132568.1041301111
122330.6010601077 133848.8642136667
118010.1013790000 130006.5839630000
124410.8416473077 135289.7193076667
121690.5270332769 137050.7644225556
126811.1192479231 142173.8047567778
116409.9163119231 141373.3297045556
123290.7121003538 138171.4294956667
125690.9897009692 132087.8190987778
129691.4523686615 130326.7739838889
128251.2858082923 140252.6646314444
127931.2487948769 137210.8594330000
116889.9718320462 132888.2941510000
115129.7682582615 132728.1991405556
120890.4344997385 139932.4746105556
118330.1383924154 136250.2893703333
122490.6195668154 132247.9141092222
127931.2487948769 138491.6195165556
122010.5640466923 134008.9592241111
124410.8416473077 141693.5197254444
122490.6195668154 141533.4247150000
116729.9533253385 130166.6789734444
123450.7306070615 141693.5197254444
123930.7861271846 137050.7644225556
114169.6572180154 139932.4746105556
123450.7306070615 130166.6789734444
125050.9156741385 137210.8594330000
124250.8231406000 135449.8143181111
123290.7121003538 134169.0542345556
125210.9341808461 130967.1540256667
126971.1377546308 137851.2394747778
124090.8046338923 141373.3297045556
126651.1007412154 135449.8143181111
129851.4708753692 131607.5340674444
119450.2679393692 130646.9640047778
126651.1007412154 137851.2394747778
121210.4715131539 137050.7644225556
122970.6750869385 131927.7240883333
114649.7127381385 128725.8238794444
116089.8792985077 138171.4294956667
125690.9897009692 133048.3891614444
125851.0082076769 130646.9640047778
118170.1198857077 135129.6242972222

144767.9094498777 140236.1108025391
143644.2831812713 139594.2441534766
141718.0667208032 139433.7774912110
145088.9455266223 138952.3775044141
138668.2239917287 138791.9108421485
137384.0796847500 138631.4441798828
142199.6208359202 138310.5108553516
138828.7420301010 137668.6442062891
137223.5616463776 134780.2442855078
135136.8271475372 132212.7776892578
135778.8993010266 131891.8443647266
142360.1388742926 136866.3108949609
147657.2341405798 140717.5107893359
139631.3322219627 138631.4441798828
136581.4894928883 138631.4441798828
138347.1879149840 135101.1776100391
116409.9163119231 139932.4746105556
126651.1007412154 138971.9045478889
126171.0452210923 138491.6195165556
129371.4153552462 135289.7193076667
125210.9341808461 134969.5292867778
118970.2124192461 132247.9141092222
130651.5634089077 132087.8190987778
124250.8231406000 131607.5340674444
133051.8410095231 131127.2490361111
117210.0088454615 129846.4889525556
117690.0643655846 129366.2039212222
117690.0643655846 129046.0139003333
116249.8978052154 127445.0637958889
116569.9348186308 127284.9687854444
127451.1932747539 138011.3344852222
125690.9897009692 141693.5197254444
126811.1192479231 131287.3440465556
121850.5455399846 141053.1396836667
123290.7121003538 141533.4247150000
131451.6559424461 133048.3891614444
116569.9348186308 141373.3297045556
116729.9533253385 137531.0494538889
124250.8231406000 130166.6789734444
127771.2302881692 139452.1895792222
124250.8231406000 141853.6147358889
117850.0828722923 128885.9188898889
126171.0452210923 131127.2490361111
118010.1013790000 129526.2989316667
115609.8237783846 136730.5744016667
115289.7867649692 133528.6741927778
129691.4523686615 131767.6290778889
118970.2124192461 129846.4889525556
125370.9526875538 133208.4841718889
122010.5640466923 133048.3891614444
128731.3413284154 137050.7644225556
114489.6942314308 132087.8190987778
129531.4338619538 132247.9141092222
120570.3974863231 140252.6646314444
118490.1568991231 140572.8546523333
123610.7491137692 137851.2394747778
131931.7114625692 131607.5340674444
125370.9526875538 137691.1444643333
118330.1383924154 136410.3843807778
115129.7682582615 129846.4889525556
123610.7491137692 134329.1492450000
119450.2679393692 137531.0494538889
126171.0452210923 132087.8190987778
124570.8601540154 132247.9141092222
116409.9163119231 140732.9496627778
113689.6016978923 135609.9093285556
121370.4900198615 138331.5245061111
130651.5634089077 133368.5791823333
125530.9711942616 131767.6290778889
124410.8416473077 141693.5197254444
128891.3598351231 138971.9045478889
123290.7121003538 138331.5245061111
115129.7682582615 133048.3891614444
128091.2673015846 138331.5245061111
123130.6935936462 134489.2442554444
128091.2673015846 140893.0446732222
117210.0088454615 129206.1089107778
127451.1932747539 137531.0494538889
127611.2117814615 140412.7596418889
121050.4530064462 135609.9093285556
116889.9718320462 140412.7596418889
126651.1007412154 130967.1540256667
125050.9156741385 138971.9045478889
118330.1383924154 138171.4294956667

135939.4173393990 136384.9109081641
135297.3451859096 139273.3108289453
139470.8141835904 136705.8442326953
138507.7059533564 139112.8441666797
135297.3451859096 137989.5775308203
141075.9945673138 138791.9108421485
136420.9714545159 138150.0441930860
136581.4894928883 134298.8442987109
135136.8271475372 133175.5776628516
138507.7059533564 134619.7776232422
143323.2471045266 139594.2441534766
143644.2831812713 140236.1108025391
137223.5616463776 135261.6442723047
138347.1879149840 137508.1775440234
136099.9353777713 132694.1776760547
139470.8141835904 139754.7108157422
114649.7127381385 132728.1991405556
126651.1007412154 138651.7145270000
114809.7312448462 129686.3939421111
130811.5819156154 130646.9640047778
121530.5085265692 130967.1540256667
130171.5078887846 130486.8689943333
128731.3413284154 132888.2941510000
116409.9163119231 139131.9995583333
117370.0273521692 140732.9496627778
132251.7484759846 131127.2490361111
121690.5270332769 135609.9093285556
126171.0452210923 140572.8546523333
119770.3049527846 137050.7644225556
120410.3789796154 131767.6290778889
118010.1013790000 131127.2490361111
118650.1754058308 131767.6290778889
123610.7491137692 134489.2442554444
127611.2117814615 138491.6195165556
119930.3234594923 130967.1540256667
125530.9711942616 133048.3891614444
117370.0273521692 129366.2039212222
129051.3783418308 131447.4390570000
120250.3604729077 139292.0945687778
129851.4708753692 132728.1991405556
116569.9348186308 134649.3392658889
131131.6189290308 130166.6789734444
123930.7861271846 131287.3440465556
126011.0267143846 134969.5292867778
129211.3968485385 137851.2394747778
126331.0637278000 139292.0945687778
128891.3598351231 137370.9544434444
122490.6195668154 138811.8095374444
115129.7682582615 125523.9236705556
127451.1932747539 137851.2394747778
127771.2302881692 141533.4247150000
128891.3598351231 136090.1943598889
117370.0273521692 140252.6646314444
122490.6195668154 131127.2490361111
116089.8792985077 133688.7692032222
126811.1192479231 136570.4793912222
118330.1383924154 136730.5744016667
129051.3783418308 133368.5791823333
124730.8786607231 140732.9496627778
126971.1377546308 138011.3344852222
130491.5449022000 131607.5340674444
124570.8601540154 141693.5197254444
128571.3228217077 134969.5292867778
113849.6202046000 138331.5245061111
115449.8052716769 128725.8238794444
127771.2302881692 139452.1895792222
118490.1568991231 128885.9188898889
119930.3234594923 129526.2989316667
131771.6929558615 132408.0091196667
122970.6750869385 131127.2490361111
127131.1562613385 134969.5292867778
126651.1007412154 130166.6789734444
127771.2302881692 142013.7097463333
121850.5455399846 140572.8546523333
114489.6942314308 137210.8594330000
124410.8416473077 132087.8190987778
118330.1383924154 133688.7692032222
124250.8231406000 139932.4746105556
114809.7312448462 138011.3344852222
114809.7312448462 127445.0637958889
117049.9903387539 141213.2346941111
121850.5455399846 141213.2346941111
117370.0273521692 141373.3297045556
127291.1747680462 130486.8689943333

139791.8502603351 137187.2442194922
138507.7059533564 139433.7774912110
139149.7781068458 137187.2442194922
134013.2008789308 137508.1775440234
144125.8372963883 139915.1774780078
137705.1157614947 139273.3108289453
135939.4173393990 133977.9109741797
141878.5847591755 139433.7774912110
145731.0176801117 140557.0441270703
141718.0667208032 136866.3108949609
138347.1879149840 138310.5108553516
138507.7059533564 139273.3108289453
146854.6439487181 140236.1108025391
135297.3451859096 133175.5776628516
136420.9714545159 133175.5776628516
135457.8632242819 136224.4442458984
115769.8422850923 139932.4746105556
122170.5825534000 131767.6290778889
121690.5270332769 134969.5292867778
131611.6744491538 131607.5340674444
126811.1192479231 130486.8689943333
123290.7121003538 138651.7145270000
116089.8792985077 128725.8238794444
116409.9163119231 129366.2039212222
123450.7306070615 133208.4841718889
122650.6380735231 138971.9045478889
127291.1747680462 131127.2490361111
115609.8237783846 134809.4342763333
127611.2117814615 133848.8642136667
128731.3413284154 133048.3891614444
116889.9718320462 129206.1089107778
132891.8225028154 131447.4390570000
115609.8237783846 139932.4746105556
116089.8792985077 138811.8095374444
127771.2302881692 132408.0091196667
116249.8978052154 140572.8546523333
122330.6010601077 133848.8642136667
121210.4715131539 138171.4294956667
120570.3974863231 132568.1041301111
130331.5263954923 135129.6242972222
117370.0273521692 138331.5245061111
128251.2858082923 131607.5340674444
128091.2673015846 136410.3843807778
125690.9897009692 136250.2893703333
113369.5646844769 139131.9995583333
118490.1568991231 130006.5839630000
127451.1932747539 139452.1895792222
116729.9533253385 138651.7145270000
130971.6004223231 130166.6789734444
126331.0637278000 130807.0590152222
117530.0458588769 128885.9188898889
123770.7676204769 139131.9995583333
121850.5455399846 131607.5340674444
123130.6935936462 132888.2941510000
125210.9341808461 139932.4746105556
132571.7854894000 130326.7739838889
124090.8046338923 141373.3297045556
115129.7682582615 131927.7240883333
114649.7127381385 138011.3344852222
118490.1568991231 133368.5791823333
115929.8607918000 128885.9188898889
123610.7491137692 137370.9544434444
118490.1568991231 130486.8689943333
125370.9526875538 131927.7240883333
114489.6942314308 134489.2442554444
128731.3413284154 132247.9141092222
123770.7676204769 134649.3392658889
120090.3419662000 129686.3939421111
114649.7127381385 139292.0945687778
131131.6189290308 132728.1991405556
122170.5825534000 130807.0590152222
124890.8971674308 132568.1041301111
126171.0452210923 133048.3891614444
128891.3598351231 137851.2394747778
130171.5078887846 136250.2893703333
123130.6935936462 130646.9640047778
118810.1939125385 139772.3796001111
116409.9163119231 127605.1588063333
133051.8410095231 130486.8689943333
117690.0643655846 131127.2490361111
127131.1562613385 142173.8047567778
123290.7121003538 138971.9045478889
124730.8786607231 135449.8143181111
124890.8971674308 140893.0446732222

135136.8271475372 131089.5110533985
136742.0075312606 138631.4441798828
143162.7290661543 139594.2441534766
136742.0075312606 139915.1774780078
135136.8271475372 139273.3108289453
139952.3682987074 140075.6441402734
138507.7059533564 133977.9109741797
140915.4765289415 137508.1775440234
138507.7059533564 137668.6442062891
135778.8993010266 132854.6443383203
143002.2110277819 137508.1775440234
139310.2961452181 136705.8442326953
134976.3091091649 134298.8442987109
136099.9353777713 136545.3775704297
134013.2008789308 139273.3108289453
141236.5126056862 136705.8442326953
116089.8792985077 129366.2039212222
122810.6565802308 138491.6195165556
120730.4159930308 133688.7692032222
123290.7121003538 141853.6147358889
114969.7497515539 127124.8737750000
113849.6202046000 134489.2442554444
119610.2864460769 129526.2989316667
126331.0637278000 136730.5744016667
115129.7682582615 135609.9093285556
118010.1013790000 130807.0590152222
124570.8601540154 130166.6789734444
112889.5091643538 140893.0446732222
130811.5819156154 131127.2490361111
127451.1932747539 138171.4294956667
131931.7114625692 131607.5340674444
114329.6757247231 139932.4746105556
119610.2864460769 134169.0542345556
127131.1562613385 140572.8546523333
118970.2124192461 131767.6290778889
130331.5263954923 132087.8190987778
121050.4530064462 141053.1396836667
125530.9711942616 141853.6147358889
117370.0273521692 130486.8689943333
126331.0637278000 138011.3344852222
115929.8607918000 128085.4438376667
113689.6016978923 137050.7644225556
123130.6935936462 131767.6290778889
122970.6750869385 137531.0494538889
127771.2302881692 140572.8546523333
121370.4900198615 136410.3843807778
122810.6565802308 137851.2394747778
119290.2494326616 135770.0043390000
123770.7676204769 137050.7644225556
120730.4159930308 131287.3440465556
115769.8422850923 141213.2346941111
126811.1192479231 136570.4793912222
128251.2858082923 139932.4746105556
124090.8046338923 133048.3891614444
127131.1562613385 140893.0446732222
115289.7867649692 137210.8594330000
122490.6195668154 135289.7193076667
118010.1013790000 134008.9592241111
124570.8601540154 138491.6195165556
126171.0452210923 134329.1492450000
132091.7299692769 130326.7739838889
116249.8978052154 130967.1540256667
116409.9163119231 132247.9141092222
115129.7682582615 130166.6789734444
117370.0273521692 132568.1041301111
124250.8231406000 141053.1396836667
125050.9156741385 137531.0494538889
120570.3974863231 137531.0494538889
123130.6935936462 138651.7145270000
115769.8422850923 141053.1396836667
130491.5449022000 134169.0542345556
122650.6380735231 141853.6147358889
128251.2858082923 137370.9544434444
127131.1562613385 138011.3344852222
128731.3413284154 140252.6646314444
119450.2679393692 129366.2039212222
130811.5819156154 135129.6242972222
117049.9903387539 129686.3939421111
116409.9163119231 129686.3939421111
113369.5646844769 137851.2394747778
116729.9533253385 130967.1540256667
116249.8978052154 136250.2893703333
114649.7127381385 134008.9592241111
126491.0822345077 134489.2442554444

135778.8993010266 134619.7776232422
142039.1027975479 137187.2442194922
137223.5616463776 140075.6441402734
141718.0667208032 136224.4442458984
148459.8243324415 141038.4441138672
147175.6800254628 140075.6441402734
135778.8993010266 133656.9776496484
136260.4534161436 135582.5775968359
136742.0075312606 133336.0443251172
134976.3091091649 134298.8442987109
145088.9455266223 140717.5107893359
137384.0796847500 133977.9109741797
136420.9714545159 133977.9109741797
139952.3682987074 137026.7775572266
142841.6929894096 138310.5108553516
138828.7420301010 138470.9775176172
114649.7127381385 138651.7145270000
132251.7484759846 131767.6290778889
120250.3604729077 133848.8642136667
121050.4530064462 135129.6242972222
118970.2124192461 139292.0945687778
122170.5825534000 136730.5744016667
125851.0082076769 133048.3891614444
128731.3413284154 137050.7644225556
122970.6750869385 133368.5791823333
122650.6380735231 130967.1540256667
118490.1568991231 141533.4247150000
131291.6374357385 133208.4841718889
119610.2864460769 129526.2989316667
124730.8786607231 138171.4294956667
115609.8237783846 139452.1895792222
115449.8052716769 128245.5388481111
123290.7121003538 141853.6147358889
123610.7491137692 133688.7692032222
117049.9903387539 132568.1041301111
130331.5263954923 133368.5791823333
116729.9533253385 126644.5887436667
131131.6189290308 133688.7692032222
117370.0273521692 130006.5839630000
128411.3043150000 131607.5340674444
124570.8601540154 138011.3344852222
116889.9718320462 127765.2538167778
123450.7306070615 130166.6789734444
117210.0088454615 129686.3939421111
121530.5085265692 136410.3843807778
130011.4893820769 130967.1540256667
125690.9897009692 138011.3344852222
126011.0267143846 130646.9640047778
117530.0458588769 132408.0091196667
124250.8231406000 141053.1396836667
120410.3789796154 132247.9141092222
125851.0082076769 136410.3843807778
131291.6374357385 134489.2442554444
115129.7682582615 125203.7336496667
118650.1754058308 136730.5744016667
119130.2309259538 139932.4746105556
126171.0452210923 139452.1895792222
118170.1198857077 130006.5839630000
115609.8237783846 137370.9544434444
118010.1013790000 138331.5245061111
124890.8971674308 131127.2490361111
114329.6757247231 130646.9640047778
114169.6572180154 133048.3891614444
127451.1932747539 141533.4247150000
129371.4153552462 138651.7145270000
121210.4715131539 138011.3344852222
118170.1198857077 129846.4889525556
116889.9718320462 138171.4294956667
114809.7312448462 129366.2039212222
123610.7491137692 130326.7739838889
116889.9718320462 136410.3843807778
127611.2117814615 137851.2394747778
118010.1013790000 129686.3939421111
116889.9718320462 128565.7288690000
127131.1562613385 141213.2346941111
126331.0637278000 139772.3796001111
126331.0637278000 140893.0446732222
123610.7491137692 134649.3392658889
115289.7867649692 130006.5839630000
119450.2679393692 133688.7692032222
123610.7491137692 132728.1991405556
127771.2302881692 132087.8190987778
130811.5819156154 132247.9141092222
119610.2864460769 136410.3843807778

