978915418.9299377203 6087152.4653320312
953068061.5247105360 5918550.0458984375
952664457.6127052307 5854668.3955078125
983080268.8966600895 6137251.9941406250
963346521.0851244926 6022352.9321289062
968097228.1445579529 6063540.5849609375
960358943.2103654146 6014123.5815429688
980552691.9999569654 6097637.6508789062
977581593.2356938124 6071596.3393554688
964059388.0186479092 6047704.7832031250
959914507.8422240019 5983813.7050781250
959786919.5356040001 5983533.8608398438
958024969.1411154270 5973928.1782226562
967238917.2366749048 6049308.6328125000
952340101.5730926991 5401020.1562500000
966901527.9902143478 6048695.0200195312
953177119.4429295063 5920488.9711914062
979243644.6174904108 6093616.4716796875
959734557.7625960112 5980624.4584960938
958557698.1877825260 5976229.7060546875
973448310.0362879038 6068068.2758789062
954297934.9765284061 5969578.4125976562
959988139.3540221453 5999686.1787109375
