644441159.8941680193 4718.3373821378
659223831.6284645796 5095.6217105389
646800275.3512176275 4875.7980828285
648189142.6000427008 4892.6971834898
659963061.7207994461 5212.1669162512
645520137.3490620852 4760.3340260386
645670484.8140494823 4837.8855383396
655531504.6682388783 5013.9513838291
651028919.3815782070 4966.1998790503
648735816.4494844675 4931.4803344011
652131807.0721144676 4966.8740608692
652249751.4309781790 4974.5667724609
654920369.7711647749 4988.2309290171
641642129.9317759275 4692.4733492136
647454401.2259078026 4884.3742927313
656830105.0839502811 5092.0148481727
