362387606.5894845128 3660146.0380859375
357566993.7517719269 3636715.6464843750
354943899.9824222922 3618389.7128906250
356166800.0424028635 3628415.4931640625
361001223.0055263042 3659555.1630859375
357554822.0236404538 3635514.0937500000
354250317.0476728082 3606603.5166015625
357008374.4018766284 3630811.2265625000
357941635.3281722069 3646659.3408203125
354231795.9277322888 3600839.5029296875
365779485.3184678555 3660232.8300781250
360726630.6209779978 3649719.0205078125
355279971.0712354779 3622458.7998046875
352570480.6317244768 3597313.8896484375
357881871.9714537859 3645530.4160156250
