591274179.1283713579 14979748.3535156250
579082612.8029606342 14917823.9941406250
570777203.4877772331 14764907.2558593750
577049343.9377715588 14911985.2050781250
579777228.4091556072 14933100.5820312500
580470983.1229724884 14954768.2558593750
571505916.9055873156 14841132.1171875000
575233385.7935456038 14908058.8710937500
575076505.9958248138 14883045.2089843750
580172201.8363233805 14937995.2050781250
568802502.0596578121 14726370.3671875000
579443379.1123501062 14930463.8222656250
589572761.0806963444 14974337.9238281250
578800128.6949354410 14914194.3300781250
579259899.5992376804 14919123.8046875000
571265252.2608689070 14794448.7089843750
584255396.7596049309 14973711.4472656250
571977043.3243795633 14867650.2656250000
