699715015.2207076550 461543.9324798584
679887203.6562535763 438807.5335845947
675771052.3634259701 408348.6599349976
676324122.2233895063 427753.6787033081
679998012.7258763313 440989.8533477783
679032642.4869842529 432409.3538208008
688442193.1104328632 451970.8300933838
685427226.8625550270 447821.1207885742
696785193.8960444927 458638.9728431702
679641665.4156610966 434702.3757171631
697644576.8792078495 459127.2971801758
678745044.7026060820 429185.7896423340
690623484.6882462502 454645.4401855469
682823260.1646220684 447362.2240676880
687541694.9549827576 450982.1828079224
