160368955.2864525318 373992.9576110840
160585745.9656348526 376017.1816406250
158709703.9119611681 359201.4990234375
165196188.8367003202 384372.6973876953
158470304.6414719224 354959.8064270020
164159665.1727452278 384094.7900390625
168573335.1366412044 385411.1495971680
169119610.7932493687 385574.9055175781
165134633.5757933855 384371.5240478516
160875113.2243559957 379805.0327148438
165771469.6067168117 384653.0349121094
163320976.0181816518 383018.9039916992
159195107.3016209900 371307.9252929688
158817232.7210232019 360623.2442626953
157981125.5686692297 352063.1244506836
159108409.4513468444 363345.4212646484
