552554632.3647060394 5061966.4638671875
545637222.6198321581 5010777.7958984375
543512841.7509602308 4959365.5234375000
572779542.4884551764 5105044.5302734375
554614791.8364177942 5065052.4677734375
546450537.3640412092 5011707.9482421875
545351834.6298211813 4984629.5576171875
549881479.8250317574 5039827.3330078125
551121388.0164811611 5059478.0117187500
541302285.2673785686 4673435.0009765625
558154845.6033827066 5081810.2480468750
546756040.0844790936 5024107.4287109375
557496228.3191950321 5068274.7714843750
542708248.2804541588 4680418.9140625000
559518851.0458753109 5084494.6767578125
547060263.2662769556 5024309.2958984375
543517741.8573527336 4977621.9033203125
549901041.4770013094 5055904.0068359375
550877395.8966960907 5058004.8701171875
556224469.5569427013 5067865.8388671875
564457100.2532873154 5101024.1416015625
547447807.9186187983 5036320.3750000000
557690826.6028085947 5072771.4091796875
561382614.4587254524 5092566.9746093750
