289563993.9949896336 1246001.4077148438
289784411.5495747328 1269671.2399902344
287343951.8460317850 1200756.9975585938
289290328.4146571755 1245887.1228027344
286992975.3409376740 1097742.6154785156
288742101.3819035292 1222649.2778320312
289671921.3965581059 1246479.9086914062
288866455.6126489639 1238343.3046875000
288188347.5244205594 1219630.2026367188
287569260.9887517691 1216736.3972167969
293285648.3384616375 1295296.2451171875
288615714.6055538058 1220439.9892578125
290174566.2648924589 1281693.8540039062
292191837.1559204459 1294874.2416992188
293620896.3089841604 1327554.5756835938
