946826212.8210010529 284396.0607490540
922763577.9348771572 268953.2762374878
934150006.1071585417 281893.5118865967
924509946.6896352768 270744.8343391418
951040679.2585788965 285166.0577468872
941419373.4472779036 283520.2829208374
926351921.9920816422 277242.4027709961
922233129.8148815632 263752.3065032959
923973377.6800907850 269566.3855857849
930999055.6355847120 278744.9170989990
925385845.1454266310 271883.9218406677
918772481.1609746218 260858.9338626862
922451177.5433731079 266287.1180343628
922339379.8102536201 264031.3867950439
920675920.2744010687 261795.9252014160
