217097452.5022644401 201875.1867370605
218042637.9995260835 202893.2485351562
215962029.8185648322 193467.4642944336
223712674.8394531012 208557.0409545898
216321307.2585145533 194025.2630615234
221081174.3620284498 207040.3256225586
215654653.5560985208 183763.0989532471
216664374.4260970652 195364.4176635742
221030303.9090171158 206695.2678833008
221350137.9698216915 208197.9288330078
219541928.5327578187 205898.9205322266
224935496.7282435894 210144.3640136719
218431813.0052044690 203682.7186279297
216591348.9623404741 194224.8813018799
