847899905.9538683891 558711.4922332764
869965579.8632340431 578352.7649230957
867032733.1122093201 572450.0918426514
846871779.4244790077 551587.8870544434
839167448.3381774426 525315.6309852600
839139573.9580119848 519855.3227996826
837522205.3016591072 438487.6950874329
868111559.6889059544 575822.7618865967
847623529.2588803768 553205.8170623779
843827181.8789566755 548268.5659637451
841186123.4274008274 543260.5921859741
840618828.1483118534 532220.5154342651
845813231.1583366394 551153.8461380005
840119839.7746475935 527764.7107086182
843708615.7392863035 547025.4114074707
853425466.7427989244 564971.5780029297
857970871.9896978140 572225.1892395020
838652794.9745197296 516009.9665145874
