1388355614.4458658695 54767629.8476562500
1380681669.8895642757 54686909.3945312500
1385256357.8188166618 54720839.4023437500
1393127255.6414248943 54808899.2773437500
1384185883.6908323765 54717733.0273437500
1395786918.5640771389 54842310.8632812500
1386588904.1154801846 54747254.8164062500
1381983535.2729811668 54699208.4062500000
1378069205.8167700768 54637673.6484375000
1379327802.6202518940 54670303.8554687500
1374231812.9593667984 54454969.4218750000
1385449851.5558013916 54728813.7070312500
1402036820.9716806412 54856055.9921875000
1383965242.7959699631 54705025.3046875000
1390828309.1047799587 54784242.5546875000
1384566450.4219846725 54720673.3398437500
1378875216.3639047146 54653830.0820312500
1404430277.3910908699 54860872.0703125000
1398412897.8747103214 54849707.6289062500
1372710608.5983405113 53711134.3359375000
1374922979.8903052807 54459152.9687500000
1374976040.4695372581 54512150.3984375000
1377598759.0122575760 54611287.0937500000
1390366202.0309152603 54783187.6992187500
1377431044.7735688686 54587347.2109375000
1378971845.3620009422 54665997.4062500000
1375161365.9845817089 54583547.7734375000
1387753933.5317780972 54748742.4765625000
