754110700.1555132866 5685.1079910994
753369927.5775660276 5559.8193426728
777850883.6089546680 6249.7053894997
772180306.2569314241 6164.5922424197
777129146.1676371098 6232.1425322294
762926909.8201645613 5965.8343286514
769743121.0691336393 6137.9930703640
766144026.7288161516 6137.4415404797
773902361.5768097639 6181.1804852486
757408341.0830897093 5888.8385435641
763174786.4346137047 5988.1832054853
751390773.6435815096 5537.2532945275
774289664.1397364140 6225.3832985163
778381576.5448790789 6258.6755936146
758419874.7927317619 5915.4144768417
754743330.4027805328 5826.7727924585
765737519.5378760099 6026.7735310197
751377895.3377482891 5111.8380358815
754283774.4921764135 5704.6317912340
773153042.5423461199 6172.7856339216
758480746.6651293039 5956.7860021591
771642909.5544166565 6148.8840124607
766126795.7543621063 6044.0531514883
763833415.5832009315 6019.1847993731
755688489.0543563366 5845.4280506372
