156048765.2988820672 247657.4373168945
146719166.4188494682 227267.5608825684
146952649.1741351187 229577.3542785645
154798087.1340031028 246428.8315429688
154730865.6941563785 244941.7106933594
147193563.9833264649 237057.3674316406
145886332.5480602086 224619.5775451660
151259634.0800971389 244001.6298828125
147184682.7239546776 230906.6984252930
146673121.8047435880 225915.0244750977
145493200.8508241773 220255.6286926270
148052319.3481232822 241038.9019775391
154565044.3459362090 244168.0765991211
144235526.5760421157 213853.8814086914
