336902105.3485273719 18.6274165649
344505548.8455066681 19.8165160138
343945786.4743950963 19.7044991381
337600476.2151735425 18.9093343616
349122933.6252427101 20.1007441077
337271046.2428398132 18.8794694468
330681546.9393318295 13.7022936727
341955226.3127189279 19.4487035554
331317714.8079113960 18.0171360686
334883181.1682094336 18.5728861563
338160137.3891374469 19.2235572329
345484075.6891942620 20.0226336606
345479681.7814283371 19.9323629467
333696420.8689634204 18.3618203253
344944559.3444098234 19.8933573766
