95013833.2555184066 80889.6815795898
102319819.3027063757 87210.3960571289
100645688.7989032269 87186.7931518555
98123867.1486685872 86136.4091186523
94988201.0428101867 79510.6416320801
93733278.7606114894 76438.3969421387
97252828.9877857119 86063.5599975586
95659513.8584355414 84763.9116821289
94048705.9830296636 79332.6328735352
99631352.0757656395 87022.0399780273
95268866.9973306954 81431.6510314941
95361538.4700961262 84180.5800781250
98222949.1402351856 86809.6360473633
97131317.5565514714 85706.8915405273
96305792.1085397750 85622.7886352539
94507749.2827189714 79437.5859680176
