585729816.8329308033 984872.1206054688
588888070.0202822685 992248.9076538086
595513755.2204498053 1013238.9918823242
584970981.0782836676 949283.1017150879
589748410.6249749660 995329.5802612305
603439177.8988183737 1018557.6851196289
598389693.6874445677 1017309.3906860352
593809002.4105823040 1011564.5219116211
595757419.2092952728 1014821.6793823242
584014112.9130162001 843697.7409667969
593169350.1454490423 1010922.2556152344
585477822.6610474586 972182.3285064697
587874578.6823328733 990372.5182189941
590052154.6665159464 1006585.3203735352
