860336475.6963376999 41.4240739788
841528088.1423648596 39.1847607726
844909267.5499898195 39.5615656766
844755111.5213036537 39.4737506784
838848518.7356616259 38.6213411819
836188486.8196332455 36.7313710522
836511716.9612038136 38.5052828281
843450250.8907843828 39.2552821652
859653934.8411072493 41.2015104759
846515163.3578695059 39.6818904598
849605331.2764883041 40.4456667731
853835924.1372739077 41.1556680622
849311041.6099990606 40.1140558195
840319319.6691286564 38.8550895096
844145162.4851959944 39.2688101870
853753976.8717560768 40.8543859847
851312620.5578261614 40.5087967567
844240580.5974962711 39.4339986955
847918348.4129874706 40.0269227994
