298469913.7041698694 4192664.0019531250
303737060.1703794599 4213008.9394531250
300991535.6738847494 4206523.2812500000
297931562.4782274961 4191226.2382812500
305973535.0760945678 4217922.2500000000
293628692.8425880671 4158149.7968750000
295357984.8176612854 4189743.2968750000
294012288.7592856288 4161398.2656250000
309364003.2556207776 4223525.3066406250
292207521.8701994419 4146868.3535156250
298552766.2670923471 4194700.5546875000
303232769.1361204386 4206535.9121093750
291748580.6333258152 4122384.7832031250
298914366.4080187082 4200569.1796875000
294899216.4242464304 4175262.2207031250
298575691.5298638940 4196929.2480468750
294532816.4302629232 4161772.4824218750
