923723235.6877830029 5915225.9663085938
933355443.9968854189 5946500.6826171875
927102792.8269234896 5920321.8759765625
915840537.4687975645 5865556.2412109375
906832543.1449134350 5390282.6499023438
931365432.9764822721 5938361.5161132812
909228426.5924710035 5801739.7729492188
915951757.0476175547 5874090.7124023438
919983478.8611073494 5905380.9028320312
908485289.8826283216 5707014.9663085938
930657097.3963478804 5930364.1103515625
914670279.1521257162 5858422.8359375000
913924538.0704956055 5845402.9912109375
918110633.2729866505 5898100.5019531250
910713055.5403233767 5840348.2539062500
909561770.0971568823 5817352.7260742188
907577734.9805748463 5401721.7407226562
908666798.4431319237 5779197.9931640625
