1253391919.6865067482 1616359.2540893555
1247095321.3635027409 1616341.0505065918
1242495549.9049620628 1580918.7017517090
1271226231.0463664532 1649512.2904663086
1237848667.1132380962 1574147.7789154053
1240131553.1061394215 1580710.5790710449
1243930343.8070166111 1587022.9109802246
1236936788.7189099789 1560048.1757812500
1270837940.0720150471 1648324.6997680664
1272112309.7911603451 1653212.3060455322
1236001097.5382592678 1530808.7309494019
1254089875.5588736534 1644879.7759323120
1266113971.2034027576 1647537.7423553467
1236673114.2508213520 1555714.3661346436
1265867679.4746725559 1647192.0191955566
1264846913.3835041523 1645669.3863525391
1244090250.2249097824 1595725.0284423828
1242601752.1633346081 1581811.3969726562
1245965620.8802766800 1606860.5714416504
