388784921.1786764264 396.6153399050
397299811.1757745147 404.0957868099
392124211.7405943274 397.7297796011
384599606.8251167536 382.1570478678
393333802.5703980327 401.4154256880
385720900.1474972963 394.0408223271
383790857.5994158983 380.8624110445
387997506.3403078914 395.6890420318
381848383.0760871172 371.2558812052
382996744.9653474092 373.0192108154
383693396.1715199947 373.2883532196
389780591.3169586658 397.2898034751
394353327.9064002633 403.3231473863
392524116.8372446299 400.1432980001
388143743.9636013508 396.0613193512
