837175173.9854794741 45716647.8125000000
835809913.9380542040 45675385.8906250000
861014472.2670167685 45835318.4218750000
835088735.3753930330 45643088.1562500000
836641574.7355377674 45690700.9492187500
831738531.5599163771 45569727.9648437500
836082037.4388568401 45689557.4335937500
847531259.9504435062 45804463.9609375000
839060815.8460768461 45725667.9531250000
833904033.2963254452 45637973.2656250000
843690950.8947347403 45761019.7929687500
833485916.4195116758 45604158.1015625000
839498570.3407636881 45727498.5507812500
857800387.8332703114 45829599.8007812500
831385649.1204717159 45117040.3945312500
834771983.4226065874 45642126.3320312500
831728471.4543565512 45515283.4843750000
835990797.1884750128 45676692.7382812500
839663139.9340653419 45730695.4492187500
840665502.3718382120 45736775.5625000000
845757985.1618378162 45764388.5781250000
838155464.6840792894 45721411.4492187500
841436593.2052744627 45749134.9726562500
832373491.2239459753 45600077.4453125000
845897180.6055202484 45774103.7968750000
835387986.8548775911 45668703.7265625000
