137839329.4558938742 9.6111020800
145281311.5962928832 10.7578218952
144641251.2169415951 10.5795138013
149958859.7583169937 10.8549748324
144706030.0677242875 10.6844923105
140252562.9471071064 10.1339954510
148368359.9459134638 10.8490088210
144557082.9331312180 10.5442030020
142398244.0722308159 10.5385995451
139695656.6638875604 10.0762733920
134730512.5662662089 9.1897056527
141475025.3504517376 10.3946313821
138145809.8431802690 9.6996601205
138336833.7228032649 9.9916580627
136195044.1613153517 9.5636209305
138156044.6232160330 9.7926314762
