334654623.3469960690 119163.3682670593
337705801.3438829780 123593.3021469116
346456453.7214839458 126423.7215118408
331863118.5401411653 105617.4914102554
333460307.6444389820 117224.3403167725
333175874.7951221466 115607.5787200928
339044778.1238129735 123953.0220489502
334871693.1233601570 122700.3130340576
332663336.7454901338 114866.3881912231
342172098.4161923528 125857.7625579834
336968775.1843068004 123202.7962265015
333528036.5266107917 118038.4576950073
332890073.7542201281 115435.9775714874
339863837.8597461581 125773.1542587280
332139027.2423305511 111880.9926605225
338859558.7567637563 123728.7202186584
333801214.7987521887 118661.3052139282
330856456.1115301847 102256.6400909424
339466829.1773905158 124732.0874481201
