774527138.7546273470 695.3564904928
781935035.0030165911 713.9895477891
773522082.6249347925 691.3078117222
787181744.6886101961 726.3054497242
790326765.5496832132 727.1352673173
772979893.4741898775 687.0712753683
779166455.7098317146 709.8004313633
774658629.0802551508 702.8194990903
793892844.5544627905 728.7490940541
791117118.3492044210 728.1484975070
771998247.7455847263 680.5830899850
770525572.4406013489 670.7103449330
771837406.3886688948 675.3725096732
784319340.1252943277 719.3735230863
775964875.3218133450 704.1776055694
770486431.0099761486 627.0693533495
772105530.3620342016 680.6114799008
791476897.5953351259 728.6830725372
786298155.9394570589 723.2352764904
772395380.5104413033 681.4089766666
770203275.2758015394 558.2641047984
794195988.5929889679 733.5987152308
779964060.7419637442 710.6655425876
794607925.1181892157 735.8329287469
795543137.3656004667 737.2623946965
783560236.3901758194 718.1414407194
777169067.5332485437 709.5905064791
770701896.5824515820 671.4154354036
777153366.5610811710 704.4849534184
781985121.3672591448 714.6474599838
780270819.8573287725 712.1947453320
