501058602.4252402782 4468.0893986225
501408080.4481939077 4536.5386798382
519429268.2042974234 4820.8101871014
499910839.7560914159 4402.5717513561
510593615.8134122491 4737.8894016743
499270071.0200555921 4030.2006099820
504036346.4668309689 4674.8671045303
502415130.9040640593 4617.3794648647
502643908.2255876064 4619.7080502510
519557677.5164219141 4827.6989784241
503647113.0038394928 4647.9200446606
501033278.0062879324 4445.1330480576
499503517.8719357848 4327.6498322487
507361567.2428224683 4694.6682460308
512106348.4122105837 4771.2038623095
510638820.0943373442 4742.9619958401
511920564.4171200991 4768.8124287128
508338795.8306368589 4703.2729439735
513724753.5914748311 4804.8134703636
