230799731.1795272529 796288.6044921875
227557134.5879411995 684087.8742675781
232595007.6531140208 806510.7584228516
230336211.0381550789 793616.7998046875
232195867.7613869309 805760.2924804688
228026140.1805415154 777287.9140014648
231624766.3344750404 804871.3229980469
228500617.5610456765 782096.6934204102
234411888.6815808415 817808.1668701172
232890454.5359459817 810995.9024658203
228713146.4877122045 793140.7288818359
230935435.4925585389 798766.8726806641
227713535.2961617708 758720.0122070312
231173557.2149154246 802928.7021484375
227652719.6781368852 753775.6820678711
227067614.1273048520 681970.5335693359
233688647.6887129545 811908.0246582031
