836631291.1494369507 2311560.3728637695
835807843.5117696524 2294147.0592041016
832385890.5690109730 2261781.6888122559
828194692.7858185768 2216489.4637451172
849261016.7300403118 2365162.8729248047
836381708.4473074675 2303585.0781250000
835379681.2172523737 2292111.4170074463
838709611.7882503271 2329060.0381469727
854664525.8261153698 2373425.8281250000
851184993.3664253950 2366505.6729278564
844417865.7039275169 2351199.0273437500
831100858.1877876520 2244514.3305053711
833489380.3124374151 2288915.7565307617
852772842.0195552111 2369170.2289733887
831073474.9410452843 2223358.2519378662
849044859.7588994503 2364472.8050537109
833768287.6623116732 2290129.1529541016
842545843.3590815067 2349924.7361145020
833482356.3868187666 2280178.6264038086
840668530.6463180780 2329743.5191650391
853177080.2844339609 2371038.3950195312
