163717881.9081709385 66164.3400573730
155501826.0040419698 54099.4909248352
158071056.5889830291 64249.4067687988
155562688.6073667109 56365.3025283813
157511371.7503520250 62482.9534149170
157779882.5400425196 62897.2401657104
154917179.1096256673 49930.7468481064
162056814.7975108027 66070.6518859863
155619517.9190838337 62412.3514785767
160150347.6186730862 64596.9687042236
160831784.1639999747 64836.7518157959
161006593.8166912794 65176.3607482910
155139495.8007627726 52533.6186923981
157546303.7355563939 62846.3500976562
