570715944.9276820421 69742.1305084229
555714482.1155927181 63862.3851966858
567293878.1937206984 68159.9301013947
561920989.2987587452 67029.8169021606
563025167.8828752041 67057.4020614624
564361208.3649255037 67810.0095348358
555511759.9820454121 62829.7060637474
552616451.3379490376 60096.5674667358
557659209.0124017000 65819.6224966049
558437945.6002959013 66737.2932624817
564106335.2970021963 67345.7140026093
570063669.3580390215 69343.6576652527
555045950.7480338812 62816.1323928833
565154284.4887548685 67972.0753593445
566294500.0442018509 68119.4360771179
555930633.6092751026 65806.7308425903
564242294.0628961325 67533.7424736023
554236908.7046873569 61381.3208637238
567339100.1476720572 68530.2586402893
569368610.3961489201 69120.6540222168
568421656.5662946701 68820.2889862061
554646266.5032569170 62473.7147312164
563123249.9924149513 67275.5408535004
