1117885074.8169546127 11218685.7734375000
1146260305.3769810200 11377500.3281250000
1147980786.6398046017 11396876.3798828125
1117297901.0945551395 11187103.9765625000
1110239847.5295813084 11070680.6914062500
1116466699.6321825981 11164589.5253906250
1144136225.9603552818 11376975.4130859375
1115691705.0979468822 11153887.7558593750
1114469685.7775681019 11128991.0400390625
1118808184.0052618980 11250528.2490234375
1115014016.9775183201 11142357.4062500000
1112877707.1499433517 11105358.7128906250
1139161394.0221800804 11376845.7421875000
1133294676.3309960365 11331308.2763671875
1120495142.1685307026 11281348.9052734375
1130544233.0629644394 11308808.3837890625
1136568863.7453062534 11353534.1240234375
1137536518.9642820358 11358732.9150390625
1131831447.5344052315 11323420.5693359375
1129797899.5791625977 11308442.1123046875
1133399708.2916085720 11341821.3046875000
1133698191.0367214680 11347262.2724609375
1134613938.7111358643 11350477.9296875000
1135821670.6447153091 11351112.3164062500
1131593030.8257081509 11315477.6054687500
1129773401.9615008831 11298668.4101562500
1131936486.7003142834 11326155.1357421875
1124671950.7499508858 11285689.8085937500
1114116972.4597706795 11111293.3750000000
