1173563259.5983874798 16984337.3066406250
1159427545.1847374439 16898722.4414062500
1157065508.8113489151 16818631.3574218750
1156609877.7235391140 16682918.5878906250
1172150143.0405902863 16976237.4023437500
1156518197.7880442142 16269081.3769531250
1168225900.5187299252 16970306.3671875000
1159071178.1447465420 16896734.6718750000
1160945043.9880025387 16921377.5703125000
1167925532.8862733841 16944724.1640625000
1167184358.7930512428 16938442.7011718750
1158459696.0238392353 16875199.1093750000
1157663499.9013171196 16873773.4687500000
1173639580.8911154270 17002416.3496093750
1162409964.3305191994 16922635.9355468750
1154636375.0838592052 16156000.4394531250
1166349929.6504642963 16928427.4726562500
1177518744.4374334812 17037126.4121093750
