157978445.8642526865 127361.9988098145
162710644.7253997028 151062.5827636719
156908475.7530750930 122205.5842704773
158934391.8751690984 143919.2201385498
164076437.9096444249 152315.2387695312
169408661.4351707697 153746.3414916992
161277191.9198264778 148644.9039001465
162811517.8942768276 151956.0575561523
157997954.9722674489 133280.8740997314
158647787.9116583467 141671.2669372559
158308807.7949645519 139670.8203277588
159043112.1977518797 146360.7480163574
158883734.2714239359 142750.3874511719
164928150.0272324085 153234.3011169434
160051155.6634237170 147522.5505371094
161214935.9359152317 147931.6014709473
158728133.9587693512 142285.7874145508
161386523.5896116793 150068.1098632812
164595484.9928784668 152576.3462524414
160629083.8337834477 147630.3770141602
162747867.5253498852 151886.4728698730
158043880.2410103083 136750.7282180786
