137304755.5075543821 649645.1682128906
141330942.1734320819 678221.6068115234
136076115.0609259009 637999.7094726562
135058289.8249799013 600847.6292724609
149052678.4167281687 692249.2453613281
147455874.4309296310 689216.1542968750
135860049.6893593371 626770.8881835938
137961150.8750764132 662435.8486328125
146198158.5697870255 688525.2380371094
137521722.2473709881 657454.7917480469
144508681.9224956036 683862.6506347656
145457442.3427546024 686803.3208007812
136591873.7389205694 649480.0223388672
134793261.6516693830 576451.1763916016
138903592.7278556228 668044.1976318359
136511431.9192036390 649379.4914550781
135829625.4747142494 622154.7290039062
135172467.5259009302 605805.8140869141
135448985.1163450778 620213.3066406250
137588849.1732718349 658617.9940185547
139748881.4945739210 674718.8972167969
