917994550.3539295197 7267135.4648437500
943732035.6670708656 7443551.6357421875
942221007.5089911222 7443248.5605468750
936902565.4561709166 7428235.6279296875
929726586.0242867470 7407879.3652343750
922822802.3050458431 7344224.9892578125
923300017.2601493597 7344294.3847656250
930239114.5615395308 7413669.5322265625
934753103.7172843218 7424901.8027343750
924691905.6399782896 7365555.7685546875
925661630.9822647572 7376471.8154296875
922543676.1477534771 7335966.2988281250
919356091.0735280514 7279512.3212890625
934604280.1320750713 7417902.8457031250
919429589.7245976925 7330068.0205078125
932157877.3850468397 7415845.9570312500
929264570.6769367456 7396554.0322265625
937097511.2993170023 7428311.3125000000
929187575.9157166481 7396105.5117187500
926920381.7436037064 7395971.0400390625
