870927875.9269711971 109448.0750923157
885940251.1096056700 111788.1141548157
867358529.0458657742 107691.6198387146
866338086.4374399185 107065.4589500427
860446178.8754353523 104134.6531209946
865676626.2304357290 107050.8562431335
880318020.5203312635 111030.4170608521
877989388.7526925802 110229.5228824615
863746211.5382205248 106096.8290119171
865368673.3550934792 106557.5526313782
887182873.5360580683 112419.8363399506
881350869.8469704390 111132.2795906067
868306799.8083870411 108483.2843227386
879120287.6812527180 110508.5987453461
883020290.6047292948 111358.2213973999
866373299.3997675180 107227.1371803284
862091162.5533800125 105287.0542068481
866885433.9262775183 107348.7661170959
874777761.0099900961 110195.8959407806
866646259.7364079952 107328.6951217651
859409166.3387451172 87029.0443999767
861872215.4801425934 104620.9613323212
869963325.2032885551 108628.2103137970
861008002.4218039513 104187.7348504066
873241189.8949348927 109533.2517719269
863702723.2328888178 105484.5436782837
874160398.6296961308 109560.3865494728
870159070.1821957827 109197.5899753571
