694531584.9520450830 82927.7010974884
708660295.9198944569 85753.6179122925
701374793.6332064867 85320.9192218781
695518673.7860724926 83471.5367069244
690690503.3893148899 82651.7656831741
690121682.9921483994 78860.6830434799
714681142.2381834984 86710.8984680176
695476266.5766873360 83335.5670356750
710316603.0036369562 86091.1912822723
698273234.6591572762 83753.7396087646
698602770.9625225067 84792.4304771423
689613950.3573150635 78669.3474607468
707332070.5988076925 85503.2620197237
710407139.9039075375 86666.5366401672
704099595.7688670158 85473.3629732132
