279019525.7423709035 459763.4667358398
283174101.5826606750 467405.4345703125
280550523.9564856887 463648.2176361084
282616856.7564985752 466009.5215454102
281628558.9970174432 464258.6900939941
279710609.5050132275 460215.0787048340
279625351.9631277919 459908.4227600098
267420777.5952973962 397571.0557708740
268654353.6226096749 427574.9887084961
268249069.1791315675 426831.3130493164
267987418.0803608000 421243.2808074951
275743002.1973723173 455808.4268798828
272625667.4249920845 449772.1558532715
273927325.3609693646 455392.4041442871
266578657.7644291222 397329.8710632324
271332497.6960150003 444991.3279418945
268753965.0603044629 441919.4368591309
276253246.9964501262 459420.6035156250
