130376924.0999909639 0.9396267341
136578454.3433378935 1.1286818380
134705321.7741597891 1.1128799480
130396090.4676156342 0.9938970483
130371553.1629942209 0.9045397012
132618432.9078348577 1.0657094506
130566851.3661815226 1.0095231476
135075155.9776992202 1.1235969500
133543833.5946605057 1.0973384040
130598504.7252501547 1.0289583395
130908012.1014124602 1.0408940744
132216726.0051497519 1.0638281415
133325348.6215702742 1.0816187182
133271418.9350131154 1.0774213135
133838215.4917113632 1.1108969306
129606470.0219863206 0.8918972345
132628621.2240343243 1.0676462487
