415980298.4474025369 55793.3242397308
416149848.4984447956 56414.3019218445
418784168.9378941655 58252.7627258301
428572636.0786160231 61411.4672431946
418868923.0378045440 58611.3835687637
422293258.6984866261 59973.9255676270
417087500.0133193731 58009.2684850693
422578195.7521268129 60153.5000610352
420389922.9422057271 58949.2832679749
418120182.0476815104 58159.2166481018
415649104.1518635154 46369.6212935746
430950719.8205875754 62062.5781669617
421255972.4439267516 59419.8407249451
430088013.5289539695 61774.9526519775
415848845.8182035089 46631.0864768028
432781226.3818493485 62394.2255287170
419713598.2965852022 58778.2418148518
427360307.8602908850 61245.2246627808
429962250.0692347288 61762.7414970398
423685397.0135608912 60870.8363418579
426687909.5766376257 61232.0982398987
