676190609.3799562454 8830895.1660156250
668403471.9151740074 8788631.2265625000
684710389.2942827940 8859499.4062500000
696229968.5030512810 8884564.0468750000
669407541.7111368179 8801935.4238281250
694116670.5661884546 8873485.6953125000
664291607.0323629379 8705776.5703125000
690655514.8926873207 8866427.4433593750
673642235.1271188259 8811146.1132812500
682587694.8913875818 8839130.0449218750
668400148.0024737120 8778554.7050781250
666651170.8806841373 8773382.4140625000
662736410.7632324696 8496835.2910156250
679559084.5043840408 8837609.8730468750
664930301.1242588758 8713978.5058593750
665122585.4972761869 8771627.8808593750
673777310.3319314718 8828518.5781250000
