74380276.7167138904 2214723.9609375000
73614322.5465344191 2213302.4726562500
75193414.0025385618 2216301.4062500000
71666388.4964901954 2180590.4511718750
71917314.5412660539 2201667.4531250000
79147859.1894136369 2223356.0000000000
71694630.2162668407 2186098.2441406250
77943130.4817481339 2221136.6699218750
77945209.6357848942 2222347.8476562500
76404768.3875434250 2219395.9511718750
74592511.3261296749 2216202.9921875000
79487352.0226781219 2225286.4550781250
76401326.6562625766 2217498.4453125000
72727538.1771546006 2206691.2812500000
77766955.7293017954 2219447.1015625000
76403294.4122403562 2218016.6835937500
75449383.1310317367 2217193.7929687500
76123921.3676105291 2217425.6464843750
74045308.1487490237 2213556.3417968750
72815486.2511965781 2207237.7226562500
74489097.0919847041 2216062.5292968750
75582762.5472938120 2217370.1484375000
75400244.4504524767 2217026.7792968750
75193490.9378004968 2216887.2617187500
74209296.1262558103 2213872.2675781250
73002999.5902961195 2210153.0781250000
72613898.5846309364 2206323.4902343750
71523700.7873675972 2176257.6933593750
