200876531.5729086995 11733.2734336853
195649248.6655003726 11499.9158153534
191843523.1898812652 10912.4211187363
194132608.8075297177 11293.5746765137
191788462.8156850338 10828.0297164917
192733142.2640084624 11122.0709753036
194458054.8398728967 11372.1576700211
195433920.1252690256 11411.8989391327
197250110.1617545485 11547.7967109680
190607301.2156229615 10672.9344730377
192325324.9060727656 11069.5681695938
193013178.8732593060 11238.6538176537
194145956.6144806743 11310.4314880371
200486310.0770139396 11665.0519676208
200554502.5558657348 11715.6664047241
197497812.4790155292 11611.7368812561
192688721.9030110538 11090.3203086853
197320283.0390013456 11558.8847274780
192125104.3531104624 10992.9275827408
194165988.5033808351 11346.6291542053
191743003.4464133978 10753.8762063980
