809334747.4321726561 1984924.9445495605
793497310.3326282501 1917226.6074523926
811450327.2974053621 1987527.5177917480
810097027.2424225807 1985935.8728332520
795101961.2434662580 1959760.9953918457
792393773.9740110636 1904559.5205993652
811476944.6696217060 1989225.6517944336
790817902.6820647717 1886535.0986328125
807247698.2338228226 1982598.8035278320
792953589.7552213669 1908595.8246154785
802703519.2410601377 1981138.5706176758
790931763.5756428242 1890149.5121154785
786931900.7693037987 1831933.9965591431
787116860.2638729811 1855110.1932678223
801998118.9550998211 1967912.7116088867
787476130.7206678391 1873550.9366455078
790411350.8731613159 1876861.9433593750
789266956.8609893322 1874281.0792999268
786004814.4331514835 1827575.8182983398
785140809.1771569252 1490863.5926513672
