244116697.4397869408 203067.4326477051
234436203.1986181140 187375.3273696899
240306847.1349270940 195220.7183837891
240862833.6476419270 199994.5430908203
237893565.9069416523 194925.6328735352
234534801.3463225961 187945.6132812500
235812221.2967487574 191053.9900817871
236714417.4347822070 191859.6790008545
240551234.2913695276 196794.7857055664
240381934.7102984786 195506.5119476318
242785173.2463100255 201651.6101379395
233730669.7117356062 184918.9562835693
234434684.3710848391 185718.8530883789
243246756.1458950043 202800.8547058105
232460997.4520742893 180603.7866973877
232014593.1794012487 173415.8255004883
232896719.4109667838 184387.7038269043
234614919.4570641518 188886.1394348145
232129750.2190041840 178335.8589782715
237592078.2702320218 193214.8387145996
231228171.3464672863 172533.0556945801
235633726.3352764547 190573.4223403931
233669144.9404641092 184717.5948028564
