978221337.7748355865 1211169.1734924316
981926746.4402143955 1223735.6770477295
979834420.3361330032 1211771.8458099365
978604651.6954476833 1211302.8876953125
960121684.7710095644 1157008.8383636475
966319566.0592942238 1179237.5206069946
959942128.8510568142 1126673.0385742188
968330777.5319709778 1199906.2197265625
964996918.8725441694 1171237.3321647644
978172504.1479765177 1206800.9204406738
963871365.0720100403 1166306.0091094971
968055931.5120960474 1182326.7543334961
975024673.6403307915 1200275.2206726074
977081317.5333656073 1205189.8591461182
959827196.3817855120 1091693.2755279541
964388780.7946423292 1166733.8571166992
976999133.5487358570 1201041.5118408203
