112746.0315452258 145339.9054268472
114822.9550600000 144704.1317067361
115621.7717964516 144704.1317067361
121213.4889516129 144545.1882767084
126166.1527176129 143909.4145565972
121053.7256043226 143750.4711265694
126805.2061067742 143750.4711265694
117858.4586585161 143432.5842665139
122172.0690353548 143273.6408364861
126805.2061067742 143273.6408364861
130959.0531363226 142955.7539764305
120414.6722151613 142478.9236863472
121373.2522989032 141684.2065362083
127284.4961486452 141684.2065362083
121373.2522989032 140889.4893860695
120254.9088678710 142002.0933962639
134620.8474262480 126464.8138035909
129188.6677684240 125506.6902583182
133662.2274866320 125347.0030007727
129508.2077482960 125187.3157432273
136218.5473256080 125187.3157432273
127431.1978791280 125027.6284856818
136218.5473256080 125027.6284856818
131744.9876074000 124708.2539705909
128869.1277885520 124388.8794555000
133342.6875067600 124069.5049404091
120401.3183219440 123909.8176828636
128070.2778388720 123750.1304253182
134780.6174161840 123750.1304253182
132224.2975772080 123590.4431677727
124076.0280904720 123430.7559102273
136538.0873054800 123430.7559102273
133182.9175168240 123271.0686526818
134780.6174161840 123271.0686526818
122158.7882112400 123111.3813951364
131105.9076476560 122632.3196225000
134940.3874061200 122472.6323649546
133662.2274866320 122153.2578498636
130307.0576979760 121993.5705923182
131105.9076476560 121833.8833347727
136218.5473256080 121833.8833347727
119282.9283923920 121674.1960772273
132863.3775369520 121514.5088196818
132863.3775369520 121354.8215621364
118963.3884125200 121195.1343045909
125194.4180200240 121195.1343045909
127431.1978791280 121195.1343045909
132863.3775369520 120875.7597895000
131904.7575973360 120556.3852744091
120880.6282917520 120396.6980168636
132543.8375570800 120237.0107593182
133502.4574966960 119917.6362442273
128709.3577986160 119598.2617291364
136058.7773356720 119438.5744715909
132543.8375570800 119278.8872140455
127910.5078489360 119119.1999565000
133182.9175168240 118799.8254414091
121040.3982816880 118640.1381838636
119922.0083521360 118161.0764112273
129667.9777382320 117841.7018961364
135100.1573960560 117362.6401235000
136058.7773356720 117362.6401235000
118164.5384628400 117202.9528659545
131585.2176174640 117202.9528659545
127750.7378590000 116883.5783508636
121200.1682716240 116723.8910933182
131744.9876074000 116723.8910933182
134780.6174161840 116723.8910933182
118963.3884125200 116404.5165782273
128389.8178187440 116404.5165782273
119123.1584024560 116085.1420631364
131425.4476275280 116085.1420631364
126153.0379596400 115765.7675480454
129348.4377583600 115606.0802905000
132543.8375570800 115606.0802905000
119123.1584024560 115446.3930329546
120880.6282917520 115127.0185178636
127590.9678690640 114967.3312603182
129987.5177181040 114967.3312603182
122638.0981810480 114647.9567452273
126312.8079495760 114647.9567452273
131904.7575973360 114647.9567452273
137177.1672652240 114488.2694876818
124874.8780401520 114328.5822301364
118803.6184225840 114009.2077150455
122957.6381609200 113689.8331999545
124715.1080502160 113689.8331999545
137656.4772350320 113530.1459424091
135100.1573960560 113370.4586848636
136697.8572954160 113051.0841697727
128230.0478288080 114009.2077150455
129028.8977784880 123430.7559102273
122158.7882112400 122472.6323649546
134141.5374564400 118001.3891536818
135100.1573960560 119917.6362442273
127111.6578992560 119119.1999565000
129508.2077482960 117522.3273810455
122797.8681709840 120077.3235017727
125354.1880099600 118799.8254414091
129508.2077482960 118320.7636687727

131438.3431781936 142161.0368262917
121852.5423407742 140571.6025260139
125047.8092865807 143591.5276965417
124888.0459392903 142637.8671163750
116580.3518801936 145180.9619968194
114503.4283654194 145339.9054268472
122811.1224245161 141843.1499662361
120893.9622570323 142319.9802563194
111627.6881141936 145657.7922869028
127124.7328013548 141525.2631061806
122651.3590772258 141843.1499662361
113385.0849343871 144545.1882767084
118018.2220058065 143114.6974064583
129840.7097052903 142319.9802563194
115302.2451018710 144068.3579866250
129041.8929688387 143750.4711265694
121839.2482313680 115127.0185178636
130466.8276879120 114967.3312603182
136218.5473256080 122632.3196225000
135739.2373558000 121354.8215621364
123436.9481307280 120556.3852744091
130307.0576979760 116564.2038357727
127590.9678690640 124229.1921979545
137336.9372551600 114168.8949725909
135899.0073457360 125506.6902583182
136857.6272853520 114647.9567452273
130147.2877080400 120077.3235017727
121200.1682716240 114967.3312603182
133182.9175168240 123271.0686526818
124874.8780401520 119119.1999565000
131904.7575973360 125666.3775158636
133662.2274866320 118001.3891536818
133821.9974765680 120077.3235017727
126951.8879093200 125187.3157432273
130307.0576979760 120077.3235017727
131265.6776375920 123430.7559102273
122957.6381609200 116564.2038357727
124395.5680703440 118799.8254414091
122797.8681709840 119757.9489866818
127910.5078489360 120237.0107593182
121519.7082514960 117522.3273810455
129508.2077482960 114967.3312603182
121679.4782414320 120077.3235017727
121040.3982816880 114807.6440027727
119602.4683722640 114647.9567452273
119442.6983823280 121035.4470470455
124715.1080502160 124229.1921979545
126153.0379596400 114328.5822301364
134620.8474262480 117202.9528659545
133502.4574966960 118161.0764112273
135899.0073457360 126145.4392885000
123117.4081508560 117202.9528659545
125833.4979797680 124548.5667130455
121999.0182213040 118959.5126989546
129508.2077482960 113689.8331999545
132863.3775369520 117522.3273810455
129667.9777382320 120716.0725319545
135100.1573960560 118161.0764112273
129188.6677684240 119278.8872140455
119123.1584024560 113849.5204575000
126632.3479294480 122472.6323649546
119442.6983823280 122951.6941375909
134141.5374564400 124229.1921979545
124555.3380602800 114009.2077150455
127271.4278891920 120716.0725319545
122797.8681709840 116404.5165782273
119123.1584024560 119598.2617291364
130466.8276879120 114488.2694876818
128389.8178187440 121833.8833347727
128070.2778388720 125506.6902583182
134780.6174161840 117043.2656084091
119922.0083521360 115127.0185178636
120401.3183219440 118799.8254414091
129667.9777382320 120396.6980168636
124235.7980804080 124388.8794555000
129508.2077482960 115925.4548055909
124395.5680703440 123271.0686526818
135579.4673658640 120716.0725319545
123117.4081508560 122312.9451074091
129028.8977784880 122312.9451074091
135259.9273859920 115765.7675480454
133981.7674665040 113530.1459424091
122797.8681709840 117043.2656084091
127590.9678690640 116085.1420631364
120401.3183219440 121993.5705923182
130466.8276879120 113689.8331999545
119922.0083521360 114647.9567452273
133662.2274866320 120556.3852744091
136538.0873054800 114807.6440027727
129348.4377583600 121514.5088196818
124555.3380602800 121833.8833347727
126792.1179193840 117202.9528659545
119922.0083521360 114807.6440027727
131265.6776375920 117841.7018961364
124715.1080502160 121035.4470470455
135739.2373558000 115127.0185178636
133023.1475268880 115127.0185178636
123277.1781407920 120396.6980168636
128549.5878086800 117841.7018961364
124076.0280904720 114009.2077150455

113065.5582398065 144704.1317067361
123929.4658555484 143432.5842665139
115621.7717964516 143273.6408364861
126964.9694540645 143114.6974064583
113704.6116289677 144545.1882767084
118177.9853530968 144704.1317067361
121533.0156461935 143432.5842665139
128243.0762323871 143750.4711265694
126006.3893703226 142478.9236863472
135911.7169023226 142955.7539764305
125367.3359811613 141843.1499662361
110828.8713777419 144863.0751367639
126964.9694540645 142319.9802563194
117219.4052693548 144227.3014166528
115302.2451018710 143591.5276965417
125367.3359811613 143114.6974064583
129188.6677684240 125506.6902583182
136218.5473256080 125506.6902583182
136058.7773356720 124867.9412281364
131744.9876074000 124708.2539705909
131265.6776375920 122632.3196225000
133023.1475268880 121354.8215621364
118324.3084527760 120875.7597895000
126632.3479294480 120396.6980168636
136697.8572954160 118640.1381838636
135100.1573960560 117362.6401235000
136857.6272853520 116564.2038357727
126312.8079495760 116404.5165782273
128389.8178187440 116404.5165782273
121519.7082514960 115925.4548055909
119602.4683722640 114168.8949725909
136697.8572954160 113051.0841697727
135899.0073457360 123430.7559102273
129667.9777382320 123111.3813951364
124715.1080502160 116723.8910933182
132703.6075470160 114009.2077150455
123916.2581005360 121195.1343045909
126951.8879093200 120077.3235017727
127431.1978791280 118320.7636687727
125833.4979797680 122792.0068800455
128549.5878086800 123750.1304253182
126792.1179193840 121354.8215621364
123436.9481307280 120716.0725319545
127111.6578992560 121674.1960772273
119123.1584024560 114488.2694876818
126153.0379596400 119278.8872140455
121679.4782414320 114488.2694876818
131744.9876074000 118320.7636687727
125673.7279898320 124548.5667130455
121519.7082514960 121993.5705923182
133981.7674665040 116883.5783508636
133342.6875067600 123430.7559102273
130626.5976778480 121993.5705923182
118164.5384628400 117362.6401235000
127590.9678690640 117043.2656084091
125833.4979797680 115127.0185178636
130307.0576979760 116244.8293206818
131585.2176174640 124388.8794555000
131425.4476275280 114488.2694876818
132224.2975772080 118640.1381838636
133502.4574966960 119917.6362442273
118484.0784427120 122792.0068800455
128389.8178187440 114328.5822301364
130786.3676677840 120396.6980168636
131265.6776375920 115765.7675480454
137656.4772350320 113530.1459424091
119442.6983823280 120396.6980168636
132703.6075470160 119917.6362442273
134461.0774363120 125826.0647734091
120401.3183219440 119757.9489866818
121999.0182213040 116244.8293206818
129188.6677684240 119598.2617291364
120561.0883118800 118001.3891536818
118803.6184225840 119917.6362442273
124555.3380602800 124069.5049404091
130466.8276879120 121354.8215621364
122957.6381609200 114168.8949725909
131265.6776375920 120556.3852744091
123436.9481307280 116883.5783508636
118803.6184225840 117841.7018961364
119282.9283923920 119598.2617291364
135579.4673658640 115446.3930329546
126632.3479294480 114488.2694876818
134620.8474262480 114328.5822301364
126153.0379596400 122153.2578498636
128869.1277885520 113530.1459424091
132543.8375570800 114967.3312603182
131265.6776375920 122792.0068800455
129028.8977784880 125187.3157432273
128709.3577986160 115446.3930329546
124715.1080502160 123590.4431677727
134301.3074463760 117682.0146385909
128070.2778388720 120716.0725319545
133502.4574966960 114328.5822301364
132384.0675671440 121674.1960772273
121839.2482313680 117043.2656084091
130626.5976778480 125506.6902583182
127111.6578992560 119119.1999565000
121999.0182213040 116723.8910933182
120241.5483320080 118799.8254414091

110349.5813358710 145180.9619968194
124089.2292028387 144227.3014166528
121053.7256043226 143750.4711265694
134473.8467767097 142637.8671163750
126805.2061067742 141684.2065362083
122970.8857718065 140889.4893860695
128402.8395796774 143909.4145565972
118497.5120476774 143114.6974064583
125207.5726338710 142161.0368262917
113704.6116289677 145022.0185667917
124089.2292028387 142319.9802563194
128722.3662742581 142161.0368262917
117059.6419220645 144068.3579866250
128402.8395796774 143750.4711265694
116260.8251856129 145022.0185667917
122012.3056880645 142319.9802563194
135419.6973759280 126784.1883186818
127431.1978791280 125027.6284856818
129188.6677684240 124548.5667130455
134780.6174161840 124548.5667130455
136378.3173155440 123909.8176828636
119922.0083521360 123750.1304253182
127111.6578992560 123590.4431677727
129028.8977784880 123430.7559102273
131425.4476275280 123271.0686526818
120561.0883118800 121833.8833347727
123916.2581005360 121195.1343045909
128230.0478288080 120556.3852744091
132543.8375570800 120237.0107593182
135739.2373558000 119757.9489866818
126951.8879093200 119598.2617291364
127111.6578992560 119119.1999565000
136697.8572954160 118640.1381838636
119922.0083521360 118161.0764112273
136538.0873054800 117682.0146385909
127750.7378590000 117043.2656084091
131744.9876074000 117043.2656084091
131105.9076476560 115925.4548055909
132543.8375570800 115606.0802905000
122318.5582011760 115446.3930329546
127750.7378590000 115127.0185178636
130626.5976778480 113849.5204575000
130946.1376577200 121993.5705923182
124076.0280904720 119917.6362442273
130307.0576979760 117682.0146385909
131744.9876074000 118320.7636687727
129188.6677684240 119278.8872140455
131904.7575973360 123909.8176828636
122158.7882112400 123111.3813951364
121679.4782414320 122472.6323649546
135100.1573960560 114967.3312603182
132224.2975772080 119119.1999565000
130786.3676677840 122472.6323649546
133662.2274866320 115446.3930329546
124874.8780401520 124229.1921979545
120081.7783420720 117522.3273810455
134141.5374564400 118001.3891536818
130946.1376577200 124548.5667130455
122638.0981810480 114168.8949725909
119602.4683722640 123111.3813951364
129028.8977784880 118640.1381838636
127271.4278891920 118480.4509263182
128549.5878086800 114168.8949725909
136857.6272853520 113689.8331999545
129188.6677684240 119598.2617291364
125194.4180200240 118480.4509263182
133821.9974765680 116404.5165782273
120241.5483320080 121514.5088196818
130946.1376577200 118001.3891536818
128709.3577986160 122792.0068800455
129667.9777382320 116883.5783508636
121999.0182213040 120875.7597895000
126153.0379596400 116883.5783508636
126153.0379596400 115765.7675480454
133182.9175168240 118799.8254414091
119762.2383622000 122472.6323649546
121519.7082514960 122792.0068800455
131105.9076476560 121674.1960772273
131105.9076476560 120716.0725319545
134940.3874061200 120875.7597895000
122957.6381609200 113689.8331999545
118164.5384628400 114488.2694876818
130147.2877080400 113370.4586848636
131744.9876074000 118640.1381838636
135579.4673658640 113689.8331999545
119922.0083521360 119917.6362442273
118004.7684729040 121195.1343045909
126153.0379596400 113530.1459424091
123596.7181206640 123430.7559102273
134141.5374564400 125826.0647734091
136218.5473256080 125826.0647734091
134141.5374564400 114328.5822301364
136538.0873054800 115765.7675480454
120561.0883118800 123271.0686526818
134301.3074463760 126464.8138035909
133821.9974765680 114647.9567452273
125513.9579998960 124548.5667130455
124235.7980804080 117362.6401235000
135739.2373558000 120077.3235017727
121679.4782414320 117841.7018961364

117698.6953112258 143750.4711265694
114343.6650181290 143750.4711265694
127124.7328013548 142955.7539764305
133355.5033456774 142637.8671163750
121852.5423407742 140730.5459560417
110349.5813358710 145180.9619968194
119456.0921314194 143114.6974064583
115621.7717964516 144386.2448466806
121373.2522989032 143591.5276965417
131757.8698727742 143273.6408364861
110988.6347250323 145816.7357169306
132237.1599146452 142955.7539764305
123929.4658555484 143750.4711265694
132077.3965673549 142637.8671163750
115621.7717964516 142955.7539764305
118657.2753949678 144068.3579866250
135899.0073457360 126305.1265460455
130786.3676677840 117362.6401235000
136218.5473256080 121833.8833347727
135100.1573960560 115286.7057754091
121679.4782414320 122792.0068800455
130147.2877080400 124229.1921979545
121519.7082514960 116723.8910933182
117844.9984829680 115925.4548055909
119762.2383622000 119917.6362442273
122957.6381609200 115286.7057754091
134620.8474262480 113210.7714273182
131425.4476275280 125826.0647734091
118004.7684729040 118799.8254414091
135419.6973759280 113689.8331999545
131265.6776375920 123430.7559102273
134940.3874061200 118640.1381838636
129667.9777382320 125027.6284856818
128709.3577986160 121514.5088196818
129508.2077482960 123271.0686526818
134780.6174161840 118161.0764112273
128549.5878086800 117841.7018961364
131425.4476275280 122472.6323649546
118643.8484326480 116244.8293206818
130466.8276879120 122792.0068800455
136218.5473256080 120716.0725319545
118324.3084527760 114488.2694876818
120081.7783420720 114967.3312603182
127590.9678690640 122792.0068800455
122638.0981810480 124069.5049404091
126792.1179193840 123750.1304253182
118643.8484326480 120396.6980168636
120880.6282917520 116883.5783508636
122638.0981810480 115925.4548055909
131265.6776375920 124708.2539705909
125194.4180200240 118001.3891536818
136218.5473256080 116244.8293206818
136218.5473256080 125506.6902583182
131105.9076476560 119119.1999565000
133821.9974765680 121674.1960772273
128070.2778388720 121035.4470470455
129028.8977784880 123430.7559102273
118484.0784427120 122153.2578498636
137017.3972752880 117043.2656084091
136378.3173155440 124388.8794555000
121999.0182213040 116883.5783508636
126312.8079495760 113530.1459424091
131904.7575973360 120237.0107593182
126792.1179193840 114967.3312603182
136058.7773356720 117362.6401235000
129348.4377583600 125347.0030007727
136538.0873054800 117362.6401235000
126792.1179193840 120716.0725319545
121839.2482313680 124548.5667130455
131744.9876074000 119598.2617291364
130466.8276879120 118001.3891536818
132703.6075470160 121035.4470470455
136538.0873054800 113210.7714273182
122638.0981810480 123750.1304253182
121999.0182213040 123271.0686526818
120081.7783420720 117362.6401235000
126632.3479294480 120077.3235017727
124235.7980804080 114168.8949725909
121679.4782414320 118161.0764112273
130466.8276879120 114967.3312603182
130786.3676677840 124708.2539705909
120081.7783420720 115286.7057754091
132224.2975772080 118320.7636687727
137177.1672652240 113530.1459424091
124555.3380602800 116883.5783508636
121519.7082514960 114488.2694876818
134301.3074463760 119438.5744715909
132384.0675671440 113849.5204575000
132703.6075470160 114807.6440027727
120561.0883118800 116244.8293206818
124076.0280904720 123111.3813951364
123436.9481307280 121195.1343045909
127271.4278891920 124867.9412281364
120241.5483320080 115606.0802905000
137017.3972752880 113051.0841697727
131904.7575973360 113370.4586848636
136857.6272853520 114967.3312603182
132863.3775369520 124708.2539705909
134141.5374564400 114488.2694876818
135739.2373558000 118959.5126989546

114503.4283654194 145339.9054268472
111148.3980723226 145022.0185667917
114822.9550600000 144704.1317067361
119296.3287841290 144386.2448466806
124089.2292028387 144227.3014166528
121053.7256043226 143750.4711265694
115621.7717964516 143432.5842665139
129680.9463580000 143114.6974064583
116101.0618383226 142955.7539764305
122012.3056880645 142637.8671163750
120574.4355624516 142319.9802563194
126805.2061067742 142161.0368262917
130639.5264417419 142161.0368262917
120254.9088678710 142002.0933962639
122651.3590772258 142002.0933962639
129201.6563161290 142002.0933962639
133981.7674665040 125985.7520309545
130946.1376577200 125666.3775158636
127271.4278891920 125347.0030007727
130626.5976778480 125347.0030007727
129508.2077482960 125187.3157432273
136218.5473256080 125027.6284856818
126472.5779395120 124388.8794555000
128869.1277885520 124388.8794555000
120720.8583018160 124069.5049404091
124395.5680703440 124069.5049404091
119922.0083521360 123750.1304253182
121999.0182213040 123750.1304253182
124715.1080502160 123750.1304253182
125513.9579998960 123430.7559102273
136058.7773356720 123430.7559102273
133182.9175168240 123271.0686526818
122478.3281911120 123111.3813951364
123756.4881106000 123111.3813951364
131585.2176174640 122951.6941375909
122318.5582011760 122792.0068800455
124715.1080502160 122792.0068800455
131105.9076476560 122632.3196225000
119442.6983823280 122312.9451074091
125354.1880099600 122312.9451074091
130307.0576979760 122312.9451074091
133342.6875067600 122312.9451074091
135899.0073457360 122153.2578498636
133182.9175168240 121993.5705923182
119602.4683722640 121833.8833347727
126312.8079495760 121833.8833347727
131105.9076476560 121833.8833347727
119282.9283923920 121674.1960772273
118963.3884125200 121195.1343045909
125194.4180200240 121195.1343045909
134461.0774363120 121035.4470470455
119442.6983823280 120875.7597895000
123117.4081508560 120716.0725319545
132384.0675671440 120716.0725319545
125993.2679697040 120556.3852744091
122158.7882112400 120396.6980168636
132543.8375570800 120237.0107593182
122797.8681709840 120077.3235017727
125354.1880099600 120077.3235017727
135100.1573960560 119917.6362442273
129508.2077482960 119598.2617291364
119762.2383622000 119438.5744715909
124235.7980804080 119438.5744715909
132543.8375570800 119278.8872140455
118324.3084527760 118799.8254414091
135259.9273859920 118799.8254414091
129028.8977784880 118640.1381838636
123916.2581005360 118480.4509263182
129028.8977784880 118480.4509263182
135739.2373558000 118320.7636687727
134141.5374564400 118001.3891536818
124555.3380602800 117682.0146385909
136538.0873054800 117682.0146385909
122158.7882112400 117522.3273810455
124076.0280904720 117362.6401235000
118164.5384628400 117202.9528659545
131744.9876074000 117043.2656084091
136697.8572954160 116883.5783508636
121200.1682716240 116723.8910933182
128389.8178187440 116404.5165782273
121999.0182213040 116244.8293206818
126632.3479294480 115765.7675480454
132703.6075470160 115765.7675480454
129348.4377583600 115606.0802905000
132384.0675671440 115286.7057754091
127750.7378590000 115127.0185178636
122638.0981810480 114967.3312603182
127910.5078489360 114807.6440027727
131904.7575973360 114647.9567452273
118484.0784427120 114328.5822301364
118803.6184225840 114009.2077150455
128549.5878086800 113849.5204575000
124715.1080502160 113689.8331999545
135579.4673658640 113689.8331999545
135100.1573960560 113370.4586848636
137656.4772350320 113530.1459424091
128549.5878086800 123430.7559102273
134780.6174161840 123750.1304253182
125194.4180200240 115127.0185178636
125354.1880099600 118799.8254414091

120095.1455205806 141525.2631061806
122970.8857718065 141048.4328160972
125207.5726338710 141207.3762461250
127124.7328013548 143273.6408364861
113704.6116289677 144227.3014166528
120893.9622570323 143591.5276965417
125527.0993284516 143273.6408364861
125846.6260230323 143114.6974064583
122012.3056880645 141366.3196761528
135112.9001658710 142796.8105464028
129361.4196634194 141843.1499662361
134953.1368185806 143114.6974064583
117858.4586585161 142478.9236863472
125686.8626757420 141366.3196761528
124089.2292028387 141684.2065362083
108911.7112102581 145816.7357169306
136697.8572954160 113689.8331999545
123756.4881106000 115925.4548055909
122797.8681709840 121993.5705923182
132703.6075470160 123271.0686526818
127271.4278891920 123111.3813951364
135100.1573960560 119119.1999565000
128389.8178187440 120556.3852744091
120401.3183219440 115606.0802905000
133981.7674665040 118320.7636687727
129987.5177181040 116723.8910933182
124395.5680703440 114328.5822301364
120880.6282917520 119119.1999565000
131105.9076476560 120716.0725319545
132064.5275872720 116085.1420631364
118164.5384628400 115446.3930329546
130147.2877080400 123590.4431677727
123916.2581005360 114807.6440027727
127910.5078489360 120077.3235017727
136538.0873054800 122153.2578498636
118324.3084527760 119757.9489866818
126153.0379596400 122153.2578498636
129508.2077482960 119278.8872140455
133502.4574966960 117043.2656084091
128230.0478288080 117043.2656084091
135579.4673658640 115286.7057754091
126153.0379596400 119438.5744715909
126792.1179193840 114168.8949725909
121839.2482313680 118959.5126989546
120241.5483320080 123430.7559102273
121359.9382615600 120396.6980168636
136538.0873054800 117682.0146385909
124874.8780401520 120875.7597895000
119602.4683722640 118001.3891536818
123596.7181206640 116883.5783508636
134301.3074463760 124229.1921979545
129827.7477281680 121195.1343045909
135100.1573960560 114488.2694876818
134141.5374564400 123111.3813951364
132384.0675671440 124069.5049404091
122318.5582011760 119278.8872140455
117844.9984829680 114807.6440027727
123756.4881106000 115127.0185178636
135739.2373558000 113210.7714273182
131585.2176174640 118799.8254414091
136378.3173155440 121833.8833347727
126951.8879093200 124388.8794555000
129667.9777382320 124069.5049404091
121839.2482313680 113689.8331999545
133821.9974765680 124867.9412281364
136697.8572954160 118640.1381838636
134940.3874061200 118161.0764112273
118324.3084527760 116883.5783508636
126312.8079495760 117682.0146385909
125993.2679697040 122153.2578498636
119762.2383622000 118480.4509263182
127910.5078489360 117202.9528659545
129508.2077482960 113689.8331999545
131585.2176174640 119278.8872140455
133981.7674665040 117043.2656084091
125673.7279898320 124548.5667130455
133023.1475268880 115127.0185178636
122158.7882112400 121035.4470470455
127431.1978791280 117522.3273810455
124715.1080502160 122632.3196225000
121359.9382615600 114168.8949725909
129667.9777382320 115127.0185178636
133023.1475268880 118640.1381838636
133502.4574966960 124548.5667130455
118963.3884125200 120396.6980168636
120880.6282917520 116404.5165782273
128070.2778388720 121035.4470470455
122797.8681709840 122951.6941375909
128389.8178187440 117682.0146385909
135259.9273859920 115765.7675480454
120081.7783420720 119278.8872140455
129508.2077482960 114807.6440027727
133342.6875067600 119438.5744715909
121679.4782414320 121833.8833347727
135100.1573960560 113370.4586848636
136058.7773356720 116564.2038357727
130147.2877080400 114967.3312603182
136218.5473256080 122632.3196225000
136857.6272853520 116085.1420631364
132863.3775369520 121195.1343045909

124248.9925501290 143591.5276965417
132396.9232619355 142478.9236863472
114503.4283654194 144386.2448466806
136231.2435969032 142955.7539764305
119615.8554787097 142002.0933962639
113225.3215870968 144545.1882767084
127124.7328013548 141525.2631061806
118177.9853530968 142955.7539764305
124888.0459392903 141684.2065362083
131917.6332200645 143432.5842665139
126006.3893703226 142796.8105464028
128083.3128850968 142478.9236863472
123130.6491190968 144227.3014166528
122172.0690353548 140730.5459560417
112426.5048506452 144704.1317067361
129680.9463580000 142319.9802563194
124555.3380602800 116244.8293206818
126312.8079495760 120875.7597895000
124715.1080502160 118799.8254414091
133182.9175168240 113849.5204575000
118324.3084527760 119757.9489866818
122797.8681709840 114967.3312603182
131904.7575973360 121354.8215621364
130466.8276879120 113370.4586848636
132543.8375570800 114009.2077150455
131904.7575973360 122792.0068800455
119762.2383622000 120875.7597895000
126951.8879093200 124069.5049404091
131425.4476275280 116244.8293206818
136218.5473256080 119917.6362442273
127271.4278891920 118320.7636687727
122957.6381609200 114009.2077150455
130626.5976778480 117362.6401235000
129348.4377583600 113849.5204575000
131425.4476275280 114328.5822301364
123117.4081508560 118161.0764112273
126632.3479294480 123909.8176828636
121839.2482313680 122153.2578498636
120720.8583018160 121674.1960772273
121999.0182213040 116085.1420631364
134461.0774363120 113530.1459424091
120561.0883118800 121833.8833347727
122478.3281911120 121514.5088196818
129348.4377583600 121674.1960772273
131265.6776375920 113530.1459424091
129348.4377583600 121993.5705923182
135579.4673658640 122632.3196225000
118164.5384628400 119438.5744715909
127271.4278891920 117202.9528659545
121359.9382615600 115925.4548055909
130786.3676677840 119757.9489866818
132224.2975772080 122792.0068800455
135100.1573960560 126624.5010611364
123596.7181206640 122951.6941375909
128389.8178187440 119598.2617291364
136697.8572954160 120396.6980168636
126951.8879093200 121833.8833347727
128869.1277885520 118799.8254414091
128549.5878086800 123271.0686526818
129188.6677684240 122153.2578498636
128230.0478288080 119757.9489866818
127910.5078489360 120237.0107593182
127271.4278891920 121035.4470470455
126472.5779395120 121035.4470470455
134461.0774363120 119119.1999565000
125993.2679697040 125027.6284856818
127111.6578992560 121195.1343045909
132384.0675671440 122153.2578498636
130946.1376577200 122632.3196225000
120720.8583018160 116723.8910933182
130307.0576979760 114807.6440027727
118484.0784427120 121993.5705923182
131105.9076476560 115446.3930329546
130307.0576979760 116244.8293206818
125513.9579998960 123430.7559102273
132224.2975772080 125027.6284856818
133342.6875067600 121195.1343045909
133342.6875067600 124069.5049404091
129987.5177181040 115286.7057754091
132543.8375570800 124069.5049404091
123916.2581005360 120556.3852744091
134301.3074463760 114328.5822301364
126792.1179193840 118799.8254414091
121359.9382615600 114647.9567452273
124555.3380602800 124708.2539705909
133342.6875067600 121993.5705923182
119922.0083521360 119278.8872140455
134141.5374564400 124388.8794555000
123596.7181206640 120396.6980168636
124235.7980804080 116723.8910933182
118164.5384628400 121833.8833347727
121519.7082514960 116085.1420631364
121679.4782414320 116085.1420631364
127910.5078489360 116723.8910933182
124395.5680703440 119917.6362442273
136857.6272853520 113849.5204575000
126312.8079495760 122951.6941375909
125513.9579998960 118959.5126989546
133981.7674665040 122312.9451074091
129987.5177181040 121993.5705923182

112746.0315452258 145339.9054268472
111148.3980723226 145022.0185667917
114822.9550600000 144704.1317067361
121213.4889516129 144545.1882767084
119296.3287841290 144386.2448466806
114663.1917127097 144068.3579866250
128243.0762323871 143909.4145565972
117858.4586585161 143432.5842665139
133195.7399983871 143432.5842665139
128882.1296215484 143273.6408364861
122172.0690353548 143114.6974064583
115781.5351437419 142955.7539764305
134154.3200821290 142955.7539764305
132876.2133038064 142637.8671163750
130639.5264417419 142161.0368262917
122651.3590772258 142002.0933962639
134620.8474262480 126464.8138035909
130147.2877080400 125826.0647734091
134141.5374564400 125826.0647734091
131265.6776375920 125666.3775158636
130626.5976778480 125347.0030007727
127431.1978791280 125187.3157432273
127431.1978791280 125027.6284856818
128869.1277885520 124708.2539705909
135899.0073457360 124548.5667130455
126472.5779395120 124388.8794555000
131585.2176174640 124388.8794555000
135899.0073457360 124388.8794555000
120720.8583018160 124069.5049404091
119922.0083521360 123750.1304253182
128549.5878086800 123430.7559102273
136538.0873054800 123430.7559102273
121200.1682716240 123111.3813951364
123756.4881106000 123111.3813951364
134940.3874061200 122472.6323649546
119442.6983823280 122312.9451074091
130307.0576979760 122312.9451074091
125034.6480300880 121993.5705923182
120561.0883118800 121833.8833347727
126312.8079495760 121833.8833347727
136218.5473256080 121833.8833347727
130946.1376577200 121674.1960772273
119922.0083521360 121514.5088196818
135739.2373558000 121514.5088196818
124874.8780401520 121195.1343045909
119442.6983823280 121035.4470470455
134461.0774363120 121035.4470470455
132384.0675671440 120716.0725319545
125993.2679697040 120556.3852744091
118324.3084527760 120237.0107593182
127590.9678690640 120237.0107593182
136857.6272853520 120237.0107593182
125354.1880099600 120077.3235017727
128869.1277885520 119917.6362442273
125833.4979797680 119757.9489866818
133662.2274866320 119757.9489866818
135739.2373558000 119278.8872140455
127111.6578992560 119119.1999565000
129188.6677684240 119119.1999565000
118324.3084527760 118799.8254414091
122478.3281911120 118640.1381838636
129028.8977784880 118640.1381838636
136697.8572954160 118640.1381838636
131744.9876074000 117043.2656084091
118004.7684729040 116883.5783508636
131744.9876074000 116723.8910933182
134780.6174161840 116723.8910933182
128389.8178187440 116404.5165782273
134620.8474262480 116244.8293206818
119123.1584024560 116085.1420631364
133182.9175168240 115925.4548055909
126153.0379596400 115765.7675480454
130946.1376577200 115286.7057754091
125194.4180200240 114807.6440027727
126632.3479294480 114807.6440027727
128549.5878086800 114807.6440027727
128230.0478288080 114488.2694876818
137177.1672652240 114488.2694876818
118484.0784427120 114328.5822301364
130147.2877080400 114168.8949725909
122158.7882112400 114009.2077150455
134620.8474262480 114009.2077150455
127431.1978791280 113849.5204575000
130626.5976778480 113849.5204575000
124715.1080502160 113689.8331999545
135100.1573960560 113370.4586848636
120880.6282917520 122792.0068800455
136697.8572954160 118320.7636687727
131904.7575973360 114647.9567452273
130946.1376577200 121035.4470470455
118484.0784427120 117202.9528659545
132543.8375570800 119438.5744715909
120561.0883118800 119119.1999565000
125354.1880099600 122312.9451074091
134141.5374564400 118959.5126989546
128869.1277885520 118480.4509263182
124715.1080502160 123750.1304253182
120241.5483320080 117362.6401235000
130946.1376577200 125666.3775158636
129348.4377583600 115606.0802905000

112746.0315452258 145339.9054268472
114822.9550600000 144704.1317067361
117379.1686166452 144545.1882767084
124089.2292028387 144227.3014166528
114663.1917127097 144068.3579866250
128243.0762323871 143909.4145565972
121053.7256043226 143750.4711265694
133195.7399983871 143432.5842665139
125047.8092865807 143114.6974064583
129680.9463580000 143114.6974064583
119456.0921314194 142955.7539764305
134154.3200821290 142955.7539764305
132876.2133038064 142637.8671163750
124408.7558974194 142161.0368262917
122651.3590772258 142002.0933962639
118657.2753949678 141843.1499662361
134620.8474262480 126464.8138035909
130147.2877080400 125826.0647734091
130626.5976778480 125347.0030007727
133342.6875067600 125027.6284856818
131744.9876074000 124708.2539705909
135899.0073457360 124548.5667130455
128869.1277885520 124388.8794555000
124555.3380602800 124229.1921979545
128070.2778388720 123750.1304253182
129348.4377583600 123430.7559102273
133662.2274866320 123271.0686526818
127750.7378590000 122951.6941375909
130307.0576979760 122951.6941375909
135899.0073457360 122951.6941375909
132384.0675671440 122472.6323649546
125354.1880099600 122312.9451074091
130307.0576979760 122312.9451074091
135100.1573960560 122153.2578498636
133182.9175168240 121993.5705923182
119602.4683722640 121833.8833347727
126312.8079495760 121833.8833347727
124235.7980804080 121514.5088196818
132863.3775369520 121514.5088196818
135739.2373558000 121514.5088196818
119442.6983823280 121035.4470470455
126792.1179193840 121035.4470470455
130946.1376577200 121035.4470470455
119442.6983823280 120875.7597895000
132384.0675671440 120716.0725319545
122797.8681709840 120077.3235017727
128869.1277885520 119917.6362442273
135100.1573960560 119917.6362442273
119123.1584024560 119598.2617291364
124874.8780401520 119598.2617291364
119762.2383622000 119438.5744715909
135739.2373558000 119278.8872140455
127590.9678690640 119119.1999565000
134141.5374564400 118959.5126989546
119922.0083521360 118640.1381838636
127750.7378590000 118161.0764112273
134141.5374564400 118001.3891536818
123756.4881106000 117841.7018961364
118803.6184225840 117682.0146385909
118484.0784427120 117202.9528659545
127910.5078489360 117202.9528659545
130626.5976778480 117202.9528659545
134940.3874061200 117043.2656084091
118004.7684729040 116883.5783508636
121999.0182213040 116723.8910933182
131744.9876074000 116723.8910933182
127910.5078489360 116564.2038357727
131425.4476275280 116085.1420631364
132543.8375570800 115606.0802905000
122318.5582011760 115446.3930329546
130946.1376577200 115286.7057754091
129987.5177181040 114967.3312603182
125194.4180200240 114807.6440027727
122318.5582011760 114647.9567452273
125673.7279898320 114328.5822301364
128070.2778388720 114168.8949725909
134620.8474262480 114009.2077150455
126472.5779395120 113849.5204575000
127431.1978791280 113849.5204575000
130626.5976778480 113849.5204575000
135579.4673658640 113689.8331999545
124874.8780401520 113530.1459424091
128869.1277885520 113530.1459424091
135739.2373558000 118320.7636687727
128230.0478288080 114488.2694876818
121359.9382615600 116404.5165782273
120561.0883118800 123111.3813951364
127910.5078489360 119278.8872140455
118803.6184225840 114009.2077150455
122158.7882112400 121514.5088196818
124874.8780401520 119438.5744715909
136697.8572954160 118640.1381838636
130786.3676677840 114168.8949725909
122318.5582011760 122792.0068800455
126472.5779395120 118959.5126989546
136218.5473256080 125027.6284856818
128869.1277885520 119598.2617291364
129348.4377583600 124069.5049404091
129827.7477281680 115765.7675480454
131105.9076476560 122632.3196225000

116260.8251856129 145180.9619968194
131438.3431781936 142796.8105464028
124728.2825920000 144227.3014166528
131598.1065254839 142637.8671163750
125047.8092865807 142955.7539764305
114822.9550600000 144863.0751367639
112586.2681979355 145022.0185667917
117698.6953112258 142637.8671163750
112266.7415033548 144386.2448466806
133195.7399983871 142637.8671163750
135112.9001658710 142796.8105464028
117858.4586585161 144704.1317067361
117858.4586585161 143432.5842665139
123130.6491190968 144227.3014166528
126485.6794121936 142161.0368262917
128562.6029269677 142002.0933962639
127431.1978791280 121195.1343045909
121679.4782414320 115925.4548055909
136058.7773356720 113530.1459424091
133182.9175168240 125027.6284856818
121040.3982816880 114009.2077150455
135259.9273859920 115765.7675480454
118963.3884125200 122472.6323649546
130147.2877080400 118640.1381838636
121040.3982816880 124229.1921979545
120241.5483320080 119119.1999565000
126153.0379596400 123909.8176828636
131265.6776375920 120716.0725319545
131105.9076476560 119598.2617291364
135579.4673658640 121993.5705923182
120561.0883118800 122951.6941375909
135419.6973759280 115446.3930329546
120081.7783420720 114168.8949725909
130786.3676677840 122153.2578498636
134461.0774363120 121674.1960772273
130147.2877080400 116883.5783508636
119762.2383622000 117522.3273810455
136697.8572954160 113849.5204575000
135579.4673658640 120396.6980168636
121839.2482313680 120396.6980168636
134461.0774363120 126145.4392885000
124076.0280904720 113689.8331999545
132703.6075470160 118799.8254414091
127271.4278891920 116404.5165782273
124076.0280904720 120237.0107593182
132863.3775369520 119917.6362442273
127590.9678690640 124708.2539705909
127750.7378590000 116883.5783508636
119123.1584024560 115925.4548055909
136538.0873054800 113210.7714273182
133821.9974765680 118959.5126989546
125354.1880099600 122153.2578498636
137177.1672652240 114009.2077150455
124715.1080502160 122951.6941375909
121200.1682716240 115606.0802905000
133502.4574966960 119438.5744715909
134940.3874061200 125985.7520309545
127910.5078489360 120875.7597895000
131105.9076476560 125666.3775158636
134461.0774363120 121993.5705923182
122318.5582011760 121674.1960772273
123596.7181206640 118480.4509263182
121839.2482313680 115606.0802905000
128389.8178187440 122632.3196225000
128869.1277885520 122312.9451074091
118324.3084527760 114488.2694876818
136218.5473256080 126624.5010611364
125673.7279898320 118001.3891536818
119442.6983823280 122792.0068800455
130147.2877080400 122312.9451074091
119123.1584024560 122951.6941375909
126792.1179193840 117522.3273810455
131744.9876074000 119438.5744715909
128869.1277885520 121993.5705923182
133342.6875067600 123111.3813951364
128070.2778388720 116085.1420631364
125513.9579998960 115925.4548055909
121839.2482313680 118799.8254414091
129827.7477281680 115127.0185178636
135579.4673658640 123271.0686526818
124395.5680703440 115765.7675480454
123756.4881106000 121833.8833347727
136857.6272853520 116564.2038357727
126153.0379596400 124548.5667130455
118803.6184225840 113849.5204575000
120401.3183219440 121514.5088196818
132703.6075470160 124708.2539705909
131904.7575973360 123909.8176828636
118803.6184225840 122951.6941375909
134141.5374564400 117202.9528659545
118803.6184225840 119598.2617291364
130147.2877080400 120237.0107593182
129667.9777382320 122632.3196225000
118004.7684729040 115606.0802905000
125034.6480300880 119757.9489866818
118484.0784427120 118799.8254414091
121839.2482313680 124069.5049404091
121200.1682716240 115127.0185178636
119442.6983823280 121833.8833347727
131744.9876074000 118480.4509263182

117059.6419220645 143432.5842665139
129201.6563161290 142478.9236863472
124728.2825920000 141207.3762461250
109391.0012521290 145975.6791469583
126006.3893703226 143591.5276965417
122012.3056880645 142319.9802563194
125527.0993284516 142796.8105464028
125047.8092865807 142002.0933962639
112905.7948925161 145180.9619968194
115142.4817545806 143273.6408364861
133035.9766510968 142955.7539764305
113704.6116289677 145498.8488568750
132396.9232619355 142478.9236863472
117698.6953112258 144068.3579866250
121213.4889516129 143114.6974064583
127604.0228432258 143909.4145565972
133342.6875067600 115925.4548055909
131585.2176174640 113849.5204575000
125354.1880099600 120556.3852744091
127750.7378590000 120556.3852744091
128709.3577986160 123750.1304253182
120720.8583018160 116883.5783508636
128389.8178187440 117202.9528659545
127590.9678690640 116883.5783508636
120561.0883118800 116564.2038357727
135899.0073457360 114807.6440027727
137017.3972752880 114168.8949725909
128230.0478288080 113849.5204575000
123916.2581005360 119278.8872140455
133182.9175168240 123271.0686526818
126312.8079495760 114807.6440027727
132863.3775369520 125347.0030007727
128869.1277885520 122951.6941375909
135579.4673658640 124069.5049404091
132224.2975772080 118161.0764112273
118484.0784427120 116085.1420631364
119123.1584024560 117362.6401235000
137336.9372551600 115286.7057754091
118324.3084527760 113849.5204575000
132224.2975772080 119917.6362442273
119123.1584024560 121195.1343045909
133182.9175168240 124229.1921979545
123117.4081508560 121514.5088196818
128709.3577986160 118799.8254414091
118324.3084527760 118161.0764112273
127111.6578992560 124867.9412281364
128869.1277885520 121195.1343045909
137336.9372551600 116564.2038357727
133023.1475268880 115446.3930329546
133023.1475268880 119438.5744715909
135899.0073457360 123111.3813951364
126153.0379596400 122312.9451074091
127431.1978791280 124229.1921979545
118164.5384628400 119278.8872140455
130626.5976778480 116564.2038357727
135100.1573960560 121354.8215621364
118004.7684729040 120716.0725319545
125673.7279898320 114328.5822301364
135739.2373558000 121833.8833347727
136857.6272853520 115765.7675480454
120561.0883118800 118799.8254414091
133821.9974765680 117362.6401235000
130147.2877080400 117202.9528659545
121200.1682716240 119757.9489866818
121999.0182213040 115925.4548055909
130466.8276879120 113689.8331999545
127590.9678690640 118640.1381838636
119762.2383622000 121674.1960772273
135739.2373558000 120716.0725319545
134940.3874061200 124867.9412281364
118643.8484326480 116883.5783508636
123117.4081508560 116564.2038357727
125513.9579998960 113689.8331999545
119602.4683722640 123271.0686526818
124235.7980804080 114168.8949725909
125034.6480300880 119757.9489866818
137017.3972752880 118320.7636687727
119602.4683722640 121833.8833347727
137656.4772350320 113370.4586848636
118484.0784427120 114807.6440027727
131105.9076476560 119119.1999565000
137177.1672652240 115606.0802905000
132543.8375570800 125666.3775158636
134301.3074463760 123909.8176828636
126312.8079495760 122951.6941375909
124395.5680703440 117202.9528659545
129827.7477281680 114967.3312603182
134780.6174161840 116564.2038357727
133342.6875067600 124229.1921979545
125673.7279898320 121035.4470470455
126632.3479294480 114009.2077150455
126472.5779395120 116883.5783508636
124235.7980804080 123750.1304253182
118643.8484326480 118799.8254414091
132543.8375570800 117841.7018961364
125993.2679697040 122632.3196225000
135419.6973759280 117841.7018961364
130466.8276879120 113370.4586848636
126632.3479294480 120875.7597895000
118004.7684729040 116564.2038357727

113704.6116289677 145180.9619968194
121213.4889516129 144545.1882767084
114663.1917127097 144068.3579866250
126166.1527176129 143909.4145565972
117858.4586585161 143432.5842665139
133195.7399983871 143432.5842665139
126805.2061067742 143273.6408364861
117698.6953112258 143114.6974064583
115781.5351437419 142955.7539764305
122012.3056880645 142637.8671163750
132876.2133038064 142637.8671163750
117379.1686166452 142319.9802563194
118817.0387422581 142161.0368262917
124089.2292028387 142161.0368262917
130639.5264417419 142161.0368262917
121373.2522989032 141684.2065362083
134620.8474262480 126464.8138035909
135899.0073457360 125985.7520309545
130946.1376577200 125666.3775158636
133662.2274866320 125347.0030007727
129028.8977784880 125187.3157432273
125513.9579998960 125027.6284856818
128070.2778388720 124867.9412281364
135579.4673658640 124867.9412281364
135899.0073457360 124548.5667130455
128869.1277885520 124388.8794555000
120720.8583018160 124069.5049404091
124395.5680703440 124069.5049404091
130626.5976778480 124069.5049404091
128230.0478288080 123909.8176828636
119922.0083521360 123750.1304253182
136058.7773356720 123430.7559102273
133182.9175168240 123271.0686526818
119602.4683722640 123111.3813951364
122478.3281911120 123111.3813951364
127750.7378590000 122951.6941375909
131585.2176174640 122951.6941375909
135899.0073457360 122951.6941375909
122158.7882112400 122472.6323649546
125354.1880099600 122472.6323649546
134940.3874061200 122472.6323649546
135899.0073457360 122153.2578498636
133182.9175168240 121993.5705923182
119602.4683722640 121833.8833347727
126312.8079495760 121833.8833347727
130946.1376577200 121035.4470470455
119442.6983823280 120875.7597895000
125993.2679697040 120556.3852744091
131904.7575973360 120556.3852744091
118324.3084527760 120237.0107593182
132543.8375570800 120237.0107593182
136857.6272853520 120237.0107593182
130946.1376577200 119917.6362442273
135100.1573960560 119917.6362442273
135739.2373558000 119757.9489866818
124874.8780401520 119598.2617291364
128869.1277885520 119598.2617291364
124874.8780401520 119438.5744715909
127590.9678690640 119278.8872140455
135739.2373558000 119278.8872140455
127590.9678690640 119119.1999565000
126472.5779395120 118959.5126989546
134620.8474262480 118799.8254414091
123916.2581005360 118480.4509263182
135739.2373558000 118320.7636687727
136697.8572954160 118320.7636687727
134141.5374564400 118001.3891536818
118164.5384628400 117841.7018961364
124076.0280904720 117841.7018961364
136538.0873054800 117682.0146385909
124076.0280904720 117362.6401235000
137177.1672652240 117202.9528659545
123117.4081508560 117043.2656084091
129667.9777382320 116883.5783508636
125673.7279898320 116723.8910933182
128070.2778388720 116723.8910933182
131744.9876074000 116723.8910933182
131744.9876074000 116564.2038357727
137017.3972752880 116564.2038357727
126312.8079495760 116404.5165782273
133182.9175168240 115925.4548055909
126153.0379596400 115765.7675480454
118803.6184225840 115606.0802905000
129348.4377583600 115606.0802905000
132543.8375570800 115606.0802905000
130946.1376577200 115286.7057754091
132384.0675671440 115286.7057754091
120880.6282917520 115127.0185178636
127750.7378590000 115127.0185178636
129987.5177181040 114967.3312603182
126312.8079495760 114647.9567452273
118484.0784427120 114328.5822301364
129188.6677684240 114328.5822301364
136058.7773356720 114328.5822301364
128230.0478288080 114009.2077150455
119123.1584024560 113849.5204575000
127431.1978791280 113849.5204575000
130626.5976778480 113849.5204575000
128869.1277885520 113530.1459424091
128869.1277885520 113370.4586848636

110349.5813358710 145180.9619968194
118177.9853530968 144704.1317067361
113065.5582398065 144068.3579866250
113704.6116289677 143750.4711265694
128722.3662742581 143750.4711265694
129680.9463580000 143114.6974064583
119456.0921314194 142955.7539764305
134473.8467767097 142637.8671163750
119296.3287841290 142478.9236863472
126805.2061067742 141684.2065362083
121213.4889516129 141207.3762461250
123769.7025082581 141366.3196761528
124248.9925501290 142002.0933962639
111787.4514614839 145339.9054268472
123290.4124663871 144068.3579866250
121852.5423407742 142955.7539764305
135899.0073457360 125985.7520309545
135899.0073457360 124388.8794555000
120720.8583018160 124069.5049404091
121999.0182213040 123750.1304253182
128549.5878086800 123430.7559102273
119602.4683722640 123111.3813951364
125354.1880099600 122472.6323649546
133023.1475268880 121993.5705923182
136857.6272853520 120237.0107593182
136058.7773356720 119438.5744715909
129188.6677684240 119119.1999565000
131904.7575973360 118480.4509263182
120241.5483320080 117362.6401235000
123117.4081508560 116723.8910933182
132224.2975772080 116723.8910933182
119123.1584024560 115446.3930329546
130307.0576979760 114807.6440027727
122638.0981810480 114647.9567452273
136058.7773356720 114328.5822301364
126472.5779395120 113849.5204575000
118004.7684729040 118799.8254414091
133502.4574966960 125187.3157432273
137496.7072450960 114168.8949725909
127271.4278891920 120716.0725319545
134780.6174161840 122951.6941375909
118324.3084527760 118799.8254414091
125993.2679697040 120237.0107593182
125993.2679697040 115127.0185178636
124715.1080502160 119757.9489866818
134301.3074463760 123909.8176828636
121200.1682716240 122153.2578498636
121839.2482313680 117043.2656084091
128389.8178187440 113849.5204575000
132863.3775369520 124548.5667130455
135419.6973759280 121833.8833347727
128389.8178187440 117043.2656084091
129188.6677684240 122312.9451074091
130307.0576979760 118001.3891536818
122478.3281911120 122472.6323649546
136697.8572954160 116723.8910933182
125194.4180200240 124069.5049404091
125513.9579998960 124708.2539705909
122638.0981810480 114009.2077150455
137177.1672652240 114488.2694876818
121040.3982816880 116723.8910933182
136378.3173155440 114967.3312603182
132064.5275872720 119119.1999565000
131585.2176174640 118640.1381838636
120241.5483320080 115127.0185178636
123596.7181206640 122153.2578498636
135579.4673658640 125666.3775158636
121999.0182213040 121035.4470470455
126632.3479294480 115765.7675480454
123916.2581005360 118480.4509263182
131105.9076476560 117522.3273810455
129987.5177181040 123909.8176828636
130307.0576979760 122312.9451074091
122158.7882112400 115286.7057754091
131265.6776375920 125187.3157432273
126632.3479294480 119757.9489866818
120880.6282917520 122472.6323649546
129827.7477281680 118640.1381838636
134620.8474262480 122632.3196225000
131585.2176174640 119438.5744715909
129987.5177181040 121514.5088196818
125513.9579998960 125027.6284856818
132384.0675671440 120716.0725319545
134620.8474262480 121035.4470470455
132863.3775369520 126305.1265460455
128389.8178187440 116244.8293206818
133023.1475268880 122951.6941375909
136378.3173155440 116085.1420631364
124235.7980804080 119438.5744715909
130626.5976778480 120396.6980168636
119922.0083521360 118001.3891536818
122158.7882112400 122472.6323649546
124235.7980804080 115765.7675480454
132384.0675671440 119917.6362442273
129827.7477281680 125347.0030007727
133023.1475268880 125027.6284856818
131585.2176174640 125506.6902583182
132224.2975772080 124708.2539705909
135259.9273859920 117522.3273810455
127271.4278891920 115446.3930329546

110988.6347250323 145498.8488568750
112746.0315452258 145339.9054268472
114343.6650181290 145339.9054268472
116260.8251856129 144863.0751367639
114822.9550600000 144704.1317067361
113704.6116289677 143750.4711265694
121053.7256043226 143750.4711265694
126805.2061067742 143750.4711265694
115941.2984910323 143273.6408364861
123929.4658555484 143273.6408364861
119456.0921314194 142955.7539764305
130479.7630944516 142955.7539764305
134473.8467767097 142637.8671163750
124408.7558974194 142161.0368262917
120254.9088678710 142002.0933962639
129201.6563161290 142002.0933962639
135899.0073457360 125985.7520309545
130946.1376577200 125666.3775158636
129188.6677684240 125506.6902583182
127431.1978791280 125187.3157432273
129028.8977784880 125187.3157432273
133342.6875067600 125027.6284856818
136218.5473256080 125027.6284856818
128070.2778388720 124867.9412281364
128070.2778388720 124548.5667130455
135899.0073457360 124548.5667130455
126472.5779395120 124388.8794555000
135899.0073457360 124388.8794555000
133662.2274866320 124229.1921979545
120401.3183219440 123909.8176828636
124715.1080502160 123750.1304253182
128070.2778388720 123750.1304253182
134780.6174161840 123750.1304253182
136538.0873054800 123430.7559102273
130946.1376577200 123271.0686526818
120561.0883118800 123111.3813951364
135899.0073457360 122951.6941375909
136218.5473256080 122951.6941375909
127750.7378590000 122632.3196225000
122158.7882112400 122472.6323649546
130307.0576979760 122312.9451074091
122478.3281911120 122153.2578498636
133023.1475268880 121993.5705923182
119922.0083521360 121674.1960772273
120401.3183219440 121514.5088196818
118963.3884125200 121195.1343045909
133182.9175168240 121035.4470470455
123117.4081508560 120716.0725319545
132543.8375570800 120716.0725319545
136218.5473256080 120716.0725319545
126632.3479294480 120396.6980168636
133342.6875067600 120396.6980168636
118324.3084527760 120237.0107593182
136857.6272853520 120237.0107593182
128869.1277885520 119917.6362442273
135100.1573960560 119917.6362442273
125673.7279898320 119598.2617291364
136058.7773356720 119438.5744715909
127111.6578992560 119119.1999565000
123117.4081508560 118959.5126989546
118324.3084527760 118799.8254414091
125354.1880099600 118799.8254414091
134620.8474262480 118799.8254414091
120081.7783420720 118640.1381838636
131904.7575973360 118480.4509263182
136697.8572954160 118320.7636687727
118963.3884125200 118161.0764112273
134141.5374564400 118001.3891536818
131744.9876074000 117043.2656084091
119762.2383622000 116883.5783508636
131744.9876074000 116723.8910933182
136697.8572954160 116723.8910933182
129667.9777382320 116404.5165782273
126632.3479294480 115765.7675480454
132543.8375570800 115606.0802905000
129508.2077482960 115286.7057754091
125194.4180200240 115127.0185178636
129667.9777382320 114967.3312603182
119123.1584024560 114807.6440027727
132224.2975772080 114807.6440027727
122638.0981810480 114647.9567452273
137177.1672652240 114488.2694876818
118803.6184225840 114009.2077150455
122158.7882112400 114009.2077150455
134620.8474262480 114009.2077150455
127431.1978791280 113849.5204575000
124715.1080502160 113689.8331999545
128869.1277885520 113530.1459424091
121359.9382615600 116404.5165782273
130786.3676677840 113849.5204575000
124235.7980804080 121354.8215621364
132703.6075470160 121514.5088196818
129827.7477281680 115765.7675480454
123916.2581005360 118480.4509263182
131904.7575973360 125347.0030007727
129348.4377583600 114168.8949725909
136697.8572954160 118640.1381838636
124076.0280904720 117362.6401235000
124715.1080502160 122792.0068800455
127271.4278891920 123430.7559102273

113704.6116289677 145022.0185667917
111947.2148087742 144545.1882767084
119615.8554787097 144227.3014166528
113065.5582398065 144068.3579866250
123929.4658555484 143432.5842665139
120254.9088678710 143114.6974064583
117698.6953112258 142955.7539764305
133035.9766510968 142637.8671163750
126805.2061067742 141684.2065362083
117858.4586585161 143432.5842665139
121533.0156461935 142161.0368262917
116740.1152274839 145180.9619968194
121053.7256043226 143750.4711265694
135911.7169023226 143114.6974064583
131278.5798309032 142319.9802563194
114663.1917127097 143909.4145565972
129188.6677684240 124548.5667130455
128869.1277885520 124388.8794555000
136538.0873054800 123430.7559102273
132703.6075470160 123111.3813951364
126153.0379596400 120396.6980168636
135739.2373558000 119757.9489866818
119123.1584024560 119598.2617291364
119282.9283923920 119278.8872140455
129508.2077482960 118320.7636687727
136538.0873054800 117682.0146385909
132543.8375570800 115606.0802905000
119123.1584024560 115446.3930329546
133502.4574966960 115446.3930329546
120880.6282917520 115127.0185178636
118803.6184225840 114009.2077150455
125034.6480300880 114488.2694876818
131585.2176174640 121514.5088196818
133182.9175168240 123909.8176828636
134301.3074463760 126464.8138035909
134301.3074463760 125347.0030007727
129667.9777382320 123590.4431677727
125513.9579998960 123430.7559102273
129508.2077482960 121833.8833347727
118963.3884125200 121195.1343045909
121040.3982816880 118001.3891536818
122158.7882112400 123271.0686526818
123277.1781407920 116244.8293206818
136538.0873054800 117522.3273810455
134141.5374564400 117202.9528659545
120561.0883118800 118799.8254414091
134461.0774363120 125985.7520309545
133662.2274866320 122153.2578498636
124235.7980804080 123111.3813951364
125354.1880099600 117043.2656084091
122158.7882112400 124069.5049404091
118484.0784427120 120077.3235017727
132224.2975772080 114807.6440027727
120401.3183219440 123909.8176828636
132703.6075470160 114647.9567452273
122478.3281911120 121514.5088196818
126632.3479294480 118959.5126989546
126792.1179193840 121514.5088196818
126632.3479294480 117841.7018961364
131265.6776375920 126145.4392885000
127750.7378590000 124069.5049404091
123916.2581005360 114009.2077150455
122318.5582011760 115446.3930329546
122158.7882112400 117522.3273810455
129508.2077482960 114967.3312603182
121040.3982816880 117362.6401235000
133662.2274866320 124867.9412281364
135259.9273859920 120237.0107593182
118324.3084527760 117682.0146385909
131265.6776375920 114009.2077150455
132064.5275872720 125826.0647734091
124076.0280904720 122312.9451074091
121519.7082514960 123590.4431677727
121359.9382615600 114967.3312603182
135259.9273859920 113530.1459424091
133502.4574966960 120716.0725319545
133342.6875067600 116883.5783508636
132703.6075470160 123909.8176828636
133662.2274866320 121514.5088196818
135579.4673658640 115127.0185178636
134461.0774363120 121035.4470470455
130147.2877080400 113530.1459424091
127750.7378590000 122951.6941375909
123756.4881106000 113689.8331999545
128549.5878086800 115286.7057754091
124235.7980804080 115606.0802905000
123277.1781407920 122792.0068800455
135579.4673658640 126784.1883186818
125194.4180200240 119438.5744715909
133662.2274866320 121833.8833347727
128709.3577986160 116723.8910933182
136058.7773356720 113051.0841697727
129987.5177181040 115765.7675480454
120401.3183219440 116883.5783508636
122638.0981810480 121195.1343045909
129508.2077482960 117522.3273810455
136857.6272853520 119757.9489866818
132384.0675671440 113689.8331999545
134461.0774363120 118001.3891536818
120720.8583018160 114009.2077150455

117219.4052693548 143273.6408364861
114024.1383235484 143591.5276965417
126964.9694540645 142161.0368262917
128243.0762323871 142002.0933962639
126645.4427594839 143114.6974064583
114822.9550600000 144863.0751367639
111627.6881141936 144545.1882767084
125047.8092865807 143273.6408364861
120095.1455205806 142478.9236863472
129041.8929688387 143432.5842665139
122970.8857718065 143273.6408364861
125047.8092865807 141366.3196761528
117219.4052693548 143909.4145565972
117538.9319639355 144227.3014166528
125527.0993284516 142955.7539764305
121692.7789934839 144068.3579866250
118963.3884125200 121035.4470470455
130626.5976778480 117522.3273810455
131744.9876074000 124388.8794555000
128709.3577986160 118161.0764112273
131744.9876074000 119278.8872140455
135899.0073457360 124069.5049404091
135419.6973759280 123909.8176828636
124555.3380602800 118480.4509263182
122478.3281911120 123430.7559102273
127271.4278891920 122951.6941375909
128709.3577986160 114807.6440027727
120401.3183219440 123271.0686526818
131585.2176174640 121035.4470470455
118324.3084527760 118640.1381838636
135100.1573960560 114967.3312603182
125993.2679697040 122153.2578498636
134780.6174161840 118480.4509263182
133821.9974765680 122792.0068800455
121679.4782414320 115925.4548055909
121200.1682716240 115925.4548055909
125354.1880099600 120716.0725319545
123756.4881106000 116404.5165782273
120720.8583018160 114647.9567452273
130147.2877080400 118001.3891536818
118963.3884125200 114168.8949725909
136058.7773356720 125027.6284856818
132863.3775369520 125985.7520309545
134780.6174161840 121833.8833347727
118484.0784427120 115286.7057754091
120880.6282917520 116883.5783508636
121359.9382615600 116723.8910933182
128230.0478288080 120556.3852744091
119762.2383622000 122472.6323649546
121200.1682716240 122792.0068800455
120880.6282917520 119119.1999565000
125194.4180200240 114009.2077150455
135739.2373558000 122951.6941375909
130307.0576979760 113849.5204575000
131425.4476275280 122312.9451074091
131425.4476275280 121195.1343045909
119922.0083521360 121993.5705923182
134301.3074463760 121514.5088196818
129667.9777382320 123111.3813951364
134780.6174161840 113370.4586848636
133182.9175168240 120716.0725319545
126792.1179193840 114009.2077150455
133023.1475268880 118161.0764112273
120720.8583018160 123111.3813951364
126153.0379596400 125187.3157432273
128709.3577986160 116723.8910933182
131585.2176174640 119757.9489866818
131744.9876074000 125666.3775158636
125034.6480300880 121674.1960772273
122478.3281911120 118640.1381838636
126632.3479294480 113530.1459424091
128549.5878086800 122951.6941375909
133342.6875067600 115127.0185178636
136058.7773356720 121035.4470470455
131425.4476275280 124708.2539705909
134620.8474262480 124708.2539705909
121839.2482313680 115286.7057754091
136697.8572954160 121993.5705923182
132543.8375570800 125506.6902583182
118164.5384628400 121354.8215621364
122797.8681709840 118799.8254414091
123916.2581005360 122153.2578498636
136218.5473256080 120556.3852744091
120561.0883118800 120396.6980168636
125833.4979797680 124229.1921979545
130307.0576979760 115765.7675480454
125194.4180200240 122472.6323649546
123117.4081508560 116883.5783508636
121839.2482313680 114967.3312603182
135259.9273859920 117202.9528659545
121679.4782414320 114967.3312603182
127590.9678690640 115446.3930329546
136538.0873054800 121035.4470470455
130946.1376577200 120396.6980168636
129188.6677684240 117841.7018961364
131425.4476275280 118959.5126989546
129827.7477281680 122632.3196225000
119123.1584024560 122312.9451074091
123916.2581005360 118480.4509263182
135579.4673658640 120237.0107593182

118657.2753949678 144545.1882767084
118657.2753949678 143750.4711265694
126485.6794121936 142478.9236863472
114343.6650181290 143909.4145565972
116420.5885329032 144704.1317067361
129041.8929688387 143591.5276965417
112746.0315452258 144704.1317067361
113065.5582398065 145180.9619968194
128722.3662742581 142319.9802563194
111787.4514614839 145657.7922869028
125846.6260230323 142955.7539764305
124728.2825920000 141843.1499662361
114343.6650181290 144068.3579866250
115302.2451018710 145180.9619968194
122651.3590772258 141048.4328160972
119775.6188260000 143273.6408364861
128549.5878086800 120077.3235017727
133821.9974765680 123750.1304253182
121519.7082514960 114168.8949725909
120720.8583018160 115606.0802905000
133342.6875067600 119917.6362442273
129348.4377583600 121354.8215621364
131105.9076476560 113370.4586848636
136378.3173155440 124229.1921979545
120720.8583018160 116723.8910933182
130307.0576979760 117522.3273810455
117844.9984829680 114328.5822301364
132384.0675671440 122472.6323649546
134620.8474262480 118959.5126989546
133023.1475268880 115765.7675480454
132703.6075470160 113210.7714273182
125354.1880099600 122632.3196225000
121200.1682716240 118480.4509263182
136058.7773356720 122153.2578498636
134940.3874061200 119119.1999565000
125513.9579998960 118161.0764112273
134620.8474262480 113210.7714273182
130626.5976778480 114967.3312603182
130626.5976778480 123750.1304253182
118324.3084527760 122312.9451074091
125034.6480300880 118480.4509263182
129827.7477281680 122312.9451074091
120880.6282917520 116404.5165782273
135259.9273859920 116883.5783508636
135899.0073457360 116883.5783508636
126792.1179193840 122312.9451074091
126792.1179193840 124069.5049404091
135419.6973759280 114009.2077150455
122957.6381609200 122472.6323649546
132384.0675671440 114328.5822301364
122478.3281911120 118320.7636687727
123436.9481307280 114009.2077150455
125673.7279898320 117682.0146385909
119922.0083521360 121354.8215621364
118004.7684729040 114647.9567452273
118164.5384628400 121993.5705923182
118643.8484326480 119598.2617291364
125354.1880099600 116883.5783508636
133182.9175168240 121514.5088196818
129188.6677684240 118480.4509263182
120401.3183219440 116404.5165782273
129667.9777382320 122951.6941375909
123756.4881106000 123909.8176828636
135100.1573960560 115446.3930329546
133502.4574966960 119278.8872140455
128549.5878086800 119598.2617291364
129827.7477281680 115127.0185178636
118803.6184225840 120716.0725319545
125354.1880099600 115606.0802905000
123117.4081508560 117043.2656084091
124715.1080502160 114168.8949725909
126153.0379596400 122951.6941375909
122158.7882112400 122951.6941375909
127431.1978791280 114009.2077150455
131105.9076476560 118001.3891536818
124076.0280904720 113849.5204575000
133821.9974765680 124548.5667130455
119762.2383622000 118480.4509263182
132384.0675671440 118161.0764112273
118164.5384628400 119278.8872140455
133821.9974765680 123590.4431677727
136857.6272853520 116883.5783508636
125354.1880099600 117682.0146385909
124555.3380602800 118320.7636687727
131585.2176174640 124867.9412281364
126632.3479294480 116564.2038357727
129667.9777382320 118001.3891536818
118803.6184225840 119278.8872140455
118963.3884125200 119917.6362442273
130466.8276879120 123750.1304253182
118643.8484326480 114967.3312603182
128549.5878086800 121674.1960772273
132224.2975772080 125506.6902583182
134461.0774363120 116564.2038357727
128070.2778388720 121993.5705923182
133023.1475268880 117362.6401235000
134780.6174161840 122472.6323649546
124874.8780401520 122792.0068800455
119762.2383622000 114328.5822301364
133182.9175168240 122792.0068800455

111787.4514614839 145339.9054268472
119935.3821732903 144704.1317067361
117379.1686166452 144545.1882767084
119615.8554787097 144227.3014166528
113065.5582398065 144068.3579866250
127444.2594959355 143750.4711265694
130959.0531363226 143591.5276965417
116580.3518801936 143432.5842665139
124888.0459392903 143273.6408364861
129361.4196634194 143273.6408364861
119775.6188260000 143114.6974064583
126166.1527176129 143114.6974064583
115781.5351437419 142955.7539764305
133035.9766510968 142637.8671163750
119136.5654368387 142478.9236863472
117379.1686166452 142319.9802563194
135419.6973759280 126145.4392885000
133981.7674665040 125985.7520309545
130147.2877080400 125826.0647734091
130626.5976778480 125347.0030007727
131744.9876074000 124708.2539705909
128869.1277885520 124388.8794555000
132384.0675671440 124388.8794555000
128070.2778388720 123909.8176828636
122478.3281911120 123590.4431677727
134780.6174161840 123271.0686526818
120561.0883118800 123111.3813951364
130307.0576979760 122951.6941375909
135899.0073457360 122951.6941375909
118803.6184225840 122632.3196225000
127750.7378590000 122632.3196225000
131105.9076476560 122632.3196225000
134461.0774363120 122472.6323649546
119123.1584024560 122312.9451074091
132703.6075470160 122312.9451074091
130626.5976778480 121993.5705923182
135100.1573960560 121833.8833347727
134780.6174161840 121354.8215621364
119123.1584024560 121035.4470470455
126792.1179193840 121035.4470470455
130946.1376577200 121035.4470470455
136697.8572954160 121035.4470470455
132384.0675671440 120716.0725319545
119282.9283923920 120396.6980168636
122318.5582011760 120396.6980168636
136058.7773356720 120396.6980168636
132543.8375570800 120237.0107593182
128869.1277885520 119917.6362442273
133502.4574966960 119917.6362442273
119762.2383622000 119438.5744715909
127590.9678690640 119119.1999565000
129188.6677684240 119119.1999565000
125513.9579998960 118959.5126989546
118324.3084527760 118799.8254414091
133182.9175168240 118799.8254414091
119922.0083521360 118640.1381838636
129028.8977784880 118640.1381838636
123916.2581005360 118480.4509263182
120241.5483320080 118320.7636687727
133502.4574966960 118320.7636687727
135739.2373558000 118320.7636687727
128070.2778388720 118001.3891536818
124555.3380602800 117682.0146385909
130307.0576979760 117682.0146385909
136538.0873054800 117682.0146385909
130626.5976778480 117202.9528659545
127271.4278891920 116883.5783508636
123117.4081508560 116723.8910933182
131585.2176174640 116564.2038357727
136857.6272853520 116564.2038357727
121359.9382615600 116404.5165782273
134780.6174161840 116404.5165782273
118803.6184225840 116085.1420631364
129188.6677684240 116085.1420631364
126792.1179193840 115925.4548055909
134461.0774363120 115925.4548055909
122478.3281911120 115765.7675480454
125513.9579998960 115446.3930329546
118164.5384628400 115286.7057754091
122957.6381609200 115286.7057754091
128549.5878086800 115286.7057754091
118963.3884125200 115127.0185178636
128549.5878086800 115127.0185178636
133023.1475268880 114967.3312603182
119442.6983823280 114807.6440027727
127910.5078489360 114807.6440027727
131904.7575973360 114647.9567452273
134461.0774363120 114647.9567452273
125673.7279898320 114328.5822301364
131904.7575973360 114328.5822301364
121359.9382615600 114009.2077150455
134301.3074463760 114009.2077150455
128869.1277885520 113530.1459424091
135100.1573960560 113370.4586848636
134461.0774363120 114328.5822301364
127431.1978791280 125187.3157432273
136058.7773356720 117362.6401235000
129348.4377583600 115606.0802905000
125833.4979797680 124548.5667130455
136538.0873054800 123430.7559102273

125207.5726338710 141843.1499662361
117059.6419220645 143273.6408364861
117538.9319639355 144386.2448466806
122331.8323826452 140889.4893860695
132396.9232619355 142637.8671163750
131757.8698727742 142796.8105464028
118337.7487003871 144068.3579866250
121053.7256043226 140889.4893860695
124408.7558974194 143750.4711265694
135751.9535550323 143114.6974064583
111148.3980723226 145498.8488568750
125367.3359811613 141207.3762461250
110828.8713777419 145498.8488568750
112746.0315452258 145022.0185667917
126325.9160649032 143432.5842665139
113544.8482816774 144545.1882767084
134141.5374564400 124229.1921979545
131585.2176174640 124708.2539705909
129667.9777382320 118480.4509263182
131904.7575973360 124069.5049404091
118324.3084527760 115286.7057754091
121359.9382615600 113689.8331999545
121040.3982816880 117682.0146385909
118164.5384628400 121035.4470470455
135899.0073457360 114328.5822301364
137177.1672652240 116085.1420631364
132064.5275872720 118320.7636687727
124395.5680703440 120237.0107593182
128549.5878086800 120077.3235017727
129188.6677684240 125347.0030007727
136058.7773356720 115925.4548055909
122957.6381609200 116244.8293206818
124395.5680703440 124548.5667130455
136058.7773356720 121674.1960772273
129188.6677684240 123271.0686526818
133981.7674665040 120237.0107593182
128869.1277885520 121354.8215621364
136378.3173155440 119278.8872140455
136378.3173155440 113051.0841697727
123117.4081508560 114009.2077150455
121200.1682716240 122312.9451074091
136058.7773356720 118320.7636687727
125513.9579998960 114967.3312603182
131904.7575973360 126145.4392885000
121359.9382615600 119438.5744715909
127271.4278891920 122792.0068800455
119762.2383622000 121514.5088196818
131904.7575973360 123590.4431677727
130147.2877080400 116883.5783508636
132703.6075470160 116404.5165782273
128070.2778388720 115925.4548055909
127271.4278891920 122951.6941375909
127111.6578992560 116404.5165782273
135419.6973759280 118640.1381838636
133981.7674665040 117522.3273810455
119602.4683722640 116244.8293206818
118963.3884125200 121195.1343045909
126472.5779395120 124708.2539705909
133023.1475268880 120875.7597895000
136378.3173155440 117362.6401235000
126153.0379596400 124069.5049404091
134620.8474262480 122632.3196225000
125833.4979797680 116723.8910933182
126153.0379596400 116883.5783508636
133821.9974765680 114328.5822301364
125513.9579998960 117202.9528659545
132543.8375570800 113689.8331999545
118324.3084527760 115446.3930329546
118164.5384628400 121833.8833347727
118164.5384628400 121514.5088196818
129667.9777382320 116564.2038357727
128549.5878086800 116564.2038357727
133023.1475268880 117202.9528659545
130307.0576979760 116244.8293206818
125513.9579998960 114807.6440027727
127111.6578992560 114168.8949725909
118803.6184225840 119438.5744715909
121359.9382615600 118001.3891536818
136218.5473256080 113530.1459424091
118484.0784427120 118799.8254414091
134461.0774363120 114328.5822301364
131744.9876074000 123430.7559102273
132543.8375570800 114009.2077150455
119123.1584024560 119917.6362442273
121999.0182213040 114168.8949725909
120241.5483320080 114009.2077150455
133821.9974765680 125347.0030007727
122158.7882112400 117043.2656084091
133662.2274866320 121195.1343045909
130147.2877080400 115127.0185178636
126632.3479294480 124388.8794555000
132543.8375570800 115925.4548055909
125993.2679697040 113849.5204575000
134780.6174161840 125666.3775158636
124395.5680703440 119917.6362442273
130946.1376577200 119598.2617291364
126312.8079495760 118799.8254414091
123596.7181206640 119598.2617291364
128070.2778388720 118001.3891536818
134940.3874061200 117841.7018961364

119456.0921314194 141684.2065362083
121692.7789934839 144386.2448466806
124888.0459392903 143273.6408364861
112746.0315452258 144863.0751367639
131598.1065254839 142161.0368262917
118657.2753949678 142955.7539764305
135592.1902077419 143114.6974064583
126645.4427594839 141684.2065362083
129041.8929688387 143591.5276965417
121053.7256043226 143750.4711265694
118337.7487003871 142478.9236863472
123290.4124663871 141525.2631061806
120574.4355624516 144227.3014166528
112106.9781560645 144863.0751367639
125367.3359811613 144227.3014166528
126325.9160649032 142319.9802563194
122318.5582011760 121674.1960772273
131585.2176174640 123430.7559102273
126632.3479294480 121514.5088196818
124235.7980804080 119917.6362442273
127590.9678690640 118640.1381838636
133821.9974765680 116404.5165782273
118164.5384628400 114168.8949725909
131105.9076476560 125826.0647734091
130307.0576979760 114328.5822301364
128389.8178187440 115606.0802905000
128070.2778388720 113849.5204575000
135259.9273859920 117682.0146385909
135899.0073457360 125826.0647734091
125513.9579998960 116404.5165782273
128709.3577986160 115925.4548055909
129987.5177181040 125985.7520309545
128869.1277885520 121195.1343045909
121519.7082514960 121354.8215621364
136857.6272853520 120237.0107593182
124076.0280904720 120716.0725319545
136857.6272853520 115765.7675480454
126792.1179193840 114168.8949725909
120880.6282917520 116244.8293206818
130786.3676677840 123909.8176828636
123277.1781407920 123430.7559102273
136378.3173155440 114488.2694876818
136857.6272853520 113370.4586848636
124235.7980804080 121035.4470470455
134141.5374564400 119119.1999565000
121999.0182213040 124388.8794555000
119282.9283923920 121674.1960772273
121040.3982816880 121674.1960772273
134141.5374564400 125985.7520309545
131265.6776375920 122792.0068800455
135899.0073457360 123111.3813951364
136857.6272853520 116085.1420631364
132384.0675671440 125826.0647734091
122638.0981810480 114807.6440027727
122638.0981810480 124069.5049404091
118643.8484326480 113849.5204575000
122318.5582011760 122153.2578498636
127111.6578992560 116404.5165782273
136378.3173155440 115446.3930329546
125194.4180200240 125187.3157432273
128389.8178187440 123271.0686526818
118484.0784427120 118640.1381838636
120880.6282917520 116723.8910933182
135899.0073457360 117043.2656084091
126312.8079495760 120716.0725319545
118643.8484326480 114967.3312603182
130946.1376577200 120556.3852744091
125354.1880099600 113849.5204575000
133342.6875067600 124867.9412281364
135259.9273859920 124867.9412281364
132863.3775369520 114009.2077150455
128549.5878086800 121674.1960772273
136378.3173155440 120875.7597895000
118484.0784427120 118480.4509263182
128549.5878086800 120237.0107593182
129348.4377583600 124548.5667130455
136378.3173155440 113051.0841697727
130946.1376577200 117202.9528659545
126472.5779395120 119757.9489866818
130147.2877080400 116085.1420631364
119762.2383622000 120077.3235017727
121200.1682716240 122951.6941375909
136058.7773356720 122472.6323649546
119602.4683722640 117043.2656084091
120081.7783420720 124069.5049404091
128389.8178187440 123750.1304253182
135739.2373558000 116404.5165782273
124076.0280904720 113689.8331999545
129987.5177181040 117362.6401235000
131105.9076476560 116883.5783508636
125354.1880099600 117522.3273810455
127910.5078489360 124548.5667130455
127910.5078489360 121035.4470470455
125673.7279898320 125027.6284856818
135419.6973759280 120237.0107593182
130307.0576979760 114168.8949725909
130786.3676677840 125347.0030007727
135259.9273859920 122472.6323649546
129028.8977784880 121354.8215621364
136538.0873054800 115925.4548055909

124888.0459392903 143273.6408364861
119296.3287841290 142955.7539764305
130959.0531363226 142955.7539764305
134633.6101240000 142796.8105464028
130000.4730525807 142637.8671163750
130639.5264417419 142002.0933962639
125846.6260230323 141525.2631061806
123769.7025082581 141048.4328160972
113704.6116289677 145180.9619968194
116420.5885329032 144863.0751367639
113704.6116289677 145022.0185667917
119935.3821732903 142478.9236863472
123130.6491190968 144386.2448466806
121373.2522989032 141525.2631061806
134473.8467767097 142637.8671163750
122970.8857718065 142161.0368262917
131265.6776375920 125666.3775158636
131744.9876074000 124708.2539705909
130307.0576979760 124069.5049404091
124076.0280904720 123430.7559102273
122478.3281911120 121674.1960772273
119442.6983823280 120875.7597895000
119123.1584024560 119598.2617291364
125673.7279898320 119598.2617291364
121839.2482313680 118001.3891536818
126632.3479294480 116085.1420631364
131585.2176174640 115925.4548055909
121679.4782414320 115446.3930329546
130626.5976778480 115127.0185178636
120880.6282917520 114168.8949725909
135579.4673658640 113689.8331999545
117844.9984829680 115925.4548055909
125833.4979797680 120875.7597895000
124235.7980804080 121354.8215621364
119762.2383622000 118799.8254414091
129508.2077482960 116244.8293206818
135100.1573960560 125506.6902583182
128389.8178187440 115765.7675480454
121519.7082514960 120556.3852744091
127910.5078489360 114168.8949725909
118484.0784427120 121195.1343045909
118963.3884125200 117362.6401235000
121679.4782414320 123111.3813951364
136857.6272853520 115446.3930329546
136378.3173155440 115127.0185178636
130626.5976778480 113849.5204575000
118324.3084527760 115286.7057754091
133662.2274866320 126464.8138035909
129987.5177181040 114807.6440027727
130466.8276879120 121035.4470470455
126153.0379596400 121993.5705923182
134620.8474262480 122472.6323649546
125034.6480300880 124069.5049404091
129508.2077482960 123271.0686526818
132224.2975772080 118480.4509263182
130307.0576979760 123590.4431677727
131585.2176174640 120396.6980168636
125354.1880099600 118799.8254414091
134461.0774363120 121035.4470470455
137336.9372551600 113051.0841697727
124715.1080502160 117362.6401235000
124235.7980804080 121195.1343045909
132863.3775369520 118320.7636687727
120880.6282917520 123271.0686526818
133182.9175168240 121993.5705923182
125034.6480300880 116883.5783508636
133502.4574966960 120716.0725319545
130307.0576979760 122472.6323649546
120241.5483320080 115765.7675480454
136697.8572954160 116723.8910933182
133342.6875067600 115606.0802905000
124555.3380602800 113689.8331999545
127271.4278891920 114488.2694876818
130786.3676677840 122951.6941375909
131744.9876074000 123111.3813951364
125034.6480300880 121674.1960772273
128709.3577986160 122792.0068800455
133662.2274866320 117522.3273810455
127271.4278891920 120556.3852744091
133502.4574966960 121035.4470470455
126472.5779395120 122792.0068800455
128070.2778388720 114168.8949725909
123277.1781407920 120556.3852744091
136538.0873054800 120077.3235017727
122638.0981810480 114647.9567452273
134940.3874061200 125666.3775158636
130786.3676677840 125985.7520309545
118324.3084527760 120237.0107593182
122318.5582011760 118480.4509263182
136697.8572954160 119278.8872140455
135579.4673658640 114967.3312603182
124555.3380602800 115127.0185178636
130466.8276879120 121833.8833347727
126792.1179193840 116723.8910933182
122158.7882112400 119278.8872140455
133981.7674665040 116564.2038357727
124555.3380602800 114488.2694876818
126472.5779395120 114009.2077150455
126312.8079495760 125187.3157432273
129028.8977784880 119278.8872140455

108272.6578210968 145975.6791469583
110349.5813358710 145657.7922869028
110349.5813358710 145180.9619968194
114183.9016708387 145180.9619968194
115621.7717964516 144704.1317067361
115142.4817545806 143909.4145565972
123769.7025082581 143750.4711265694
128882.1296215484 143591.5276965417
133035.9766510968 143273.6408364861
130479.7630944516 142955.7539764305
129361.4196634194 142796.8105464028
129201.6563161290 142478.9236863472
118657.2753949678 141843.1499662361
124888.0459392903 141525.2631061806
120893.9622570323 141048.4328160972
122970.8857718065 140889.4893860695
133981.7674665040 126464.8138035909
135899.0073457360 125985.7520309545
132384.0675671440 125826.0647734091
131265.6776375920 125506.6902583182
136378.3173155440 125187.3157432273
125993.2679697040 125027.6284856818
127431.1978791280 124708.2539705909
129188.6677684240 124548.5667130455
123436.9481307280 124388.8794555000
132384.0675671440 124388.8794555000
121679.4782414320 124069.5049404091
135419.6973759280 123430.7559102273
129827.7477281680 123271.0686526818
134141.5374564400 122951.6941375909
128230.0478288080 122472.6323649546
131744.9876074000 122472.6323649546
135259.9273859920 122472.6323649546
121999.0182213040 122312.9451074091
118803.6184225840 122153.2578498636
121999.0182213040 122153.2578498636
129188.6677684240 122153.2578498636
134940.3874061200 122153.2578498636
136218.5473256080 122153.2578498636
120561.0883118800 121833.8833347727
131105.9076476560 121833.8833347727
135899.0073457360 121833.8833347727
122478.3281911120 121514.5088196818
133662.2274866320 121514.5088196818
124235.7980804080 121354.8215621364
122957.6381609200 121195.1343045909
126632.3479294480 120716.0725319545
134141.5374564400 120716.0725319545
126472.5779395120 120237.0107593182
131425.4476275280 120077.3235017727
134141.5374564400 119757.9489866818
124076.0280904720 119278.8872140455
135899.0073457360 119278.8872140455
127111.6578992560 119119.1999565000
125354.1880099600 118799.8254414091
118803.6184225840 118320.7636687727
127910.5078489360 118001.3891536818
121679.4782414320 117522.3273810455
129508.2077482960 117522.3273810455
127111.6578992560 116883.5783508636
137177.1672652240 116883.5783508636
130786.3676677840 116723.8910933182
129667.9777382320 116404.5165782273
132863.3775369520 116244.8293206818
126632.3479294480 116085.1420631364
129188.6677684240 116085.1420631364
126153.0379596400 115765.7675480454
127590.9678690640 115765.7675480454
119123.1584024560 115446.3930329546
128869.1277885520 115286.7057754091
132543.8375570800 115127.0185178636
136697.8572954160 115127.0185178636
127590.9678690640 114967.3312603182
133342.6875067600 114807.6440027727
119282.9283923920 114488.2694876818
132863.3775369520 114488.2694876818
134620.8474262480 114488.2694876818
121839.2482313680 114328.5822301364
125354.1880099600 114328.5822301364
133662.2274866320 114328.5822301364
122638.0981810480 113689.8331999545
125034.6480300880 123430.7559102273
121999.0182213040 123111.3813951364
131105.9076476560 115606.0802905000
132703.6075470160 121354.8215621364
135739.2373558000 126624.5010611364
127111.6578992560 113689.8331999545
126632.3479294480 121833.8833347727
120880.6282917520 120396.6980168636
126312.8079495760 119757.9489866818
122478.3281911120 114807.6440027727
129508.2077482960 114647.9567452273
123117.4081508560 115446.3930329546
119602.4683722640 122632.3196225000
125513.9579998960 118320.7636687727
125673.7279898320 117841.7018961364
125673.7279898320 122792.0068800455
124076.0280904720 116244.8293206818
120880.6282917520 119757.9489866818
124715.1080502160 119438.5744715909

109071.4745575484 145975.6791469583
123929.4658555484 144386.2448466806
129201.6563161290 143273.6408364861
125207.5726338710 141207.3762461250
121373.2522989032 142002.0933962639
116580.3518801936 144545.1882767084
124408.7558974194 142161.0368262917
133994.5567348387 142796.8105464028
120893.9622570323 142796.8105464028
122172.0690353548 143273.6408364861
121373.2522989032 142478.9236863472
111467.9247669032 145498.8488568750
134953.1368185806 143114.6974064583
126166.1527176129 143591.5276965417
120734.1989097419 144227.3014166528
127604.0228432258 143114.6974064583
132703.6075470160 120237.0107593182
132543.8375570800 113370.4586848636
118004.7684729040 114168.8949725909
129188.6677684240 121833.8833347727
119762.2383622000 116244.8293206818
126153.0379596400 121674.1960772273
118963.3884125200 118799.8254414091
136538.0873054800 120077.3235017727
120720.8583018160 118640.1381838636
133821.9974765680 123590.4431677727
120081.7783420720 123430.7559102273
137017.3972752880 115127.0185178636
119922.0083521360 119598.2617291364
119762.2383622000 122792.0068800455
133821.9974765680 125027.6284856818
118164.5384628400 120556.3852744091
122158.7882112400 115925.4548055909
129348.4377583600 118640.1381838636
118164.5384628400 115127.0185178636
130147.2877080400 115446.3930329546
119602.4683722640 119278.8872140455
124874.8780401520 114967.3312603182
130307.0576979760 115127.0185178636
126632.3479294480 124069.5049404091
134620.8474262480 121514.5088196818
121679.4782414320 117202.9528659545
130466.8276879120 125985.7520309545
133182.9175168240 123111.3813951364
124235.7980804080 116883.5783508636
132863.3775369520 124708.2539705909
131744.9876074000 120077.3235017727
126792.1179193840 113849.5204575000
127910.5078489360 120396.6980168636
135259.9273859920 123590.4431677727
120401.3183219440 115446.3930329546
120401.3183219440 120716.0725319545
118484.0784427120 122792.0068800455
135899.0073457360 126464.8138035909
136218.5473256080 119278.8872140455
118484.0784427120 122153.2578498636
128070.2778388720 124229.1921979545
128549.5878086800 115925.4548055909
127111.6578992560 117043.2656084091
124235.7980804080 124229.1921979545
121200.1682716240 116564.2038357727
127271.4278891920 115446.3930329546
124076.0280904720 123271.0686526818
121359.9382615600 114328.5822301364
120880.6282917520 120396.6980168636
120241.5483320080 121674.1960772273
121200.1682716240 121195.1343045909
120401.3183219440 117682.0146385909
128549.5878086800 116404.5165782273
129188.6677684240 117522.3273810455
130626.5976778480 123590.4431677727
133502.4574966960 121993.5705923182
130307.0576979760 120556.3852744091
128869.1277885520 118320.7636687727
125194.4180200240 120077.3235017727
126792.1179193840 121993.5705923182
124076.0280904720 118320.7636687727
137177.1672652240 114168.8949725909
123277.1781407920 119119.1999565000
130786.3676677840 116244.8293206818
136218.5473256080 124708.2539705909
125993.2679697040 118480.4509263182
134620.8474262480 125027.6284856818
129508.2077482960 113849.5204575000
131585.2176174640 121035.4470470455
136218.5473256080 116085.1420631364
121679.4782414320 114168.8949725909
136697.8572954160 121514.5088196818
132224.2975772080 114647.9567452273
130147.2877080400 118480.4509263182
123117.4081508560 115925.4548055909
126792.1179193840 120875.7597895000
133182.9175168240 115925.4548055909
127750.7378590000 118320.7636687727
121200.1682716240 115606.0802905000
130946.1376577200 114168.8949725909
123277.1781407920 114488.2694876818
130786.3676677840 114168.8949725909
120561.0883118800 113849.5204575000
122957.6381609200 122472.6323649546

