444155560.7890293002 1424325.8763732910
445160501.5506775975 1452041.6058349609
441768081.5735390186 1376698.6372680664
448712223.8944665790 1473858.4455566406
449574259.3602666259 1491375.7393798828
452753011.2726729512 1496034.9102783203
446927641.8795130253 1471011.8834838867
442467946.8919174671 1418407.9918212891
453539706.3766257167 1499496.3246459961
448951541.7786120176 1485690.2998657227
444213280.5147458911 1424519.5046386719
444712525.5979519486 1449864.2293701172
446278392.6330392361 1464411.3401489258
445754410.2796725631 1458853.8466186523
