711643681.9116014242 7120773.7001953125
718829658.9324508905 7177207.9707031250
711293771.1112700701 7088130.5625000000
716243802.5824930668 7153748.0917968750
720150060.5214300156 7186942.7548828125
723430655.3204416037 7223580.4736328125
711479426.1420654058 7098383.3750000000
710922135.2879065275 7027282.3447265625
714800106.9076519012 7130837.3535156250
709332848.9213812351 6856479.5693359375
718759139.7932878733 7157242.4189453125
718732881.0312595367 7154374.5429687500
715569575.7650958300 7136866.8554687500
