125274.1101236839 138810.2233415222
114890.9233143161 142177.9471606555
117446.7846827758 143781.6251697667
109619.4592418678 145545.6709797889
119523.4220446494 141696.8437579222
117926.0086893621 139932.7979479000
117926.0086893621 142177.9471606555
127191.0061500287 135923.6029251222
127829.9714921437 134319.9249160111
128468.9368342586 132716.2469069000
140928.7610055000 124056.3856577000
113293.5099590287 144904.1997761445
131344.2808737759 130631.4654950556
129587.1261829598 135442.4995223889
129267.6435119023 133197.3503096333
131024.7982027184 131914.4079023445
131663.7635448333 133678.4537123667
123357.2140973391 138810.2233415222
116807.8193406609 142177.9471606555
139810.5716567989 125018.5924631667
121600.0594065230 142017.5793597444

110737.6485905690 145385.3031788778
119363.6807091207 142338.3149615666
118884.4567025345 140895.0047533667
127989.7128276724 136244.3385269444
131504.0222093046 131112.5688977889
136136.5209396379 128065.5806804778
141088.5023410287 125018.5924631667
141248.2436765575 123735.6500558778
142845.6570318448 123414.9144540556
142685.9156963161 122613.0754495000
146200.2250779483 120207.5584358333
127989.7128276724 136885.8097305889
118724.7153670057 143300.5217670333
123676.6967683965 138329.1199387889
122718.2487552241 139451.6945451667
117287.0433472471 140574.2691515444
127510.4888210862 135442.4995223889
120481.8700578218 139612.0623460778
128788.4195053161 133678.4537123667
141088.5023410287 124697.8568613444
127191.0061500287 133678.4537123667

117926.0086893621 140253.5335497222
123197.4727618103 140253.5335497222
126871.5234789713 133999.1893141889
143804.1050450172 122131.9720467667
134698.8489198793 129188.1552868555
142685.9156963161 123414.9144540556
120961.0940644080 139612.0623460778
127670.2301566149 133838.8215132778
130066.3501895460 133678.4537123667
127510.4888210862 137366.9131333222
135337.8142619942 129669.2586895889
130066.3501895460 135121.7639205666
121759.8007420517 137366.9131333222
117926.0086893621 140574.2691515444
128628.6781697874 133999.1893141889
119523.4220446494 141536.4759570111
136615.7449462241 127584.4772777444
131344.2808737759 133999.1893141889
107702.5632155230 147309.7167898111
111057.1312616264 145866.4065816111
130385.8328606035 131272.9366987000

116648.0780051322 141536.4759570111
122239.0247486379 141376.1081561000
127350.7474855575 136885.8097305889
129267.6435119023 134480.2927169222
139011.8649791552 126782.6382731889
142206.6916897299 123735.6500558778
108181.7872221092 146668.2455861667
127510.4888210862 136083.9707260333
113772.7339656149 143781.6251697667
114890.9233143161 143460.8895679445
118405.2326959483 142177.9471606555
130066.3501895460 133678.4537123667
141248.2436765575 124537.4890604333
133580.6595711782 131272.9366987000
115849.3713274885 141215.7403551889
120481.8700578218 141055.3725542778
125593.5927947414 138970.5911424333
118564.9740314770 142979.7861652111
129587.1261829598 135282.1317214778
120481.8700578218 141536.4759570111
131823.5048803621 133518.0859114556

130226.0915250747 131754.0401014333
135976.7796041092 127424.1094768333
139011.8649791552 126782.6382731889
138692.3823080977 126301.5348704555
141567.7263476150 123735.6500558778
109938.9419129253 146507.8777852556
116807.8193406609 140574.2691515444
132142.9875514195 132235.1435041667
119523.4220446494 142498.6827624778
122718.2487552241 140734.6369524555
116648.0780051322 141536.4759570111
117287.0433472471 142338.3149615666
125114.3687881552 135442.4995223889
117926.0086893621 141215.7403551889
127350.7474855575 136885.8097305889
145082.0357292471 121009.3974403889
120481.8700578218 141536.4759570111
125913.0754657988 138489.4877397000
119842.9047157069 141376.1081561000
140609.2783344425 124056.3856577000
133420.9182356494 132074.7757032556

117446.7846827758 142498.6827624778
120801.3527288793 142177.9471606555
115849.3713274885 141376.1081561000
126871.5234789713 134480.2927169222
139011.8649791552 126782.6382731889
142845.6570318448 123414.9144540556
122079.2834131092 139291.3267442556
127829.9714921437 137046.1775315000
128468.9368342586 133999.1893141889
129906.6088540172 133678.4537123667
126552.0408079138 133999.1893141889
139970.3129923276 125980.7992686333
134059.8835777644 130791.8332959667
129267.6435119023 135121.7639205666
140928.7610055000 123896.0178567889
115050.6646498448 144743.8319752333
141567.7263476150 123735.6500558778
116488.3366696034 142819.4183643000
119044.1980380632 139451.6945451667
123037.7314262816 140093.1657488111
141248.2436765575 124056.3856577000

116488.3366696034 143300.5217670333
119044.1980380632 139130.9589433444
125753.3341302701 138970.5911424333
125913.0754657988 135121.7639205666
132462.4702224770 132876.6147078111
133261.1769001207 131433.3044996111
133900.1422422356 128707.0518841222
144602.8117226609 121330.1330422111
131184.5395382471 130631.4654950556
118724.7153670057 142498.6827624778
128468.9368342586 132876.6147078111
123197.4727618103 136244.3385269444
117606.5260183046 141376.1081561000
120322.1287222931 142177.9471606555
142845.6570318448 123094.1788522333
133420.9182356494 131754.0401014333
143005.3983673736 122773.4432504111
123037.7314262816 138810.2233415222
119523.4220446494 143140.1539661222
139171.6063146839 126461.9026713667
118405.2326959483 140253.5335497222

129107.9021763736 133999.1893141889
141567.7263476150 123575.2822549667
122079.2834131092 140574.2691515444
139970.3129923276 125499.6958659000
122877.9900907529 137046.1775315000
127829.9714921437 135282.1317214778
127510.4888210862 136404.7063278556
120002.6460512356 142177.9471606555
139970.3129923276 124858.2246622556
128468.9368342586 133678.4537123667
141727.4676831437 124056.3856577000
124635.1447815690 136404.7063278556
116009.1126630172 141696.8437579222
115529.8886564310 143300.5217670333
124475.4034460402 139451.6945451667
139810.5716567989 126301.5348704555
114571.4406432586 144423.0963734111
117287.0433472471 140413.9013506334
129587.1261829598 132235.1435041667
122398.7660841667 141376.1081561000
131983.2462158908 130310.7298932333

142685.9156963161 123575.2822549667
127350.7474855575 137527.2809342333
129427.3848474310 133838.8215132778
128309.1954987299 133518.0859114556
126232.5581368563 136565.0741287667
141727.4676831437 123575.2822549667
133101.4355645920 132395.5113050778
116328.5953340747 143460.8895679445
130865.0568671896 133678.4537123667
127350.7474855575 134640.6605178333
133101.4355645920 131914.4079023445
123836.4381039253 137206.5453324111
139810.5716567989 124697.8568613444
114731.1819787874 142819.4183643000
139970.3129923276 124697.8568613444
118724.7153670057 140895.0047533667
139171.6063146839 126301.5348704555
117446.7846827758 143460.8895679445
123676.6967683965 140253.5335497222
117926.0086893621 142177.9471606555
141088.5023410287 124858.2246622556

111057.1312616264 144583.4641743222
122718.2487552241 140093.1657488111
125913.0754657988 135282.1317214778
129587.1261829598 132395.5113050778
130545.5741961322 131272.9366987000
140289.7956633850 125499.6958659000
142046.9503542012 123094.1788522333
142526.1743607874 123254.5466531444
131504.0222093046 131593.6723005222
138692.3823080977 127103.3738750111
120162.3873867644 140895.0047533667
130545.5741961322 133518.0859114556
120481.8700578218 141055.3725542778
112015.5792747989 145064.5675770555
121759.8007420517 141536.4759570111
127510.4888210862 136885.8097305889
125753.3341302701 137046.1775315000
115050.6646498448 142819.4183643000
120481.8700578218 141696.8437579222
124794.8861170977 139291.3267442556
109779.2005773966 146026.7743825222

112814.2859524425 145545.6709797889
110737.6485905690 145385.3031788778
122718.2487552241 136885.8097305889
125433.8514592126 137366.9131333222
138852.1236436264 126782.6382731889
134858.5902554081 130471.0976941445
114092.2166366724 142498.6827624778
119363.6807091207 141215.7403551889
108980.4938997529 146026.7743825222
125593.5927947414 134801.0283187444
122718.2487552241 138168.7521378778
131024.7982027184 130791.8332959667
140609.2783344425 125178.9602640778
142206.6916897299 122933.8110513222
127670.2301566149 137206.5453324111
143644.3637094885 122613.0754495000
113293.5099590287 143300.5217670333
119363.6807091207 142498.6827624778
121919.5420775805 137848.0165360555
118884.4567025345 141215.7403551889
126232.5581368563 134159.5571151000

107542.8218799942 147309.7167898111
111057.1312616264 144583.4641743222
119363.6807091207 142338.3149615666
119363.6807091207 141696.8437579222
117446.7846827758 140253.5335497222
120961.0940644080 139612.0623460778
124315.6621105115 139612.0623460778
123996.1794394540 138649.8555406111
128468.9368342586 133838.8215132778
132462.4702224770 132876.6147078111
132462.4702224770 132074.7757032556
131024.7982027184 131754.0401014333
131823.5048803621 131593.6723005222
130226.0915250747 131433.3044996111
133900.1422422356 128707.0518841222
136775.4862817529 128065.5806804778
138692.3823080977 126301.5348704555
139650.8303212701 125980.7992686333
142845.6570318448 123414.9144540556
142526.1743607874 123094.1788522333
146998.9317555920 119726.4550331000

140130.0543278563 124858.2246622556
141727.4676831437 123414.9144540556
127670.2301566149 135602.8673233000
141727.4676831437 124537.4890604333
142845.6570318448 122773.4432504111
127670.2301566149 134480.2927169222
142366.4330252586 123414.9144540556
112175.3206103276 144583.4641743222
140130.0543278563 125660.0636668111
118245.4913604195 143140.1539661222
129587.1261829598 133518.0859114556
141567.7263476150 123735.6500558778
121600.0594065230 141376.1081561000
143005.3983673736 123414.9144540556
130705.3155316609 133678.4537123667
125753.3341302701 135282.1317214778
115689.6299919598 142498.6827624778
124635.1447815690 135121.7639205666
122558.5074196954 138649.8555406111
136456.0036106954 128386.3162823000
119683.1633801782 141215.7403551889

124315.6621105115 135442.4995223889
131184.5395382471 133838.8215132778
120002.6460512356 142177.9471606555
123516.9554328678 138008.3843369667
128788.4195053161 135763.2351242111
139491.0889857414 125820.4314677222
125593.5927947414 135763.2351242111
140928.7610055000 124216.7534586111
115370.1473209023 142819.4183643000
126871.5234789713 136565.0741287667
127829.9714921437 135923.6029251222
121280.5767354655 140895.0047533667
122239.0247486379 137366.9131333222
125593.5927947414 138489.4877397000
115689.6299919598 143621.2573688556
124794.8861170977 139772.4301469889
123516.9554328678 139932.7979479000
139171.6063146839 125499.6958659000
141887.2090186724 124216.7534586111
141567.7263476150 123575.2822549667
129267.6435119023 135282.1317214778

111376.6139326839 144423.0963734111
115370.1473209023 142659.0505633889
124475.4034460402 139932.7979479000
123037.7314262816 138649.8555406111
120961.0940644080 137687.6487351444
123516.9554328678 137046.1775315000
128149.4541632012 136885.8097305889
132941.6942290632 132074.7757032556
136615.7449462241 127424.1094768333
138372.8996370402 125980.7992686333
141887.2090186724 124377.1212595222
143804.1050450172 122131.9720467667
126392.2994723851 136404.7063278556
131983.2462158908 130310.7298932333
115210.4059853736 144423.0963734111
138213.1583015115 127744.8450786555
126232.5581368563 137206.5453324111
115849.3713274885 143781.6251697667
119523.4220446494 143140.1539661222
115529.8886564310 141696.8437579222
118724.7153670057 139291.3267442556

110737.6485905690 144904.1997761445
114890.9233143161 144262.7285725000
117287.0433472471 143460.8895679445
114890.9233143161 142659.0505633889
120162.3873867644 142659.0505633889
122239.0247486379 139451.6945451667
123676.6967683965 137527.2809342333
129427.3848474310 135602.8673233000
142526.1743607874 123414.9144540556
118884.4567025345 142979.7861652111
142845.6570318448 122933.8110513222
128628.6781697874 133518.0859114556
119044.1980380632 140734.6369524555
120961.0940644080 141376.1081561000
143165.1397029023 122292.3398476778
131823.5048803621 131593.6723005222
141407.9850120862 124697.8568613444
126072.8168013276 138649.8555406111
125274.1101236839 139451.6945451667
123516.9554328678 138329.1199387889
123836.4381039253 136404.7063278556

118245.4913604195 143140.1539661222
120322.1287222931 141857.2115588333
120641.6113933506 140574.2691515444
128468.9368342586 133838.8215132778
136456.0036106954 129348.5230877667
141248.2436765575 125018.5924631667
139970.3129923276 124537.4890604333
141248.2436765575 123896.0178567889
118564.9740314770 141696.8437579222
139810.5716567989 126141.1670695444
126072.8168013276 136725.4419296778
126711.7821434425 133838.8215132778
124315.6621105115 138168.7521378778
144283.3290516034 121650.8686440333
129267.6435119023 131914.4079023445
117926.0086893621 143140.1539661222
118405.2326959483 141536.4759570111
140130.0543278563 125178.9602640778
140928.7610055000 124377.1212595222
140449.5369989138 125339.3280649889
118245.4913604195 143460.8895679445

120961.0940644080 142498.6827624778
125274.1101236839 138649.8555406111
124475.4034460402 136565.0741287667
127670.2301566149 134801.0283187444
131504.0222093046 131112.5688977889
140289.7956633850 125499.6958659000
140928.7610055000 124537.4890604333
141567.7263476150 123735.6500558778
142526.1743607874 123094.1788522333
119044.1980380632 142498.6827624778
139331.3476502126 125820.4314677222
131983.2462158908 131112.5688977889
123996.1794394540 136404.7063278556
140769.0196699713 124537.4890604333
125433.8514592126 137527.2809342333
120322.1287222931 142017.5793597444
115849.3713274885 141696.8437579222
119203.9393735919 141376.1081561000
116967.5606761897 142177.9471606555
117446.7846827758 142177.9471606555
120641.6113933506 142177.9471606555

