461051211.5047978759 15834282.1914062500
454524075.1714270115 15731676.6875000000
461227797.0150247216 15834297.0937500000
458836763.0929763913 15817901.2460937500
459963204.0547384620 15826125.6171875000
469201350.5399709344 15895098.3125000000
461709336.5054439306 15882008.8750000000
454838594.7405257821 15747401.5898437500
455305585.7580850720 15774694.0976562500
460530356.1531253457 15828067.0312500000
453904797.4927864075 15705770.0039062500
456158515.7751104236 15799426.0351562500
457656304.6349660754 15814743.9765625000
459253412.7396108508 15820597.2382812500
461537582.2001126409 15837326.7187500000
