959724095.5737767220 2384180.8322143555
963556939.9143178463 2501580.1389770508
961835520.4063248634 2443399.1272277832
970367334.6892549992 2511332.6457366943
961652829.0290631056 2404415.5592346191
989476949.3129773140 2575249.7107543945
968470379.8614209890 2509568.5378570557
965829268.0293971300 2503551.4893188477
977971476.9239158630 2574178.5919189453
978045818.4049326181 2574771.2261962891
975017975.1041293144 2562107.2045288086
961819485.5642045736 2423168.4350280762
970685993.3384785652 2542871.2971496582
