460444036.3763268590 670402.2265625000
462265798.7580838203 681111.0441894531
464148125.7781839967 683559.0852050781
471924384.1221203804 702165.0163574219
461098956.0727220774 673756.4993286133
458111627.5785462260 628832.3399353027
464351098.5512806773 686007.3756713867
463744582.2455142140 682082.9082031250
459716559.3263227344 663042.5311889648
467324228.2471764684 694694.9426269531
464402838.0176467299 688068.3184509277
462020063.8797850013 677070.3969726562
465852325.0015913248 690961.0614624023
463643477.8431302905 681387.4866027832
467343876.5025016069 698299.2851562500
466645108.7738845944 691705.0375976562
474771496.4387468696 703299.3381347656
458031488.7165884376 571200.4600830078
458579415.4548147917 651996.4949493408
459585119.5920602679 657616.7339630127
464875724.8241375685 690545.4950561523
459959840.2214255929 665701.1504516602
466865410.2988871336 691890.6588439941
