164931458.0299033523 8438175.7265625000
158840852.1268202662 8409255.8046875000
161123248.9519782066 8427818.1171875000
157962121.0119017363 8394290.9296875000
160922701.2667317092 8422817.3203125000
159759308.8674776852 8422450.8828125000
161539858.8341376781 8430853.5937500000
158487251.6154651940 8401997.6484375000
159247591.9667981863 8416882.3359375000
168578526.5968356133 8445759.8906250000
158106170.3990047872 8400523.1796875000
156106570.8333821893 8387816.6484375000
155823067.4280574620 8274193.2656250000
156998645.9978743196 8391133.3515625000
165867489.5402707756 8440093.5234375000
161913262.5071104169 8435120.6562500000
