48567506.8961517140 821051.7099609375
51869607.9883448035 837309.2529296875
49711152.0666371286 836203.8173828125
50116522.5153141394 837000.8408203125
49483833.4611316845 832822.4658203125
48147234.5356374532 796077.2353515625
51569497.4968112707 837168.5498046875
49646280.2991744652 834946.8251953125
49501372.4355699494 833423.2958984375
48618508.5090168193 831376.8818359375
49512679.6525523588 834165.6181640625
49245742.0856676772 832180.8818359375
49313741.8259852901 832246.0869140625
49368217.2267794535 832493.5146484375
50667950.7245736867 837038.7294921875
49466927.6296927780 832697.5244140625
51971167.5922012106 837597.3251953125
48304476.0708321854 809713.5849609375
