73022771.6858723760 839178.9545898438
71695753.1290925145 817901.1118164062
73287940.1104075760 847831.9497070312
72053506.4333934933 822281.6889648438
73002118.6859720647 838318.5161132812
73284303.9799998999 845250.7265625000
77128356.1136012375 856937.4204101562
74697202.2742955536 854517.9824218750
73838332.0996859670 851625.9008789062
72169683.9780087173 834193.2369384766
75223451.4601587653 856640.8618164062
73053075.6816946268 841059.1196289062
70815189.1396731734 816511.1015625000
77120205.9565877914 856727.2270507812
72367985.1159644276 837292.2612304688
72154324.2352722436 828223.3598632812
