74574109.5559208244 854463.7944335938
78122644.3479818851 857348.1992187500
78965302.6404557973 857508.4521484375
76446560.9123899639 857168.0043945312
72913228.9771424830 837450.3159179688
73398410.9862688333 849257.7563476562
72978328.0012985468 844293.9257812500
71695753.1290925145 817901.1118164062
73287940.1104075760 847831.9497070312
72053506.4333934933 822281.6889648438
73284303.9799998999 845250.7265625000
74697202.2742955536 854517.9824218750
73838332.0996859670 851625.9008789062
72169683.9780087173 834193.2369384766
75223451.4601587653 856640.8618164062
70815189.1396731734 816511.1015625000
72367985.1159644276 837292.2612304688
72154324.2352722436 828223.3598632812
