488956112.6186573505 4169.6693913937
484863139.7917851210 4086.4714720249
487440310.3798936605 4164.4895086288
481528193.4275286198 4010.8549773693
481690140.7103036046 4025.8868813515
481828665.6381071806 4052.3056199551
484247952.4428932667 4074.1376254559
487370974.3242807984 4139.8115983009
485493143.1000394821 4107.6546995640
490215807.9607826471 4171.2721121311
485759805.0992381573 4121.5723257065
492235343.0839870572 4178.3265800476
492347363.6832961440 4182.8014929295
497791490.5033031106 4209.3126633167
477917158.8837926388 3980.3822858334
497907599.5701028109 4248.6549096107
487160382.9141121507 4129.6116360426
494402780.5037819743 4208.5200309753
485690622.7003656030 4109.2839331627
