306691012.4134079814 3205397.8583984375
306003862.8467400074 3189246.5068359375
312216837.2226688862 3232130.7763671875
308612554.9862717986 3212974.5224609375
309252459.4312779903 3220411.5576171875
302972641.0268659592 3123955.8388671875
313684119.0105220079 3233996.8544921875
305421430.3706220388 3177632.4130859375
310106389.8376110196 3220840.5361328125
310784049.9776498079 3223908.4267578125
309087949.9733662009 3217048.7880859375
311936946.0373059511 3231673.6357421875
311473894.0521944165 3227497.5947265625
311896270.7871150374 3230997.0400390625
313766254.0707637072 3246666.3271484375
307841642.0022985935 3206519.0556640625
310497463.5519132018 3221605.3642578125
305992168.1844469309 3181573.4208984375
