731159538.3930935860 5255.1470638514
754068136.1490803957 5567.5570883155
758584716.4291541576 5574.0901200175
751225914.6981678009 5541.8566608429
733820369.0021127462 5342.7990167141
732285491.9289675951 5297.9045445919
737311443.3614792824 5347.6755340099
744325568.5592356920 5494.3481642008
741847021.1976873875 5404.7515807152
749591037.8172769547 5508.0291417837
749700019.1084787846 5532.6654900312
749341159.9697958231 5506.2954237461
727871807.3826881647 5036.4438567758
730465085.3660525084 5194.5723745525
749124714.6999710798 5503.0838003159
754480269.8695467710 5571.5118846893
738124429.7120920420 5394.7759274244
729630066.4647775888 5143.2980100513
