681673558.3297432661 1669620.0341186523
699880192.5921543837 1823673.1463623047
686212846.0533386469 1741400.1616210938
711747764.7279608250 1842042.8812255859
689675351.1656246185 1750899.6507568359
682756053.0639106035 1711665.0826416016
680859816.9672808647 1662469.9945068359
692474241.7444519997 1774124.1364746094
688064042.2861655951 1746768.3866577148
696675224.1012924910 1776505.2947387695
696512441.5040296316 1775157.6267700195
690695108.0994410515 1762215.7480773926
681582062.3618125916 1665011.6820983887
684850004.6352981329 1725293.4606628418
699080448.1110122204 1800624.3325195312
704026336.5165753365 1835984.0258178711
697658052.0685387850 1790660.7687377930
690392323.5878479481 1754141.9403991699
686889159.7144683599 1741978.2441101074
691417592.7419775724 1774066.2473297119
694077250.7216179371 1774383.6896820068
683152108.2164405584 1720745.3667602539
691266176.4332712889 1762258.2855529785
