274320213.4193059206 2970748.2500000000
275067228.9227393866 2975421.2353515625
274201650.5663284659 2957990.4687500000
281379871.3732375503 2990842.1230468750
270864820.6537902355 2888642.1455078125
273816344.8756395578 2956208.6640625000
272882560.7964522839 2949053.8613281250
276411685.4723350406 2982336.3730468750
271384008.4489095211 2920851.5761718750
271655868.0394899249 2933176.3066406250
273735527.3797080517 2954400.6884765625
270955999.3243867159 2910018.5283203125
274751974.9062325954 2970788.0458984375
273244370.8163390756 2951049.7636718750
275723735.6917715669 2975729.6474609375
271746753.5782915950 2947847.3876953125
276676626.7098751068 2984422.7792968750
