677790036.4982805252 7566258.8583984375
682660353.3494436741 7617433.4511718750
678345537.8005117178 7569236.2822265625
682354368.3648196459 7611994.3544921875
697675856.0731776953 7622230.3105468750
681367516.8854676485 7574222.5566406250
674529822.7358241081 7528896.1865234375
671778326.0921167135 7244831.3076171875
672201474.0038129091 7454439.8916015625
677539816.6674331427 7555226.1015625000
676326646.6831765175 7540631.8349609375
703240360.2585834265 7622381.2656250000
674409955.1175850630 7489591.7714843750
681725572.8615881205 7581304.7001953125
690261160.4314484596 7618744.5009765625
673360098.8745260239 7471539.6074218750
675494382.9479017258 7534596.8076171875
