878791926.6000399590 11257152.6386718750
906977313.6615046263 11527155.6621093750
880597911.3551019430 11319931.3457031250
890817710.8712214231 11450190.7265625000
889969866.0396988392 11440709.0156250000
888216650.8030685186 11436598.2617187500
890824640.4527355433 11460183.1972656250
881035701.0455182791 11325363.7285156250
894013395.6427406073 11464169.8515625000
879933445.4619973898 11285215.6875000000
881295141.8086831570 11404025.1738281250
879711423.5321801901 11278357.9804687500
894932510.0445117950 11465872.1835937500
897914328.7434369326 11470792.4023437500
902176274.0189813375 11492203.9765625000
906148483.0501992702 11496462.9296875000
904733538.7153800726 11493580.6328125000
886590021.2412453890 11422987.2246093750
886915152.0160276890 11431966.7832031250
899278493.3617175817 11481024.4492187500
895915358.3498723507 11466096.8789062500
