149399756.5218349993 1741057.3085937500
150841973.4868775904 1742292.7050781250
149375274.3559089303 1737370.7060546875
151309886.4388765395 1746927.8759765625
140840751.8831568658 1685289.0400390625
142551566.9858915508 1715756.5097656250
149144524.7506252825 1737011.4238281250
141534026.0460563302 1687330.3554687500
140499677.7620766759 1665360.4443359375
141586409.2531473339 1693998.6298828125
142153011.3379682899 1704465.9433593750
142887640.8458412290 1725796.5117187500
142236527.8310967386 1705628.0722656250
141419019.1160753071 1686006.5761718750
142349023.9509711266 1707746.5214843750
141939654.6189854145 1694258.1503906250
141584513.3525925279 1688015.1162109375
141347263.3656587303 1685624.4052734375
140358133.8522149026 1618379.1074218750
142486127.3061179221 1710588.2587890625
147280873.2238477767 1735427.6962890625
145573383.8579385281 1728011.2890625000
145619244.3382244408 1731237.7382812500
