125838985.7717777640 2151063.4453125000
123170163.8334089816 2126330.5703125000
125869461.3670352101 2155843.4746093750
132135763.2910142541 2181522.3750000000
128663398.0883013308 2169326.5039062500
125328263.4794566929 2150758.4335937500
127070733.6443077922 2158428.8203125000
126097707.6392432600 2158119.6054687500
127155663.3687995672 2160592.1230468750
126913174.0713756233 2158232.0742187500
124353001.1164395660 2149175.5371093750
124059772.1052632928 2138535.5156250000
133398145.5156549215 2184583.2558593750
128946039.0139059126 2169628.7792968750
129262083.2364122719 2170726.7089843750
130225125.2441267073 2178553.3847656250
129600800.4451790452 2172781.9511718750
122749783.5721536279 2049681.8359375000
124001913.9676426500 2128040.9687500000
130832195.7031294256 2181390.5742187500
127259971.2575956136 2164040.8984375000
127578255.7553020865 2166986.3593750000
