1140454720.7025175095 38650.1342625618
1114931723.1368670464 35508.0981180668
1125064933.6082506180 37343.8334279060
1129296484.6771259308 37561.2384867668
1118200636.5143544674 36242.2248115540
1131014389.7424526215 37802.7104783058
1118303639.9986493587 36863.0280373096
1121040897.1537964344 37170.2380800247
1113099801.3206386566 30597.2366621494
1116035579.7106482983 36134.2001106739
1113104468.1199979782 35178.9204649925
1122896750.6970193386 37214.9160130024
1126127751.9769475460 37360.0248107910
1134151976.8288295269 37974.7944321632
1133145259.0907030106 37806.6030268669
1136808812.1900744438 38422.7379951477
