347315097.9771381021 318164.9956512451
351161904.3307330012 322661.6173400879
343246403.9656182528 312964.7307891846
336688476.1288991570 298514.7275390625
350958418.5939119458 321703.1032714844
348197242.7801895142 319481.1725769043
337457516.3442623615 299092.8383789062
340367345.8104336262 308943.3979187012
345345279.8701611757 317867.5804138184
347432831.9901445508 318420.4872131348
339241955.2462768555 305618.2647094727
349567566.9538296461 320636.3696289062
349081307.0226184130 320195.1523437500
340585787.2939981222 311258.7188262939
341154057.9056474566 311573.5813751221
335578473.2471971512 257108.8331909180
340518185.5815641284 309438.4338989258
344010371.2100903988 314393.2176513672
342260044.5143334866 312193.9576873779
337546363.2614679933 303489.2072753906
342819306.8471463323 312226.6449966431
344237357.6373807192 314701.2370300293
344301783.7949930429 316811.7760925293
339685560.6376546025 308110.8548278809
336376578.7539631724 291381.4035797119
