110124566.3853582293 805340.2011718750
112372388.6380393803 815967.7871093750
109404451.6588325351 795781.2558593750
108376298.0393970460 766235.2573242188
110891152.8085345626 806156.9335937500
109288610.7844563574 788581.8623046875
108640531.7550596297 787345.5400390625
112294086.2053054720 811506.5957031250
109953612.2606360763 798238.0000000000
111042840.8533952236 806571.2968750000
107986133.3717608899 734447.9018554688
112071816.5139223188 807576.4169921875
109956695.1916992366 801942.9609375000
111679805.6722534746 806613.8759765625
