339449632.2817355394 12377.4154376984
347332143.2983646989 12736.7425823212
346660413.0069617033 12640.5356988907
329840871.9602337480 11332.2709169388
336833720.5844267607 12211.6451382637
338591282.7721499801 12366.2269210815
345279717.5815453529 12621.9960484505
349412236.1799794436 12778.1019296646
328722358.5684270263 8984.5334167480
342829824.0508971810 12527.5548877716
338306448.8867364526 12315.7103796005
329123854.8816736341 10628.8934612274
330019003.8142145872 11884.8513708115
346767351.4170209169 12716.8411026001
334690597.4030301571 12152.1686992645
343913319.0020258427 12538.5940084457
340650977.7565968633 12406.1966838837
344132993.2486786246 12556.6147626638
342161722.8251157999 12499.4267139435
331889792.3662244081 12080.6249656677
