294667039.0299050808 1864678.7529296875
293578484.6657741070 1851942.4565429688
305821364.0799691677 1938694.4677734375
291738485.3013394475 1686854.8920898438
310941035.8911916018 1955886.2412109375
311387421.9513628483 1965524.5136718750
292667021.5323305130 1761745.8955078125
295420308.9048199058 1890273.5078125000
306305342.6708821058 1940100.9521484375
293444390.7885981798 1829134.5532226562
309401220.5543442965 1949376.6103515625
294935003.5973740816 1875896.2119140625
297597596.5217884183 1898266.7675781250
298289848.7255455256 1918179.9350585938
293356758.8599561453 1776614.2988281250
301947605.2500387430 1928034.9003906250
294464013.8951151371 1852050.7778320312
297749249.5147089362 1916392.9404296875
296847028.7832875252 1897526.2973632812
304888107.4846521020 1929084.3574218750
300040825.0891961455 1926458.2724609375
