381036609.8754912615 2983175.7246093750
375610458.3615623713 2955768.2666015625
381595474.9995113015 2996257.6679687500
380363873.5115590096 2973416.6899414062
373412932.6306530237 2873680.6386718750
374348563.1366347075 2918958.4086914062
390334883.2131680250 3001940.7968750000
373921496.7489076853 2915793.2148437500
374123172.4518479705 2918845.5415039062
379465443.7124370933 2969501.4462890625
388978618.3837128878 3001834.3115234375
382708988.5213576555 3001816.2451171875
373989506.6795920134 2916529.9609375000
378738474.6579057574 2965349.5664062500
