113861904.8206294626 107535.9168090820
115600327.6695479900 113470.9266052246
113246811.7510727197 86326.3927307129
116514620.0089552104 116179.7123413086
117511440.0042519122 116762.6748046875
114685680.9973393977 111907.2401733398
113549849.3263231218 96597.0878677368
113768008.8459143788 105577.8659667969
117261575.6235281676 116361.2432250977
113820672.3594447970 106914.5579223633
116315811.0312950015 116057.5906372070
116187105.6657727957 115772.1917724609
115833754.4576478004 114564.8971557617
115847261.8388701975 115262.3728027344
114785538.1952459812 113152.5446166992
117392248.9883813411 116372.3507690430
113766155.6920353770 105174.4962997437
113586770.7914613336 98308.1155052185
115134283.3977729380 113228.6373901367
113251342.3341585547 96500.9959259033
113909830.9033852071 107919.7692565918
114150167.2294287980 111496.9767456055
115611975.9764419794 113546.2587890625
113598478.4206260145 104690.4070434570
