772085498.0334513187 9749429.5312500000
767219316.7639986277 9712325.5742187500
760263637.1827638149 9263638.1972656250
767432346.0227050781 9740664.7871093750
760321588.2689155340 9312221.4082031250
760739846.7460507154 9314484.4667968750
788265248.5806013346 9793888.8105468750
767005227.0864059925 9706097.1953125000
760818977.0393782854 9612686.7812500000
762665157.3121930361 9695760.5761718750
793526980.8880010843 9794470.0937500000
764760228.3789023161 9699719.5703125000
778723343.8093996048 9777309.8593750000
765739282.1279016733 9704080.7968750000
782735284.6773076057 9785887.3515625000
773867796.9840868711 9756634.3613281250
783522562.7974859476 9788911.3242187500
770813497.2989822626 9748253.2871093750
774365799.1197394133 9774525.4609375000
762477011.7380747795 9676292.9199218750
