130811.2847432500 113512.8541519876
125840.6907337397 107909.6826932919
131773.3351967036 114473.3978306211
130169.9177742809 112392.2198602485
128406.1586096160 119916.4786762112
117182.2366526572 110791.3137291926
132254.3604234304 115754.1227354658
119427.0210440490 121517.3848072671
129368.2090630696 113192.6729257764
114296.0852922964 109350.4982112422
111890.9591586624 108710.1357588199
122794.1976311366 119756.3880631056
126963.0829294356 125999.9219742236
115418.4774879923 113833.0353781988
117823.6036216263 107749.5920801863
120228.7297552603 116074.3039616770
121030.4384664716 114793.5790568323
116861.5531681727 121677.4754203727
115578.8192302345 112392.2198602485
117823.6036216263 118635.7537713664
125840.6907337397 128881.5530101242
134018.1195880954 121837.5660334783
110608.2252207242 111111.4949554037
119106.3375595644 122958.2003252174
118625.3123328376 114153.2166044099
113494.3765810851 109670.6794374534
133537.0943613686 115754.1227354658
120549.4132397449 125199.4689086956
130009.5760320387 121357.2941941615
127604.4498984047 114153.2166044099
111890.9591586624 109350.4982112422
111890.9591586624 109990.8606636646
113494.3765810851 112392.2198602485
132575.0439079150 111911.9480209317
117021.8949104150 113192.6729257764
126161.3742182242 119116.0256106832
127444.1081561624 126320.1032004348
127444.1081561624 126640.2844266460
110447.8834784820 111911.9480209317
126001.0324759820 130162.2779149690
123756.2480845902 114953.6696699379
127444.1081561624 108550.0451457143
122473.5141466521 119436.2068368944
124557.9567958016 108229.8639195031
132254.3604234304 116714.6664140994
113975.4018078119 117675.2100927329
132414.7021656727 116394.4851878882
120709.7549819871 125359.5595218012
130009.5760320387 117515.1194796273
118304.6288483531 121997.6566465838
127925.1333828892 121197.2035810559
124076.9315690747 125199.4689086956
132254.3604234304 121677.4754203727
124237.2733113170 129041.6436232298
134659.4865570644 112392.2198602485
127444.1081561624 122958.2003252174
129849.2342897964 116714.6664140994
117983.9453638686 123278.3815514286
128566.5003518583 110471.1325029814
135140.5117837912 112392.2198602485
134499.1448148222 113032.5823126708
132735.3856501572 117515.1194796273
132254.3604234304 124238.9252300621
127283.7664139201 112872.4916995652
111409.9339319356 108229.8639195031
129849.2342897964 124399.0158431677
134338.8030725799 110311.0418898758
125520.0072492552 130962.7309804969
117342.5783948995 116234.3945747826
115578.8192302345 108229.8639195031
126161.3742182242 118475.6631582609
112692.6678698737 108550.0451457143
121190.7802087139 112872.4916995652
124237.2733113170 123918.7440038509
126963.0829294356 113993.1259913043
124557.9567958016 113993.1259913043
126321.7159604665 109670.6794374534
132735.3856501572 110951.4043422981
129368.2090630696 111111.4949554037
123916.5898268325 120396.7505155280
116861.5531681727 121357.2941941615
117823.6036216263 122638.0190990062
124878.6402802861 128241.1905577019
135621.5370105180 114473.3978306211
128245.8168673737 121997.6566465838
122313.1724044098 110631.2231160870
120389.0714975026 118795.8443844720
109806.5165095129 109510.5888243478
126802.7411871933 109350.4982112422
121832.1471776830 114633.4884437267
119587.3627862912 112552.3104733540
120228.7297552603 122638.0190990062
131452.6517122191 108710.1357588199
110447.8834784820 110951.4043422981
119427.0210440490 117515.1194796273
129688.8925475541 122477.9284859006
125359.6655070129 127280.6468790683
124076.9315690747 119596.2974500000
136423.2457217294 116234.3945747826
133376.7526191263 121357.2941941615
118785.6540750799 107749.5920801863
116059.8444569613 109350.4982112422
114937.4522612655 110471.1325029814
136423.2457217294 115113.7602830435
131452.6517122191 110471.1325029814
130330.2595165232 113993.1259913043
120870.0967242294 120396.7505155280
130971.6264854923 123118.2909383230
131612.9934544614 110471.1325029814
121351.1219509562 126480.1938135404
117983.9453638686 112072.0386340373
127444.1081561624 112232.1292471428
130490.6012587655 111431.6761816149
117663.2618793840 122157.7472596895
120870.0967242294 109990.8606636646
118785.6540750799 121357.2941941615
121992.4889199253 111751.8574078261
137224.9544329407 116234.3945747826
121511.4636931985 121357.2941941615
120870.0967242294 107589.5014670807
114296.0852922964 114633.4884437267
133376.7526191263 113993.1259913043
134178.4613303377 120076.5692893168
127123.4246716778 109990.8606636646
116220.1861992036 106949.1390146584
133216.4108768840 117995.3913189441
119427.0210440490 116874.7570272050
126482.0577027088 125359.5595218012
136904.2709484562 115433.9415092547
134338.8030725799 116394.4851878882
130650.9430010077 115914.2133485714
117983.9453638686 115754.1227354658
125520.0072492552 119596.2974500000
120870.0967242294 124719.1970693789
127764.7916406469 114953.6696699379
120549.4132397449 108550.0451457143
134980.1700415490 113352.7635388820
125680.3489914974 131443.0028198136
120870.0967242294 126320.1032004348
116861.5531681727 121197.2035810559
121832.1471776830 123438.4721645342
131933.6769389459 110951.4043422981
117502.9201371417 116234.3945747826
130971.6264854923 121357.2941941615
130330.2595165232 123918.7440038509
118625.3123328376 123278.3815514286
134178.4613303377 112872.4916995652
113815.0600655696 117194.9382534161
131933.6769389459 120877.0223548447
119427.0210440490 115273.8508961491
131452.6517122191 114473.3978306211
132094.0186811881 122638.0190990062
131122.9717272500 145544.5313226054
129373.3797824167 137531.6849927861
130486.7564745833 138493.2265523644
130168.6488482500 136409.8865066115
130168.6488482500 141057.3373779067
129691.4874087500 135768.8588002259
131918.2407930834 145704.7882492018
130009.5950350833 137371.4280661898

111730.6174164201 110150.9512767702
120389.0714975026 122798.1097121118
113975.4018078119 115113.7602830435
135781.8787527603 110471.1325029814
126963.0829294356 125999.9219742236
124557.9567958016 116874.7570272050
130971.6264854923 121997.6566465838
129849.2342897964 119116.0256106832
118304.6288483531 109030.3169850311
114135.7435500541 106789.0484015528
118304.6288483531 116234.3945747826
134659.4865570644 114953.6696699379
122473.5141466521 109350.4982112422
121992.4889199253 114953.6696699379
131773.3351967036 121997.6566465838
117502.9201371417 109990.8606636646
123114.8811156211 118635.7537713664
113975.4018078119 113192.6729257764
112211.6426431469 106949.1390146584
114135.7435500541 113032.5823126708
130009.5760320387 109350.4982112422
130009.5760320387 115113.7602830435
113334.0348388428 110311.0418898758
124076.9315690747 109030.3169850311
124557.9567958016 110631.2231160870
119266.6793018067 112552.3104733540
125199.3237647706 117995.3913189441
120389.0714975026 116874.7570272050
128726.8420941005 115754.1227354658
127444.1081561624 116554.5758009938
125359.6655070129 111431.6761816149
116220.1861992036 113993.1259913043
129688.8925475541 108229.8639195031
122313.1724044098 125199.4689086956
127764.7916406469 109830.7700505590
126642.3994449510 127921.0093314907
135781.8787527603 116074.3039616770
121832.1471776830 123118.2909383230
125840.6907337397 127600.8281052795
131933.6769389459 116874.7570272050
137064.6126906985 116394.4851878882
122313.1724044098 126640.2844266460
122954.5393733789 115914.2133485714
121030.4384664716 120877.0223548447
128085.4751251315 107909.6826932919
128085.4751251315 118795.8443844720
121351.1219509562 117355.0288665217
113013.3513543583 115914.2133485714
119427.0210440490 107589.5014670807
124878.6402802861 121037.1129679503
125359.6655070129 112872.4916995652
130490.6012587655 113352.7635388820
131292.3099699768 122477.9284859006
132414.7021656727 119756.3880631056
126963.0829294356 128401.2811708075
125840.6907337397 130322.3685280745
130650.9430010077 116874.7570272050
120870.0967242294 126480.1938135404
121992.4889199253 124399.0158431677
127444.1081561624 120076.5692893168
137545.6379174253 112712.4010864596
113815.0600655696 111911.9480209317
121351.1219509562 116874.7570272050
112692.6678698737 107589.5014670807
128887.1838363428 110311.0418898758
134659.4865570644 117034.8476403105
119427.0210440490 117355.0288665217
123916.5898268325 119116.0256106832
113494.3765810851 110150.9512767702
114135.7435500541 108550.0451457143
128726.8420941005 109830.7700505590
130330.2595165232 119116.0256106832
127444.1081561624 115273.8508961491
130811.2847432500 114793.5790568323
124557.9567958016 122798.1097121118
125359.6655070129 130322.3685280745
117182.2366526572 116714.6664140994
132094.0186811881 110951.4043422981
136583.5874639717 111271.5855685093
132254.3604234304 121837.5660334783
132735.3856501572 109670.6794374534
125840.6907337397 130002.1873018633
126963.0829294356 120076.5692893168
133697.4361036108 114153.2166044099
115097.7940035077 116554.5758009938
119747.7045285335 113352.7635388820
119587.3627862912 107749.5920801863
127444.1081561624 125679.7407480124
112371.9843853892 113512.8541519876
109646.1747672706 108069.7733063975
119747.7045285335 116234.3945747826
127444.1081561624 122157.7472596895
122794.1976311366 108550.0451457143
117663.2618793840 122958.2003252174
123435.5646001057 127600.8281052795
128245.8168673737 124719.1970693789
120228.7297552603 110631.2231160870
122313.1724044098 121037.1129679503
123595.9063423479 113672.9447650932
135461.1952682758 110791.3137291926
117663.2618793840 107109.2296277640
118304.6288483531 114313.3072175155
136583.5874639717 112232.1292471428
134018.1195880954 109510.5888243478
127925.1333828892 112552.3104733540
119106.3375595644 114953.6696699379
126802.7411871933 121357.2941941615
110768.5669629665 109990.8606636646
122152.8306621675 124719.1970693789
121832.1471776830 121517.3848072671
130330.2595165232 114633.4884437267
120068.3880130180 115113.7602830435
125359.6655070129 123918.7440038509
114135.7435500541 117675.2100927329
113654.7183233273 112392.2198602485
123756.2480845902 129842.0966887578
124557.9567958016 119276.1162237888
131933.6769389459 126320.1032004348
127925.1333828892 125359.5595218012
118785.6540750799 115113.7602830435
110287.5417362397 111271.5855685093
124878.6402802861 128721.4623970186
115578.8192302345 114633.4884437267
124557.9567958016 108550.0451457143
131292.3099699768 109990.8606636646
119908.0462707758 112712.4010864596
125520.0072492552 120716.9317417391
133537.0943613686 120556.8411286335
128245.8168673737 118635.7537713664
114616.7687767809 111751.8574078261
122794.1976311366 117675.2100927329
119266.6793018067 117194.9382534161
132575.0439079150 122638.0190990062
132414.7021656727 108870.2263719255
114296.0852922964 117355.0288665217
134499.1448148222 114153.2166044099
128726.8420941005 119756.3880631056
123756.2480845902 112712.4010864596
123435.5646001057 119756.3880631056
132414.7021656727 124399.0158431677
125520.0072492552 128241.1905577019
133376.7526191263 120877.0223548447
125038.9820225284 125839.8313611180
125038.9820225284 111751.8574078261
126642.3994449510 115113.7602830435
123114.8811156211 114633.4884437267
125359.6655070129 117675.2100927329
137866.3214019098 113192.6729257764
131292.3099699768 121037.1129679503
120389.0714975026 122317.8378727950
117823.6036216263 118635.7537713664
136102.5622372449 110951.4043422981
129850.5412219167 137371.4280661898
130645.8102877500 140736.8235247139
130486.7564745833 142018.8789374849
130486.7564745833 142179.1358640813
130645.8102877500 142820.1635704669
133031.6174852500 152595.8360928464
129850.5412219167 139454.7681119428
132077.2946062500 147627.8713683584

119908.0462707758 124879.2876824845
121992.4889199253 121997.6566465838
126321.7159604665 107909.6826932919
131131.9682277346 119916.4786762112
128887.1838363428 121517.3848072671
121190.7802087139 120396.7505155280
118464.9705905954 121677.4754203727
126642.3994449510 120877.0223548447
132094.0186811881 114633.4884437267
135781.8787527603 110791.3137291926
126321.7159604665 127921.0093314907
129528.5508053119 114153.2166044099
125359.6655070129 120556.8411286335
120068.3880130180 117355.0288665217
121671.8054354407 110471.1325029814
112853.0096121160 109030.3169850311
126963.0829294356 124399.0158431677
108844.4660560593 107269.3202408696
126001.0324759820 121677.4754203727
128887.1838363428 115273.8508961491
117823.6036216263 112872.4916995652
121992.4889199253 124399.0158431677
137705.9796596675 115594.0321223602
122794.1976311366 113833.0353781988
128566.5003518583 110951.4043422981
121511.4636931985 121037.1129679503
119266.6793018067 114153.2166044099
124878.6402802861 118955.9349975776
133056.0691346418 111591.7667947205
125520.0072492552 108389.9545326087
136102.5622372449 111111.4949554037
111249.5921896933 108550.0451457143
128887.1838363428 121677.4754203727
131612.9934544614 112392.2198602485
132254.3604234304 125519.6501349068
132895.7273923995 123118.2909383230
115899.5027147191 118155.4819320497
116220.1861992036 116234.3945747826
131612.9934544614 123918.7440038509
117021.8949104150 112072.0386340373
137545.6379174253 114313.3072175155
126001.0324759820 129682.0060756522
137866.3214019098 113352.7635388820
118144.2871061108 121357.2941941615
131612.9934544614 117675.2100927329
119908.0462707758 107589.5014670807
133376.7526191263 123598.5627776397
120389.0714975026 124719.1970693789
125199.3237647706 124238.9252300621
123435.5646001057 120556.8411286335
120389.0714975026 113032.5823126708
127604.4498984047 115594.0321223602
122152.8306621675 126960.4656528571
116059.8444569613 108710.1357588199
129528.5508053119 119116.0256106832
122794.1976311366 109030.3169850311
125038.9820225284 115594.0321223602
127283.7664139201 114313.3072175155
110608.2252207242 108389.9545326087
124878.6402802861 125839.8313611180
134338.8030725799 115113.7602830435
133056.0691346418 111431.6761816149
136743.9292062139 113032.5823126708
128406.1586096160 115433.9415092547
119747.7045285335 115914.2133485714
128406.1586096160 123758.6533907454
130169.9177742809 121677.4754203727
124076.9315690747 117835.3007058385
120549.4132397449 116714.6664140994
115739.1609724768 107109.2296277640
126001.0324759820 108229.8639195031
127764.7916406469 116074.3039616770
128085.4751251315 108870.2263719255
119106.3375595644 117355.0288665217
121671.8054354407 127120.5562659627
128406.1586096160 114633.4884437267
135942.2204950026 113993.1259913043
135300.8535260335 118795.8443844720
113334.0348388428 109350.4982112422
118144.2871061108 115433.9415092547
125359.6655070129 123598.5627776397
125199.3237647706 113032.5823126708
135621.5370105180 114633.4884437267
133056.0691346418 115273.8508961491
123916.5898268325 130002.1873018633
114777.1105190232 108069.7733063975
120549.4132397449 118955.9349975776
119747.7045285335 116714.6664140994
121671.8054354407 119596.2974500000
126802.7411871933 125679.7407480124
119266.6793018067 112712.4010864596
128566.5003518583 113352.7635388820
131612.9934544614 114473.3978306211
124878.6402802861 124399.0158431677
110768.5669629665 109830.7700505590
134499.1448148222 120556.8411286335
129849.2342897964 110311.0418898758
124076.9315690747 120877.0223548447
125199.3237647706 127921.0093314907
116540.8696836882 109830.7700505590
132895.7273923995 118475.6631582609
122794.1976311366 113032.5823126708
124237.2733113170 129842.0966887578
125359.6655070129 130162.2779149690
124718.2985380438 128881.5530101242
110127.1999939974 110791.3137291926
113654.7183233273 108870.2263719255
109806.5165095129 110150.9512767702
114616.7687767809 111431.6761816149
128566.5003518583 117355.0288665217
120549.4132397449 120877.0223548447
124718.2985380438 111751.8574078261
128726.8420941005 121837.5660334783
123435.5646001057 116074.3039616770
119106.3375595644 114633.4884437267
129528.5508053119 110150.9512767702
128406.1586096160 114793.5790568323
127764.7916406469 115113.7602830435
124878.6402802861 119916.4786762112
125680.3489914974 125039.3782955901
110287.5417362397 108550.0451457143
127764.7916406469 114153.2166044099
135140.5117837912 113512.8541519876
130490.6012587655 114633.4884437267
119106.3375595644 123118.2909383230
123435.5646001057 109510.5888243478
117663.2618793840 120877.0223548447
132414.7021656727 123598.5627776397
129207.8673208273 120076.5692893168
118625.3123328376 114953.6696699379
134819.8282993067 114793.5790568323
131131.9682277346 121517.3848072671
110127.1999939974 108710.1357588199
136743.9292062139 110951.4043422981
116701.2114259304 109030.3169850311
114616.7687767809 112392.2198602485
132254.3604234304 121037.1129679503
132414.7021656727 118635.7537713664
138347.3466286366 114153.2166044099
136102.5622372449 116714.6664140994
112692.6678698737 112072.0386340373
135140.5117837912 115273.8508961491
117502.9201371417 121037.1129679503
117021.8949104150 121677.4754203727
115097.7940035077 116714.6664140994
127444.1081561624 116874.7570272050
116380.5279414459 118955.9349975776
109806.5165095129 109830.7700505590
124076.9315690747 116074.3039616770
124397.6150535593 124078.8346169565
113013.3513543583 107749.5920801863
130811.2847432500 124078.8346169565
130168.6488482500 140256.0527449247
130486.7564745833 142339.3927906777
128896.2183429167 135768.8588002259
130645.8102877500 140897.0804513103
128578.1107165833 134486.8033874548
132395.4022325834 150191.9821939006
131122.9717272500 140416.3096715211
130168.6488482500 135288.0880204368

122633.8558888943 127921.0093314907
126001.0324759820 127280.6468790683
123114.8811156211 124879.2876824845
127283.7664139201 124719.1970693789
119427.0210440490 124559.1064562733
129207.8673208273 124559.1064562733
121190.7802087139 124399.0158431677
122152.8306621675 124399.0158431677
126161.3742182242 123438.4721645342
128085.4751251315 123118.2909383230
129368.2090630696 122958.2003252174
117823.6036216263 122477.9284859006
117021.8949104150 121197.2035810559
122152.8306621675 120236.6599024224
120228.7297552603 118475.6631582609
134499.1448148222 118155.4819320497
119587.3627862912 117194.9382534161
115418.4774879923 116394.4851878882
134819.8282993067 115914.2133485714
124557.9567958016 115273.8508961491
133537.0943613686 115113.7602830435
124718.2985380438 114313.3072175155
112051.3009009047 113192.6729257764
119266.6793018067 113192.6729257764
120389.0714975026 113032.5823126708
124878.6402802861 112712.4010864596
131452.6517122191 110791.3137291926
111570.2756741778 110150.9512767702
121511.4636931985 109830.7700505590
131452.6517122191 109510.5888243478
121030.4384664716 109350.4982112422
113654.7183233273 109190.4075981366
134980.1700415490 108870.2263719255
126963.0829294356 108389.9545326087
111730.6174164201 107269.3202408696
110127.1999939974 107109.2296277640
113494.3765810851 117675.2100927329
129849.2342897964 113672.9447650932
125359.6655070129 109510.5888243478
120549.4132397449 123438.4721645342
120389.0714975026 114313.3072175155
130009.5760320387 123118.2909383230
130811.2847432500 121677.4754203727
109966.8582517552 109510.5888243478
123275.2228578634 108550.0451457143
126001.0324759820 109190.4075981366
116540.8696836882 112392.2198602485
118785.6540750799 112712.4010864596
126482.0577027088 116554.5758009938
117021.8949104150 106949.1390146584
132254.3604234304 109190.4075981366
117823.6036216263 117995.3913189441
129528.5508053119 117675.2100927329
125038.9820225284 122477.9284859006
129688.8925475541 115433.9415092547
117983.9453638686 122958.2003252174
109806.5165095129 108069.7733063975
122152.8306621675 118475.6631582609
131773.3351967036 122798.1097121118
130971.6264854923 120236.6599024224
130490.6012587655 113352.7635388820
136102.5622372449 118475.6631582609
122633.8558888943 116714.6664140994
134018.1195880954 117515.1194796273
123756.2480845902 117034.8476403105
117983.9453638686 115754.1227354658
123916.5898268325 118155.4819320497
124397.6150535593 113352.7635388820
125199.3237647706 125999.9219742236
122152.8306621675 124078.8346169565
113654.7183233273 107109.2296277640
127444.1081561624 118955.9349975776
116861.5531681727 113833.0353781988
111890.9591586624 108870.2263719255
118464.9705905954 109830.7700505590
125038.9820225284 130002.1873018633
126642.3994449510 114473.3978306211
127764.7916406469 113032.5823126708
121351.1219509562 126320.1032004348
118144.2871061108 120556.8411286335
136262.9039794871 115594.0321223602
115739.1609724768 118155.4819320497
132575.0439079150 112872.4916995652
116059.8444569613 111591.7667947205
132895.7273923995 109990.8606636646
122313.1724044098 123278.3815514286
121992.4889199253 111431.6761816149
134018.1195880954 118795.8443844720
131292.3099699768 123118.2909383230
134980.1700415490 108550.0451457143
115899.5027147191 113512.8541519876
130650.9430010077 115914.2133485714
117182.2366526572 108229.8639195031
110127.1999939974 110791.3137291926
120549.4132397449 115273.8508961491
119747.7045285335 112232.1292471428
113494.3765810851 117194.9382534161
136743.9292062139 113192.6729257764
138187.0048863943 113352.7635388820
134819.8282993067 109990.8606636646
129368.2090630696 109190.4075981366
117182.2366526572 114633.4884437267
136583.5874639717 117034.8476403105
128085.4751251315 115594.0321223602
124076.9315690747 119116.0256106832
114456.4270345387 115273.8508961491
125520.0072492552 124238.9252300621
128406.1586096160 124078.8346169565
132414.7021656727 117995.3913189441
121671.8054354407 107429.4108539751
127283.7664139201 125039.3782955901
132254.3604234304 124879.2876824845
117983.9453638686 113833.0353781988
129849.2342897964 114793.5790568323
124076.9315690747 121997.6566465838
109325.4912827861 110471.1325029814
133697.4361036108 108870.2263719255
121671.8054354407 125039.3782955901
110928.9087052088 111271.5855685093
122473.5141466521 110951.4043422981
134338.8030725799 111111.4949554037
137064.6126906985 116714.6664140994
120068.3880130180 114793.5790568323
111249.5921896933 113672.9447650932
123595.9063423479 110951.4043422981
117021.8949104150 111591.7667947205
113494.3765810851 116714.6664140994
112692.6678698737 110471.1325029814
120068.3880130180 121677.4754203727
119747.7045285335 119756.3880631056
132735.3856501572 124559.1064562733
135942.2204950026 114633.4884437267
129368.2090630696 121037.1129679503
126321.7159604665 121197.2035810559
116059.8444569613 111431.6761816149
112692.6678698737 114473.3978306211
116701.2114259304 116874.7570272050
136102.5622372449 112552.3104733540
127764.7916406469 122958.2003252174
116861.5531681727 120076.5692893168
109806.5165095129 109990.8606636646
116380.5279414459 119436.2068368944
133376.7526191263 119916.4786762112
113334.0348388428 112232.1292471428
122473.5141466521 113993.1259913043
120549.4132397449 118635.7537713664
123916.5898268325 127921.0093314907
123916.5898268325 128881.5530101242
129047.5255785851 120236.6599024224
131773.3351967036 119116.0256106832
122152.8306621675 117995.3913189441
132254.3604234304 111271.5855685093
132077.2946062500 149711.2114141114
131282.0255404167 146185.5590289909
133031.6174852500 152756.0930194427
130963.9179140833 140416.3096715211
130168.6488482500 140736.8235247139
130963.9179140833 141377.8512310994
130804.8641009167 143461.1912768524
128896.2183429167 135929.1157268223

123756.2480845902 129521.9154625466
122473.5141466521 127760.9187183851
126802.7411871933 127760.9187183851
126482.0577027088 127440.7374921739
122954.5393733789 126960.4656528571
125359.6655070129 126320.1032004348
131933.6769389459 126320.1032004348
122152.8306621675 125999.9219742236
123114.8811156211 125679.7407480124
126802.7411871933 125359.5595218012
125680.3489914974 124879.2876824845
131933.6769389459 124879.2876824845
119427.0210440490 124559.1064562733
130490.6012587655 124559.1064562733
123275.2228578634 124238.9252300621
125520.0072492552 124238.9252300621
127764.7916406469 124238.9252300621
121351.1219509562 124078.8346169565
128566.5003518583 123758.6533907454
122794.1976311366 123598.5627776397
126161.3742182242 123438.4721645342
119266.6793018067 123278.3815514286
133537.0943613686 122958.2003252174
119266.6793018067 122798.1097121118
121030.4384664716 122157.7472596895
117823.6036216263 121677.4754203727
116059.8444569613 121357.2941941615
133857.7778458531 121197.2035810559
127925.1333828892 121037.1129679503
130971.6264854923 121037.1129679503
127283.7664139201 120877.0223548447
117342.5783948995 120716.9317417391
133697.4361036108 120716.9317417391
119908.0462707758 120556.8411286335
115899.5027147191 120396.7505155280
129207.8673208273 120396.7505155280
120549.4132397449 120236.6599024224
126802.7411871933 120076.5692893168
134980.1700415490 120076.5692893168
117182.2366526572 119916.4786762112
120228.7297552603 119916.4786762112
116701.2114259304 119596.2974500000
119908.0462707758 119596.2974500000
126001.0324759820 119596.2974500000
125520.0072492552 119276.1162237888
126161.3742182242 119276.1162237888
129368.2090630696 119276.1162237888
117663.2618793840 119116.0256106832
115578.8192302345 118955.9349975776
127444.1081561624 118955.9349975776
134659.4865570644 118955.9349975776
120870.0967242294 118795.8443844720
116540.8696836882 118635.7537713664
122954.5393733789 118635.7537713664
132414.7021656727 118635.7537713664
127283.7664139201 118475.6631582609
115418.4774879923 118315.5725451553
124237.2733113170 118155.4819320497
136262.9039794871 117995.3913189441
115578.8192302345 117835.3007058385
117021.8949104150 117835.3007058385
114937.4522612655 117675.2100927329
128245.8168673737 117675.2100927329
128566.5003518583 117675.2100927329
132575.0439079150 117355.0288665217
115578.8192302345 117194.9382534161
124237.2733113170 117194.9382534161
126802.7411871933 117194.9382534161
121190.7802087139 117034.8476403105
136583.5874639717 117034.8476403105
120709.7549819871 116714.6664140994
130330.2595165232 116554.5758009938
113494.3765810851 116394.4851878882
137064.6126906985 116394.4851878882
120709.7549819871 116234.3945747826
126001.0324759820 115914.2133485714
134819.8282993067 115914.2133485714
125199.3237647706 115754.1227354658
133056.0691346418 115754.1227354658
136904.2709484562 115754.1227354658
116220.1861992036 115594.0321223602
114135.7435500541 115433.9415092547
116861.5531681727 115433.9415092547
127764.7916406469 115433.9415092547
129047.5255785851 115273.8508961491
131612.9934544614 114793.5790568323
114937.4522612655 114633.4884437267
116861.5531681727 114313.3072175155
132414.7021656727 114313.3072175155
123595.9063423479 113833.0353781988
119427.0210440490 113672.9447650932
138026.6631441521 113672.9447650932
126321.7159604665 113512.8541519876
112211.6426431469 113192.6729257764
115899.5027147191 113032.5823126708
128887.1838363428 113032.5823126708
124557.9567958016 112872.4916995652
127604.4498984047 112872.4916995652
136262.9039794871 112712.4010864596
128566.5003518583 112552.3104733540
136262.9039794871 112392.2198602485
130971.6264854923 112232.1292471428
112211.6426431469 112072.0386340373
120709.7549819871 112072.0386340373
122152.8306621675 112072.0386340373
130490.6012587655 112072.0386340373
126001.0324759820 111911.9480209317
114616.7687767809 111751.8574078261
121030.4384664716 111751.8574078261
128085.4751251315 111751.8574078261
118945.9958173222 111591.7667947205
123756.2480845902 111431.6761816149
127925.1333828892 111431.6761816149
132254.3604234304 111271.5855685093
123114.8811156211 111111.4949554037
133216.4108768840 110951.4043422981
136743.9292062139 110951.4043422981
109646.1747672706 110791.3137291926
120228.7297552603 110791.3137291926
133537.0943613686 110631.2231160870
125680.3489914974 110471.1325029814
112853.0096121160 110311.0418898758
118144.2871061108 110311.0418898758
115899.5027147191 110150.9512767702
131131.9682277346 110150.9512767702
133697.4361036108 110150.9512767702
118945.9958173222 109830.7700505590
111570.2756741778 109670.6794374534
130650.9430010077 109670.6794374534
135781.8787527603 109670.6794374534
126321.7159604665 109510.5888243478
134338.8030725799 109510.5888243478
121030.4384664716 109350.4982112422
119106.3375595644 109190.4075981366
128566.5003518583 109190.4075981366
133697.4361036108 109030.3169850311
109325.4912827861 108710.1357588199
122954.5393733789 108710.1357588199
117823.6036216263 108550.0451457143
124718.2985380438 108389.9545326087
133537.0943613686 108389.9545326087
123756.2480845902 108069.7733063975
110768.5669629665 107749.5920801863
108523.7825715747 107269.3202408696
111730.6174164201 107269.3202408696
110127.1999939974 107109.2296277640
124557.9567958016 125359.5595218012
133537.0943613686 115113.7602830435
122794.1976311366 120877.0223548447
127123.4246716778 122798.1097121118
125520.0072492552 117675.2100927329
127764.7916406469 107909.6826932919
133985.9403642500 158044.5715971235
131441.0793535833 144903.5036162199
129691.4874087500 139294.5111853464
130645.8102877500 139134.2542587500
130645.8102877500 138012.4557725753
129691.4874087500 136089.3726534187
130486.7564745833 136890.6572864006
133190.6712984167 153397.1207258283

120068.3880130180 119916.4786762112
114296.0852922964 112232.1292471428
115258.1357457500 116554.5758009938
118785.6540750799 107749.5920801863
123435.5646001057 125679.7407480124
115258.1357457500 111591.7667947205
124237.2733113170 113032.5823126708
124397.6150535593 109350.4982112422
125680.3489914974 118315.5725451553
129207.8673208273 115594.0321223602
135781.8787527603 110951.4043422981
110287.5417362397 108229.8639195031
126802.7411871933 119116.0256106832
128085.4751251315 120236.6599024224
114937.4522612655 108069.7733063975
123756.2480845902 129041.6436232298
132254.3604234304 112552.3104733540
133697.4361036108 120236.6599024224
126963.0829294356 112872.4916995652
126802.7411871933 117194.9382534161
134499.1448148222 116234.3945747826
121671.8054354407 123118.2909383230
131452.6517122191 123438.4721645342
123595.9063423479 122798.1097121118
121511.4636931985 109510.5888243478
129207.8673208273 114793.5790568323
135621.5370105180 111911.9480209317
131292.3099699768 114313.3072175155
117502.9201371417 122477.9284859006
129849.2342897964 110631.2231160870
110127.1999939974 110150.9512767702
126161.3742182242 126480.1938135404
129368.2090630696 116234.3945747826
119427.0210440490 122317.8378727950
125680.3489914974 129201.7342363354
122633.8558888943 108550.0451457143
126802.7411871933 111111.4949554037
111730.6174164201 110791.3137291926
109966.8582517552 111431.6761816149
133537.0943613686 108550.0451457143
118144.2871061108 117194.9382534161
112371.9843853892 114313.3072175155
137064.6126906985 115754.1227354658
119266.6793018067 115754.1227354658
125680.3489914974 120396.7505155280
134178.4613303377 121517.3848072671
127925.1333828892 120877.0223548447
133537.0943613686 114313.3072175155
125840.6907337397 114313.3072175155
120228.7297552603 122798.1097121118
126001.0324759820 113993.1259913043
130330.2595165232 110150.9512767702
118785.6540750799 123598.5627776397
118625.3123328376 121517.3848072671
128085.4751251315 113352.7635388820
118945.9958173222 119596.2974500000
117663.2618793840 115273.8508961491
119427.0210440490 121517.3848072671
122473.5141466521 110311.0418898758
132575.0439079150 118155.4819320497
125680.3489914974 130962.7309804969
130650.9430010077 125679.7407480124
116380.5279414459 114313.3072175155
127123.4246716778 127600.8281052795
115097.7940035077 107269.3202408696
129047.5255785851 110951.4043422981
115578.8192302345 107109.2296277640
132094.0186811881 119276.1162237888
114135.7435500541 115914.2133485714
134819.8282993067 117675.2100927329
109966.8582517552 110631.2231160870
110447.8834784820 107749.5920801863
136583.5874639717 111751.8574078261
119747.7045285335 112072.0386340373
123595.9063423479 124559.1064562733
116380.5279414459 117515.1194796273
130169.9177742809 121997.6566465838
128406.1586096160 124238.9252300621
121351.1219509562 123918.7440038509
129368.2090630696 123758.6533907454
122794.1976311366 127120.5562659627
125199.3237647706 130642.5497542857
126161.3742182242 116394.4851878882
116861.5531681727 111591.7667947205
121992.4889199253 113993.1259913043
127123.4246716778 127280.6468790683
134499.1448148222 109350.4982112422
132094.0186811881 113352.7635388820
128245.8168673737 112392.2198602485
115739.1609724768 113833.0353781988
136423.2457217294 114953.6696699379
130169.9177742809 123758.6533907454
122794.1976311366 116234.3945747826
123435.5646001057 113192.6729257764
109485.8330250284 107429.4108539751
124076.9315690747 119916.4786762112
126321.7159604665 122638.0190990062
125038.9820225284 112712.4010864596
123595.9063423479 118795.8443844720
133537.0943613686 111911.9480209317
118625.3123328376 110791.3137291926
130971.6264854923 112552.3104733540
131773.3351967036 118635.7537713664
130330.2595165232 122798.1097121118
123114.8811156211 128561.3717839130
123595.9063423479 118475.6631582609
122313.1724044098 126160.0125873292
119747.7045285335 112392.2198602485
122954.5393733789 125839.8313611180
124076.9315690747 126160.0125873292
126963.0829294356 108389.9545326087
130490.6012587655 124879.2876824845
121992.4889199253 111111.4949554037
117983.9453638686 114473.3978306211
122633.8558888943 128721.4623970186
121190.7802087139 117355.0288665217
124237.2733113170 110951.4043422981
133056.0691346418 113993.1259913043
134499.1448148222 114633.4884437267
118304.6288483531 108870.2263719255
114456.4270345387 106789.0484015528
129368.2090630696 109190.4075981366
121992.4889199253 107909.6826932919
134178.4613303377 109030.3169850311
115899.5027147191 107429.4108539751
110447.8834784820 107429.4108539751
124397.6150535593 112072.0386340373
131612.9934544614 122477.9284859006
134819.8282993067 118635.7537713664
130490.6012587655 117515.1194796273
114777.1105190232 115754.1227354658
116701.2114259304 113993.1259913043
118785.6540750799 114953.6696699379
137064.6126906985 113993.1259913043
136583.5874639717 116554.5758009938
123275.2228578634 109030.3169850311
130169.9177742809 123118.2909383230
135461.1952682758 118475.6631582609
111249.5921896933 109350.4982112422
125840.6907337397 117194.9382534161
129207.8673208273 112872.4916995652
126321.7159604665 108710.1357588199
119106.3375595644 108229.8639195031
116861.5531681727 121837.5660334783
126963.0829294356 117675.2100927329
130490.6012587655 116554.5758009938
127925.1333828892 115914.2133485714
132414.7021656727 116394.4851878882
131292.3099699768 120236.6599024224
117182.2366526572 122157.7472596895
131131.9682277346 119596.2974500000
122794.1976311366 114473.3978306211
130486.7564745833 139775.2819651355
129691.4874087500 138653.4834789608
131918.2407930834 148268.8990747440
131282.0255404167 142339.3927906777
129214.3259692500 135288.0880204368
128737.1645297500 135288.0880204368
130963.9179140833 141538.1081576958
128737.1645297500 134486.8033874548

126001.0324759820 131282.9122067081
126482.0577027088 130482.4591411801
124076.9315690747 130162.2779149690
125680.3489914974 129682.0060756522
126802.7411871933 128401.2811708075
122954.5393733789 127921.0093314907
121832.1471776830 127600.8281052795
126482.0577027088 127440.7374921739
121671.8054354407 126640.2844266460
127604.4498984047 125999.9219742236
131452.6517122191 125519.6501349068
123114.8811156211 125359.5595218012
124557.9567958016 125359.5595218012
126802.7411871933 125359.5595218012
121511.4636931985 124879.2876824845
127283.7664139201 124719.1970693789
129207.8673208273 124559.1064562733
121190.7802087139 124399.0158431677
125520.0072492552 124238.9252300621
130330.2595165232 124238.9252300621
122633.8558888943 123598.5627776397
130971.6264854923 123598.5627776397
131773.3351967036 123598.5627776397
133537.0943613686 122958.2003252174
132254.3604234304 122638.0190990062
129207.8673208273 122317.8378727950
122954.5393733789 122157.7472596895
123114.8811156211 121677.4754203727
131933.6769389459 121677.4754203727
133537.0943613686 121677.4754203727
130009.5760320387 121357.2941941615
123595.9063423479 121037.1129679503
130009.5760320387 120716.9317417391
129207.8673208273 120396.7505155280
132094.0186811881 120396.7505155280
118785.6540750799 120236.6599024224
125840.6907337397 120076.5692893168
134980.1700415490 120076.5692893168
117502.9201371417 119756.3880631056
121511.4636931985 119756.3880631056
132414.7021656727 119756.3880631056
116701.2114259304 119596.2974500000
120068.3880130180 119596.2974500000
127604.4498984047 119436.2068368944
116059.8444569613 119276.1162237888
129368.2090630696 119276.1162237888
134659.4865570644 118955.9349975776
126642.3994449510 118795.8443844720
113975.4018078119 118635.7537713664
119747.7045285335 118635.7537713664
121351.1219509562 118635.7537713664
120228.7297552603 118475.6631582609
136102.5622372449 118315.5725451553
119908.0462707758 117995.3913189441
136262.9039794871 117995.3913189441
113815.0600655696 117835.3007058385
122794.1976311366 117835.3007058385
125520.0072492552 117675.2100927329
114937.4522612655 117515.1194796273
116861.5531681727 117355.0288665217
121511.4636931985 117355.0288665217
128566.5003518583 117355.0288665217
136423.2457217294 117355.0288665217
115258.1357457500 117194.9382534161
129528.5508053119 117034.8476403105
116220.1861992036 116874.7570272050
115258.1357457500 116714.6664140994
120709.7549819871 116714.6664140994
136423.2457217294 116714.6664140994
118144.2871061108 116394.4851878882
124557.9567958016 116394.4851878882
128245.8168673737 116234.3945747826
113975.4018078119 116074.3039616770
125359.6655070129 116074.3039616770
113173.6930966005 115754.1227354658
116220.1861992036 115754.1227354658
136904.2709484562 115754.1227354658
122954.5393733789 115594.0321223602
113173.6930966005 115433.9415092547
121030.4384664716 115433.9415092547
121992.4889199253 115273.8508961491
136102.5622372449 115273.8508961491
113975.4018078119 114793.5790568323
114456.4270345387 114793.5790568323
126161.3742182242 114793.5790568323
131612.9934544614 114793.5790568323
115739.1609724768 114473.3978306211
129368.2090630696 114473.3978306211
128085.4751251315 114313.3072175155
123595.9063423479 114153.2166044099
112532.3261276314 113833.0353781988
126321.7159604665 113512.8541519876
121671.8054354407 113352.7635388820
130811.2847432500 113352.7635388820
112211.6426431469 113192.6729257764
128726.8420941005 113192.6729257764
136743.9292062139 113192.6729257764
116861.5531681727 112872.4916995652
127604.4498984047 112872.4916995652
130490.6012587655 112872.4916995652
135140.5117837912 112712.4010864596
114777.1105190232 112552.3104733540
128566.5003518583 112552.3104733540
131612.9934544614 112552.3104733540
119908.0462707758 112232.1292471428
132575.0439079150 112232.1292471428
112211.6426431469 112072.0386340373
127604.4498984047 112072.0386340373
128566.5003518583 112072.0386340373
114135.7435500541 111751.8574078261
114616.7687767809 111751.8574078261
121832.1471776830 111591.7667947205
134499.1448148222 111431.6761816149
126642.3994449510 110951.4043422981
131612.9934544614 110951.4043422981
117823.6036216263 110791.3137291926
134499.1448148222 110471.1325029814
109966.8582517552 110311.0418898758
131131.9682277346 110150.9512767702
118945.9958173222 109830.7700505590
134659.4865570644 109830.7700505590
114616.7687767809 109350.4982112422
119106.3375595644 109190.4075981366
128566.5003518583 109190.4075981366
125038.9820225284 108870.2263719255
134980.1700415490 108870.2263719255
114937.4522612655 108710.1357588199
126802.7411871933 108710.1357588199
115258.1357457500 108550.0451457143
124718.2985380438 108389.9545326087
126963.0829294356 108389.9545326087
130330.2595165232 108229.8639195031
127764.7916406469 107909.6826932919
110768.5669629665 107749.5920801863
113975.4018078119 107749.5920801863
113975.4018078119 107269.3202408696
116540.8696836882 107109.2296277640
110608.2252207242 107429.4108539751
124237.2733113170 117194.9382534161
112853.0096121160 110311.0418898758
133537.0943613686 118475.6631582609
122633.8558888943 116714.6664140994
116540.8696836882 110951.4043422981
136743.9292062139 111111.4949554037
127764.7916406469 124238.9252300621
112371.9843853892 108069.7733063975
108844.4660560593 107269.3202408696
126321.7159604665 109510.5888243478
138026.6631441521 114793.5790568323
129047.5255785851 119916.4786762112
132895.7273923995 118315.5725451553
123435.5646001057 120556.8411286335
132713.5098589167 151954.8083864608
131441.0793535833 144743.2466896235
131122.9717272500 142980.4204970633
130645.8102877500 139134.2542587500
130009.5950350833 138653.4834789608
130645.8102877500 138012.4557725753
129373.3797824167 137531.6849927861
129532.4335955833 135768.8588002259

124557.9567958016 109030.3169850311
117182.2366526572 114153.2166044099
131612.9934544614 117995.3913189441
133216.4108768840 115754.1227354658
121832.1471776830 113192.6729257764
116059.8444569613 110631.2231160870
125199.3237647706 126480.1938135404
114135.7435500541 118955.9349975776
119587.3627862912 124879.2876824845
127604.4498984047 114633.4884437267
119427.0210440490 116074.3039616770
117663.2618793840 117034.8476403105
132094.0186811881 117355.0288665217
128726.8420941005 124399.0158431677
122152.8306621675 119916.4786762112
128887.1838363428 109350.4982112422
111249.5921896933 112392.2198602485
126321.7159604665 112232.1292471428
131452.6517122191 123918.7440038509
134018.1195880954 120236.6599024224
124557.9567958016 121037.1129679503
124878.6402802861 115754.1227354658
119747.7045285335 117194.9382534161
110287.5417362397 110471.1325029814
118625.3123328376 122317.8378727950
111249.5921896933 108229.8639195031
131933.6769389459 118155.4819320497
125680.3489914974 114793.5790568323
118625.3123328376 116714.6664140994
134338.8030725799 113672.9447650932
114616.7687767809 111751.8574078261
113494.3765810851 112712.4010864596
113654.7183233273 114793.5790568323
130650.9430010077 122798.1097121118
115899.5027147191 110150.9512767702
116540.8696836882 121677.4754203727
112211.6426431469 113672.9447650932
121190.7802087139 123598.5627776397
129528.5508053119 109350.4982112422
128566.5003518583 108229.8639195031
129849.2342897964 114473.3978306211
127764.7916406469 109190.4075981366
124076.9315690747 118635.7537713664
120709.7549819871 109190.4075981366
124397.6150535593 118475.6631582609
126001.0324759820 115273.8508961491
133537.0943613686 111751.8574078261
124397.6150535593 116394.4851878882
132094.0186811881 114953.6696699379
135461.1952682758 114153.2166044099
134338.8030725799 108710.1357588199
134178.4613303377 120396.7505155280
124397.6150535593 120396.7505155280
120870.0967242294 124879.2876824845
120549.4132397449 112712.4010864596
135300.8535260335 114793.5790568323
123435.5646001057 121197.2035810559
116861.5531681727 112552.3104733540
129047.5255785851 116714.6664140994
123114.8811156211 110951.4043422981
124076.9315690747 117034.8476403105
123435.5646001057 113833.0353781988
117021.8949104150 107749.5920801863
119747.7045285335 121517.3848072671
125199.3237647706 108229.8639195031
130490.6012587655 125199.4689086956
116059.8444569613 107749.5920801863
121030.4384664716 108229.8639195031
124718.2985380438 124238.9252300621
131131.9682277346 119596.2974500000
123435.5646001057 108710.1357588199
112532.3261276314 108550.0451457143
118625.3123328376 108550.0451457143
111890.9591586624 110311.0418898758
126001.0324759820 129842.0966887578
113494.3765810851 107909.6826932919
134178.4613303377 110951.4043422981
111730.6174164201 108710.1357588199
132895.7273923995 115433.9415092547
135300.8535260335 115754.1227354658
124076.9315690747 118155.4819320497
123114.8811156211 119116.0256106832
113494.3765810851 113032.5823126708
128566.5003518583 109670.6794374534
123435.5646001057 119276.1162237888
117021.8949104150 115433.9415092547
133697.4361036108 115113.7602830435
116861.5531681727 120877.0223548447
129047.5255785851 112072.0386340373
125199.3237647706 120236.6599024224
131773.3351967036 121997.6566465838
119747.7045285335 121357.2941941615
124076.9315690747 128401.2811708075
118464.9705905954 123438.4721645342
124397.6150535593 128561.3717839130
117342.5783948995 117515.1194796273
126642.3994449510 115273.8508961491
128566.5003518583 108069.7733063975
128726.8420941005 122157.7472596895
119427.0210440490 112712.4010864596
132094.0186811881 110951.4043422981
131452.6517122191 115113.7602830435
130330.2595165232 110951.4043422981
133056.0691346418 108710.1357588199
132575.0439079150 116074.3039616770
126482.0577027088 119276.1162237888
116861.5531681727 122157.7472596895
120389.0714975026 116074.3039616770
129368.2090630696 108389.9545326087
128887.1838363428 116554.5758009938
114456.4270345387 116074.3039616770
127444.1081561624 117835.3007058385
126321.7159604665 121517.3848072671
119747.7045285335 123758.6533907454
131773.3351967036 120556.8411286335
118945.9958173222 115273.8508961491
133537.0943613686 112232.1292471428
120870.0967242294 120716.9317417391
109966.8582517552 107749.5920801863
124878.6402802861 119756.3880631056
131131.9682277346 118475.6631582609
134980.1700415490 109190.4075981366
123916.5898268325 129041.6436232298
115899.5027147191 107109.2296277640
130169.9177742809 118795.8443844720
113815.0600655696 117194.9382534161
134499.1448148222 116234.3945747826
111089.2504474510 111431.6761816149
121992.4889199253 118315.5725451553
125680.3489914974 108389.9545326087
133697.4361036108 119916.4786762112
112371.9843853892 108870.2263719255
118785.6540750799 121837.5660334783
119747.7045285335 119756.3880631056
130650.9430010077 121837.5660334783
127764.7916406469 117355.0288665217
125199.3237647706 121357.2941941615
123435.5646001057 122157.7472596895
132575.0439079150 116234.3945747826
133216.4108768840 109510.5888243478
125359.6655070129 113993.1259913043
119747.7045285335 111431.6761816149
124237.2733113170 115273.8508961491
118785.6540750799 113993.1259913043
124237.2733113170 111431.6761816149
113494.3765810851 116074.3039616770
125199.3237647706 128081.0999445963
125680.3489914974 130322.3685280745
135461.1952682758 109350.4982112422
116701.2114259304 113993.1259913043
133376.7526191263 123598.5627776397
111409.9339319356 111591.7667947205
129373.3797824167 134326.5464608584
130963.9179140833 143461.1912768524
129373.3797824167 135929.1157268223
130645.8102877500 139134.2542587500
131122.9717272500 142499.6497172741
129691.4874087500 133204.7479746838
130645.8102877500 141698.3650842922
133667.8327379167 155961.2315513705

131452.6517122191 116394.4851878882
117502.9201371417 122317.8378727950
135781.8787527603 110951.4043422981
137385.2961751830 115594.0321223602
120389.0714975026 113672.9447650932
122633.8558888943 125999.9219742236
114616.7687767809 107109.2296277640
120228.7297552603 109830.7700505590
125359.6655070129 113352.7635388820
137385.2961751830 116234.3945747826
132094.0186811881 121357.2941941615
113654.7183233273 106789.0484015528
128566.5003518583 121677.4754203727
134659.4865570644 119436.2068368944
121992.4889199253 123118.2909383230
131933.6769389459 108870.2263719255
134178.4613303377 119436.2068368944
124557.9567958016 115594.0321223602
132414.7021656727 115273.8508961491
137866.3214019098 113512.8541519876
109806.5165095129 111271.5855685093
119106.3375595644 112232.1292471428
132575.0439079150 123278.3815514286
113654.7183233273 115433.9415092547
117983.9453638686 113032.5823126708
118464.9705905954 118795.8443844720
117021.8949104150 118315.5725451553
118304.6288483531 114633.4884437267
125840.6907337397 114633.4884437267
132094.0186811881 109030.3169850311
119587.3627862912 113833.0353781988
130169.9177742809 108389.9545326087
130330.2595165232 124559.1064562733
120709.7549819871 110471.1325029814
127604.4498984047 113833.0353781988
134819.8282993067 113672.9447650932
118464.9705905954 121837.5660334783
113334.0348388428 108710.1357588199
115097.7940035077 117194.9382534161
113654.7183233273 115754.1227354658
117342.5783948995 107909.6826932919
137224.9544329407 114793.5790568323
127764.7916406469 109030.3169850311
118464.9705905954 117515.1194796273
119908.0462707758 116554.5758009938
127604.4498984047 120396.7505155280
109485.8330250284 109670.6794374534
126161.3742182242 113192.6729257764
122954.5393733789 126320.1032004348
125199.3237647706 123278.3815514286
118464.9705905954 115433.9415092547
121832.1471776830 123598.5627776397
115418.4774879923 110951.4043422981
131452.6517122191 117995.3913189441
113975.4018078119 112072.0386340373
135621.5370105180 117835.3007058385
118785.6540750799 116874.7570272050
119587.3627862912 124719.1970693789
110287.5417362397 109510.5888243478
111409.9339319356 107429.4108539751
121992.4889199253 112552.3104733540
133376.7526191263 121357.2941941615
112211.6426431469 110951.4043422981
122794.1976311366 118475.6631582609
132575.0439079150 119756.3880631056
135942.2204950026 118635.7537713664
135140.5117837912 111431.6761816149
117663.2618793840 118795.8443844720
131773.3351967036 121357.2941941615
120549.4132397449 119276.1162237888
125199.3237647706 114953.6696699379
109966.8582517552 109350.4982112422
131131.9682277346 110311.0418898758
124878.6402802861 110791.3137291926
118304.6288483531 123278.3815514286
125680.3489914974 109990.8606636646
119427.0210440490 123918.7440038509
113654.7183233273 110951.4043422981
122954.5393733789 120877.0223548447
116861.5531681727 117995.3913189441
117663.2618793840 111751.8574078261
131131.9682277346 117675.2100927329
118304.6288483531 107909.6826932919
136102.5622372449 114953.6696699379
129207.8673208273 112872.4916995652
125359.6655070129 107909.6826932919
136423.2457217294 116554.5758009938
120549.4132397449 125199.4689086956
134018.1195880954 115914.2133485714
126001.0324759820 129682.0060756522
127925.1333828892 118315.5725451553
118144.2871061108 110150.9512767702
128566.5003518583 122157.7472596895
131292.3099699768 114153.2166044099
113013.3513543583 116394.4851878882
112371.9843853892 108389.9545326087
109325.4912827861 108550.0451457143
120068.3880130180 122477.9284859006
120228.7297552603 114793.5790568323
126001.0324759820 113833.0353781988
134659.4865570644 113993.1259913043
129207.8673208273 114633.4884437267
115418.4774879923 113833.0353781988
128406.1586096160 111111.4949554037
134499.1448148222 114313.3072175155
126802.7411871933 119596.2974500000
132895.7273923995 109190.4075981366
119908.0462707758 108389.9545326087
126161.3742182242 128241.1905577019
122794.1976311366 109350.4982112422
113334.0348388428 106949.1390146584
115739.1609724768 107749.5920801863
125199.3237647706 124238.9252300621
120549.4132397449 117515.1194796273
114777.1105190232 106789.0484015528
130169.9177742809 115113.7602830435
114937.4522612655 110311.0418898758
126802.7411871933 120076.5692893168
129368.2090630696 112072.0386340373
119266.6793018067 110791.3137291926
114135.7435500541 109030.3169850311
124718.2985380438 122958.2003252174
110127.1999939974 110951.4043422981
132735.3856501572 123278.3815514286
121992.4889199253 114473.3978306211
115258.1357457500 118475.6631582609
132254.3604234304 117995.3913189441
133216.4108768840 111111.4949554037
117983.9453638686 115273.8508961491
124076.9315690747 111271.5855685093
126963.0829294356 125519.6501349068
127283.7664139201 122477.9284859006
132575.0439079150 108870.2263719255
131452.6517122191 111271.5855685093
117983.9453638686 121677.4754203727
110287.5417362397 109030.3169850311
112532.3261276314 115113.7602830435
112532.3261276314 109350.4982112422
126321.7159604665 108710.1357588199
134659.4865570644 113032.5823126708
127925.1333828892 117355.0288665217
124076.9315690747 113352.7635388820
127604.4498984047 122798.1097121118
123916.5898268325 129521.9154625466
134980.1700415490 118955.9349975776
138026.6631441521 114473.3978306211
129688.8925475541 116874.7570272050
113494.3765810851 109830.7700505590
121190.7802087139 108870.2263719255
126802.7411871933 115914.2133485714
124878.6402802861 121837.5660334783
118144.2871061108 113672.9447650932
131600.1331667500 143781.7051300452
129373.3797824167 135288.0880204368
130486.7564745833 138813.7404055572
133349.7251115833 153877.8915056174
129850.5412219167 133525.2618278765
128896.2183429167 135448.3449470331
130327.7026614167 140897.0804513103
130645.8102877500 142018.8789374849

131612.9934544614 122958.2003252174
113494.3765810851 117675.2100927329
121671.8054354407 109510.5888243478
127123.4246716778 118795.8443844720
118144.2871061108 108069.7733063975
123756.2480845902 108550.0451457143
117021.8949104150 115273.8508961491
135461.1952682758 117194.9382534161
119908.0462707758 109350.4982112422
131292.3099699768 118155.4819320497
117823.6036216263 107109.2296277640
134659.4865570644 112872.4916995652
127764.7916406469 122798.1097121118
129047.5255785851 113512.8541519876
113815.0600655696 114153.2166044099
125680.3489914974 111751.8574078261
130009.5760320387 111911.9480209317
108523.7825715747 107909.6826932919
122152.8306621675 124559.1064562733
127444.1081561624 120716.9317417391
136904.2709484562 115113.7602830435
128726.8420941005 121037.1129679503
124557.9567958016 122477.9284859006
118304.6288483531 114633.4884437267
132094.0186811881 110150.9512767702
127283.7664139201 118795.8443844720
130971.6264854923 115914.2133485714
130811.2847432500 121037.1129679503
133216.4108768840 117355.0288665217
120549.4132397449 115754.1227354658
126161.3742182242 130802.6403673913
132895.7273923995 123278.3815514286
126802.7411871933 122958.2003252174
129849.2342897964 119276.1162237888
132735.3856501572 114153.2166044099
110447.8834784820 112072.0386340373
122313.1724044098 113192.6729257764
125520.0072492552 130802.6403673913
132895.7273923995 113993.1259913043
129047.5255785851 108229.8639195031
126161.3742182242 130162.2779149690
124076.9315690747 125839.8313611180
117342.5783948995 113032.5823126708
134499.1448148222 117995.3913189441
132895.7273923995 116234.3945747826
134499.1448148222 120076.5692893168
123916.5898268325 120716.9317417391
127283.7664139201 115754.1227354658
119427.0210440490 115273.8508961491
127123.4246716778 109670.6794374534
123595.9063423479 122157.7472596895
127444.1081561624 115914.2133485714
127764.7916406469 116074.3039616770
129368.2090630696 125039.3782955901
127764.7916406469 124559.1064562733
120068.3880130180 115113.7602830435
121030.4384664716 114153.2166044099
120709.7549819871 119436.2068368944
124076.9315690747 123438.4721645342
127283.7664139201 113512.8541519876
116540.8696836882 118795.8443844720
114616.7687767809 115113.7602830435
124718.2985380438 129682.0060756522
134499.1448148222 115754.1227354658
133056.0691346418 112872.4916995652
136904.2709484562 113672.9447650932
126161.3742182242 108389.9545326087
130330.2595165232 121517.3848072671
134980.1700415490 112552.3104733540
126321.7159604665 107749.5920801863
132895.7273923995 109350.4982112422
131292.3099699768 112392.2198602485
128245.8168673737 110311.0418898758
131292.3099699768 111911.9480209317
129368.2090630696 111431.6761816149
128245.8168673737 115914.2133485714
136102.5622372449 114633.4884437267
118785.6540750799 117034.8476403105
125680.3489914974 129361.8248494410
123435.5646001057 125519.6501349068
114135.7435500541 109670.6794374534
122313.1724044098 110311.0418898758
120389.0714975026 125199.4689086956
131131.9682277346 120076.5692893168
134178.4613303377 109990.8606636646
126963.0829294356 114793.5790568323
118464.9705905954 109350.4982112422
119106.3375595644 110150.9512767702
127925.1333828892 122157.7472596895
131612.9934544614 112552.3104733540
116701.2114259304 122157.7472596895
135461.1952682758 116874.7570272050
130811.2847432500 120396.7505155280
109325.4912827861 110471.1325029814
128085.4751251315 113352.7635388820
131292.3099699768 121197.2035810559
126963.0829294356 109350.4982112422
122633.8558888943 121677.4754203727
129368.2090630696 112072.0386340373
125038.9820225284 129201.7342363354
135621.5370105180 112232.1292471428
119747.7045285335 112552.3104733540
129207.8673208273 121677.4754203727
124397.6150535593 130642.5497542857
127444.1081561624 118955.9349975776
120549.4132397449 112712.4010864596
127283.7664139201 108229.8639195031
115578.8192302345 120076.5692893168
126642.3994449510 114153.2166044099
129207.8673208273 115433.9415092547
131612.9934544614 113352.7635388820
131933.6769389459 113993.1259913043
130650.9430010077 109190.4075981366
119427.0210440490 107589.5014670807
124237.2733113170 113672.9447650932
132414.7021656727 120076.5692893168
127123.4246716778 118475.6631582609
133056.0691346418 108389.9545326087
126963.0829294356 120076.5692893168
134018.1195880954 121517.3848072671
115739.1609724768 113192.6729257764
126321.7159604665 130482.4591411801
118785.6540750799 108069.7733063975
117342.5783948995 115914.2133485714
135621.5370105180 117995.3913189441
110928.9087052088 111911.9480209317
120870.0967242294 108389.9545326087
111730.6174164201 112872.4916995652
128566.5003518583 111591.7667947205
122633.8558888943 122317.8378727950
131773.3351967036 115273.8508961491
114616.7687767809 108870.2263719255
120870.0967242294 120716.9317417391
124397.6150535593 117995.3913189441
133857.7778458531 120556.8411286335
131773.3351967036 111111.4949554037
120709.7549819871 112392.2198602485
121030.4384664716 122798.1097121118
128566.5003518583 122638.0190990062
124557.9567958016 111111.4949554037
135942.2204950026 114153.2166044099
118945.9958173222 123118.2909383230
134499.1448148222 113512.8541519876
113815.0600655696 111431.6761816149
121511.4636931985 120076.5692893168
127925.1333828892 123598.5627776397
129849.2342897964 115433.9415092547
125359.6655070129 128561.3717839130
114777.1105190232 106789.0484015528
113334.0348388428 117355.0288665217
125680.3489914974 117675.2100927329
126001.0324759820 115433.9415092547
131759.1869799167 145865.0451757982
130168.6488482500 140576.5665981175
130645.8102877500 140256.0527449247
130486.7564745833 141377.8512310994
130804.8641009167 140897.0804513103
131759.1869799167 145384.2743960090
129532.4335955833 137211.1711395934
130963.9179140833 140416.3096715211

126963.0829294356 128881.5530101242
121511.4636931985 126960.4656528571
121351.1219509562 126320.1032004348
126802.7411871933 125359.5595218012
130811.2847432500 125359.5595218012
121511.4636931985 124879.2876824845
119427.0210440490 124559.1064562733
125520.0072492552 124238.9252300621
122954.5393733789 123918.7440038509
128566.5003518583 123758.6533907454
125199.3237647706 123278.3815514286
133376.7526191263 122958.2003252174
124237.2733113170 122798.1097121118
119587.3627862912 122477.9284859006
125038.9820225284 122477.9284859006
120228.7297552603 121837.5660334783
133537.0943613686 121677.4754203727
129047.5255785851 120236.6599024224
118144.2871061108 120076.5692893168
126642.3994449510 118315.5725451553
130330.2595165232 118155.4819320497
113654.7183233273 117355.0288665217
136423.2457217294 117355.0288665217
118625.3123328376 116074.3039616770
130009.5760320387 115914.2133485714
116220.1861992036 115754.1227354658
116220.1861992036 115594.0321223602
120870.0967242294 115433.9415092547
121030.4384664716 115113.7602830435
137866.3214019098 114793.5790568323
126482.0577027088 114313.3072175155
113013.3513543583 113512.8541519876
126321.7159604665 113512.8541519876
136743.9292062139 113192.6729257764
136423.2457217294 113032.5823126708
135140.5117837912 112712.4010864596
131612.9934544614 112552.3104733540
121351.1219509562 112232.1292471428
126001.0324759820 111911.9480209317
121832.1471776830 111591.7667947205
126963.0829294356 111431.6761816149
128887.1838363428 111431.6761816149
134178.4613303377 111271.5855685093
136743.9292062139 110951.4043422981
109646.1747672706 110791.3137291926
134499.1448148222 110471.1325029814
118304.6288483531 109830.7700505590
109165.1495405438 109510.5888243478
131452.6517122191 109510.5888243478
121671.8054354407 109190.4075981366
128566.5003518583 109190.4075981366
116861.5531681727 109030.3169850311
129688.8925475541 108870.2263719255
134980.1700415490 108870.2263719255
112371.9843853892 108550.0451457143
125520.0072492552 108389.9545326087
129047.5255785851 108389.9545326087
110768.5669629665 107749.5920801863
113975.4018078119 107749.5920801863
108042.7573448479 107269.3202408696
108844.4660560593 107269.3202408696
126802.7411871933 119916.4786762112
135300.8535260335 119756.3880631056
127283.7664139201 127280.6468790683
126161.3742182242 130322.3685280745
130650.9430010077 113672.9447650932
124718.2985380438 109670.6794374534
133697.4361036108 115914.2133485714
129047.5255785851 124879.2876824845
129047.5255785851 117355.0288665217
111249.5921896933 111271.5855685093
126321.7159604665 111591.7667947205
128726.8420941005 120236.6599024224
119587.3627862912 114793.5790568323
127764.7916406469 118315.5725451553
124557.9567958016 116394.4851878882
127123.4246716778 120396.7505155280
111409.9339319356 109830.7700505590
123114.8811156211 111911.9480209317
136583.5874639717 114793.5790568323
123756.2480845902 126960.4656528571
119427.0210440490 123918.7440038509
118304.6288483531 117835.3007058385
124718.2985380438 113672.9447650932
128085.4751251315 115433.9415092547
122794.1976311366 115113.7602830435
122313.1724044098 109990.8606636646
122954.5393733789 111911.9480209317
119266.6793018067 109350.4982112422
124718.2985380438 130322.3685280745
119266.6793018067 112072.0386340373
129528.5508053119 125039.3782955901
123916.5898268325 108710.1357588199
132575.0439079150 108389.9545326087
126642.3994449510 112712.4010864596
129207.8673208273 120716.9317417391
125520.0072492552 111271.5855685093
125359.6655070129 118155.4819320497
119106.3375595644 124559.1064562733
126802.7411871933 129361.8248494410
124237.2733113170 107909.6826932919
132414.7021656727 121357.2941941615
126642.3994449510 110951.4043422981
114456.4270345387 106949.1390146584
123595.9063423479 117995.3913189441
118304.6288483531 118475.6631582609
112371.9843853892 113032.5823126708
133697.4361036108 115273.8508961491
119908.0462707758 108389.9545326087
125199.3237647706 130002.1873018633
122954.5393733789 127921.0093314907
111249.5921896933 108229.8639195031
116380.5279414459 117355.0288665217
126001.0324759820 132243.4558853416
122152.8306621675 109670.6794374534
121030.4384664716 109510.5888243478
114135.7435500541 117835.3007058385
124076.9315690747 115594.0321223602
118945.9958173222 112552.3104733540
122152.8306621675 113192.6729257764
122313.1724044098 116074.3039616770
130971.6264854923 116554.5758009938
119587.3627862912 117194.9382534161
132254.3604234304 111751.8574078261
120068.3880130180 121357.2941941615
116540.8696836882 109990.8606636646
132575.0439079150 122157.7472596895
124878.6402802861 119596.2974500000
129528.5508053119 117675.2100927329
114296.0852922964 112552.3104733540
120870.0967242294 119116.0256106832
131773.3351967036 124399.0158431677
118945.9958173222 121037.1129679503
113334.0348388428 115914.2133485714
116059.8444569613 116874.7570272050
117182.2366526572 110951.4043422981
114937.4522612655 110471.1325029814
124397.6150535593 128401.2811708075
134018.1195880954 120396.7505155280
131933.6769389459 122317.8378727950
112532.3261276314 110471.1325029814
126802.7411871933 114953.6696699379
128566.5003518583 122958.2003252174
116540.8696836882 120877.0223548447
119747.7045285335 125359.5595218012
116701.2114259304 112552.3104733540
121992.4889199253 116714.6664140994
117342.5783948995 115113.7602830435
131933.6769389459 119756.3880631056
117983.9453638686 122958.2003252174
134980.1700415490 117194.9382534161
122473.5141466521 108069.7733063975
130645.8102877500 138012.4557725753
130327.7026614167 136890.6572864006
129214.3259692500 134166.2895342620
129850.5412219167 138973.9973321536
132554.4560457500 151474.0376066717
129373.3797824167 137691.9419193825
129850.5412219167 135288.0880204368
128737.1645297500 134967.5741672440

126001.0324759820 131282.9122067081
124076.9315690747 130162.2779149690
125680.3489914974 129682.0060756522
126642.3994449510 128881.5530101242
122954.5393733789 127921.0093314907
122633.8558888943 127280.6468790683
123595.9063423479 126960.4656528571
121992.4889199253 126800.3750397516
122954.5393733789 126800.3750397516
121351.1219509562 126320.1032004348
125359.6655070129 126320.1032004348
122152.8306621675 125999.9219742236
127604.4498984047 125999.9219742236
123114.8811156211 125679.7407480124
131452.6517122191 125519.6501349068
124557.9567958016 125359.5595218012
126802.7411871933 125359.5595218012
123114.8811156211 125039.3782955901
131933.6769389459 124879.2876824845
120228.7297552603 124719.1970693789
131131.9682277346 124559.1064562733
130330.2595165232 124238.9252300621
130971.6264854923 123918.7440038509
130971.6264854923 123598.5627776397
126161.3742182242 123438.4721645342
128566.5003518583 123438.4721645342
121992.4889199253 122958.2003252174
123114.8811156211 122477.9284859006
125038.9820225284 122477.9284859006
126001.0324759820 122477.9284859006
133697.4361036108 122477.9284859006
131933.6769389459 122157.7472596895
121832.1471776830 121837.5660334783
123275.2228578634 121517.3848072671
130009.5760320387 121357.2941941615
121511.4636931985 121197.2035810559
130971.6264854923 121037.1129679503
121351.1219509562 120877.0223548447
130009.5760320387 120716.9317417391
123435.5646001057 120556.8411286335
134499.1448148222 120556.8411286335
122152.8306621675 120236.6599024224
118144.2871061108 120076.5692893168
134338.8030725799 120076.5692893168
132094.0186811881 119916.4786762112
117502.9201371417 119756.3880631056
126161.3742182242 119756.3880631056
132414.7021656727 119756.3880631056
116701.2114259304 119596.2974500000
119908.0462707758 119596.2974500000
124237.2733113170 119436.2068368944
127123.4246716778 119276.1162237888
117342.5783948995 119116.0256106832
120709.7549819871 119116.0256106832
120870.0967242294 118795.8443844720
125359.6655070129 118635.7537713664
134499.1448148222 118635.7537713664
120709.7549819871 118315.5725451553
132895.7273923995 118315.5725451553
136102.5622372449 118315.5725451553
123916.5898268325 118155.4819320497
115578.8192302345 117835.3007058385
114937.4522612655 117675.2100927329
122473.5141466521 117675.2100927329
129528.5508053119 117675.2100927329
127283.7664139201 117515.1194796273
132575.0439079150 117355.0288665217
121190.7802087139 117034.8476403105
128085.4751251315 116874.7570272050
136743.9292062139 116874.7570272050
113494.3765810851 116714.6664140994
115097.7940035077 116714.6664140994
122633.8558888943 116714.6664140994
113494.3765810851 116394.4851878882
124557.9567958016 116394.4851878882
137064.6126906985 116394.4851878882
113975.4018078119 116074.3039616770
125199.3237647706 115754.1227354658
128566.5003518583 115754.1227354658
132575.0439079150 115754.1227354658
136904.2709484562 115754.1227354658
113173.6930966005 115594.0321223602
114135.7435500541 115433.9415092547
122794.1976311366 115113.7602830435
133537.0943613686 115113.7602830435
136102.5622372449 114953.6696699379
126161.3742182242 114793.5790568323
114937.4522612655 114633.4884437267
122313.1724044098 114633.4884437267
121190.7802087139 114313.3072175155
123595.9063423479 114153.2166044099
126802.7411871933 114153.2166044099
132895.7273923995 114153.2166044099
123595.9063423479 113833.0353781988
113013.3513543583 113512.8541519876
121671.8054354407 113352.7635388820
125520.0072492552 113352.7635388820
130811.2847432500 113352.7635388820
135461.1952682758 113352.7635388820
137705.9796596675 113352.7635388820
112211.6426431469 113192.6729257764
110768.5669629665 113032.5823126708
128887.1838363428 113032.5823126708
137224.9544329407 113032.5823126708
136262.9039794871 112712.4010864596
116701.2114259304 112552.3104733540
126161.3742182242 112552.3104733540
131612.9934544614 112552.3104733540
136583.5874639717 112552.3104733540
119747.7045285335 112392.2198602485
112211.6426431469 112072.0386340373
124557.9567958016 111911.9480209317
126001.0324759820 111911.9480209317
114135.7435500541 111751.8574078261
126963.0829294356 111431.6761816149
127925.1333828892 111431.6761816149
128887.1838363428 111431.6761816149
134499.1448148222 111431.6761816149
133216.4108768840 110951.4043422981
114616.7687767809 110631.2231160870
134499.1448148222 110471.1325029814
112853.0096121160 110311.0418898758
115899.5027147191 110150.9512767702
121511.4636931985 110150.9512767702
131131.9682277346 110150.9512767702
131773.3351967036 110150.9512767702
128085.4751251315 109990.8606636646
129368.2090630696 109990.8606636646
118304.6288483531 109830.7700505590
123114.8811156211 109830.7700505590
112371.9843853892 109670.6794374534
126321.7159604665 109510.5888243478
134338.8030725799 109510.5888243478
134659.4865570644 109510.5888243478
114616.7687767809 109350.4982112422
121030.4384664716 109350.4982112422
108684.1243138170 108550.0451457143
117823.6036216263 108550.0451457143
121030.4384664716 108550.0451457143
118945.9958173222 108389.9545326087
124718.2985380438 108389.9545326087
133537.0943613686 108389.9545326087
109485.8330250284 108229.8639195031
108042.7573448479 107269.3202408696
115258.1357457500 106949.1390146584
126482.0577027088 130482.4591411801
136262.9039794871 117995.3913189441
123595.9063423479 112232.1292471428
125038.9820225284 120076.5692893168
126802.7411871933 128401.2811708075
134819.8282993067 119436.2068368944
123595.9063423479 127600.8281052795
132872.5636720833 153236.8637992319
131441.0793535833 144903.5036162199
131759.1869799167 144582.9897630271
130168.6488482500 140095.7958183283
130645.8102877500 138012.4557725753
129532.4335955833 135768.8588002259
131122.9717272500 144422.7328364307
131122.9717272500 142499.6497172741

126482.0577027088 130482.4591411801
124076.9315690747 130162.2779149690
124557.9567958016 129682.0060756522
125359.6655070129 128241.1905577019
122954.5393733789 127921.0093314907
126642.3994449510 127921.0093314907
122152.8306621675 127280.6468790683
126321.7159604665 127280.6468790683
123595.9063423479 126960.4656528571
126482.0577027088 126960.4656528571
127604.4498984047 126480.1938135404
125359.6655070129 126320.1032004348
121671.8054354407 125679.7407480124
127604.4498984047 125359.5595218012
123114.8811156211 125039.3782955901
131933.6769389459 124879.2876824845
120228.7297552603 124719.1970693789
126482.0577027088 124399.0158431677
122954.5393733789 123918.7440038509
122633.8558888943 123598.5627776397
130971.6264854923 123598.5627776397
129528.5508053119 123278.3815514286
127764.7916406469 123118.2909383230
123435.5646001057 122958.2003252174
133376.7526191263 122958.2003252174
119266.6793018067 122798.1097121118
128726.8420941005 122798.1097121118
123114.8811156211 122477.9284859006
129207.8673208273 122317.8378727950
129849.2342897964 122157.7472596895
120068.3880130180 121997.6566465838
116540.8696836882 121837.5660334783
128245.8168673737 121837.5660334783
123114.8811156211 121677.4754203727
133537.0943613686 121677.4754203727
117021.8949104150 121197.2035810559
126001.0324759820 121037.1129679503
121992.4889199253 120877.0223548447
132094.0186811881 120877.0223548447
125199.3237647706 120556.8411286335
115899.5027147191 120396.7505155280
133857.7778458531 120396.7505155280
120549.4132397449 120236.6599024224
127604.4498984047 119916.4786762112
121511.4636931985 119756.3880631056
131131.9682277346 119756.3880631056
134178.4613303377 119276.1162237888
127444.1081561624 118955.9349975776
134659.4865570644 118955.9349975776
115578.8192302345 118795.8443844720
118785.6540750799 118795.8443844720
120228.7297552603 118475.6631582609
126642.3994449510 118475.6631582609
133216.4108768840 118315.5725451553
113975.4018078119 118155.4819320497
134499.1448148222 118155.4819320497
116701.2114259304 117995.3913189441
116861.5531681727 117355.0288665217
128566.5003518583 117355.0288665217
132575.0439079150 117355.0288665217
113494.3765810851 117194.9382534161
123756.2480845902 117034.8476403105
135300.8535260335 117034.8476403105
128085.4751251315 116874.7570272050
114456.4270345387 116714.6664140994
115258.1357457500 116714.6664140994
113494.3765810851 116394.4851878882
121992.4889199253 116394.4851878882
129528.5508053119 116394.4851878882
125359.6655070129 116074.3039616770
129528.5508053119 116074.3039616770
131773.3351967036 115754.1227354658
136423.2457217294 115754.1227354658
121030.4384664716 115433.9415092547
127764.7916406469 115433.9415092547
129047.5255785851 115273.8508961491
122794.1976311366 115113.7602830435
133056.0691346418 114953.6696699379
131612.9934544614 114793.5790568323
138026.6631441521 114793.5790568323
114937.4522612655 114633.4884437267
115258.1357457500 114633.4884437267
130009.5760320387 114633.4884437267
115739.1609724768 114473.3978306211
126642.3994449510 114473.3978306211
135140.5117837912 114473.3978306211
126802.7411871933 114153.2166044099
122473.5141466521 113993.1259913043
133056.0691346418 113993.1259913043
117983.9453638686 113833.0353781988
123595.9063423479 113833.0353781988
137385.2961751830 113833.0353781988
121351.1219509562 113672.9447650932
126321.7159604665 113512.8541519876
121671.8054354407 113352.7635388820
130811.2847432500 113352.7635388820
128887.1838363428 113032.5823126708
115899.5027147191 112872.4916995652
122954.5393733789 112872.4916995652
135300.8535260335 112712.4010864596
115578.8192302345 112552.3104733540
116701.2114259304 112552.3104733540
125840.6907337397 112392.2198602485
135300.8535260335 112392.2198602485
136743.9292062139 112392.2198602485
119908.0462707758 112232.1292471428
123595.9063423479 112232.1292471428
127123.4246716778 112232.1292471428
122152.8306621675 112072.0386340373
125359.6655070129 112072.0386340373
126001.0324759820 111911.9480209317
114135.7435500541 111751.8574078261
118945.9958173222 111591.7667947205
132254.3604234304 111591.7667947205
116701.2114259304 111431.6761816149
120549.4132397449 111271.5855685093
125359.6655070129 111271.5855685093
130330.2595165232 111271.5855685093
132254.3604234304 111271.5855685093
126642.3994449510 110951.4043422981
131612.9934544614 110951.4043422981
133216.4108768840 110951.4043422981
112692.6678698737 110791.3137291926
114616.7687767809 110631.2231160870
112532.3261276314 110471.1325029814
119747.7045285335 110471.1325029814
134499.1448148222 110471.1325029814
127604.4498984047 110311.0418898758
131131.9682277346 110150.9512767702
129368.2090630696 109990.8606636646
113975.4018078119 109510.5888243478
126642.3994449510 109510.5888243478
108844.4660560593 109350.4982112422
129688.8925475541 108870.2263719255
134980.1700415490 108870.2263719255
109325.4912827861 108710.1357588199
116380.5279414459 108710.1357588199
116540.8696836882 108710.1357588199
122954.5393733789 108710.1357588199
115899.5027147191 108550.0451457143
112532.3261276314 108389.9545326087
126963.0829294356 108389.9545326087
108844.4660560593 108229.8639195031
130330.2595165232 108229.8639195031
112371.9843853892 108069.7733063975
123916.5898268325 108069.7733063975
110768.5669629665 107749.5920801863
113975.4018078119 107749.5920801863
110608.2252207242 107429.4108539751
108844.4660560593 107269.3202408696
122313.1724044098 125359.5595218012
127283.7664139201 117515.1194796273
132713.5098589167 151954.8083864608
132236.3484194167 148108.6421481476
131122.9717272500 142980.4204970633
130009.5950350833 138653.4834789608
130645.8102877500 138012.4557725753
129532.4335955833 134166.2895342620
129691.4874087500 139294.5111853464
131122.9717272500 142499.6497172741

133056.0691346418 108389.9545326087
126642.3994449510 118155.4819320497
116701.2114259304 114313.3072175155
138026.6631441521 113833.0353781988
132895.7273923995 122798.1097121118
123114.8811156211 117675.2100927329
121351.1219509562 118155.4819320497
116861.5531681727 115273.8508961491
135461.1952682758 119116.0256106832
125359.6655070129 123278.3815514286
117502.9201371417 122798.1097121118
130971.6264854923 117675.2100927329
113334.0348388428 114793.5790568323
128566.5003518583 113512.8541519876
132094.0186811881 125679.7407480124
110768.5669629665 107589.5014670807
120549.4132397449 107749.5920801863
116540.8696836882 121197.2035810559
121832.1471776830 115113.7602830435
118785.6540750799 117675.2100927329
136423.2457217294 110631.2231160870
128085.4751251315 110791.3137291926
120228.7297552603 124719.1970693789
124237.2733113170 109670.6794374534
117663.2618793840 121677.4754203727
124237.2733113170 114793.5790568323
130650.9430010077 124719.1970693789
118144.2871061108 112392.2198602485
118785.6540750799 112392.2198602485
124557.9567958016 108389.9545326087
127925.1333828892 112232.1292471428
127604.4498984047 110631.2231160870
119106.3375595644 111591.7667947205
132254.3604234304 114633.4884437267
124397.6150535593 110631.2231160870
116540.8696836882 117194.9382534161
125199.3237647706 124719.1970693789
128245.8168673737 116874.7570272050
134018.1195880954 117995.3913189441
128406.1586096160 120556.8411286335
126161.3742182242 125039.3782955901
115578.8192302345 110311.0418898758
122313.1724044098 123918.7440038509
126482.0577027088 109990.8606636646
112853.0096121160 108229.8639195031
117502.9201371417 112072.0386340373
129368.2090630696 120556.8411286335
126963.0829294356 128881.5530101242
123756.2480845902 121037.1129679503
118625.3123328376 119116.0256106832
111570.2756741778 107909.6826932919
113013.3513543583 116554.5758009938
132254.3604234304 124399.0158431677
135942.2204950026 110951.4043422981
111890.9591586624 109830.7700505590
119587.3627862912 125199.4689086956
132735.3856501572 110471.1325029814
110287.5417362397 109190.4075981366
127764.7916406469 115273.8508961491
121351.1219509562 112872.4916995652
134659.4865570644 109830.7700505590
126001.0324759820 122157.7472596895
118464.9705905954 110791.3137291926
135781.8787527603 115433.9415092547
137866.3214019098 115113.7602830435
125840.6907337397 117675.2100927329
121832.1471776830 111751.8574078261
129368.2090630696 109350.4982112422
108363.4408293325 107589.5014670807
133376.7526191263 119436.2068368944
132094.0186811881 111911.9480209317
125199.3237647706 113993.1259913043
134819.8282993067 108710.1357588199
114777.1105190232 107269.3202408696
118144.2871061108 117194.9382534161
134659.4865570644 113993.1259913043
117182.2366526572 109670.6794374534
137385.2961751830 113352.7635388820
129849.2342897964 121197.2035810559
113815.0600655696 117355.0288665217
131292.3099699768 116394.4851878882
130009.5760320387 115113.7602830435
125199.3237647706 129361.8248494410
111730.6174164201 113032.5823126708
110928.9087052088 110791.3137291926
128726.8420941005 122958.2003252174
128726.8420941005 122157.7472596895
116380.5279414459 111431.6761816149
113815.0600655696 114473.3978306211
132735.3856501572 115433.9415092547
120549.4132397449 107269.3202408696
117342.5783948995 117355.0288665217
119106.3375595644 113192.6729257764
133376.7526191263 112712.4010864596
124397.6150535593 113032.5823126708
129047.5255785851 108870.2263719255
111890.9591586624 109510.5888243478
123756.2480845902 125839.8313611180
132254.3604234304 123598.5627776397
110287.5417362397 108389.9545326087
111409.9339319356 108389.9545326087
137224.9544329407 115914.2133485714
122313.1724044098 120396.7505155280
122313.1724044098 115433.9415092547
136583.5874639717 113512.8541519876
122152.8306621675 121837.5660334783
121832.1471776830 116074.3039616770
134499.1448148222 113192.6729257764
120870.0967242294 124879.2876824845
123916.5898268325 121197.2035810559
131612.9934544614 112712.4010864596
123916.5898268325 126640.2844266460
130971.6264854923 121357.2941941615
128887.1838363428 122798.1097121118
116861.5531681727 113352.7635388820
137385.2961751830 112392.2198602485
114616.7687767809 117194.9382534161
121190.7802087139 120556.8411286335
122152.8306621675 108229.8639195031
133537.0943613686 109350.4982112422
129849.2342897964 117515.1194796273
113975.4018078119 115273.8508961491
131452.6517122191 116874.7570272050
118785.6540750799 119756.3880631056
121511.4636931985 118475.6631582609
132094.0186811881 109670.6794374534
126161.3742182242 130162.2779149690
117502.9201371417 114313.3072175155
126963.0829294356 111591.7667947205
118945.9958173222 113993.1259913043
114456.4270345387 119436.2068368944
120709.7549819871 107749.5920801863
130971.6264854923 118795.8443844720
126482.0577027088 116234.3945747826
129849.2342897964 114473.3978306211
120709.7549819871 113192.6729257764
119747.7045285335 112872.4916995652
109325.4912827861 109990.8606636646
121030.4384664716 110791.3137291926
120228.7297552603 123118.2909383230
117823.6036216263 112552.3104733540
118144.2871061108 122477.9284859006
124397.6150535593 129682.0060756522
124397.6150535593 128401.2811708075
113815.0600655696 108710.1357588199
135621.5370105180 118155.4819320497
130009.5760320387 115754.1227354658
125359.6655070129 117355.0288665217
127283.7664139201 114153.2166044099
113013.3513543583 106949.1390146584
129047.5255785851 115914.2133485714
123916.5898268325 129201.7342363354
130804.8641009167 143781.7051300452
132554.4560457500 151474.0376066717
133031.6174852500 153076.6068726355
132554.4560457500 150031.7252673042
132554.4560457500 151313.7806800753
129532.4335955833 138012.4557725753
129055.2721560833 136409.8865066115
129532.4335955833 136890.6572864006

132735.3856501572 118315.5725451553
126642.3994449510 130002.1873018633
123275.2228578634 129201.7342363354
130169.9177742809 113993.1259913043
127604.4498984047 109670.6794374534
119427.0210440490 114953.6696699379
121832.1471776830 121837.5660334783
124076.9315690747 125519.6501349068
129368.2090630696 124078.8346169565
120228.7297552603 110471.1325029814
124397.6150535593 124879.2876824845
136743.9292062139 117034.8476403105
133376.7526191263 119276.1162237888
108844.4660560593 108710.1357588199
127764.7916406469 124559.1064562733
124557.9567958016 111911.9480209317
130490.6012587655 117034.8476403105
129688.8925475541 118955.9349975776
121030.4384664716 123278.3815514286
134980.1700415490 108550.0451457143
127444.1081561624 122958.2003252174
113494.3765810851 109830.7700505590
126642.3994449510 118475.6631582609
131131.9682277346 118635.7537713664
122152.8306621675 123118.2909383230
110447.8834784820 112232.1292471428
121832.1471776830 122798.1097121118
132895.7273923995 112552.3104733540
124557.9567958016 112552.3104733540
126321.7159604665 118315.5725451553
133697.4361036108 114153.2166044099
119747.7045285335 121037.1129679503
118945.9958173222 118795.8443844720
131773.3351967036 123918.7440038509
124237.2733113170 126960.4656528571
120068.3880130180 116234.3945747826
117021.8949104150 113512.8541519876
115418.4774879923 110150.9512767702
117342.5783948995 119276.1162237888
124557.9567958016 127600.8281052795
118144.2871061108 108069.7733063975
130811.2847432500 125039.3782955901
119266.6793018067 117194.9382534161
117502.9201371417 107429.4108539751
127444.1081561624 117675.2100927329
128085.4751251315 114633.4884437267
115578.8192302345 113833.0353781988
113654.7183233273 107909.6826932919
132735.3856501572 112232.1292471428
133857.7778458531 121037.1129679503
127925.1333828892 125519.6501349068
121511.4636931985 116234.3945747826
135781.8787527603 114473.3978306211
116701.2114259304 112232.1292471428
127283.7664139201 127600.8281052795
124237.2733113170 110150.9512767702
115899.5027147191 107589.5014670807
115739.1609724768 113192.6729257764
129368.2090630696 114633.4884437267
129047.5255785851 113512.8541519876
134178.4613303377 121037.1129679503
128887.1838363428 115754.1227354658
128887.1838363428 116394.4851878882
134659.4865570644 115754.1227354658
125840.6907337397 120236.6599024224
128566.5003518583 110311.0418898758
131131.9682277346 115433.9415092547
135140.5117837912 116074.3039616770
131131.9682277346 125199.4689086956
112853.0096121160 109350.4982112422
132735.3856501572 123118.2909383230
135942.2204950026 114793.5790568323
129047.5255785851 111111.4949554037
117983.9453638686 115273.8508961491
119908.0462707758 111431.6761816149
119908.0462707758 118155.4819320497
118785.6540750799 118315.5725451553
125520.0072492552 121677.4754203727
121671.8054354407 115754.1227354658
127604.4498984047 115914.2133485714
113013.3513543583 114953.6696699379
122794.1976311366 127921.0093314907
113334.0348388428 111911.9480209317
127283.7664139201 109830.7700505590
127764.7916406469 120396.7505155280
131612.9934544614 123598.5627776397
129849.2342897964 117675.2100927329
126161.3742182242 115754.1227354658
114937.4522612655 110791.3137291926
133537.0943613686 115273.8508961491
134819.8282993067 112072.0386340373
115578.8192302345 107269.3202408696
124237.2733113170 129361.8248494410
115578.8192302345 108550.0451457143
127604.4498984047 110951.4043422981
128245.8168673737 117194.9382534161
130169.9177742809 123278.3815514286
119747.7045285335 110791.3137291926
125680.3489914974 131282.9122067081
118464.9705905954 117835.3007058385
116540.8696836882 121517.3848072671
108523.7825715747 107749.5920801863
124237.2733113170 114793.5790568323
134178.4613303377 112712.4010864596
128566.5003518583 108389.9545326087
109325.4912827861 110311.0418898758
123114.8811156211 114793.5790568323
113013.3513543583 107909.6826932919
121190.7802087139 126960.4656528571
133216.4108768840 116394.4851878882
121030.4384664716 110471.1325029814
129528.5508053119 110951.4043422981
117983.9453638686 122157.7472596895
132094.0186811881 114633.4884437267
124718.2985380438 130802.6403673913
125520.0072492552 119436.2068368944
119587.3627862912 117515.1194796273
117823.6036216263 117675.2100927329
134338.8030725799 114473.3978306211
111249.5921896933 108229.8639195031
123275.2228578634 110791.3137291926
136102.5622372449 117835.3007058385
130650.9430010077 115433.9415092547
134178.4613303377 117515.1194796273
129207.8673208273 114953.6696699379
135942.2204950026 111111.4949554037
132575.0439079150 112872.4916995652
114296.0852922964 114153.2166044099
111409.9339319356 108870.2263719255
124076.9315690747 119756.3880631056
112853.0096121160 106949.1390146584
119427.0210440490 114793.5790568323
126802.7411871933 121997.6566465838
126161.3742182242 130162.2779149690
124718.2985380438 129842.0966887578
125520.0072492552 122157.7472596895
123595.9063423479 107589.5014670807
119106.3375595644 107589.5014670807
122794.1976311366 111911.9480209317
113013.3513543583 109670.6794374534
116220.1861992036 113032.5823126708
115418.4774879923 110631.2231160870
133537.0943613686 114473.3978306211
131933.6769389459 122958.2003252174
125359.6655070129 111751.8574078261
120068.3880130180 125039.3782955901
135942.2204950026 112232.1292471428
125038.9820225284 122638.0190990062
130330.2595165232 116554.5758009938
126321.7159604665 128881.5530101242
119106.3375595644 122157.7472596895
123756.2480845902 126480.1938135404
129850.5412219167 135929.1157268223
129691.4874087500 136570.1434332078
130963.9179140833 142980.4204970633
129373.3797824167 134326.5464608584
131282.0255404167 141858.6220108885
129532.4335955833 135448.3449470331
129691.4874087500 138493.2265523644
128737.1645297500 135127.8310938404

116059.8444569613 114793.5790568323
119266.6793018067 116554.5758009938
109966.8582517552 111591.7667947205
125359.6655070129 118795.8443844720
110287.5417362397 110951.4043422981
121992.4889199253 111111.4949554037
123756.2480845902 109830.7700505590
127444.1081561624 125679.7407480124
122313.1724044098 128401.2811708075
131773.3351967036 124879.2876824845
137064.6126906985 115594.0321223602
112692.6678698737 108069.7733063975
117823.6036216263 117515.1194796273
129688.8925475541 115914.2133485714
132094.0186811881 114793.5790568323
135300.8535260335 118315.5725451553
129688.8925475541 117515.1194796273
124878.6402802861 130002.1873018633
121030.4384664716 111751.8574078261
118464.9705905954 121517.3848072671
128085.4751251315 112072.0386340373
128566.5003518583 123118.2909383230
134018.1195880954 121677.4754203727
108523.7825715747 108069.7733063975
112853.0096121160 112232.1292471428
134980.1700415490 117515.1194796273
118785.6540750799 121037.1129679503
129207.8673208273 117194.9382534161
125359.6655070129 121837.5660334783
125680.3489914974 108389.9545326087
124557.9567958016 115113.7602830435
115578.8192302345 120236.6599024224
120549.4132397449 108069.7733063975
135942.2204950026 118795.8443844720
118304.6288483531 115433.9415092547
111890.9591586624 109190.4075981366
111249.5921896933 107589.5014670807
125359.6655070129 110150.9512767702
135461.1952682758 117034.8476403105
115739.1609724768 107749.5920801863
118785.6540750799 122477.9284859006
116540.8696836882 119756.3880631056
116861.5531681727 119436.2068368944
114777.1105190232 118155.4819320497
124557.9567958016 111431.6761816149
111249.5921896933 111111.4949554037
112532.3261276314 115113.7602830435
134819.8282993067 112552.3104733540
130811.2847432500 110951.4043422981
120389.0714975026 115594.0321223602
121030.4384664716 117194.9382534161
131612.9934544614 113672.9447650932
116380.5279414459 121517.3848072671
128887.1838363428 114633.4884437267
125840.6907337397 131763.1840460249
126963.0829294356 122958.2003252174
125520.0072492552 130322.3685280745
112211.6426431469 107109.2296277640
130811.2847432500 116394.4851878882
128406.1586096160 114633.4884437267
117021.8949104150 107109.2296277640
125840.6907337397 118955.9349975776
109165.1495405438 108550.0451457143
136102.5622372449 115594.0321223602
129528.5508053119 124399.0158431677
134659.4865570644 118315.5725451553
113654.7183233273 116714.6664140994
122794.1976311366 124078.8346169565
123435.5646001057 107909.6826932919
113334.0348388428 117515.1194796273
121671.8054354407 120716.9317417391
124878.6402802861 117034.8476403105
131933.6769389459 122477.9284859006
125359.6655070129 130802.6403673913
127444.1081561624 123758.6533907454
117823.6036216263 122638.0190990062
127764.7916406469 107909.6826932919
108844.4660560593 107109.2296277640
135300.8535260335 108710.1357588199
118304.6288483531 117515.1194796273
134338.8030725799 116554.5758009938
127283.7664139201 109190.4075981366
110608.2252207242 111911.9480209317
124878.6402802861 127440.7374921739
119587.3627862912 109670.6794374534
125840.6907337397 114793.5790568323
122794.1976311366 127921.0093314907
111570.2756741778 112712.4010864596
117823.6036216263 114153.2166044099
113494.3765810851 114953.6696699379
127283.7664139201 127280.6468790683
126963.0829294356 116394.4851878882
118945.9958173222 120076.5692893168
119587.3627862912 112072.0386340373
122954.5393733789 110791.3137291926
129047.5255785851 110150.9512767702
132895.7273923995 118795.8443844720
125038.9820225284 121037.1129679503
129047.5255785851 115594.0321223602
119587.3627862912 118155.4819320497
112853.0096121160 114953.6696699379
123916.5898268325 119756.3880631056
126963.0829294356 124719.1970693789
130650.9430010077 112072.0386340373
124397.6150535593 125039.3782955901
111089.2504474510 113192.6729257764
131452.6517122191 125999.9219742236
120709.7549819871 113192.6729257764
118464.9705905954 116554.5758009938
129849.2342897964 117675.2100927329
109485.8330250284 108389.9545326087
119908.0462707758 110631.2231160870
130650.9430010077 115113.7602830435
122152.8306621675 122157.7472596895
127925.1333828892 114153.2166044099
133376.7526191263 121037.1129679503
117502.9201371417 113512.8541519876
123275.2228578634 125039.3782955901
124718.2985380438 125679.7407480124
130009.5760320387 119756.3880631056
130009.5760320387 120076.5692893168
116540.8696836882 115754.1227354658
130650.9430010077 119276.1162237888
118144.2871061108 110631.2231160870
116059.8444569613 121037.1129679503
127123.4246716778 126160.0125873292
133216.4108768840 110311.0418898758
114456.4270345387 116074.3039616770
122794.1976311366 115754.1227354658
123595.9063423479 125199.4689086956
124878.6402802861 121517.3848072671
128726.8420941005 109030.3169850311
124557.9567958016 112392.2198602485
120068.3880130180 124399.0158431677
124237.2733113170 125679.7407480124
116220.1861992036 107909.6826932919
122313.1724044098 126960.4656528571
114135.7435500541 118955.9349975776
118785.6540750799 107109.2296277640
119106.3375595644 121837.5660334783
133376.7526191263 116554.5758009938
126802.7411871933 124399.0158431677
117342.5783948995 121357.2941941615
125199.3237647706 118155.4819320497
108523.7825715747 109030.3169850311
119427.0210440490 118475.6631582609
126161.3742182242 125519.6501349068
135781.8787527603 113032.5823126708
127764.7916406469 117675.2100927329
121832.1471776830 125359.5595218012
119106.3375595644 119436.2068368944
123916.5898268325 129201.7342363354
131759.1869799167 148429.1560013404
132077.2946062500 149711.2114141114
130486.7564745833 138493.2265523644
129214.3259692500 136570.1434332078
129691.4874087500 133365.0049012801
129532.4335955833 137050.9142129970
129850.5412219167 134166.2895342620
131282.0255404167 143140.6774236596

134659.4865570644 120396.7505155280
124718.2985380438 118315.5725451553
126802.7411871933 118155.4819320497
132735.3856501572 116234.3945747826
124878.6402802861 124238.9252300621
131131.9682277346 119276.1162237888
111089.2504474510 107269.3202408696
134499.1448148222 109030.3169850311
115899.5027147191 113512.8541519876
136423.2457217294 110951.4043422981
129849.2342897964 124879.2876824845
117502.9201371417 109830.7700505590
134018.1195880954 117995.3913189441
130650.9430010077 110311.0418898758
113334.0348388428 115754.1227354658
135621.5370105180 113672.9447650932
112532.3261276314 112712.4010864596
120068.3880130180 109030.3169850311
124718.2985380438 118475.6631582609
126321.7159604665 109030.3169850311
130169.9177742809 116554.5758009938
124878.6402802861 110150.9512767702
128887.1838363428 124078.8346169565
124878.6402802861 123918.7440038509
128887.1838363428 109350.4982112422
134659.4865570644 112712.4010864596
124718.2985380438 111751.8574078261
133537.0943613686 122317.8378727950
132254.3604234304 108389.9545326087
123756.2480845902 117995.3913189441
121030.4384664716 107589.5014670807
136743.9292062139 113352.7635388820
118785.6540750799 118795.8443844720
131933.6769389459 119916.4786762112
133216.4108768840 109190.4075981366
133697.4361036108 120877.0223548447
121992.4889199253 120076.5692893168
123756.2480845902 122798.1097121118
130811.2847432500 123118.2909383230
119908.0462707758 119596.2974500000
128085.4751251315 109990.8606636646
116701.2114259304 111591.7667947205
118785.6540750799 117835.3007058385
129688.8925475541 108069.7733063975
126482.0577027088 123278.3815514286
131773.3351967036 121997.6566465838
134499.1448148222 112552.3104733540
111730.6174164201 113192.6729257764
134659.4865570644 110311.0418898758
118464.9705905954 107269.3202408696
123595.9063423479 121997.6566465838
121671.8054354407 126640.2844266460
119908.0462707758 108069.7733063975
126161.3742182242 120716.9317417391
119427.0210440490 117355.0288665217
132575.0439079150 121357.2941941615
126161.3742182242 114473.3978306211
118464.9705905954 111911.9480209317
123275.2228578634 118955.9349975776
118464.9705905954 120716.9317417391
128245.8168673737 114953.6696699379
134178.4613303377 116714.6664140994
117342.5783948995 119916.4786762112
121351.1219509562 121357.2941941615
134018.1195880954 120877.0223548447
116220.1861992036 121197.2035810559
117021.8949104150 118635.7537713664
130169.9177742809 113032.5823126708
128085.4751251315 123438.4721645342
137545.6379174253 115594.0321223602
112853.0096121160 116394.4851878882
118785.6540750799 117034.8476403105
127283.7664139201 119596.2974500000
123114.8811156211 128881.5530101242
122313.1724044098 123598.5627776397
130650.9430010077 115914.2133485714
127283.7664139201 117835.3007058385
126642.3994449510 114313.3072175155
128887.1838363428 112072.0386340373
131131.9682277346 111591.7667947205
131773.3351967036 118635.7537713664
126482.0577027088 129361.8248494410
114456.4270345387 117515.1194796273
127604.4498984047 109830.7700505590
132254.3604234304 108870.2263719255
118144.2871061108 115754.1227354658
114616.7687767809 106789.0484015528
113654.7183233273 116234.3945747826
119266.6793018067 113512.8541519876
123114.8811156211 109190.4075981366
114456.4270345387 117835.3007058385
133216.4108768840 116714.6664140994
116861.5531681727 111431.6761816149
131452.6517122191 121357.2941941615
135781.8787527603 114473.3978306211
127444.1081561624 108550.0451457143
118625.3123328376 121517.3848072671
135461.1952682758 114953.6696699379
130490.6012587655 108389.9545326087
131452.6517122191 120396.7505155280
130650.9430010077 121997.6566465838
134018.1195880954 108710.1357588199
129368.2090630696 113993.1259913043
134659.4865570644 116394.4851878882
126321.7159604665 124559.1064562733
122633.8558888943 127280.6468790683
134018.1195880954 114153.2166044099
121832.1471776830 120556.8411286335
115097.7940035077 112232.1292471428
126482.0577027088 115594.0321223602
131933.6769389459 112872.4916995652
131131.9682277346 115754.1227354658
123595.9063423479 116394.4851878882
128085.4751251315 117034.8476403105
135140.5117837912 113672.9447650932
120709.7549819871 114793.5790568323
123114.8811156211 117995.3913189441
127283.7664139201 110791.3137291926
123595.9063423479 117515.1194796273
131452.6517122191 118155.4819320497
126001.0324759820 111751.8574078261
130169.9177742809 117355.0288665217
120709.7549819871 125999.9219742236
123114.8811156211 111911.9480209317
130811.2847432500 113192.6729257764
124237.2733113170 121197.2035810559
117502.9201371417 122638.0190990062
132575.0439079150 121037.1129679503
124878.6402802861 118795.8443844720
129368.2090630696 121037.1129679503
114135.7435500541 107909.6826932919
120709.7549819871 123758.6533907454
129849.2342897964 117355.0288665217
133857.7778458531 121677.4754203727
125680.3489914974 129361.8248494410
118785.6540750799 117675.2100927329
118625.3123328376 118955.9349975776
119587.3627862912 117355.0288665217
109966.8582517552 111271.5855685093
133857.7778458531 111431.6761816149
129688.8925475541 111111.4949554037
122954.5393733789 116554.5758009938
111409.9339319356 110631.2231160870
135461.1952682758 113993.1259913043
131933.6769389459 122798.1097121118
122313.1724044098 117995.3913189441
132735.3856501572 114153.2166044099
129849.2342897964 114153.2166044099
123114.8811156211 126960.4656528571
119427.0210440490 116714.6664140994
115097.7940035077 108550.0451457143
129849.2342897964 108550.0451457143
131759.1869799167 146506.0728821837
130168.6488482500 138332.9696257681
130168.6488482500 135608.6018736295
132236.3484194167 149711.2114141114
130804.8641009167 139935.5388917319
130168.6488482500 140256.0527449247
130168.6488482500 137371.4280661898
131600.1331667500 144102.2189832380

