128556.7586383451 117116.1496470536
128396.8209177962 117758.0630194821
118960.4954054103 107166.4923744107
125517.9419479158 109573.6675210179
130476.0112849321 114869.4528435536
123598.6893013288 109894.6242072321
123758.6270218777 114067.0611280179
122479.1252574864 113585.6260986964
126637.5059917582 115992.8012453036
126637.5059917582 117597.5846763750
135753.9560630462 113104.1910693750
129036.5717999918 119362.8464505536
121199.6234930951 110376.0592365536
132235.3262109701 111820.3643245179
126957.3814328560 115350.8878728750
129836.2604027364 114067.0611280179
124558.3156246223 108771.2758054821
127437.1945945027 117437.1063332678
128556.7586383451 110215.5808934464
139272.5859151223 114708.9745004464
129036.5717999918 116153.2795884107
133994.6411370081 121449.0649109464
120879.7480519973 109894.6242072321
121039.6857725462 107487.4490606250
120080.0594492527 108289.8407761607
129036.5717999918 118239.4980488036
120719.8103314484 110376.0592365536
125997.7551095625 111017.9726089821
132875.0770931658 113425.1477555893
133354.8902548125 120165.2381660893
130635.9490054810 110857.4942658750
126797.4437123071 110536.5375796607
124718.2533451712 112622.7560400536
121039.6857725462 107968.8840899464
123438.7515807799 112943.7127262679
124878.1910657201 115992.8012453036
132395.2639315190 118720.9330781250
143430.9666493940 115832.3229021964
130476.0112849321 116795.1929608393
141991.5271644538 115350.8878728750
124078.5024629755 111820.3643245179
127597.1323150516 117758.0630194821
126317.6305506603 112783.2343831607
131595.5753287745 111659.8859814107
123278.8138602310 109734.1458641250
129676.3226821875 113585.6260986964
133994.6411370081 113585.6260986964
120879.7480519973 110697.0159227679
134794.3297397527 113425.1477555893
130156.1358438342 118399.9763919107
132875.0770931658 119041.8897643393
123598.6893013288 111178.4509520893
125198.0665068179 113425.1477555893
118320.7445232147 107006.0140313036
127757.0700356005 111338.9292951964
121199.6234930951 111820.3643245179
127277.2568739538 110055.1025503393
124078.5024629755 109573.6675210179
125198.0665068179 109413.1891779107
129516.3849616386 114067.0611280179
129996.1981232853 111017.9726089821
135594.0183424973 113425.1477555893
131595.5753287745 112943.7127262679
120559.8726108995 110536.5375796607
122159.2498163886 108289.8407761607
121359.5612136440 109734.1458641250
132555.2016520679 112622.7560400536
135434.0806219484 121128.1082247321
127437.1945945027 110536.5375796607
131915.4507698723 112301.7993538393
126317.6305506603 117918.5413625893
131915.4507698723 119683.8031367678
135114.2051808505 113425.1477555893
134794.3297397527 121930.4999402679
128876.6340794429 111820.3643245179
133354.8902548125 113104.1910693750
131755.5130493234 113264.6694124821
131275.6998876766 117437.1063332678
138632.8350329266 114067.0611280179
121679.4366547418 109092.2324916964
129676.3226821875 117918.5413625893
121519.4989341929 108129.3624330536
123278.8138602310 109573.6675210179
135753.9560630462 112943.7127262679
118640.6199643125 107326.9707175178

132555.2016520679 112622.7560400536
122639.0629780353 112943.7127262679
129516.3849616386 111659.8859814107
123598.6893013288 111338.9292951964
126477.5682712092 109573.6675210179
126957.3814328560 113906.5827849107
129836.2604027364 112301.7993538393
135274.1429013995 113906.5827849107
125677.8796684647 116955.6713039464
130156.1358438342 116474.2362746250
126637.5059917582 114388.0178142322
132235.3262109701 118399.9763919107
137353.3332685353 114227.5394711250
131595.5753287745 112141.3210107322
137833.1464301821 113906.5827849107
125997.7551095625 111659.8859814107
131915.4507698723 111499.4076383036
132715.1393726169 119523.3247936607
132875.0770931658 121128.1082247321
123438.7515807799 111017.9726089821
131115.7621671277 115350.8878728750
130316.0735643832 111499.4076383036
135114.2051808505 122251.4566264821
125198.0665068179 111178.4509520893
119280.3708465081 108610.7974623750
132235.3262109701 113585.6260986964
129196.5095205408 113585.6260986964
119600.2462876060 109573.6675210179
126797.4437123071 115511.3662159821
136713.5823863397 122732.8916558036
136713.5823863397 113425.1477555893
125677.8796684647 111659.8859814107
125837.8173890136 114067.0611280179
145350.2192959810 116313.7579315179
127597.1323150516 113746.1044418036
136393.7069452418 122411.9349695893
127117.3191534049 116313.7579315179
125837.8173890136 117276.6279901607
124078.5024629755 111017.9726089821
124878.1910657201 110376.0592365536
123918.5647424266 112783.2343831607
117201.1804793723 106043.1439726607
129196.5095205408 116955.6713039464
127277.2568739538 111659.8859814107
131115.7621671277 111499.4076383036
123758.6270218777 114548.4961573393
121359.5612136440 110376.0592365536
124398.3779040734 108771.2758054821
130156.1358438342 119362.8464505536
136233.7692246930 122732.8916558036
133994.6411370081 120325.7165091964
130476.0112849321 118720.9330781250
125517.9419479158 109092.2324916964
130795.8867260299 116955.6713039464
118960.4954054103 108610.7974623750
133514.8279753614 121449.0649109464
124558.3156246223 114708.9745004464
125997.7551095625 114227.5394711250
126797.4437123071 111980.8426676250
132235.3262109701 111980.8426676250
128076.9454766984 110055.1025503393
137833.1464301821 113585.6260986964
139592.4613562201 114227.5394711250
131115.7621671277 119041.8897643393
120399.9348903505 107647.9274037321
140072.2745178668 114548.4961573393
121519.4989341929 112141.3210107322
124558.3156246223 113104.1910693750
132715.1393726169 119202.3681074464
121199.6234930951 107647.9274037321
121359.5612136440 111178.4509520893
130156.1358438342 115029.9311866607
131595.5753287745 114869.4528435536
135594.0183424973 122251.4566264821
134794.3297397527 113264.6694124821
121839.3743752908 107968.8840899464
118480.6822437636 107647.9274037321
132875.0770931658 111820.3643245179
119920.1217287038 109252.7108348036
132395.2639315190 119362.8464505536
129516.3849616386 116795.1929608393
122958.9384191331 111178.4509520893
136393.7069452418 113906.5827849107
122159.2498163886 112943.7127262679
134954.2674603016 122251.4566264821

131595.5753287745 120486.1948523036
120399.9348903505 107326.9707175178
123438.7515807799 109252.7108348036
131115.7621671277 115671.8445590893
126957.3814328560 111338.9292951964
123438.7515807799 112301.7993538393
124238.4401835245 109894.6242072321
142951.1534877473 115511.3662159821
127757.0700356005 113746.1044418036
133674.7656959103 113104.1910693750
134634.3920192038 114067.0611280179
138472.8973123777 114227.5394711250
126317.6305506603 118079.0197056964
130316.0735643832 110857.4942658750
126477.5682712092 116634.7146177321
134314.5165781060 120165.2381660893
134794.3297397527 113746.1044418036
130476.0112849321 116955.6713039464
118960.4954054103 108610.7974623750
130795.8867260299 117276.6279901607
126957.3814328560 118399.9763919107
125517.9419479158 110215.5808934464
133674.7656959103 114548.4961573393
128556.7586383451 115671.8445590893
129836.2604027364 118079.0197056964
138952.7104740245 114388.0178142322
133354.8902548125 112783.2343831607
136713.5823863397 122732.8916558036
123918.5647424266 114067.0611280179
134954.2674603016 114067.0611280179
119920.1217287038 108771.2758054821
124078.5024629755 111499.4076383036
120879.7480519973 107647.9274037321
128236.8831972473 117276.6279901607
134794.3297397527 113264.6694124821
120080.0594492527 107166.4923744107
121999.3120958397 111980.8426676250
126317.6305506603 114227.5394711250
129516.3849616386 112783.2343831607
134474.4542986549 112462.2776969464
127277.2568739538 113264.6694124821
131435.6376082255 115511.3662159821
119600.2462876060 109413.1891779107
130476.0112849321 111178.4509520893
131115.7621671277 113906.5827849107
123918.5647424266 110376.0592365536
133035.0148137147 120967.6298816250
131755.5130493234 113585.6260986964
129836.2604027364 116955.6713039464
132555.2016520679 112301.7993538393
125837.8173890136 116153.2795884107
126957.3814328560 116153.2795884107
126797.4437123071 116153.2795884107
124078.5024629755 113425.1477555893
118960.4954054103 107968.8840899464
124398.3779040734 114227.5394711250
133354.8902548125 112141.3210107322
130955.8244465788 118079.0197056964
120239.9971698016 109252.7108348036
132235.3262109701 111659.8859814107
126317.6305506603 110215.5808934464
127117.3191534049 113104.1910693750
119280.3708465081 107808.4057468393
129516.3849616386 118881.4114212321
132075.3884904212 120325.7165091964
124078.5024629755 111178.4509520893
134954.2674603016 121128.1082247321
129356.4472410897 111980.8426676250
128556.7586383451 114869.4528435536
134794.3297397527 113906.5827849107
123598.6893013288 113746.1044418036
128076.9454766984 117437.1063332678
139592.4613562201 114708.9745004464
126477.5682712092 111659.8859814107
129996.1981232853 117437.1063332678
120559.8726108995 108771.2758054821
126157.6928301114 115671.8445590893
125837.8173890136 113104.1910693750
126797.4437123071 116795.1929608393
137353.3332685353 123214.3266851250
129836.2604027364 114067.0611280179
124718.2533451712 110055.1025503393
125837.8173890136 111820.3643245179
119600.2462876060 107326.9707175178
131435.6376082255 111499.4076383036

131435.6376082255 118079.0197056964
129836.2604027364 116153.2795884107
132555.2016520679 119202.3681074464
121679.4366547418 112462.2776969464
125837.8173890136 116313.7579315179
125517.9419479158 110536.5375796607
128876.6340794429 111499.4076383036
123918.5647424266 112462.2776969464
121839.3743752908 110376.0592365536
130316.0735643832 114548.4961573393
122958.9384191331 113104.1910693750
127117.3191534049 115671.8445590893
132075.3884904212 113104.1910693750
132075.3884904212 119202.3681074464
126317.6305506603 111017.9726089821
130635.9490054810 114708.9745004464
127437.1945945027 114227.5394711250
121839.3743752908 111178.4509520893
131435.6376082255 115350.8878728750
123438.7515807799 108771.2758054821
128076.9454766984 115029.9311866607
134794.3297397527 113746.1044418036
132395.2639315190 113264.6694124821
121999.3120958397 112622.7560400536
120559.8726108995 109894.6242072321
131115.7621671277 117276.6279901607
134314.5165781060 121128.1082247321
128236.8831972473 117437.1063332678
138312.9595918288 114388.0178142322
128876.6340794429 112301.7993538393
123438.7515807799 110376.0592365536
123598.6893013288 114548.4961573393
130156.1358438342 119683.8031367678
133354.8902548125 121449.0649109464
131755.5130493234 113264.6694124821
136553.6446657908 122090.9782833750
124398.3779040734 110376.0592365536
120399.9348903505 108450.3191192679
136073.8315041440 122572.4133126964
121519.4989341929 107968.8840899464
133674.7656959103 119523.3247936607
122639.0629780353 110536.5375796607
123918.5647424266 108450.3191192679
124558.3156246223 108771.2758054821
119600.2462876060 106845.5356881964
121359.5612136440 110536.5375796607
120239.9971698016 109573.6675210179
128876.6340794429 118881.4114212321
119760.1840081549 108610.7974623750
124238.4401835245 108931.7541485893
128076.9454766984 117437.1063332678
134634.3920192038 113585.6260986964
125837.8173890136 110055.1025503393
134154.5788575571 112462.2776969464
130955.8244465788 112622.7560400536
129676.3226821875 113425.1477555893
143750.8420904918 115671.8445590893
124878.1910657201 114708.9745004464
130316.0735643832 117276.6279901607
129996.1981232853 115671.8445590893
135913.8937835951 113264.6694124821
126637.5059917582 118079.0197056964
126477.5682712092 118399.9763919107
131435.6376082255 113746.1044418036
133674.7656959103 119683.8031367678
124558.3156246223 111338.9292951964
135274.1429013995 121128.1082247321
129836.2604027364 117276.6279901607
125038.1287862690 109894.6242072321
126317.6305506603 110215.5808934464
129676.3226821875 116474.2362746250
133354.8902548125 112622.7560400536
135274.1429013995 112943.7127262679
131435.6376082255 119041.8897643393
123438.7515807799 113585.6260986964
122479.1252574864 111338.9292951964
132875.0770931658 113585.6260986964
118000.8690821168 107166.4923744107
143590.9043699429 115832.3229021964
124078.5024629755 115029.9311866607
118800.5576848614 106685.0573450893
126957.3814328560 113425.1477555893
128716.6963588940 115832.3229021964
123918.5647424266 115511.3662159821
126317.6305506603 116955.6713039464

121519.4989341929 111820.3643245179
129676.3226821875 115029.9311866607
129996.1981232853 115029.9311866607
125997.7551095625 109252.7108348036
126957.3814328560 110055.1025503393
120080.0594492527 107326.9707175178
119760.1840081549 107808.4057468393
124078.5024629755 109413.1891779107
126957.3814328560 115350.8878728750
131435.6376082255 114869.4528435536
130635.9490054810 118720.9330781250
129996.1981232853 115832.3229021964
129836.2604027364 112141.3210107322
129996.1981232853 113585.6260986964
126637.5059917582 116153.2795884107
144550.5306932364 115992.8012453036
128076.9454766984 115671.8445590893
123758.6270218777 109894.6242072321
122319.1875369375 108610.7974623750
119920.1217287038 109734.1458641250
134474.4542986549 114388.0178142322
136393.7069452418 122411.9349695893
132555.2016520679 111820.3643245179
132715.1393726169 113264.6694124821
123918.5647424266 112462.2776969464
129516.3849616386 118079.0197056964
130476.0112849321 117597.5846763750
133514.8279753614 111980.8426676250
129036.5717999918 118720.9330781250
128236.8831972473 110055.1025503393
120399.9348903505 109734.1458641250
134954.2674603016 113425.1477555893
133994.6411370081 120967.6298816250
124878.1910657201 108771.2758054821
134154.5788575571 114869.4528435536
130955.8244465788 119202.3681074464
121839.3743752908 110376.0592365536
121039.6857725462 109252.7108348036
130316.0735643832 119362.8464505536
128236.8831972473 117276.6279901607
133514.8279753614 120165.2381660893
119600.2462876060 109252.7108348036
130635.9490054810 114548.4961573393
135274.1429013995 113104.1910693750
133834.7034164592 120486.1948523036
124558.3156246223 108771.2758054821
126637.5059917582 112141.3210107322
132075.3884904212 115350.8878728750
119120.4331259592 107326.9707175178
122639.0629780353 113264.6694124821
140552.0876795136 114548.4961573393
133674.7656959103 120004.7598229821
127277.2568739538 112943.7127262679
130635.9490054810 112783.2343831607
130635.9490054810 119844.2814798750
123758.6270218777 114227.5394711250
135594.0183424973 121930.4999402679
132555.2016520679 112622.7560400536
128876.6340794429 111017.9726089821
132235.3262109701 120486.1948523036
130955.8244465788 115350.8878728750
129676.3226821875 113425.1477555893
121039.6857725462 111178.4509520893
129196.5095205408 111338.9292951964
129516.3849616386 118399.9763919107
137033.4578274375 113906.5827849107
121359.5612136440 111338.9292951964
135913.8937835951 113104.1910693750
133674.7656959103 119844.2814798750
122319.1875369375 112943.7127262679
123918.5647424266 115350.8878728750
120399.9348903505 108129.3624330536
131915.4507698723 120325.7165091964
128236.8831972473 118079.0197056964
123278.8138602310 111980.8426676250
123598.6893013288 114548.4961573393
122479.1252574864 111178.4509520893
127917.0077561495 115992.8012453036
122479.1252574864 110215.5808934464
131115.7621671277 113425.1477555893
127117.3191534049 117437.1063332678
124398.3779040734 110857.4942658750
123758.6270218777 108931.7541485893
130316.0735643832 114388.0178142322
135594.0183424973 122090.9782833750

138153.0218712799 114388.0178142322
129836.2604027364 116955.6713039464
123918.5647424266 109573.6675210179
136553.6446657908 122090.9782833750
123438.7515807799 111499.4076383036
124238.4401835245 112943.7127262679
134314.5165781060 113906.5827849107
136393.7069452418 122251.4566264821
132395.2639315190 112301.7993538393
135434.0806219484 113264.6694124821
137673.2087096332 114227.5394711250
125358.0042273668 112783.2343831607
129516.3849616386 118560.4547350178
126477.5682712092 117758.0630194821
130156.1358438342 117276.6279901607
135913.8937835951 122411.9349695893
118320.7445232147 106845.5356881964
120879.7480519973 111178.4509520893
124078.5024629755 109252.7108348036
132235.3262109701 111820.3643245179
119600.2462876060 109573.6675210179
130476.0112849321 114227.5394711250
128396.8209177962 113906.5827849107
125358.0042273668 114067.0611280179
129676.3226821875 111499.4076383036
120719.8103314484 110376.0592365536
130635.9490054810 112141.3210107322
130795.8867260299 120004.7598229821
134794.3297397527 113906.5827849107
122479.1252574864 110376.0592365536
130476.0112849321 115511.3662159821
139592.4613562201 114227.5394711250
129676.3226821875 110857.4942658750
127597.1323150516 114869.4528435536
131115.7621671277 113264.6694124821
127277.2568739538 115511.3662159821
119760.1840081549 107647.9274037321
130476.0112849321 113906.5827849107
135434.0806219484 122251.4566264821
132235.3262109701 115190.4095297679
124878.1910657201 111338.9292951964
133834.7034164592 120646.6731954107
124878.1910657201 113746.1044418036
134954.2674603016 122090.9782833750
120239.9971698016 109894.6242072321
136073.8315041440 113906.5827849107
130635.9490054810 119683.8031367678
138472.8973123777 113906.5827849107
127757.0700356005 111017.9726089821
125677.8796684647 113104.1910693750
131435.6376082255 112301.7993538393
126797.4437123071 113104.1910693750
127917.0077561495 119202.3681074464
129036.5717999918 112622.7560400536
131435.6376082255 117758.0630194821
135594.0183424973 121770.0215971607
133035.0148137147 113264.6694124821
130156.1358438342 118720.9330781250
131275.6998876766 115029.9311866607
127917.0077561495 111499.4076383036
132715.1393726169 113264.6694124821
123918.5647424266 109734.1458641250
120399.9348903505 109092.2324916964
120719.8103314484 108129.3624330536
128396.8209177962 111499.4076383036
136713.5823863397 114227.5394711250
119920.1217287038 109894.6242072321
124398.3779040734 108931.7541485893
134154.5788575571 121288.5865678393
132555.2016520679 112783.2343831607
128236.8831972473 111820.3643245179
138952.7104740245 114708.9745004464
134154.5788575571 112462.2776969464
133514.8279753614 120807.1515385178
125358.0042273668 115350.8878728750
119920.1217287038 109413.1891779107
121999.3120958397 112141.3210107322
122479.1252574864 112622.7560400536
144390.5929726875 115992.8012453036
123758.6270218777 113585.6260986964
130795.8867260299 115511.3662159821
128556.7586383451 117437.1063332678
133674.7656959103 112301.7993538393
141831.5894439049 115350.8878728750
129836.2604027364 114869.4528435536

130635.9490054810 116955.6713039464
130476.0112849321 120325.7165091964
119120.4331259592 107326.9707175178
130955.8244465788 113425.1477555893
122639.0629780353 112622.7560400536
135594.0183424973 114067.0611280179
121999.3120958397 112141.3210107322
133194.9525342636 112783.2343831607
130156.1358438342 115029.9311866607
129836.2604027364 117597.5846763750
123918.5647424266 108771.2758054821
129836.2604027364 116313.7579315179
126957.3814328560 115511.3662159821
121199.6234930951 111017.9726089821
122639.0629780353 112943.7127262679
126317.6305506603 112301.7993538393
131595.5753287745 117918.5413625893
127277.2568739538 115671.8445590893
134474.4542986549 114708.9745004464
123758.6270218777 114067.0611280179
131435.6376082255 120486.1948523036
139592.4613562201 114388.0178142322
124878.1910657201 113746.1044418036
129196.5095205408 112141.3210107322
136713.5823863397 122572.4133126964
126637.5059917582 109573.6675210179
123438.7515807799 108450.3191192679
124878.1910657201 112783.2343831607
133194.9525342636 119362.8464505536
133994.6411370081 120004.7598229821
122958.9384191331 113264.6694124821
132875.0770931658 112943.7127262679
130635.9490054810 111980.8426676250
122799.0006985842 108129.3624330536
128236.8831972473 119362.8464505536
127757.0700356005 117918.5413625893
124238.4401835245 109092.2324916964
126317.6305506603 110215.5808934464
123438.7515807799 114708.9745004464
130795.8867260299 112783.2343831607
133354.8902548125 120646.6731954107
129516.3849616386 118399.9763919107
124558.3156246223 108771.2758054821
128076.9454766984 114227.5394711250
126477.5682712092 117758.0630194821
123118.8761396821 111659.8859814107
128396.8209177962 117116.1496470536
136713.5823863397 113585.6260986964
120559.8726108995 110857.4942658750
124558.3156246223 115029.9311866607
126157.6928301114 111820.3643245179
132555.2016520679 119844.2814798750
133354.8902548125 113264.6694124821
124718.2533451712 109734.1458641250
126957.3814328560 115350.8878728750
128076.9454766984 117758.0630194821
130635.9490054810 113906.5827849107
119920.1217287038 109413.1891779107
134954.2674603016 121609.5432540536
132235.3262109701 111820.3643245179
136233.7692246930 113906.5827849107
122159.2498163886 109092.2324916964
128876.6340794429 117276.6279901607
128556.7586383451 116795.1929608393
118640.6199643125 106524.5790019821
124878.1910657201 115350.8878728750
134154.5788575571 121609.5432540536
120399.9348903505 107487.4490606250
117840.9313615679 107006.0140313036
142951.1534877473 115350.8878728750
130955.8244465788 114388.0178142322
126957.3814328560 111659.8859814107
133994.6411370081 112301.7993538393
123598.6893013288 109092.2324916964
133354.8902548125 112301.7993538393
128876.6340794429 119202.3681074464
131915.4507698723 114067.0611280179
120719.8103314484 107326.9707175178
125837.8173890136 112301.7993538393
137833.1464301821 114388.0178142322
130795.8867260299 120004.7598229821
135114.2051808505 114388.0178142322
127757.0700356005 116955.6713039464
125517.9419479158 116474.2362746250
125997.7551095625 115511.3662159821

126957.3814328560 110376.0592365536
130156.1358438342 119041.8897643393
129996.1981232853 118239.4980488036
122639.0629780353 109252.7108348036
134154.5788575571 121930.4999402679
130316.0735643832 116795.1929608393
123758.6270218777 110857.4942658750
123918.5647424266 114548.4961573393
127117.3191534049 117437.1063332678
137033.4578274375 122732.8916558036
134474.4542986549 113585.6260986964
127757.0700356005 113104.1910693750
121039.6857725462 109252.7108348036
132075.3884904212 112943.7127262679
130476.0112849321 118079.0197056964
128236.8831972473 115350.8878728750
136393.7069452418 113906.5827849107
135274.1429013995 113746.1044418036
134794.3297397527 121449.0649109464
134634.3920192038 120646.6731954107
121039.6857725462 107968.8840899464
129996.1981232853 111017.9726089821
134154.5788575571 121288.5865678393
130955.8244465788 115671.8445590893
123918.5647424266 113585.6260986964
133035.0148137147 121128.1082247321
122159.2498163886 111178.4509520893
127597.1323150516 117918.5413625893
130955.8244465788 119041.8897643393
129836.2604027364 118720.9330781250
125677.8796684647 112301.7993538393
126157.6928301114 114548.4961573393
120399.9348903505 109252.7108348036
124878.1910657201 112943.7127262679
124398.3779040734 113906.5827849107
122479.1252574864 111820.3643245179
123438.7515807799 112783.2343831607
124078.5024629755 110697.0159227679
130476.0112849321 113104.1910693750
129196.5095205408 117437.1063332678
130955.8244465788 117276.6279901607
128716.6963588940 110536.5375796607
129836.2604027364 115832.3229021964
126797.4437123071 111499.4076383036
120239.9971698016 108931.7541485893
121839.3743752908 111017.9726089821
120559.8726108995 108450.3191192679
123918.5647424266 115511.3662159821
126477.5682712092 110536.5375796607
135114.2051808505 113104.1910693750
127277.2568739538 112783.2343831607
126637.5059917582 109734.1458641250
125677.8796684647 114227.5394711250
121039.6857725462 109894.6242072321
137353.3332685353 113425.1477555893
124238.4401835245 108771.2758054821
124878.1910657201 115029.9311866607
134474.4542986549 114067.0611280179
120399.9348903505 107647.9274037321
136073.8315041440 113104.1910693750
125677.8796684647 117437.1063332678
133834.7034164592 112783.2343831607
127117.3191534049 113425.1477555893
126637.5059917582 116474.2362746250
130476.0112849321 117597.5846763750
120399.9348903505 110215.5808934464
134314.5165781060 113425.1477555893
130316.0735643832 113585.6260986964
130635.9490054810 118079.0197056964
124878.1910657201 112622.7560400536
132715.1393726169 112622.7560400536
129676.3226821875 116795.1929608393
133194.9525342636 121288.5865678393
134154.5788575571 112783.2343831607
130955.8244465788 114548.4961573393
124718.2533451712 109573.6675210179
133514.8279753614 121288.5865678393
129516.3849616386 112622.7560400536
130316.0735643832 118881.4114212321
124718.2533451712 113104.1910693750
130156.1358438342 118881.4114212321
126957.3814328560 116313.7579315179
128716.6963588940 116313.7579315179
118800.5576848614 107968.8840899464
129836.2604027364 117758.0630194821

132875.0770931658 120004.7598229821
134954.2674603016 113104.1910693750
119600.2462876060 107326.9707175178
120239.9971698016 109252.7108348036
126157.6928301114 115511.3662159821
132075.3884904212 119683.8031367678
142151.4648850027 115511.3662159821
137993.0841507310 113906.5827849107
123438.7515807799 114388.0178142322
124558.3156246223 114067.0611280179
126477.5682712092 114227.5394711250
132075.3884904212 111980.8426676250
133994.6411370081 114869.4528435536
125837.8173890136 111017.9726089821
132235.3262109701 113264.6694124821
128236.8831972473 115350.8878728750
126957.3814328560 117437.1063332678
126637.5059917582 114227.5394711250
124558.3156246223 115350.8878728750
132395.2639315190 113585.6260986964
121199.6234930951 111499.4076383036
125517.9419479158 117116.1496470536
123118.8761396821 108610.7974623750
127757.0700356005 117758.0630194821
132875.0770931658 118881.4114212321
125038.1287862690 110215.5808934464
120399.9348903505 107968.8840899464
129356.4472410897 112301.7993538393
118960.4954054103 107808.4057468393
133194.9525342636 112462.2776969464
120559.8726108995 107968.8840899464
123118.8761396821 110055.1025503393
124238.4401835245 115190.4095297679
127757.0700356005 113585.6260986964
129196.5095205408 119041.8897643393
136873.5201068886 122893.3699989107
129196.5095205408 111178.4509520893
138952.7104740245 114067.0611280179
119920.1217287038 109573.6675210179
129516.3849616386 110697.0159227679
124878.1910657201 115190.4095297679
132075.3884904212 118881.4114212321
134634.3920192038 114708.9745004464
129036.5717999918 115029.9311866607
122799.0006985842 111178.4509520893
129836.2604027364 111338.9292951964
129996.1981232853 118720.9330781250
126157.6928301114 109894.6242072321
131755.5130493234 113425.1477555893
124878.1910657201 116313.7579315179
123918.5647424266 114708.9745004464
133514.8279753614 121288.5865678393
127277.2568739538 118239.4980488036
129356.4472410897 117116.1496470536
133994.6411370081 120967.6298816250
136393.7069452418 122411.9349695893
130635.9490054810 115511.3662159821
131915.4507698723 115190.4095297679
133674.7656959103 112301.7993538393
129996.1981232853 114548.4961573393
132715.1393726169 119202.3681074464
120559.8726108995 110055.1025503393
130476.0112849321 114388.0178142322
119600.2462876060 107968.8840899464
120879.7480519973 111017.9726089821
144710.4684137853 116153.2795884107
135913.8937835951 122251.4566264821
133994.6411370081 121449.0649109464
129356.4472410897 118720.9330781250
133194.9525342636 113425.1477555893
131115.7621671277 115190.4095297679
128556.7586383451 119202.3681074464
134794.3297397527 121449.0649109464
126477.5682712092 117597.5846763750
125517.9419479158 113425.1477555893
127117.3191534049 111980.8426676250
134954.2674603016 113585.6260986964
135594.0183424973 113585.6260986964
128396.8209177962 112141.3210107322
130635.9490054810 119844.2814798750
133994.6411370081 112783.2343831607
128396.8209177962 110215.5808934464
128236.8831972473 110055.1025503393
130955.8244465788 111499.4076383036
123118.8761396821 109734.1458641250

130476.0112849321 119844.2814798750
131435.6376082255 118239.4980488036
128716.6963588940 116474.2362746250
129036.5717999918 116313.7579315179
139752.3990767690 114708.9745004464
127597.1323150516 114388.0178142322
139112.6481945734 114067.0611280179
128716.6963588940 112943.7127262679
124878.1910657201 111820.3643245179
130955.8244465788 111338.9292951964
123278.8138602310 109734.1458641250
119920.1217287038 108289.8407761607
117201.1804793723 106203.6223157679
137673.2087096332 114067.0611280179
123598.6893013288 111499.4076383036
118160.8068026658 106685.0573450893
134794.3297397527 121288.5865678393
123438.7515807799 111980.8426676250
144230.6552521386 115992.8012453036
129836.2604027364 115992.8012453036
133354.8902548125 120486.1948523036
127597.1323150516 111980.8426676250
143590.9043699429 115671.8445590893
122958.9384191331 114067.0611280179
124238.4401835245 115671.8445590893
134954.2674603016 114388.0178142322
125038.1287862690 115832.3229021964
134474.4542986549 121288.5865678393
128076.9454766984 113425.1477555893
134634.3920192038 112462.2776969464
129356.4472410897 118079.0197056964
122479.1252574864 108289.8407761607
133354.8902548125 114869.4528435536
119280.3708465081 107487.4490606250
120399.9348903505 110376.0592365536
132875.0770931658 119362.8464505536
132555.2016520679 118560.4547350178
125198.0665068179 116474.2362746250
121839.3743752908 110055.1025503393
123278.8138602310 108610.7974623750
121999.3120958397 109413.1891779107
125997.7551095625 112141.3210107322
119600.2462876060 108289.8407761607
131435.6376082255 118079.0197056964
120399.9348903505 107326.9707175178
123758.6270218777 109413.1891779107
144710.4684137853 115992.8012453036
122958.9384191331 112462.2776969464
126477.5682712092 109413.1891779107
125517.9419479158 111980.8426676250
123278.8138602310 114708.9745004464
127917.0077561495 117116.1496470536
133994.6411370081 121609.5432540536
128396.8209177962 112462.2776969464
130476.0112849321 114708.9745004464
131915.4507698723 120004.7598229821
122159.2498163886 109894.6242072321
137193.3955479864 113425.1477555893
120399.9348903505 107808.4057468393
121519.4989341929 109252.7108348036
130795.8867260299 120325.7165091964
138153.0218712799 114227.5394711250
136393.7069452418 113425.1477555893
126957.3814328560 116153.2795884107
139272.5859151223 114067.0611280179
127757.0700356005 114869.4528435536
124078.5024629755 114708.9745004464
128396.8209177962 117597.5846763750
126317.6305506603 113585.6260986964
133194.9525342636 112783.2343831607
137993.0841507310 113906.5827849107
142791.2157671984 115671.8445590893
126637.5059917582 116313.7579315179
135594.0183424973 113104.1910693750
129996.1981232853 115029.9311866607
132075.3884904212 111980.8426676250
124558.3156246223 116153.2795884107
122799.0006985842 109413.1891779107
118640.6199643125 106845.5356881964
133834.7034164592 120165.2381660893
136073.8315041440 122572.4133126964
128396.8209177962 114388.0178142322
130316.0735643832 114067.0611280179
132235.3262109701 113585.6260986964
138472.8973123777 114388.0178142322

136873.5201068886 123053.8483420179
134154.5788575571 120646.6731954107
131915.4507698723 120325.7165091964
132235.3262109701 119202.3681074464
127437.1945945027 118239.4980488036
131275.6998876766 117918.5413625893
125358.0042273668 117276.6279901607
130476.0112849321 117276.6279901607
128076.9454766984 116795.1929608393
124878.1910657201 116313.7579315179
127757.0700356005 115832.3229021964
128876.6340794429 115671.8445590893
126797.4437123071 115511.3662159821
141031.9008411603 115029.9311866607
141351.7762822582 114869.4528435536
126477.5682712092 114708.9745004464
128076.9454766984 114708.9745004464
138472.8973123777 114548.4961573393
138952.7104740245 114067.0611280179
139432.5236356712 114067.0611280179
128556.7586383451 113906.5827849107
125997.7551095625 113746.1044418036
136553.6446657908 113746.1044418036
128076.9454766984 113425.1477555893
127437.1945945027 113264.6694124821
122479.1252574864 113104.1910693750
135913.8937835951 113104.1910693750
127757.0700356005 112943.7127262679
125677.8796684647 112622.7560400536
133514.8279753614 112301.7993538393
123278.8138602310 111338.9292951964
125997.7551095625 111338.9292951964
130635.9490054810 111017.9726089821
120239.9971698016 110376.0592365536
123918.5647424266 110055.1025503393
122799.0006985842 109573.6675210179
123918.5647424266 109092.2324916964
119600.2462876060 108610.7974623750
119920.1217287038 107006.0140313036
128876.6340794429 112462.2776969464
121359.5612136440 108771.2758054821
122159.2498163886 108931.7541485893
125997.7551095625 118399.9763919107
120879.7480519973 107968.8840899464
137033.4578274375 114067.0611280179
129196.5095205408 118881.4114212321
136233.7692246930 121930.4999402679
130955.8244465788 114388.0178142322
131915.4507698723 111499.4076383036
130795.8867260299 120325.7165091964
118480.6822437636 106685.0573450893
119920.1217287038 107326.9707175178
121999.3120958397 112301.7993538393
123278.8138602310 114708.9745004464
128076.9454766984 115992.8012453036
123118.8761396821 109734.1458641250
119280.3708465081 107647.9274037321
134474.4542986549 114708.9745004464
125198.0665068179 115671.8445590893
124238.4401835245 110376.0592365536
133354.8902548125 114869.4528435536
135434.0806219484 114388.0178142322
127437.1945945027 110055.1025503393
129356.4472410897 116313.7579315179
129996.1981232853 111820.3643245179
118160.8068026658 107166.4923744107
131915.4507698723 113264.6694124821
126317.6305506603 113585.6260986964
132715.1393726169 113104.1910693750
124558.3156246223 114227.5394711250
126317.6305506603 111820.3643245179
134794.3297397527 121288.5865678393
133035.0148137147 113104.1910693750
131915.4507698723 119041.8897643393
119920.1217287038 109734.1458641250
119600.2462876060 109573.6675210179
136553.6446657908 122893.3699989107
135913.8937835951 122572.4133126964
131275.6998876766 112783.2343831607
134474.4542986549 121288.5865678393
133514.8279753614 120004.7598229821
129996.1981232853 119362.8464505536
125517.9419479158 111499.4076383036
126317.6305506603 118399.9763919107
119440.3085670571 109092.2324916964

136553.6446657908 122893.3699989107
136073.8315041440 122411.9349695893
135114.2051808505 122251.4566264821
135913.8937835951 121609.5432540536
133035.0148137147 120807.1515385178
132075.3884904212 120486.1948523036
130635.9490054810 120325.7165091964
129836.2604027364 119362.8464505536
129516.3849616386 118720.9330781250
130476.0112849321 118079.0197056964
131915.4507698723 117918.5413625893
124878.1910657201 116474.2362746250
124558.3156246223 116313.7579315179
139592.4613562201 114869.4528435536
141351.7762822582 114869.4528435536
127597.1323150516 114388.0178142322
136073.8315041440 114388.0178142322
125517.9419479158 114227.5394711250
137353.3332685353 114227.5394711250
138153.0218712799 113746.1044418036
128076.9454766984 113425.1477555893
123758.6270218777 113264.6694124821
132235.3262109701 113264.6694124821
125198.0665068179 112462.2776969464
121839.3743752908 112301.7993538393
121199.6234930951 111820.3643245179
121999.3120958397 111820.3643245179
132555.2016520679 111820.3643245179
125677.8796684647 111017.9726089821
127757.0700356005 111017.9726089821
123118.8761396821 110857.4942658750
129356.4472410897 110857.4942658750
122479.1252574864 109413.1891779107
125677.8796684647 109413.1891779107
124398.3779040734 108610.7974623750
120879.7480519973 108129.3624330536
121679.4366547418 107808.4057468393
118640.6199643125 106524.5790019821
128716.6963588940 117276.6279901607
126637.5059917582 118399.9763919107
119440.3085670571 108450.3191192679
130795.8867260299 113104.1910693750
130795.8867260299 119844.2814798750
129516.3849616386 118560.4547350178
133834.7034164592 113585.6260986964
127757.0700356005 115190.4095297679
124078.5024629755 109894.6242072321
128076.9454766984 111659.8859814107
126157.6928301114 112141.3210107322
131115.7621671277 117597.5846763750
138792.7727534756 114548.4961573393
118960.4954054103 106685.0573450893
134794.3297397527 114067.0611280179
125517.9419479158 116955.6713039464
125837.8173890136 115671.8445590893
124878.1910657201 115350.8878728750
139272.5859151223 114708.9745004464
132395.2639315190 120165.2381660893
134954.2674603016 114548.4961573393
121359.5612136440 111980.8426676250
138952.7104740245 114067.0611280179
130795.8867260299 118720.9330781250
131595.5753287745 112301.7993538393
120239.9971698016 109894.6242072321
133354.8902548125 120004.7598229821
140392.1499589647 114869.4528435536
129036.5717999918 116474.2362746250
125517.9419479158 116153.2795884107
130795.8867260299 120165.2381660893
131275.6998876766 118399.9763919107
120239.9971698016 110055.1025503393
126797.4437123071 111338.9292951964
123118.8761396821 108610.7974623750
124398.3779040734 110697.0159227679
122799.0006985842 109092.2324916964
127437.1945945027 113585.6260986964
139912.3367973179 114548.4961573393
130476.0112849321 120004.7598229821
141031.9008411603 115029.9311866607
127117.3191534049 115992.8012453036
126477.5682712092 114227.5394711250
134474.4542986549 114548.4961573393
130156.1358438342 118399.9763919107
133514.8279753614 114548.4961573393
128556.7586383451 111980.8426676250

