257855448.4509736598 2331006.1201171875
259303879.6977331340 2336776.4033203125
251197674.2761406600 2273819.4277343750
256377055.7570179403 2320599.8935546875
251641113.6096223891 2275772.3232421875
256906633.2960388362 2322532.1962890625
254122009.0102179050 2317400.1835937500
253476731.4054948390 2314368.0244140625
250652043.7920300663 2256328.1933593750
252749727.3663963377 2308664.3212890625
255667176.1352324784 2319099.3828125000
250707971.7474284768 2273240.4101562500
263739312.3263070285 2360772.2304687500
258119866.9698264003 2336636.4931640625
249388992.4296260178 2254284.9296875000
260932225.1125051975 2340953.7001953125
257303032.2276256680 2328673.2705078125
261703323.1885395944 2346099.8388671875
256667976.1957565248 2322210.4453125000
251658488.9792096913 2294758.8906250000
