254505550.7214849591 2575867.0830078125
267241694.2197864056 2677583.0019531250
264665805.9386179149 2673758.1230468750
259211536.4190731645 2622027.9023437500
259083361.5258690119 2616863.0146484375
255280766.6787601113 2588263.1201171875
260344099.3671035171 2638066.3847656250
257888196.0902799368 2616580.0996093750
257206891.6015198529 2605550.6865234375
261771346.0035005510 2665863.8125000000
260835968.3500465155 2653711.2285156250
256889197.0909487605 2597928.9755859375
261700074.8406597078 2655397.8349609375
259526518.6699019969 2634828.1552734375
260478735.1881884038 2646371.4960937500
263108687.9600723088 2667704.2275390625
259460744.8808062971 2624853.4052734375
