141832.2757198488 138603.2789695676
136102.0329456163 140519.4796458919
138171.2872807558 142116.3135428288
134351.1254312674 143074.4138809910
139126.3277431279 135888.6613447748
141354.7554886628 138283.9121901802
133714.4317896861 142435.6803222162
136738.7265871977 139880.7460871171
131008.4838129651 141796.9467634415
141832.2757198488 142275.9969325225
136738.7265871977 134291.8274478379
138967.1543327325 127585.1250807027
135624.5127144302 134451.5108375315
138171.2872807558 141477.5799840541
141195.5820782674 141317.8965943604
138012.1138703605 130619.1094848829
140558.8884366860 138762.9623592613
132918.5647377093 141477.5799840541
139763.0213847093 127106.0749116216
132600.2179169186 141637.2633737478
132918.5647377093 138922.6457489549
138330.4606911512 129980.3759261081
142309.7959510349 143553.4640500721
136261.2063560117 141158.2132046667
138807.9809223372 131098.1596539640
132600.2179169186 142914.7304912973
134510.2988416628 137006.4450726306
139763.0213847093 129341.6423673333
138171.2872807558 134451.5108375315
138171.2872807558 139401.6959180360
137693.7670495698 135090.2443963063
139922.1947951046 132854.6769405946
138489.6341015465 136208.0281241622
140718.0618470814 136208.0281241622
134032.7786104767 139880.7460871171
139444.6745639186 132535.3101612072
141513.9288990581 142595.3637119099
140718.0618470814 143872.8308294594
137375.4202287791 142116.3135428288
138012.1138703605 140200.1128665045
139285.5011535232 130778.7928745766
137852.9404599651 136846.7616829370
139285.5011535232 131577.2098230450
141513.9288990581 143393.7806603784
142309.7959510349 140359.7962561982
141673.1023094535 141158.2132046667
140081.3682055000 130459.4260951892
135146.9924832442 135249.9277860000
135942.8595352209 136048.3447344685
142628.1427718256 141158.2132046667
132441.0445065233 142914.7304912973
141832.2757198488 142435.6803222162
132441.0445065233 143074.4138809910
138489.6341015465 141477.5799840541
138330.4606911512 130299.7427054955
135146.9924832442 138283.9121901802
134510.2988416628 138762.9623592613
135942.8595352209 133812.7772787568
139444.6745639186 129501.3257570270
133555.2583792907 138283.9121901802
139444.6745639186 138283.9121901802
138012.1138703605 136048.3447344685
138330.4606911512 136208.0281241622
135465.3393040349 140359.7962561982
133236.9115585000 138762.9623592613
135146.9924832442 141158.2132046667
141991.4491302442 142755.0471016036
134669.4722520581 138283.9121901802
138012.1138703605 132056.2599921261
135624.5127144302 137964.5454107928
140399.7150262907 130778.7928745766
138648.8075119418 135249.9277860000
141036.4086678721 134132.1440581442
139603.8479743140 136527.3949035495
136897.8999975930 134930.5610066126
135465.3393040349 134611.1942272252
143424.0098238023 143872.8308294594
133714.4317896861 138283.9121901802
139763.0213847093 137804.8620210991
138648.8075119418 138443.5955798739
137057.0734079884 141956.6301531351

137693.7670495698 141796.9467634415
141354.7554886628 137804.8620210991
135306.1658936395 142116.3135428288
133396.0849688953 140200.1128665045
140081.3682055000 129501.3257570270
138012.1138703605 135090.2443963063
136579.5531768023 137645.1786314054
141673.1023094535 141158.2132046667
137852.9404599651 133972.4606684504
141354.7554886628 143074.4138809910
133873.6052000814 141158.2132046667
140558.8884366860 133174.0437199820
138012.1138703605 137485.4952417117
136420.3797664070 136048.3447344685
138648.8075119418 133493.4104993693
132122.6976857326 142914.7304912973
142787.3161822209 143553.4640500721
132281.8710961279 141796.9467634415
140399.7150262907 131098.1596539640
136261.2063560117 139401.6959180360
133873.6052000814 138762.9623592613
141036.4086678721 137325.8118520180
135624.5127144302 140998.5298149730
134669.4722520581 138124.2288004865
136102.0329456163 132694.9935509009
139126.3277431279 131736.8932127387
141036.4086678721 137964.5454107928
143264.8364134070 143074.4138809910
137852.9404599651 135728.9779550811
132759.3913273140 140200.1128665045
139922.1947951046 141637.2633737478
134032.7786104767 140998.5298149730
138967.1543327325 141158.2132046667
140558.8884366860 138762.9623592613
142628.1427718256 140519.4796458919
140240.5416158953 143872.8308294594
138012.1138703605 133812.7772787568
139285.5011535232 139721.0626974234
133873.6052000814 136687.0782932432
135146.9924832442 142275.9969325225
135942.8595352209 140040.4294768108
136897.8999975930 133653.0938890631
139922.1947951046 136208.0281241622
141036.4086678721 139880.7460871171
137375.4202287791 141158.2132046667
134032.7786104767 139880.7460871171
139922.1947951046 140040.4294768108
133077.7381481047 141158.2132046667
138807.9809223372 136367.7115138559
138807.9809223372 134611.1942272252
135783.6861248256 133014.3603302883
140081.3682055000 128543.2254188649
133555.2583792907 142116.3135428288
135942.8595352209 135409.6111756937
135783.6861248256 138762.9623592613
142150.6225406396 141477.5799840541
134351.1254312674 142275.9969325225
133236.9115585000 139561.3793077297
136897.8999975930 132854.6769405946
138012.1138703605 138603.2789695676
137534.5936391744 143553.4640500721
138648.8075119418 131736.8932127387
139444.6745639186 139880.7460871171
134828.6456624535 138922.6457489549
137057.0734079884 142435.6803222162
138012.1138703605 132215.9433818198
135942.8595352209 134770.8776169189
136579.5531768023 134611.1942272252
133555.2583792907 136846.7616829370
137693.7670495698 133333.7271096757
136102.0329456163 142595.3637119099
137375.4202287791 136527.3949035495
139763.0213847093 141956.6301531351
142628.1427718256 142275.9969325225
141991.4491302442 142755.0471016036
140081.3682055000 130778.7928745766
140399.7150262907 134132.1440581442
138489.6341015465 143074.4138809910
139603.8479743140 127265.7583013153
139285.5011535232 135888.6613447748
140399.7150262907 140679.1630355856

138807.9809223372 127904.4918600901
140558.8884366860 133812.7772787568
135783.6861248256 134770.8776169189
133873.6052000814 136846.7616829370
141832.2757198488 142595.3637119099
138171.2872807558 130938.4762642703
138171.2872807558 137645.1786314054
135942.8595352209 139721.0626974234
132122.6976857326 140040.4294768108
139603.8479743140 131896.5766024324
141991.4491302442 139401.6959180360
140240.5416158953 130459.4260951892
140081.3682055000 130778.7928745766
131645.1774545465 143234.0972706847
140240.5416158953 129341.6423673333
142309.7959510349 140519.4796458919
132759.3913273140 143074.4138809910
139922.1947951046 128223.8586394775
141991.4491302442 143553.4640500721
140240.5416158953 133653.0938890631
141513.9288990581 142755.0471016036
131645.1774545465 142116.3135428288
132122.6976857326 140838.8464252793
138648.8075119418 134611.1942272252
136897.8999975930 140838.8464252793
134191.9520208721 143393.7806603784
141195.5820782674 137804.8620210991
141036.4086678721 135409.6111756937
134191.9520208721 140200.1128665045
141832.2757198488 137485.4952417117
140240.5416158953 142914.7304912973
138807.9809223372 135888.6613447748
134032.7786104767 137006.4450726306
135146.9924832442 136687.0782932432
138648.8075119418 128543.2254188649
138012.1138703605 131257.8430436577
135942.8595352209 135888.6613447748
132759.3913273140 138922.6457489549
137216.2468183837 143553.4640500721
137693.7670495698 135090.2443963063
141832.2757198488 137006.4450726306
133077.7381481047 141796.9467634415
137534.5936391744 136527.3949035495
138330.4606911512 136208.0281241622
133714.4317896861 141796.9467634415
134032.7786104767 138603.2789695676
139763.0213847093 138443.5955798739
137693.7670495698 141637.2633737478
135146.9924832442 140519.4796458919
138012.1138703605 133653.0938890631
138648.8075119418 140040.4294768108
137852.9404599651 132215.9433818198
138967.1543327325 128064.1752497838
141036.4086678721 143393.7806603784
136420.3797664070 133174.0437199820
138967.1543327325 135728.9779550811
137693.7670495698 142116.3135428288
130371.7901713837 142914.7304912973
142309.7959510349 138762.9623592613
140081.3682055000 143553.4640500721
139763.0213847093 140200.1128665045
133077.7381481047 138124.2288004865
139285.5011535232 131577.2098230450
139444.6745639186 131736.8932127387
135306.1658936395 136846.7616829370
132122.6976857326 139880.7460871171
141036.4086678721 136687.0782932432
136420.3797664070 140359.7962561982
141513.9288990581 136208.0281241622
136261.2063560117 136208.0281241622
134510.2988416628 143074.4138809910
133555.2583792907 139561.3793077297
137693.7670495698 130938.4762642703
132759.3913273140 142914.7304912973
136738.7265871977 141477.5799840541
139285.5011535232 139561.3793077297
134032.7786104767 140679.1630355856
132122.6976857326 142755.0471016036
139444.6745639186 137166.1284623243
134510.2988416628 136527.3949035495
134669.4722520581 138762.9623592613

138648.8075119418 137964.5454107928
137534.5936391744 143234.0972706847
138648.8075119418 138443.5955798739
137375.4202287791 139721.0626974234
136738.7265871977 133014.3603302883
141195.5820782674 142435.6803222162
138648.8075119418 130938.4762642703
139763.0213847093 140679.1630355856
139763.0213847093 131577.2098230450
139763.0213847093 137804.8620210991
133714.4317896861 142595.3637119099
142309.7959510349 143872.8308294594
131963.5242753372 140040.4294768108
140877.2352574768 140998.5298149730
140399.7150262907 133493.4104993693
142150.6225406396 142914.7304912973
132122.6976857326 139242.0125283424
139922.1947951046 129022.2755879460
137534.5936391744 136208.0281241622
133873.6052000814 138443.5955798739
140558.8884366860 131736.8932127387
133873.6052000814 137804.8620210991
132122.6976857326 139561.3793077297
142628.1427718256 142275.9969325225
139126.3277431279 138443.5955798739
138967.1543327325 142116.3135428288
135783.6861248256 135888.6613447748
139285.5011535232 135249.9277860000
137852.9404599651 142116.3135428288
138807.9809223372 136687.0782932432
137375.4202287791 143074.4138809910
138171.2872807558 136048.3447344685
142628.1427718256 143074.4138809910
137375.4202287791 138283.9121901802
136579.5531768023 137006.4450726306
139285.5011535232 133812.7772787568
136897.8999975930 142755.0471016036
136261.2063560117 141637.2633737478
136579.5531768023 132854.6769405946
140240.5416158953 140359.7962561982
139763.0213847093 129501.3257570270
141195.5820782674 137485.4952417117
139603.8479743140 139401.6959180360
140240.5416158953 129341.6423673333
139126.3277431279 131577.2098230450
134032.7786104767 141317.8965943604
140081.3682055000 140040.4294768108
136897.8999975930 140359.7962561982
140399.7150262907 141477.5799840541
138648.8075119418 128702.9088085586
141036.4086678721 137804.8620210991
140081.3682055000 136048.3447344685
137057.0734079884 141477.5799840541
138330.4606911512 137006.4450726306
135783.6861248256 143393.7806603784
139603.8479743140 139880.7460871171
135465.3393040349 134132.1440581442
132281.8710961279 139721.0626974234
135306.1658936395 141317.8965943604
138489.6341015465 139721.0626974234
135942.8595352209 134611.1942272252
142150.6225406396 143393.7806603784
141832.2757198488 142116.3135428288
135465.3393040349 134451.5108375315
137534.5936391744 142914.7304912973
140081.3682055000 134291.8274478379
139444.6745639186 142595.3637119099
141354.7554886628 138603.2789695676
139126.3277431279 139721.0626974234
138967.1543327325 137964.5454107928
138012.1138703605 139242.0125283424
141354.7554886628 140838.8464252793
135465.3393040349 134611.1942272252
139126.3277431279 128064.1752497838
139444.6745639186 136687.0782932432
136579.5531768023 133014.3603302883
137693.7670495698 131257.8430436577
142309.7959510349 138922.6457489549
139603.8479743140 134451.5108375315
134987.8190728489 138124.2288004865
139444.6745639186 141158.2132046667

138648.8075119418 140040.4294768108
136579.5531768023 141477.5799840541
138648.8075119418 138603.2789695676
137216.2468183837 141317.8965943604
141354.7554886628 142435.6803222162
135465.3393040349 142435.6803222162
135624.5127144302 134611.1942272252
138489.6341015465 143553.4640500721
136420.3797664070 135728.9779550811
138489.6341015465 131098.1596539640
139763.0213847093 141637.2633737478
139603.8479743140 128862.5921982523
142309.7959510349 143872.8308294594
136897.8999975930 132535.3101612072
138807.9809223372 136208.0281241622
142309.7959510349 140998.5298149730
134669.4722520581 141158.2132046667
139603.8479743140 139721.0626974234
133873.6052000814 137166.1284623243
138171.2872807558 132056.2599921261
138807.9809223372 141637.2633737478
138807.9809223372 134132.1440581442
141036.4086678721 142914.7304912973
134828.6456624535 137964.5454107928
141832.2757198488 136687.0782932432
141673.1023094535 141317.8965943604
136738.7265871977 140838.8464252793
139922.1947951046 130140.0593158018
139285.5011535232 140200.1128665045
135624.5127144302 138124.2288004865
142309.7959510349 141317.8965943604
137216.2468183837 135409.6111756937
139763.0213847093 129980.3759261081
138330.4606911512 139082.3291386487
138330.4606911512 139242.0125283424
138330.4606911512 143553.4640500721
141354.7554886628 138124.2288004865
132441.0445065233 138762.9623592613
138648.8075119418 137166.1284623243
135465.3393040349 137325.8118520180
137852.9404599651 130459.4260951892
140399.7150262907 143234.0972706847
141036.4086678721 133174.0437199820
133077.7381481047 137964.5454107928
141354.7554886628 143553.4640500721
137534.5936391744 135888.6613447748
141354.7554886628 137645.1786314054
137057.0734079884 132854.6769405946
138648.8075119418 129661.0091467207
133555.2583792907 139401.6959180360
143264.8364134070 143713.1474397658
138489.6341015465 133333.7271096757
139603.8479743140 140200.1128665045
132600.2179169186 142275.9969325225
132281.8710961279 143234.0972706847
136261.2063560117 136208.0281241622
136420.3797664070 140040.4294768108
135942.8595352209 138603.2789695676
140081.3682055000 129820.6925364144
133077.7381481047 138443.5955798739
139763.0213847093 127425.4416910090
132918.5647377093 140838.8464252793
139126.3277431279 137166.1284623243
131486.0040441512 142275.9969325225
136420.3797664070 139401.6959180360
139285.5011535232 131098.1596539640
136420.3797664070 137485.4952417117
135624.5127144302 137645.1786314054
137057.0734079884 134930.5610066126
133873.6052000814 138124.2288004865
135942.8595352209 141956.6301531351
141673.1023094535 143713.1474397658
134669.4722520581 143074.4138809910
138012.1138703605 134770.8776169189
132122.6976857326 139721.0626974234
138171.2872807558 136846.7616829370
139603.8479743140 143553.4640500721
136420.3797664070 138762.9623592613
143105.6630030116 143872.8308294594
140399.7150262907 130459.4260951892
133555.2583792907 141637.2633737478

133714.4317896861 141796.9467634415
136261.2063560117 135249.9277860000
136420.3797664070 135249.9277860000
139444.6745639186 142116.3135428288
135306.1658936395 143393.7806603784
139603.8479743140 136208.0281241622
141354.7554886628 140679.1630355856
134669.4722520581 140679.1630355856
138807.9809223372 130619.1094848829
141195.5820782674 137964.5454107928
133396.0849688953 139082.3291386487
139763.0213847093 137485.4952417117
132918.5647377093 143074.4138809910
135465.3393040349 135409.6111756937
137852.9404599651 131257.8430436577
139603.8479743140 134132.1440581442
138489.6341015465 141796.9467634415
137693.7670495698 139082.3291386487
136579.5531768023 142116.3135428288
141513.9288990581 138762.9623592613
138648.8075119418 138124.2288004865
138330.4606911512 130938.4762642703
138967.1543327325 133972.4606684504
137375.4202287791 137964.5454107928
140558.8884366860 131098.1596539640
142150.6225406396 141317.8965943604
135465.3393040349 138124.2288004865
138330.4606911512 134132.1440581442
141354.7554886628 135728.9779550811
134351.1254312674 142275.9969325225
138807.9809223372 139242.0125283424
132759.3913273140 139721.0626974234
139922.1947951046 142435.6803222162
133396.0849688953 141317.8965943604
140240.5416158953 141956.6301531351
138807.9809223372 133333.7271096757
141354.7554886628 142595.3637119099
137693.7670495698 135569.2945653874
134191.9520208721 138762.9623592613
141513.9288990581 143872.8308294594
138330.4606911512 138603.2789695676
139603.8479743140 143713.1474397658
132918.5647377093 139880.7460871171
135306.1658936395 140998.5298149730
142309.7959510349 142275.9969325225
135783.6861248256 141956.6301531351
142309.7959510349 142914.7304912973
135146.9924832442 134611.1942272252
133236.9115585000 138762.9623592613
132122.6976857326 139880.7460871171
138171.2872807558 139721.0626974234
130849.3104025698 142914.7304912973
141673.1023094535 139561.3793077297
135624.5127144302 134451.5108375315
132759.3913273140 139242.0125283424
137852.9404599651 130619.1094848829
136102.0329456163 139401.6959180360
134032.7786104767 136048.3447344685
133077.7381481047 137964.5454107928
134510.2988416628 136687.0782932432
137852.9404599651 143393.7806603784
140718.0618470814 133493.4104993693
137852.9404599651 130459.4260951892
133873.6052000814 136527.3949035495
132759.3913273140 139082.3291386487
134510.2988416628 137964.5454107928
140399.7150262907 130938.4762642703
142787.3161822209 143074.4138809910
141991.4491302442 138124.2288004865
137216.2468183837 138283.9121901802
141195.5820782674 138443.5955798739
134032.7786104767 140040.4294768108
140718.0618470814 131896.5766024324
137375.4202287791 142595.3637119099
141832.2757198488 137325.8118520180
138171.2872807558 140040.4294768108
137852.9404599651 138603.2789695676
141832.2757198488 137645.1786314054
139763.0213847093 140519.4796458919
140718.0618470814 132854.6769405946
134032.7786104767 138603.2789695676

141195.5820782674 136846.7616829370
141195.5820782674 137645.1786314054
132281.8710961279 142755.0471016036
135146.9924832442 141637.2633737478
134191.9520208721 138124.2288004865
138012.1138703605 138124.2288004865
139444.6745639186 137645.1786314054
136420.3797664070 134770.8776169189
138012.1138703605 130778.7928745766
138807.9809223372 142116.3135428288
135306.1658936395 137645.1786314054
142150.6225406396 142275.9969325225
130371.7901713837 142755.0471016036
139444.6745639186 133333.7271096757
139763.0213847093 143393.7806603784
141832.2757198488 140838.8464252793
138012.1138703605 134770.8776169189
140877.2352574768 138283.9121901802
138171.2872807558 133812.7772787568
135624.5127144302 137485.4952417117
138012.1138703605 135728.9779550811
134510.2988416628 141317.8965943604
137216.2468183837 135888.6613447748
139444.6745639186 133653.0938890631
136102.0329456163 135409.6111756937
137057.0734079884 131577.2098230450
138648.8075119418 139561.3793077297
135146.9924832442 142755.0471016036
132122.6976857326 141796.9467634415
141832.2757198488 142595.3637119099
141673.1023094535 142116.3135428288
139603.8479743140 137006.4450726306
141513.9288990581 141796.9467634415
136897.8999975930 136208.0281241622
132600.2179169186 140519.4796458919
134351.1254312674 141637.2633737478
139922.1947951046 130459.4260951892
135624.5127144302 142755.0471016036
140718.0618470814 132215.9433818198
138171.2872807558 130299.7427054955
138489.6341015465 129341.6423673333
139763.0213847093 128543.2254188649
138012.1138703605 139082.3291386487
137534.5936391744 139401.6959180360
138489.6341015465 128702.9088085586
132441.0445065233 141956.6301531351
131645.1774545465 140359.7962561982
140240.5416158953 140998.5298149730
137216.2468183837 136846.7616829370
141673.1023094535 136687.0782932432
141195.5820782674 139721.0626974234
132281.8710961279 139242.0125283424
137852.9404599651 140040.4294768108
137852.9404599651 141477.5799840541
135942.8595352209 136367.7115138559
132281.8710961279 142595.3637119099
141673.1023094535 140998.5298149730
137057.0734079884 143234.0972706847
139285.5011535232 141477.5799840541
138012.1138703605 141158.2132046667
139126.3277431279 132056.2599921261
136261.2063560117 137325.8118520180
141673.1023094535 140200.1128665045
138489.6341015465 135409.6111756937
137057.0734079884 142435.6803222162
140718.0618470814 142275.9969325225
138648.8075119418 131417.5264333514
139126.3277431279 139880.7460871171
138807.9809223372 141477.5799840541
138648.8075119418 136687.0782932432
139444.6745639186 127744.8084703964
140240.5416158953 135569.2945653874
138330.4606911512 135409.6111756937
142628.1427718256 143074.4138809910
134351.1254312674 139880.7460871171
134669.4722520581 141956.6301531351
139763.0213847093 137645.1786314054
133236.9115585000 137964.5454107928
131486.0040441512 143074.4138809910
134510.2988416628 140998.5298149730
137057.0734079884 139082.3291386487

140081.3682055000 131257.8430436577
142150.6225406396 142435.6803222162
138171.2872807558 128862.5921982523
135146.9924832442 137645.1786314054
136897.8999975930 134770.8776169189
137534.5936391744 137645.1786314054
139603.8479743140 140200.1128665045
141991.4491302442 143872.8308294594
136261.2063560117 133972.4606684504
141195.5820782674 140998.5298149730
130053.4433505930 142755.0471016036
138330.4606911512 129980.3759261081
134510.2988416628 143234.0972706847
131963.5242753372 142275.9969325225
134032.7786104767 141796.9467634415
136420.3797664070 132854.6769405946
137534.5936391744 136846.7616829370
136102.0329456163 140200.1128665045
139126.3277431279 130140.0593158018
138489.6341015465 139721.0626974234
135624.5127144302 134291.8274478379
134987.8190728489 138922.6457489549
137375.4202287791 132854.6769405946
134351.1254312674 136048.3447344685
139285.5011535232 142755.0471016036
140718.0618470814 138124.2288004865
133555.2583792907 137325.8118520180
132918.5647377093 139561.3793077297
139285.5011535232 137325.8118520180
135306.1658936395 141956.6301531351
140240.5416158953 130140.0593158018
132600.2179169186 138922.6457489549
131963.5242753372 139561.3793077297
141673.1023094535 138124.2288004865
136102.0329456163 141796.9467634415
141195.5820782674 139721.0626974234
131167.6572233605 142914.7304912973
139763.0213847093 136367.7115138559
136102.0329456163 137006.4450726306
135783.6861248256 139721.0626974234
135624.5127144302 140998.5298149730
138489.6341015465 128862.5921982523
140240.5416158953 140200.1128665045
136420.3797664070 143553.4640500721
137057.0734079884 138443.5955798739
135624.5127144302 138443.5955798739
139126.3277431279 136208.0281241622
139444.6745639186 131417.5264333514
140558.8884366860 131257.8430436577
139763.0213847093 141317.8965943604
140399.7150262907 130938.4762642703
138012.1138703605 138762.9623592613
136738.7265871977 134132.1440581442
132122.6976857326 140359.7962561982
137057.0734079884 143553.4640500721
142468.9693614302 140998.5298149730
140081.3682055000 128862.5921982523
140558.8884366860 131098.1596539640
133236.9115585000 138922.6457489549
138330.4606911512 134291.8274478379
134828.6456624535 140998.5298149730
130530.9635817791 142275.9969325225
134987.8190728489 140359.7962561982
140081.3682055000 129341.6423673333
138330.4606911512 142435.6803222162
141354.7554886628 140519.4796458919
140081.3682055000 140040.4294768108
135465.3393040349 143393.7806603784
138012.1138703605 131098.1596539640
137852.9404599651 131417.5264333514
140718.0618470814 134451.5108375315
139444.6745639186 131577.2098230450
138489.6341015465 137964.5454107928
140558.8884366860 137006.4450726306
138807.9809223372 132535.3101612072
140399.7150262907 135409.6111756937
141036.4086678721 142435.6803222162
139444.6745639186 129501.3257570270
137693.7670495698 135888.6613447748
137693.7670495698 134451.5108375315
136420.3797664070 135249.9277860000

139444.6745639186 130778.7928745766
137693.7670495698 136208.0281241622
136420.3797664070 141158.2132046667
142628.1427718256 141158.2132046667
140877.2352574768 138762.9623592613
136738.7265871977 133653.0938890631
138330.4606911512 129022.2755879460
139603.8479743140 135728.9779550811
131645.1774545465 140998.5298149730
132122.6976857326 143074.4138809910
141673.1023094535 137804.8620210991
139444.6745639186 131417.5264333514
134669.4722520581 138443.5955798739
137057.0734079884 135888.6613447748
140240.5416158953 142275.9969325225
140718.0618470814 141158.2132046667
136261.2063560117 132694.9935509009
138967.1543327325 138603.2789695676
136420.3797664070 142595.3637119099
137693.7670495698 134132.1440581442
140240.5416158953 143234.0972706847
134987.8190728489 136527.3949035495
136579.5531768023 136367.7115138559
140399.7150262907 137964.5454107928
134351.1254312674 135409.6111756937
135942.8595352209 140998.5298149730
133714.4317896861 138124.2288004865
139444.6745639186 127904.4918600901
137852.9404599651 132215.9433818198
136102.0329456163 135090.2443963063
138330.4606911512 139721.0626974234
138807.9809223372 128862.5921982523
137057.0734079884 130778.7928745766
135783.6861248256 135409.6111756937
142787.3161822209 141796.9467634415
136102.0329456163 133972.4606684504
138489.6341015465 132215.9433818198
138012.1138703605 136208.0281241622
133236.9115585000 138762.9623592613
131008.4838129651 143074.4138809910
141354.7554886628 143234.0972706847
136579.5531768023 131736.8932127387
136102.0329456163 140359.7962561982
137693.7670495698 131098.1596539640
141513.9288990581 137325.8118520180
138967.1543327325 136208.0281241622
138330.4606911512 140519.4796458919
138012.1138703605 142595.3637119099
136897.8999975930 140998.5298149730
141195.5820782674 138443.5955798739
140081.3682055000 131417.5264333514
132122.6976857326 142914.7304912973
139763.0213847093 140040.4294768108
136261.2063560117 132535.3101612072
139126.3277431279 142595.3637119099
136579.5531768023 133972.4606684504
133396.0849688953 138762.9623592613
135465.3393040349 137804.8620210991
140399.7150262907 130459.4260951892
135306.1658936395 140998.5298149730
134669.4722520581 136687.0782932432
135783.6861248256 140998.5298149730
135942.8595352209 139242.0125283424
138648.8075119418 135569.2945653874
136579.5531768023 134451.5108375315
140399.7150262907 131896.5766024324
138967.1543327325 142914.7304912973
136261.2063560117 139721.0626974234
138330.4606911512 130938.4762642703
142309.7959510349 139242.0125283424
139285.5011535232 138124.2288004865
132600.2179169186 141796.9467634415
136261.2063560117 142755.0471016036
133714.4317896861 136527.3949035495
134510.2988416628 139561.3793077297
132600.2179169186 140040.4294768108
137534.5936391744 136527.3949035495
138648.8075119418 131736.8932127387
130053.4433505930 142755.0471016036
142946.4895926163 143393.7806603784
138967.1543327325 134611.1942272252

138807.9809223372 129820.6925364144
135465.3393040349 141317.8965943604
139126.3277431279 139880.7460871171
138489.6341015465 140040.4294768108
133555.2583792907 141637.2633737478
138171.2872807558 139401.6959180360
137852.9404599651 139401.6959180360
138171.2872807558 132056.2599921261
137534.5936391744 141796.9467634415
141832.2757198488 142595.3637119099
136102.0329456163 138922.6457489549
139763.0213847093 130459.4260951892
138012.1138703605 139880.7460871171
137693.7670495698 142435.6803222162
139126.3277431279 136527.3949035495
137375.4202287791 134611.1942272252
142150.6225406396 142914.7304912973
138967.1543327325 127744.8084703964
138807.9809223372 128702.9088085586
142628.1427718256 143393.7806603784
138648.8075119418 128064.1752497838
139444.6745639186 128862.5921982523
137375.4202287791 134291.8274478379
140240.5416158953 134451.5108375315
138967.1543327325 139721.0626974234
134032.7786104767 139242.0125283424
141354.7554886628 142275.9969325225
135783.6861248256 133174.0437199820
130690.1369921744 142275.9969325225
136102.0329456163 138443.5955798739
138489.6341015465 134291.8274478379
138807.9809223372 131098.1596539640
139922.1947951046 134611.1942272252
134351.1254312674 139082.3291386487
135146.9924832442 137006.4450726306
137216.2468183837 134451.5108375315
136102.0329456163 132535.3101612072
137534.5936391744 141477.5799840541
132122.6976857326 141477.5799840541
130212.6167609884 142914.7304912973
137693.7670495698 139082.3291386487
131326.8306337558 141158.2132046667
140240.5416158953 138124.2288004865
136102.0329456163 134291.8274478379
141195.5820782674 140998.5298149730
141832.2757198488 143234.0972706847
140877.2352574768 139561.3793077297
133873.6052000814 138443.5955798739
138807.9809223372 143393.7806603784
135942.8595352209 140838.8464252793
134828.6456624535 136846.7616829370
138330.4606911512 135888.6613447748
136897.8999975930 134291.8274478379
135624.5127144302 139401.6959180360
137693.7670495698 140040.4294768108
134828.6456624535 135728.9779550811
134191.9520208721 137804.8620210991
133555.2583792907 137964.5454107928
138330.4606911512 131098.1596539640
139763.0213847093 127425.4416910090
134032.7786104767 141956.6301531351
141195.5820782674 138603.2789695676
138171.2872807558 142595.3637119099
135783.6861248256 136208.0281241622
138967.1543327325 142275.9969325225
139922.1947951046 143713.1474397658
138648.8075119418 129980.3759261081
140240.5416158953 130938.4762642703
140081.3682055000 128862.5921982523
140081.3682055000 140040.4294768108
139763.0213847093 130938.4762642703
140877.2352574768 136527.3949035495
138648.8075119418 143713.1474397658
133555.2583792907 141956.6301531351
135942.8595352209 136846.7616829370
143424.0098238023 144032.5142191532
141991.4491302442 137804.8620210991
135942.8595352209 139880.7460871171
137216.2468183837 140359.7962561982
132759.3913273140 142914.7304912973
136738.7265871977 137006.4450726306

140558.8884366860 138283.9121901802
139922.1947951046 129022.2755879460
140399.7150262907 138922.6457489549
140399.7150262907 130299.7427054955
134032.7786104767 143074.4138809910
138648.8075119418 135409.6111756937
137534.5936391744 135569.2945653874
140558.8884366860 135409.6111756937
142468.9693614302 143713.1474397658
138012.1138703605 142116.3135428288
136897.8999975930 140998.5298149730
136579.5531768023 136048.3447344685
135465.3393040349 134611.1942272252
138967.1543327325 142435.6803222162
136579.5531768023 132056.2599921261
131008.4838129651 142116.3135428288
135306.1658936395 138283.9121901802
131486.0040441512 141796.9467634415
134191.9520208721 137006.4450726306
138807.9809223372 139242.0125283424
140877.2352574768 141637.2633737478
139763.0213847093 136527.3949035495
135146.9924832442 134132.1440581442
137852.9404599651 133493.4104993693
140877.2352574768 133812.7772787568
140718.0618470814 142914.7304912973
142309.7959510349 140519.4796458919
132122.6976857326 139401.6959180360
139922.1947951046 127904.4918600901
139126.3277431279 143553.4640500721
140558.8884366860 134451.5108375315
133714.4317896861 139880.7460871171
138807.9809223372 142914.7304912973
132122.6976857326 140998.5298149730
138330.4606911512 139561.3793077297
138012.1138703605 134611.1942272252
137375.4202287791 143553.4640500721
138967.1543327325 128383.5420291712
136738.7265871977 132535.3101612072
138648.8075119418 140519.4796458919
140718.0618470814 142116.3135428288
139285.5011535232 132215.9433818198
137693.7670495698 129980.3759261081
136897.8999975930 142755.0471016036
136102.0329456163 138603.2789695676
137534.5936391744 134770.8776169189
136420.3797664070 140200.1128665045
139763.0213847093 128702.9088085586
142628.1427718256 143553.4640500721
139763.0213847093 129661.0091467207
140718.0618470814 137964.5454107928
136261.2063560117 133333.7271096757
137057.0734079884 137325.8118520180
133873.6052000814 142435.6803222162
135465.3393040349 137006.4450726306
134987.8190728489 139880.7460871171
139444.6745639186 128064.1752497838
137057.0734079884 140200.1128665045
141673.1023094535 137166.1284623243
137852.9404599651 133174.0437199820
136897.8999975930 131896.5766024324
141513.9288990581 137964.5454107928
138171.2872807558 141956.6301531351
134191.9520208721 140679.1630355856
137693.7670495698 137325.8118520180
138967.1543327325 142595.3637119099
141195.5820782674 136208.0281241622
137852.9404599651 131736.8932127387
140399.7150262907 132375.6267715135
140877.2352574768 141158.2132046667
137375.4202287791 131098.1596539640
138807.9809223372 135888.6613447748
142787.3161822209 141158.2132046667
138807.9809223372 134770.8776169189
134987.8190728489 134611.1942272252
138330.4606911512 137325.8118520180
139285.5011535232 128862.5921982523
133077.7381481047 140998.5298149730
132600.2179169186 140359.7962561982
133396.0849688953 138922.6457489549
138489.6341015465 141637.2633737478

132122.6976857326 142914.7304912973
132281.8710961279 141956.6301531351
138967.1543327325 133972.4606684504
139922.1947951046 143234.0972706847
142628.1427718256 142435.6803222162
139444.6745639186 130299.7427054955
141036.4086678721 140679.1630355856
134828.6456624535 134770.8776169189
138489.6341015465 137485.4952417117
141513.9288990581 138922.6457489549
141036.4086678721 138922.6457489549
139603.8479743140 127106.0749116216
139444.6745639186 133174.0437199820
139603.8479743140 142755.0471016036
133236.9115585000 143234.0972706847
134510.2988416628 135888.6613447748
141513.9288990581 143713.1474397658
139922.1947951046 140200.1128665045
136102.0329456163 142914.7304912973
139763.0213847093 141956.6301531351
139922.1947951046 137645.1786314054
135942.8595352209 138443.5955798739
135624.5127144302 134930.5610066126
138807.9809223372 142595.3637119099
137057.0734079884 133972.4606684504
140718.0618470814 134611.1942272252
138330.4606911512 139721.0626974234
138648.8075119418 143234.0972706847
134987.8190728489 139082.3291386487
131963.5242753372 141796.9467634415
132759.3913273140 138443.5955798739
140399.7150262907 131417.5264333514
134987.8190728489 142914.7304912973
137534.5936391744 131577.2098230450
141832.2757198488 138922.6457489549
137216.2468183837 134291.8274478379
141673.1023094535 136367.7115138559
141832.2757198488 143393.7806603784
133714.4317896861 139721.0626974234
131963.5242753372 139561.3793077297
138489.6341015465 129181.9589776396
136420.3797664070 140679.1630355856
137534.5936391744 134611.1942272252
141832.2757198488 140998.5298149730
139444.6745639186 126786.7081322342
141673.1023094535 138124.2288004865
141513.9288990581 138283.9121901802
137216.2468183837 139401.6959180360
136261.2063560117 134611.1942272252
139763.0213847093 143553.4640500721
138807.9809223372 128383.5420291712
141513.9288990581 141158.2132046667
141195.5820782674 141637.2633737478
136579.5531768023 134291.8274478379
138489.6341015465 128702.9088085586
138489.6341015465 133972.4606684504
136897.8999975930 136367.7115138559
138967.1543327325 139561.3793077297
139285.5011535232 135249.9277860000
140718.0618470814 131417.5264333514
138648.8075119418 131098.1596539640
136738.7265871977 141637.2633737478
132281.8710961279 141637.2633737478
132600.2179169186 138922.6457489549
135783.6861248256 142435.6803222162
141195.5820782674 134611.1942272252
142150.6225406396 142595.3637119099
139922.1947951046 128862.5921982523
137216.2468183837 143393.7806603784
138489.6341015465 134611.1942272252
136897.8999975930 138443.5955798739
136102.0329456163 132694.9935509009
137534.5936391744 131736.8932127387
141673.1023094535 142595.3637119099
137375.4202287791 137325.8118520180
135306.1658936395 138443.5955798739
140877.2352574768 135728.9779550811
142468.9693614302 140359.7962561982
140877.2352574768 137804.8620210991
135783.6861248256 136367.7115138559
134828.6456624535 136687.0782932432

138330.4606911512 135409.6111756937
133555.2583792907 137964.5454107928
140240.5416158953 138124.2288004865
132600.2179169186 143074.4138809910
134191.9520208721 143393.7806603784
134828.6456624535 138922.6457489549
133396.0849688953 138124.2288004865
134669.4722520581 140838.8464252793
131008.4838129651 141637.2633737478
137375.4202287791 136527.3949035495
137216.2468183837 142435.6803222162
138807.9809223372 127904.4918600901
142628.1427718256 140359.7962561982
141991.4491302442 138603.2789695676
131486.0040441512 141317.8965943604
141354.7554886628 140998.5298149730
132600.2179169186 140200.1128665045
133077.7381481047 140679.1630355856
138330.4606911512 141796.9467634415
130212.6167609884 142914.7304912973
139285.5011535232 139721.0626974234
138807.9809223372 135728.9779550811
137852.9404599651 140040.4294768108
141991.4491302442 139561.3793077297
138648.8075119418 132215.9433818198
140877.2352574768 141477.5799840541
141036.4086678721 137645.1786314054
135783.6861248256 140040.4294768108
134032.7786104767 141796.9467634415
140240.5416158953 132056.2599921261
138807.9809223372 139880.7460871171
139444.6745639186 142595.3637119099
134669.4722520581 142435.6803222162
137375.4202287791 130938.4762642703
138967.1543327325 131577.2098230450
136579.5531768023 141637.2633737478
138807.9809223372 141317.8965943604
134987.8190728489 136687.0782932432
137216.2468183837 138443.5955798739
136420.3797664070 140838.8464252793
140718.0618470814 140040.4294768108
140240.5416158953 134930.5610066126
141832.2757198488 139880.7460871171
139444.6745639186 127265.7583013153
140877.2352574768 140998.5298149730
140877.2352574768 136367.7115138559
139763.0213847093 133333.7271096757
135783.6861248256 133174.0437199820
137216.2468183837 139242.0125283424
138012.1138703605 143234.0972706847
141832.2757198488 138922.6457489549
134191.9520208721 143074.4138809910
141991.4491302442 143074.4138809910
134351.1254312674 138124.2288004865
140399.7150262907 131098.1596539640
137693.7670495698 138443.5955798739
138807.9809223372 130778.7928745766
134510.2988416628 137964.5454107928
140081.3682055000 132535.3101612072
139603.8479743140 135888.6613447748
142468.9693614302 142275.9969325225
134987.8190728489 134930.5610066126
138967.1543327325 136527.3949035495
133396.0849688953 137645.1786314054
140081.3682055000 130140.0593158018
138171.2872807558 138124.2288004865
137057.0734079884 133653.0938890631
138171.2872807558 141477.5799840541
135783.6861248256 139561.3793077297
140240.5416158953 141637.2633737478
132918.5647377093 141158.2132046667
138967.1543327325 136208.0281241622
136738.7265871977 141477.5799840541
139444.6745639186 140998.5298149730
139285.5011535232 133493.4104993693
138648.8075119418 138124.2288004865
138171.2872807558 136367.7115138559
140399.7150262907 138922.6457489549
141195.5820782674 137645.1786314054
138012.1138703605 134132.1440581442
142468.9693614302 142595.3637119099

136420.3797664070 134132.1440581442
137534.5936391744 137006.4450726306
141036.4086678721 142435.6803222162
140718.0618470814 133014.3603302883
132759.3913273140 142914.7304912973
141195.5820782674 138283.9121901802
138171.2872807558 133653.0938890631
135465.3393040349 141796.9467634415
139763.0213847093 129820.6925364144
134669.4722520581 141637.2633737478
136420.3797664070 139082.3291386487
138967.1543327325 137485.4952417117
138489.6341015465 128383.5420291712
139126.3277431279 130619.1094848829
137534.5936391744 131417.5264333514
133873.6052000814 139242.0125283424
140399.7150262907 142275.9969325225
136261.2063560117 133972.4606684504
141513.9288990581 142595.3637119099
132918.5647377093 138922.6457489549
132918.5647377093 140359.7962561982
141673.1023094535 141317.8965943604
136738.7265871977 143234.0972706847
140240.5416158953 129980.3759261081
134191.9520208721 138603.2789695676
138967.1543327325 139561.3793077297
142787.3161822209 143872.8308294594
136102.0329456163 134132.1440581442
139285.5011535232 130619.1094848829
141832.2757198488 141956.6301531351
141832.2757198488 141317.8965943604
137375.4202287791 139721.0626974234
136738.7265871977 134132.1440581442
138967.1543327325 135249.9277860000
131804.3508649419 140679.1630355856
141036.4086678721 133972.4606684504
135146.9924832442 134132.1440581442
139285.5011535232 132694.9935509009
136738.7265871977 143393.7806603784
140558.8884366860 141158.2132046667
141673.1023094535 138124.2288004865
134669.4722520581 136527.3949035495
139444.6745639186 139721.0626974234
141832.2757198488 138283.9121901802
139285.5011535232 131577.2098230450
138489.6341015465 131098.1596539640
131645.1774545465 143234.0972706847
134032.7786104767 138603.2789695676
138489.6341015465 141158.2132046667
134828.6456624535 140359.7962561982
141354.7554886628 140200.1128665045
130849.3104025698 142595.3637119099
140877.2352574768 138443.5955798739
143105.6630030116 143713.1474397658
134828.6456624535 137006.4450726306
140558.8884366860 131098.1596539640
134987.8190728489 141637.2633737478
135465.3393040349 138283.9121901802
137852.9404599651 142116.3135428288
135306.1658936395 142116.3135428288
137216.2468183837 140998.5298149730
141832.2757198488 136527.3949035495
140081.3682055000 137485.4952417117
137057.0734079884 138922.6457489549
137375.4202287791 133972.4606684504
138330.4606911512 131577.2098230450
138489.6341015465 134291.8274478379
134032.7786104767 143393.7806603784
138330.4606911512 130619.1094848829
140399.7150262907 136367.7115138559
138330.4606911512 132535.3101612072
141832.2757198488 138603.2789695676
134669.4722520581 140838.8464252793
137693.7670495698 143234.0972706847
135783.6861248256 133174.0437199820
140081.3682055000 128543.2254188649
138171.2872807558 131257.8430436577
137852.9404599651 135569.2945653874
138648.8075119418 128064.1752497838
137216.2468183837 133174.0437199820
139444.6745639186 140998.5298149730

142946.4895926163 143713.1474397658
130053.4433505930 143074.4138809910
143105.6630030116 143074.4138809910
136420.3797664070 142595.3637119099
138967.1543327325 142435.6803222162
142309.7959510349 142435.6803222162
130690.1369921744 142275.9969325225
134828.6456624535 142275.9969325225
138171.2872807558 142275.9969325225
136420.3797664070 142116.3135428288
138807.9809223372 141956.6301531351
130849.3104025698 141796.9467634415
131167.6572233605 141317.8965943604
142468.9693614302 141317.8965943604
136420.3797664070 140998.5298149730
140877.2352574768 140519.4796458919
133555.2583792907 140040.4294768108
141195.5820782674 140040.4294768108
138489.6341015465 139880.7460871171
140877.2352574768 139561.3793077297
133555.2583792907 138762.9623592613
137852.9404599651 138762.9623592613
138489.6341015465 138762.9623592613
140718.0618470814 138603.2789695676
135783.6861248256 137964.5454107928
138489.6341015465 137645.1786314054
135146.9924832442 137485.4952417117
137852.9404599651 136527.3949035495
141354.7554886628 136527.3949035495
138012.1138703605 136048.3447344685
137216.2468183837 135888.6613447748
140240.5416158953 134451.5108375315
140240.5416158953 133812.7772787568
137057.0734079884 133653.0938890631
139444.6745639186 133333.7271096757
138012.1138703605 133174.0437199820
140081.3682055000 133174.0437199820
140240.5416158953 132694.9935509009
140081.3682055000 132375.6267715135
137057.0734079884 131417.5264333514
138967.1543327325 131257.8430436577
138648.8075119418 129022.2755879460
139603.8479743140 128223.8586394775
141832.2757198488 141637.2633737478
140558.8884366860 143074.4138809910
134987.8190728489 142595.3637119099
140399.7150262907 136527.3949035495
134351.1254312674 140040.4294768108
143264.8364134070 143393.7806603784
136579.5531768023 133653.0938890631
140877.2352574768 141477.5799840541
136579.5531768023 136527.3949035495
138489.6341015465 142755.0471016036
137216.2468183837 138283.9121901802
131804.3508649419 143234.0972706847
133714.4317896861 143074.4138809910
137216.2468183837 135249.9277860000
138648.8075119418 141477.5799840541
139603.8479743140 127585.1250807027
137852.9404599651 130938.4762642703
134351.1254312674 141637.2633737478
135465.3393040349 137804.8620210991
139763.0213847093 132694.9935509009
140558.8884366860 136367.7115138559
133396.0849688953 142275.9969325225
137216.2468183837 134451.5108375315
137852.9404599651 140679.1630355856
132759.3913273140 142275.9969325225
137693.7670495698 133493.4104993693
138807.9809223372 129661.0091467207
131645.1774545465 140679.1630355856
139603.8479743140 126946.3915219279
140081.3682055000 133493.4104993693
134351.1254312674 142435.6803222162
138330.4606911512 129820.6925364144
141513.9288990581 137645.1786314054
136102.0329456163 132854.6769405946
138807.9809223372 140998.5298149730
135624.5127144302 139561.3793077297
134191.9520208721 137485.4952417117
141354.7554886628 139561.3793077297

142468.9693614302 143713.1474397658
142946.4895926163 143713.1474397658
135146.9924832442 143393.7806603784
140558.8884366860 143074.4138809910
137852.9404599651 142914.7304912973
130849.3104025698 141796.9467634415
131167.6572233605 141317.8965943604
140718.0618470814 141158.2132046667
131167.6572233605 140998.5298149730
136420.3797664070 140998.5298149730
138807.9809223372 140998.5298149730
142309.7959510349 140519.4796458919
132122.6976857326 140359.7962561982
141195.5820782674 140040.4294768108
134510.2988416628 139242.0125283424
132600.2179169186 138762.9623592613
137852.9404599651 138762.9623592613
137216.2468183837 138283.9121901802
133714.4317896861 137645.1786314054
136738.7265871977 137645.1786314054
135146.9924832442 137485.4952417117
137534.5936391744 136687.0782932432
138330.4606911512 136208.0281241622
138330.4606911512 135090.2443963063
135624.5127144302 133812.7772787568
140240.5416158953 133812.7772787568
136579.5531768023 133653.0938890631
137057.0734079884 133653.0938890631
138012.1138703605 133174.0437199820
139922.1947951046 133014.3603302883
139763.0213847093 132694.9935509009
140240.5416158953 132694.9935509009
139922.1947951046 130778.7928745766
138807.9809223372 129661.0091467207
138648.8075119418 129022.2755879460
138807.9809223372 128543.2254188649
139603.8479743140 128223.8586394775
130530.9635817791 142914.7304912973
135306.1658936395 143234.0972706847
139603.8479743140 127585.1250807027
141036.4086678721 133333.7271096757
140718.0618470814 142435.6803222162
132759.3913273140 142275.9969325225
138330.4606911512 129820.6925364144
141513.9288990581 137645.1786314054
140240.5416158953 136367.7115138559
140718.0618470814 132056.2599921261
136420.3797664070 142116.3135428288
134669.4722520581 135569.2945653874
138807.9809223372 141956.6301531351
138967.1543327325 130619.1094848829
139603.8479743140 126946.3915219279
136897.8999975930 136048.3447344685
140877.2352574768 140519.4796458919
137375.4202287791 142275.9969325225
140718.0618470814 138603.2789695676
140081.3682055000 133493.4104993693
138489.6341015465 137645.1786314054
139763.0213847093 134930.5610066126
134351.1254312674 140040.4294768108
133077.7381481047 140679.1630355856
134351.1254312674 142435.6803222162
137216.2468183837 135249.9277860000
138171.2872807558 142275.9969325225
138171.2872807558 143713.1474397658
134191.9520208721 141796.9467634415
137375.4202287791 136048.3447344685
132759.3913273140 139401.6959180360
141354.7554886628 140040.4294768108
133555.2583792907 137804.8620210991
132759.3913273140 138603.2789695676
140240.5416158953 130299.7427054955
140558.8884366860 136367.7115138559
131804.3508649419 143234.0972706847
135465.3393040349 134930.5610066126
141354.7554886628 135569.2945653874
132918.5647377093 143234.0972706847
140399.7150262907 137804.8620210991
140877.2352574768 139561.3793077297
141991.4491302442 139082.3291386487
141195.5820782674 134451.5108375315

132600.2179169186 142116.3135428288
135465.3393040349 139880.7460871171
134828.6456624535 135888.6613447748
133714.4317896861 140519.4796458919
141991.4491302442 137645.1786314054
142787.3161822209 143234.0972706847
140718.0618470814 141477.5799840541
138171.2872807558 143234.0972706847
137693.7670495698 142595.3637119099
138967.1543327325 127585.1250807027
138648.8075119418 128223.8586394775
137216.2468183837 137964.5454107928
138807.9809223372 136846.7616829370
139763.0213847093 129980.3759261081
139126.3277431279 131896.5766024324
138012.1138703605 136367.7115138559
138489.6341015465 142116.3135428288
140558.8884366860 139561.3793077297
138330.4606911512 141796.9467634415
141354.7554886628 136846.7616829370
138648.8075119418 140200.1128665045
139603.8479743140 139721.0626974234
135942.8595352209 140998.5298149730
136579.5531768023 135249.9277860000
136261.2063560117 143393.7806603784
132600.2179169186 141956.6301531351
137216.2468183837 141317.8965943604
139285.5011535232 127425.4416910090
139126.3277431279 137485.4952417117
137375.4202287791 137804.8620210991
135465.3393040349 134451.5108375315
140877.2352574768 140838.8464252793
139126.3277431279 137804.8620210991
142787.3161822209 142435.6803222162
138648.8075119418 139242.0125283424
140558.8884366860 140679.1630355856
141036.4086678721 136687.0782932432
140718.0618470814 138124.2288004865
132759.3913273140 142914.7304912973
139763.0213847093 127585.1250807027
137693.7670495698 138922.6457489549
135783.6861248256 135409.6111756937
134351.1254312674 138443.5955798739
137693.7670495698 139880.7460871171
137216.2468183837 135249.9277860000
137534.5936391744 143553.4640500721
139763.0213847093 137325.8118520180
135783.6861248256 143393.7806603784
135783.6861248256 134291.8274478379
132281.8710961279 142275.9969325225
140877.2352574768 133174.0437199820
141036.4086678721 133174.0437199820
134669.4722520581 142435.6803222162
138171.2872807558 134930.5610066126
137693.7670495698 131736.8932127387
136261.2063560117 132854.6769405946
140558.8884366860 134451.5108375315
136420.3797664070 136846.7616829370
142309.7959510349 140679.1630355856
135146.9924832442 140040.4294768108
137375.4202287791 142595.3637119099
138648.8075119418 129661.0091467207
141354.7554886628 136527.3949035495
137216.2468183837 133812.7772787568
139603.8479743140 132854.6769405946
134510.2988416628 143074.4138809910
139444.6745639186 126786.7081322342
136102.0329456163 134132.1440581442
138489.6341015465 128383.5420291712
133873.6052000814 141477.5799840541
132918.5647377093 142755.0471016036
141036.4086678721 135728.9779550811
134510.2988416628 136687.0782932432
139603.8479743140 127265.7583013153
142628.1427718256 141477.5799840541
140558.8884366860 133333.7271096757
138171.2872807558 137645.1786314054
141513.9288990581 142275.9969325225
140877.2352574768 136687.0782932432
135783.6861248256 138922.6457489549
138648.8075119418 131098.1596539640

140240.5416158953 137804.8620210991
134669.4722520581 143074.4138809910
135783.6861248256 135249.9277860000
142150.6225406396 142595.3637119099
133555.2583792907 137325.8118520180
139763.0213847093 140359.7962561982
138012.1138703605 142914.7304912973
138489.6341015465 135409.6111756937
142468.9693614302 143553.4640500721
138330.4606911512 135888.6613447748
138648.8075119418 131417.5264333514
141513.9288990581 141158.2132046667
140718.0618470814 135409.6111756937
138012.1138703605 134770.8776169189
141991.4491302442 137964.5454107928
133236.9115585000 138922.6457489549
135783.6861248256 134451.5108375315
142468.9693614302 141477.5799840541
132759.3913273140 139561.3793077297
133873.6052000814 140838.8464252793
139285.5011535232 131098.1596539640
131008.4838129651 142435.6803222162
133077.7381481047 140200.1128665045
138012.1138703605 131417.5264333514
135306.1658936395 137645.1786314054
142309.7959510349 142755.0471016036
138967.1543327325 142914.7304912973
138967.1543327325 143713.1474397658
140081.3682055000 142116.3135428288
138967.1543327325 134770.8776169189
135465.3393040349 142914.7304912973
136420.3797664070 141796.9467634415
136897.8999975930 133972.4606684504
142309.7959510349 141477.5799840541
140081.3682055000 131417.5264333514
139922.1947951046 131577.2098230450
141513.9288990581 136527.3949035495
139444.6745639186 137485.4952417117
135783.6861248256 134132.1440581442
137852.9404599651 130459.4260951892
139763.0213847093 140998.5298149730
141991.4491302442 139082.3291386487
132281.8710961279 139242.0125283424
137216.2468183837 142435.6803222162
140558.8884366860 131577.2098230450
138330.4606911512 141637.2633737478
140081.3682055000 131257.8430436577
138967.1543327325 134451.5108375315
140399.7150262907 143234.0972706847
134987.8190728489 141956.6301531351
133714.4317896861 136846.7616829370
141832.2757198488 141158.2132046667
136261.2063560117 139561.3793077297
132759.3913273140 140679.1630355856
138489.6341015465 128383.5420291712
132918.5647377093 139880.7460871171
138489.6341015465 129181.9589776396
137693.7670495698 139401.6959180360
139126.3277431279 134930.5610066126
139285.5011535232 141637.2633737478
136897.8999975930 140359.7962561982
135465.3393040349 137006.4450726306
130690.1369921744 142116.3135428288
141195.5820782674 141637.2633737478
141673.1023094535 137964.5454107928
134987.8190728489 142275.9969325225
142309.7959510349 142595.3637119099
140081.3682055000 141796.9467634415
140718.0618470814 133174.0437199820
134191.9520208721 137964.5454107928
135624.5127144302 143234.0972706847
137693.7670495698 130778.7928745766
132281.8710961279 141158.2132046667
135465.3393040349 138283.9121901802
138012.1138703605 142275.9969325225
138967.1543327325 131417.5264333514
139922.1947951046 141158.2132046667
137057.0734079884 135728.9779550811
135465.3393040349 135569.2945653874
132281.8710961279 141796.9467634415
137534.5936391744 139401.6959180360

142946.4895926163 143713.1474397658
135306.1658936395 143234.0972706847
130053.4433505930 143074.4138809910
140558.8884366860 143074.4138809910
143105.6630030116 143074.4138809910
130530.9635817791 142914.7304912973
132918.5647377093 142755.0471016036
134987.8190728489 142595.3637119099
138171.2872807558 142275.9969325225
136420.3797664070 142116.3135428288
138807.9809223372 141956.6301531351
131167.6572233605 141317.8965943604
142628.1427718256 141317.8965943604
140718.0618470814 141158.2132046667
138807.9809223372 140998.5298149730
133077.7381481047 140679.1630355856
140558.8884366860 140679.1630355856
132122.6976857326 140359.7962561982
133555.2583792907 140040.4294768108
134351.1254312674 140040.4294768108
136102.0329456163 139561.3793077297
141354.7554886628 139561.3793077297
132759.3913273140 139401.6959180360
134510.2988416628 139242.0125283424
141991.4491302442 139082.3291386487
137852.9404599651 138762.9623592613
140718.0618470814 138603.2789695676
133236.9115585000 138283.9121901802
135783.6861248256 138124.2288004865
133714.4317896861 137645.1786314054
138489.6341015465 137645.1786314054
135146.9924832442 137485.4952417117
137534.5936391744 136687.0782932432
140399.7150262907 136527.3949035495
141354.7554886628 136527.3949035495
140558.8884366860 136367.7115138559
138330.4606911512 136208.0281241622
139763.0213847093 134930.5610066126
141195.5820782674 134451.5108375315
135624.5127144302 133812.7772787568
138967.1543327325 133812.7772787568
140240.5416158953 133812.7772787568
136579.5531768023 133653.0938890631
137057.0734079884 133653.0938890631
138171.2872807558 133333.7271096757
138012.1138703605 133174.0437199820
139126.3277431279 133174.0437199820
139922.1947951046 133014.3603302883
139763.0213847093 132694.9935509009
138967.1543327325 131257.8430436577
139922.1947951046 130778.7928745766
138967.1543327325 130619.1094848829
138807.9809223372 129661.0091467207
139603.8479743140 127585.1250807027
130849.3104025698 141796.9467634415
130690.1369921744 142275.9969325225
140081.3682055000 133493.4104993693
141354.7554886628 135569.2945653874
138807.9809223372 128543.2254188649
140877.2352574768 137325.8118520180
141036.4086678721 133333.7271096757
137216.2468183837 134451.5108375315
141195.5820782674 140679.1630355856
137216.2468183837 138283.9121901802
138648.8075119418 129022.2755879460
140240.5416158953 132694.9935509009
136579.5531768023 132056.2599921261
143264.8364134070 143393.7806603784
136261.2063560117 133014.3603302883
136420.3797664070 140998.5298149730
131804.3508649419 143234.0972706847
137216.2468183837 135249.9277860000
134828.6456624535 141956.6301531351
138807.9809223372 140359.7962561982
134828.6456624535 142275.9969325225
140718.0618470814 142275.9969325225
141513.9288990581 137645.1786314054
136738.7265871977 143393.7806603784
137852.9404599651 136527.3949035495
138489.6341015465 139880.7460871171
139126.3277431279 139880.7460871171

142946.4895926163 143713.1474397658
135146.9924832442 143393.7806603784
140399.7150262907 143393.7806603784
130053.4433505930 143074.4138809910
138012.1138703605 143074.4138809910
141673.1023094535 143074.4138809910
143105.6630030116 143074.4138809910
131486.0040441512 142914.7304912973
132918.5647377093 142755.0471016036
138489.6341015465 142755.0471016036
134351.1254312674 142435.6803222162
142468.9693614302 142275.9969325225
138807.9809223372 141956.6301531351
131486.0040441512 141637.2633737478
133714.4317896861 141317.8965943604
138807.9809223372 140998.5298149730
141354.7554886628 140359.7962561982
136261.2063560117 140200.1128665045
133555.2583792907 140040.4294768108
134351.1254312674 140040.4294768108
137057.0734079884 140040.4294768108
141673.1023094535 140040.4294768108
138489.6341015465 139880.7460871171
134987.8190728489 139721.0626974234
135624.5127144302 139561.3793077297
140718.0618470814 138603.2789695676
133236.9115585000 138283.9121901802
135783.6861248256 138124.2288004865
133555.2583792907 137804.8620210991
134191.9520208721 137645.1786314054
137534.5936391744 137645.1786314054
139763.0213847093 137645.1786314054
141513.9288990581 137645.1786314054
140399.7150262907 136527.3949035495
139763.0213847093 134930.5610066126
140240.5416158953 134451.5108375315
138648.8075119418 133653.0938890631
139922.1947951046 133014.3603302883
140399.7150262907 133014.3603302883
139763.0213847093 132694.9935509009
140240.5416158953 132694.9935509009
136579.5531768023 132056.2599921261
137057.0734079884 132056.2599921261
137852.9404599651 130938.4762642703
138648.8075119418 130619.1094848829
137534.5936391744 130459.4260951892
134669.4722520581 135569.2945653874
140558.8884366860 140679.1630355856
131645.1774545465 140679.1630355856
138489.6341015465 135409.6111756937
139763.0213847093 135888.6613447748
138967.1543327325 140679.1630355856
135783.6861248256 140359.7962561982
135306.1658936395 135249.9277860000
140877.2352574768 141477.5799840541
136420.3797664070 142116.3135428288
134351.1254312674 141637.2633737478
137057.0734079884 133653.0938890631
136897.8999975930 136048.3447344685
142628.1427718256 141317.8965943604
136738.7265871977 135249.9277860000
133077.7381481047 140679.1630355856
138330.4606911512 129820.6925364144
136579.5531768023 142914.7304912973
139444.6745639186 130459.4260951892
141195.5820782674 134451.5108375315
142468.9693614302 139880.7460871171
138489.6341015465 133812.7772787568
136579.5531768023 134770.8776169189
130849.3104025698 141796.9467634415
135146.9924832442 137485.4952417117
132122.6976857326 140359.7962561982
139126.3277431279 127744.8084703964
131167.6572233605 140998.5298149730
136738.7265871977 137645.1786314054
140081.3682055000 128543.2254188649
141832.2757198488 143393.7806603784
136579.5531768023 133653.0938890631
140240.5416158953 133812.7772787568
135465.3393040349 134930.5610066126
134351.1254312674 137645.1786314054

