423821369.2820404768 3236442.3730468750
431973420.3010287285 3272082.2753906250
424248940.1561133265 3236929.5908203125
428153939.8038527966 3261204.1123046875
419866571.0165522695 3162246.8554687500
418793061.9271286130 3156984.2148437500
421966514.9824841022 3218788.6093750000
421256597.9298925996 3189676.1308593750
424391520.1076725125 3237366.4775390625
427452038.8760381937 3248639.2812500000
421602186.5770925283 3199338.8994140625
425636067.7139179707 3248258.6494140625
423614107.4398306608 3225235.8828125000
424727577.0780120492 3238170.2099609375
428500135.0525884032 3268446.8925781250
