722500244.3972545862 226620.7989044189
710060310.0306404829 178869.4076652527
713525642.7364804745 223610.7171096802
725941148.7909725904 227761.9226837158
710656931.6232055426 179790.1012668610
710978461.4861556292 212871.3073997498
712357773.6410413980 216702.9508438110
728462432.0754516125 228712.7750625610
737635879.5030808449 230044.3130950928
731670877.8224375248 228877.2658996582
735441852.6835330725 229384.6553707123
739347710.4393403530 230831.1849994659
719473099.7428871393 225220.0486526489
711370763.5128185749 214489.4408302307
715826223.1304266453 223810.9756259918
712403680.6915899515 217173.4608039856
721804342.3935818672 225428.1995792389
