159967263.6454423368 709239.9708251953
158479455.5193384290 679441.9848632812
164281252.1526439786 725461.5998535156
162174005.6442171335 720462.6558837891
161505295.1113204062 710311.5834960938
162032582.2902865708 714951.1440429688
157981090.0587556064 635164.3972778320
164490077.6856509149 733161.2537841797
161745837.0710121095 712513.3533935547
159900835.5506373644 705289.7535400391
162127900.3402810991 715213.1132812500
162138137.3894823194 716548.9829101562
161811325.7808569074 713232.2272949219
158960606.7871789932 702263.6579589844
163236560.5011863708 721128.8964843750
163939169.2482748628 723061.8829345703
162950764.4346874356 721087.5922851562
