444824464.9899210334 300850.8845062256
437683397.1425612569 293426.0913696289
433593753.7790439725 265391.7868003845
445159695.4949199557 306240.4921569824
435659250.9804375768 271543.9512786865
442645308.1627518535 299155.3214111328
441539025.3661431074 297108.2496643066
440930178.3257870078 296416.7392730713
445042916.4450522065 301110.2982330322
457103347.2594689131 306687.3418884277
433585273.6014437675 213290.0610828400
435779153.4467313886 292336.7464904785
440740460.9092957973 293616.7321929932
445094192.8592731953 303535.0674133301
