587773570.7921512127 903713.2005462646
586656673.3352539539 874357.5048446655
588437302.7037326097 911495.8748779297
587151393.2429633141 899586.2653961182
586443229.1680148840 870531.8128967285
586885216.9244244099 881785.5863342285
592213555.5208401680 917351.6349182129
599923447.6346497536 943049.0708312988
586530100.5147819519 871974.6367797852
598767979.3965759277 936042.4363098145
608006617.1566299200 955955.9768981934
597181431.6786206961 932882.3772888184
584105265.8480418921 855218.9515686035
594022552.5242801905 929485.2384948730
591294120.3734065294 917024.6078796387
602724641.6813312769 946432.1114959717
586621074.5263077021 873332.3968811035
603899817.7232779264 950460.4096069336
605485251.6963298321 954076.0835876465
584166529.6787446737 863248.0560989380
590258248.2148292065 913830.0073852539
598993925.4262689352 938503.0029602051
599235437.0788244009 940692.4689941406
593061456.4476348162 922081.5063629150
591303653.2278233767 917081.3507080078
