914325644.5483523607 110494.2958164215
907965851.5266282558 109846.0788555145
892445673.3561441898 105064.6793484688
901110368.1213432550 108064.3457632065
893134888.5176390409 105497.2354950905
903069370.8408074379 109130.7223310471
897009453.5559483767 107442.6152439117
894201219.6523995399 105978.1026554108
894686869.0162373781 106878.1459541321
901116708.3890883923 108606.7578582764
887617987.0148545504 104757.8584866524
912892293.7621634007 110019.0935850143
912927267.8217909336 110175.5181865692
907677813.9251966476 109357.3268280029
915107130.9146527052 111579.9821872711
898471725.7558667660 107491.6686573029
901077856.0360807180 107709.0543842316
901817328.0914540291 108803.4355621338
899824762.7748209238 107647.1558599472
