116611124.3175120950 116.7774927616
119141964.6494853497 131.2389961481
119670340.3822135776 132.4052843451
116604689.6575894207 116.2023635507
117240969.9100175351 127.5654774457
115999720.4928334504 112.8319558799
124004481.1856595874 138.2137978673
117948920.5460397899 127.5704970360
118438785.6374666393 130.4394586086
122154055.1450656354 134.2530561686
116715293.5780626088 116.9796232134
122591706.3374654502 135.3417225182
120118042.5807407349 133.2359307408
115904569.7972583324 103.1772423834
116500283.3657531887 115.5516361892
116844402.4051489532 126.1774587333
121355689.0573684275 133.9208949208
