301995214.7949285507 36579.0332212448
295532698.3346731067 33410.9613800049
299416972.7051413655 35700.6735477448
305058942.1662744880 37865.0557823181
303738761.3832613230 37400.4608306885
298028287.7934734821 35135.3571319580
297391055.1741671562 34716.9847869873
297016020.5574653149 34629.7723579407
303262145.7108417153 36991.2393283844
296700795.9144299626 33937.8223266602
303370075.3533740044 37131.1439399719
301134703.9765751362 36425.2721900940
302348723.5075153112 36849.0470809937
300031713.7249956131 36291.9379310608
301267208.2349543571 36502.3725738525
299261165.1552767754 35529.5027770996
299461872.3124057055 36037.4454803467
298618551.8540098071 35256.5148506165
296433344.4458975196 33719.4875860214
296816090.2078415155 34175.5903911591
