593491481.8317497969 454153.6746215820
590667695.9641361237 446167.8984069824
603727514.7900664806 463524.2802124023
586586932.7085703611 423889.1746902466
606268174.7643887997 464216.8036499023
584830520.8380239010 412991.1136398315
613403933.1988354921 468487.7615356445
591006596.1705560684 452497.3671722412
590912225.5345605612 450882.6925659180
607247110.1884547472 466963.5101165771
595518818.5910922289 460591.9479370117
590137717.8245149851 443729.2589111328
593257130.3356592655 452516.9311218262
586952902.7197674513 439545.4868164062
590677174.1773207188 448407.5549087524
603528894.8233962059 461376.3809509277
595148268.5459911823 455748.9211425781
599895693.5718939304 460873.1174163818
602203050.3953896761 461229.2541046143
588937382.8715690374 443492.4908523560
