514053509.1289775968 9251572.3623046875
504255937.4944896698 9209230.7822265625
500946660.1309719086 9172152.5205078125
498001576.5090513229 9138466.7099609375
503743229.8094132543 9195927.1162109375
505008096.0004139543 9228999.3144531250
513855980.6558213234 9241780.8203125000
515102968.3444078565 9256829.5175781250
511265438.8996014595 9235427.9072265625
516984251.8607901335 9259264.3144531250
517606361.0970523953 9276726.9970703125
500677314.8852726817 9152435.5634765625
517455730.8989151120 9269924.5000000000
510611552.5586596131 9234576.5878906250
510298375.2322312593 9233886.6806640625
512131542.8382289410 9240157.1640625000
512434415.6476245522 9240923.5703125000
508882394.3174424767 9230494.0078125000
502408717.5454111695 9183519.3427734375
