139896.7833675662 141954.2085978005
136217.5125425417 139237.8047666140
125499.6366609485 138438.8624633238
132218.3051240368 138279.0740026658
121980.3341326642 137000.7663174015
125979.5415511691 137000.7663174015
119580.8096815613 136681.1893960855
116701.3803402377 135882.2470927953
123420.0488033260 135882.2470927953
122140.3024294044 134923.5163288472
133498.0514979583 134763.7278681891
126779.3830348701 132846.2663402928
116061.5071532770 132526.6894189767
125659.6049576887 131887.5355763446
126299.4781446495 131887.5355763446
114301.8558891348 131727.7471156865
125019.7317707279 131408.1701943705
122460.2390228848 129650.4971271321
121180.4926489632 129330.9202058161
117821.1584174191 129171.1317451580
125979.5415511691 129011.3432845000
115581.6022630564 127253.6702172616
114781.7607793554 127093.8817566036
126779.3830348701 126614.5163746295
122940.1439131054 124856.8433073912
116861.3486369779 124537.2663860751
119580.8096815613 124057.9010041010
116061.5071532770 123099.1702401528
123739.9853968064 122939.3817794948
119260.8730880809 121501.2856335725
117021.3169337181 120862.1317909404
113502.0144054338 120222.9779483083
119420.8413848211 117666.3625777798
120380.6511652622 117506.5741171218
111422.4265478113 117186.9971958057
116221.4754500172 117027.2087351477
111422.4265478113 116388.0548925156
110622.5850641103 116068.4779711995
114461.8241858750 116068.4779711995
112062.2997347721 114790.1702859352
113661.9827021740 117985.9394990959
131418.4636403358 130289.6509697643
122940.1439131054 135562.6701714793
123100.1122098456 136840.9778567435
140696.6248512671 142433.5739797746
115741.5705597966 114470.5933646192
126779.3830348701 125655.7856106814
116221.4754500172 123898.1125434430
112862.1412184730 118784.8818023860
122460.2390228848 119104.4587237021
117341.2535271985 124537.2663860751
129338.8757827132 138598.6509239819
117501.2218239387 120063.1894876503
117341.2535271985 114949.9587465933
140536.6565545269 142912.9393617487
118620.9999011201 115908.6895105415
128059.1294087916 138918.2278452979
127739.1928153113 137480.1316993757
125179.7000674681 129171.1317451580
120220.6828685221 116547.8433531736
119740.7779783015 119743.6125663342
137017.3540262426 140036.7470699041
112222.2680315123 127892.8240598938
115581.6022630564 121980.6510155466
119420.8413848211 115748.9010498834
119740.7779783015 118305.5164204119
127899.1611120515 130289.6509697643
138617.0369936446 139397.5932272720
133338.0832012181 136201.8240141114
123260.0805065858 127733.0355992358
121820.3658359240 135562.6701714793
131258.4953435956 133006.0548009508
126139.5098479093 134124.5740255570
127579.2245185711 138438.8624633238
116541.4120434975 135402.8817108213
122140.3024294044 124217.6894647591
115741.5705597966 134444.1509468731
111742.3631412917 114470.5933646192
118461.0316043799 120862.1317909404
119580.8096815613 127733.0355992358
120860.5560554828 129011.3432845000
112062.2997347721 126934.0932959456
132858.1783109975 132047.3240370026
134777.7978718799 134603.9394075311
119740.7779783015 117186.9971958057
111262.4582510711 125975.3625319974
116381.4437467573 125336.2086893653
117821.1584174191 133165.8432616088

118940.9364946005 125176.4202287073
124379.8585837672 125655.7856106814
124379.8585837672 129330.9202058161
132538.2417175171 131567.9586550285
122940.1439131054 119583.8241056762
112222.2680315123 126454.7279139715
113182.0778119534 123738.3240827850
118940.9364946005 118305.5164204119
118141.0950108995 118465.3048810700
117021.3169337181 116547.8433531736
120700.5877587427 132047.3240370026
129498.8440794534 130769.0163517383
113022.1095152132 120862.1317909404
120060.7145717818 136840.9778567435
119420.8413848211 135083.3047895052
134937.7661686201 135243.0932501632
118301.0633076397 129330.9202058161
126139.5098479093 133485.4201829249
138936.9735871250 141315.0547551684
110942.5216575907 120542.5548696244
122300.2707261446 125176.4202287073
130298.6855631544 134124.5740255570
125179.7000674681 126934.0932959456
118141.0950108995 129970.0740484482
137657.2272132034 139078.0163059559
124219.8902870270 139237.8047666140
115741.5705597966 133325.6317222669
134457.8612783995 133964.7855648990
129658.8123761936 139078.0163059559
118141.0950108995 121820.8625548886
126939.3513316103 128212.4009812099
133658.0197946985 138598.6509239819
125819.5732544289 127413.4586779197
122940.1439131054 124537.2663860751
125019.7317707279 131727.7471156865
119900.7462750416 135083.3047895052
123580.0171000662 128372.1894418679
123260.0805065858 122619.8048581788
130298.6855631544 139557.3816879301
135737.6076523211 139876.9586092462
126619.4147381299 125815.5740713394
135737.6076523211 135722.4586321373
112862.1412184730 120542.5548696244
115741.5705597966 117985.9394990959
124219.8902870270 131088.5932730544
124219.8902870270 130609.2278910803
114941.7290760956 116707.6318138316
115741.5705597966 126135.1509926555
111582.3948445515 114630.3818252772
131258.4953435956 130449.4394304223
111422.4265478113 114310.8049039612
117181.2852304583 114630.3818252772
137017.3540262426 141315.0547551684
129978.7489696740 133645.2086435829
129338.8757827132 131887.5355763446
139256.9101806054 141474.8432158264
116861.3486369779 115908.6895105415
128699.0025957524 133006.0548009508
116061.5071532770 135402.8817108213
123260.0805065858 125336.2086893653
129338.8757827132 127892.8240598938
127899.1611120515 135562.6701714793
114621.7924826152 116547.8433531736
131578.4319370760 132207.1124976607
116061.5071532770 126774.3048352876
117981.1267141593 121341.4971729145
122140.3024294044 133485.4201829249
122300.2707261446 123578.5356221270
131898.3685305564 136521.4009354275
129498.8440794534 130289.6509697643
123260.0805065858 125655.7856106814
117021.3169337181 132207.1124976607
127579.2245185711 131727.7471156865
112062.2997347721 115429.3241285674
126619.4147381299 128372.1894418679
116061.5071532770 127253.6702172616
121660.3975391838 119903.4010269922
119260.8730880809 133804.9971042409
125659.6049576887 129490.7086664741
116381.4437467573 129490.7086664741
112382.2363282524 127892.8240598938
120860.5560554828 118625.0933417280
114781.7607793554 114310.8049039612
118620.9999011201 133645.2086435829
128539.0342990122 139397.5932272720
116861.3486369779 120382.7664089663
113981.9192956544 124057.9010041010
117821.1584174191 124697.0548467332

118461.0316043799 117027.2087351477
122300.2707261446 129810.2855877902
112382.2363282524 124537.2663860751
117181.2852304583 116547.8433531736
115901.5388565368 120862.1317909404
119260.8730880809 119104.4587237021
110782.5533608505 115269.5356679093
126619.4147381299 134603.9394075311
126459.4464413897 133645.2086435829
115741.5705597966 118145.7279597539
113661.9827021740 129011.3432845000
127739.1928153113 139237.8047666140
119580.8096815613 125016.6317680492
116861.3486369779 135722.4586321373
119580.8096815613 124377.4779254171
117021.3169337181 137639.9201600337
114781.7607793554 117826.1510384378
130938.5587501152 133006.0548009508
131098.5270468554 130769.0163517383
121980.3341326642 137959.4970813497
121180.4926489632 129650.4971271321
136217.5125425417 137160.5547780596
130618.6221566348 134603.9394075311
118461.0316043799 133325.6317222669
117501.2218239387 126614.5163746295
114461.8241858750 116707.6318138316
116701.3803402377 133006.0548009508
130138.7172664142 128691.7663631839
131578.4319370760 132207.1124976607
128539.0342990122 130289.6509697643
111422.4265478113 121980.6510155466
131098.5270468554 138119.2855420078
137337.2906197230 139397.5932272720
121180.4926489632 128372.1894418679
117181.2852304583 129490.7086664741
123420.0488033260 133804.9971042409
133658.0197946985 134603.9394075311
123580.0171000662 125975.3625319974
115421.6339663162 130769.0163517383
128539.0342990122 134923.5163288472
132058.3368272966 134763.7278681891
137657.2272132034 139717.1701485881
124219.8902870270 124537.2663860751
132378.2734207769 138119.2855420078
124379.8585837672 132846.2663402928
127419.2562218309 126454.7279139715
124379.8585837672 136361.6124747694
111262.4582510711 122460.0163975208
131738.4002338162 139557.3816879301
111102.4899543309 116547.8433531736
125979.5415511691 139557.3816879301
126779.3830348701 128212.4009812099
121820.3658359240 125336.2086893653
135417.6710588407 135722.4586321373
135577.6393555809 138119.2855420078
137657.2272132034 140835.6893731943
111422.4265478113 127573.2471385777
124859.7634739877 122300.2279368627
113022.1095152132 115269.5356679093
120700.5877587427 135402.8817108213
133658.0197946985 139717.1701485881
138457.0686969044 141634.6316764845
118461.0316043799 131567.9586550285
131738.4002338162 136840.9778567435
131418.4636403358 131088.5932730544
119100.9047913407 121181.7087122565
123420.0488033260 127093.8817566036
141816.4029284485 143711.8816650388
114301.8558891348 129970.0740484482
125659.6049576887 137959.4970813497
111422.4265478113 117186.9971958057
115901.5388565368 127093.8817566036
134137.9246849191 137480.1316993757
119580.8096815613 133645.2086435829
127739.1928153113 132526.6894189767
131738.4002338162 140196.5355305622
119100.9047913407 138279.0740026658
120380.6511652622 137160.5547780596
135577.6393555809 139876.9586092462
134937.7661686201 135083.3047895052
118940.9364946005 133485.4201829249
115901.5388565368 130928.8048123964
136057.5442458015 138119.2855420078
113022.1095152132 114630.3818252772
138297.1004001642 140356.3239912202
130298.6855631544 132207.1124976607
119900.7462750416 121021.9202515985
113821.9509989142 127093.8817566036

136537.4491360220 141155.2662945104
138936.9735871250 140835.6893731943
134297.8929816593 140356.3239912202
128539.0342990122 139717.1701485881
118940.9364946005 138758.4393846399
117021.3169337181 138119.2855420078
126779.3830348701 137959.4970813497
117661.1901206789 137000.7663174015
134777.7978718799 137000.7663174015
125339.6683642083 136840.9778567435
134297.8929816593 135722.4586321373
122940.1439131054 135243.0932501632
127259.2879250907 134923.5163288472
133977.9563881789 134923.5163288472
135097.7344653603 134763.7278681891
124219.8902870270 132686.4778796347
124539.8268805073 132366.9009583186
127899.1611120515 131408.1701943705
117661.1901206789 129650.4971271321
116701.3803402377 128531.9779025259
125339.6683642083 127253.6702172616
114781.7607793554 125336.2086893653
111902.3314380318 125176.4202287073
113502.0144054338 125176.4202287073
121180.4926489632 124217.6894647591
111262.4582510711 123099.1702401528
117661.1901206789 122619.8048581788
118940.9364946005 121181.7087122565
110462.6167673701 113991.2279826451
127579.2245185711 126614.5163746295
126619.4147381299 125655.7856106814
117021.3169337181 135722.4586321373
121980.3341326642 124217.6894647591
135897.5759490613 141155.2662945104
120060.7145717818 138598.6509239819
114621.7924826152 132526.6894189767
124379.8585837672 138598.6509239819
122940.1439131054 127413.4586779197
120220.6828685221 136042.0355534534
123739.9853968064 135722.4586321373
131898.3685305564 138758.4393846399
136377.4808392818 136681.1893960855
132218.3051240368 137000.7663174015
126779.3830348701 137480.1316993757
112702.1729217328 126294.9394533135
115741.5705597966 128851.5548238420
112862.1412184730 114310.8049039612
125979.5415511691 137000.7663174015
126139.5098479093 134284.3624862150
113022.1095152132 114470.5933646192
121340.4609457034 126774.3048352876
128699.0025957524 129650.4971271321
134137.9246849191 140196.5355305622
119740.7779783015 133325.6317222669
111102.4899543309 123738.3240827850
116701.3803402377 115748.9010498834
122460.2390228848 138598.6509239819
120860.5560554828 121181.7087122565
121980.3341326642 138438.8624633238
122940.1439131054 120702.3433302824
127579.2245185711 127573.2471385777
121340.4609457034 138918.2278452979
118461.0316043799 130769.0163517383
120860.5560554828 135243.0932501632
135417.6710588407 140516.1124518782
133658.0197946985 134284.3624862150
123420.0488033260 124856.8433073912
134457.8612783995 139557.3816879301
117181.2852304583 132207.1124976607
119420.8413848211 128212.4009812099
119580.8096815613 136681.1893960855
132058.3368272966 134444.1509468731
115101.6973728358 127892.8240598938
120700.5877587427 119903.4010269922
120060.7145717818 126774.3048352876
135097.7344653603 136361.6124747694
123580.0171000662 129011.3432845000
112542.2046249926 125975.3625319974
124699.7951772475 134124.5740255570
125819.5732544289 126614.5163746295
114941.7290760956 126934.0932959456
112702.1729217328 113991.2279826451
112222.2680315123 120222.9779483083
127099.3196283505 134124.5740255570
116701.3803402377 134124.5740255570
125979.5415511691 136521.4009354275
128699.0025957524 128052.6125205518
130458.6538598946 138918.2278452979

121980.3341326642 120862.1317909404
130138.7172664142 129490.7086664741
112702.1729217328 113991.2279826451
125019.7317707279 135562.6701714793
122620.2073196250 129171.1317451580
130778.5904533750 134444.1509468731
121820.3658359240 124377.4779254171
140216.7199610466 142593.3624404327
112062.2997347721 121021.9202515985
127739.1928153113 138758.4393846399
112702.1729217328 127573.2471385777
131578.4319370760 132207.1124976607
125019.7317707279 129970.0740484482
128539.0342990122 130289.6509697643
137337.2906197230 141634.6316764845
124539.8268805073 129171.1317451580
139256.9101806054 141474.8432158264
124539.8268805073 134124.5740255570
117661.1901206789 131408.1701943705
118940.9364946005 115429.3241285674
121180.4926489632 133804.9971042409
116701.3803402377 132686.4778796347
111582.3948445515 127733.0355992358
116381.4437467573 130129.8625091062
122940.1439131054 139078.0163059559
129338.8757827132 133165.8432616088
112862.1412184730 124217.6894647591
125659.6049576887 126135.1509926555
126459.4464413897 129011.3432845000
127899.1611120515 137639.9201600337
115581.6022630564 125336.2086893653
132218.3051240368 137959.4970813497
115421.6339663162 114630.3818252772
121020.5243522230 130129.8625091062
118780.9681978603 122140.4394762047
127419.2562218309 132526.6894189767
117981.1267141593 118465.3048810700
120060.7145717818 133645.2086435829
113022.1095152132 116547.8433531736
135097.7344653603 134923.5163288472
130778.5904533750 135243.0932501632
134617.8295751397 137000.7663174015
119420.8413848211 119424.0356450181
118301.0633076397 133804.9971042409
116381.4437467573 114949.9587465933
112542.2046249926 114630.3818252772
121500.4292424436 117985.9394990959
123100.1122098456 130449.4394304223
133018.1466077377 136681.1893960855
112062.2997347721 115589.1125892254
118301.0633076397 129330.9202058161
125979.5415511691 134763.7278681891
124379.8585837672 133325.6317222669
136217.5125425417 139717.1701485881
134457.8612783995 139078.0163059559
121660.3975391838 137639.9201600337
121500.4292424436 138438.8624633238
122620.2073196250 127413.4586779197
111902.3314380318 131088.5932730544
121980.3341326642 135083.3047895052
122940.1439131054 120542.5548696244
130138.7172664142 140036.7470699041
120700.5877587427 119424.0356450181
117181.2852304583 125336.2086893653
129018.9391892328 136681.1893960855
129018.9391892328 128531.9779025259
111422.4265478113 123898.1125434430
117661.1901206789 130449.4394304223
119420.8413848211 124057.9010041010
121180.4926489632 118625.0933417280
122620.2073196250 133165.8432616088
123739.9853968064 133645.2086435829
125499.6366609485 134444.1509468731
122300.2707261446 126774.3048352876
135897.5759490613 137000.7663174015
131578.4319370760 130449.4394304223
125979.5415511691 136361.6124747694
137977.1638066838 141794.4201371425
122300.2707261446 121021.9202515985
119900.7462750416 135243.0932501632
115421.6339663162 129650.4971271321
117181.2852304583 133165.8432616088
129338.8757827132 133645.2086435829
120540.6194620024 124377.4779254171
126619.4147381299 129490.7086664741
131898.3685305564 135722.4586321373
125339.6683642083 129970.0740484482
126139.5098479093 130449.4394304223

139416.8784773456 142433.5739797746
138936.9735871250 141794.4201371425
139736.8150708260 140516.1124518782
132698.2100142573 140356.3239912202
134137.9246849191 139237.8047666140
132058.3368272966 139078.0163059559
118940.9364946005 138758.4393846399
124059.9219902868 138758.4393846399
136537.4491360220 138758.4393846399
119900.7462750416 138598.6509239819
135737.6076523211 138438.8624633238
131418.4636403358 137959.4970813497
120540.6194620024 137639.9201600337
129658.8123761936 137639.9201600337
123260.0805065858 137320.3432387176
122620.2073196250 137160.5547780596
119420.8413848211 136840.9778567435
127579.2245185711 136840.9778567435
132218.3051240368 136840.9778567435
133338.0832012181 136840.9778567435
116541.4120434975 136681.1893960855
134777.7978718799 136681.1893960855
121660.3975391838 136361.6124747694
126939.3513316103 135562.6701714793
123260.0805065858 135083.3047895052
123100.1122098456 134923.5163288472
132218.3051240368 134923.5163288472
132058.3368272966 134763.7278681891
121020.5243522230 134444.1509468731
132058.3368272966 134124.5740255570
133658.0197946985 134124.5740255570
119740.7779783015 133325.6317222669
120700.5877587427 133165.8432616088
121180.4926489632 133165.8432616088
131418.4636403358 133006.0548009508
133178.1149044779 132366.9009583186
127099.3196283505 132207.1124976607
117821.1584174191 132047.3240370026
118620.9999011201 132047.3240370026
128379.0660022721 132047.3240370026
114301.8558891348 131887.5355763446
119900.7462750416 131727.7471156865
116541.4120434975 131567.9586550285
119100.9047913407 130928.8048123964
131578.4319370760 130928.8048123964
129978.7489696740 130449.4394304223
128699.0025957524 130289.6509697643
126619.4147381299 130129.8625091062
130778.5904533750 130129.8625091062
129498.8440794534 129970.0740484482
125019.7317707279 129810.2855877902
115261.6656695760 129490.7086664741
117821.1584174191 129330.9202058161
129338.8757827132 129171.1317451580
121500.4292424436 129011.3432845000
123899.9536935466 129011.3432845000
125019.7317707279 128691.7663631839
124859.7634739877 128531.9779025259
119900.7462750416 128372.1894418679
129818.7806729338 128372.1894418679
114941.7290760956 127892.8240598938
120380.6511652622 127733.0355992358
124859.7634739877 127733.0355992358
113182.0778119534 127413.4586779197
120540.6194620024 127413.4586779197
112702.1729217328 127253.6702172616
120060.7145717818 127253.6702172616
119100.9047913407 126934.0932959456
126139.5098479093 126614.5163746295
111422.4265478113 126454.7279139715
112862.1412184730 126294.9394533135
119740.7779783015 126294.9394533135
125659.6049576887 125336.2086893653
126139.5098479093 125016.6317680492
112382.2363282524 124697.0548467332
124219.8902870270 124537.2663860751
125339.6683642083 124537.2663860751
112702.1729217328 124217.6894647591
120060.7145717818 123898.1125434430
121820.3658359240 123898.1125434430
124859.7634739877 123738.3240827850
111902.3314380318 123578.5356221270
122140.3024294044 123578.5356221270
115581.6022630564 123258.9587008109
118461.0316043799 123258.9587008109
122620.2073196250 122619.8048581788
121340.4609457034 122300.2279368627
124379.8585837672 122300.2279368627

138457.0686969044 142113.9970584585
140216.7199610466 141954.2085978005
138457.0686969044 141794.4201371425
135417.6710588407 140995.4778338523
137017.3540262426 140995.4778338523
136217.5125425417 140835.6893731943
136857.3857295024 140835.6893731943
139576.8467740858 140196.5355305622
128539.0342990122 139717.1701485881
136057.5442458015 139397.5932272720
128379.0660022721 139237.8047666140
126139.5098479093 138918.2278452979
123739.9853968064 138758.4393846399
118141.0950108995 138598.6509239819
128379.0660022721 138598.6509239819
122940.1439131054 138279.0740026658
123899.9536935466 138279.0740026658
121660.3975391838 138119.2855420078
132858.1783109975 137959.4970813497
134777.7978718799 137959.4970813497
123899.9536935466 137639.9201600337
120220.6828685221 137480.1316993757
121980.3341326642 137000.7663174015
117821.1584174191 136840.9778567435
132378.2734207769 136840.9778567435
133977.9563881789 136840.9778567435
136217.5125425417 136681.1893960855
124379.8585837672 136521.4009354275
136057.5442458015 136201.8240141114
131898.3685305564 136042.0355534534
125499.6366609485 135882.2470927953
134137.9246849191 135882.2470927953
129018.9391892328 135722.4586321373
119100.9047913407 135562.6701714793
135577.6393555809 135402.8817108213
127579.2245185711 134923.5163288472
132538.2417175171 134603.9394075311
126619.4147381299 133804.9971042409
126939.3513316103 133485.4201829249
133498.0514979583 133485.4201829249
119420.8413848211 133165.8432616088
123100.1122098456 133165.8432616088
117981.1267141593 133006.0548009508
118940.9364946005 133006.0548009508
122300.2707261446 133006.0548009508
133498.0514979583 132846.2663402928
117021.3169337181 132686.4778796347
121500.4292424436 132686.4778796347
132858.1783109975 132526.6894189767
127099.3196283505 132366.9009583186
131098.5270468554 132366.9009583186
118620.9999011201 132047.3240370026
125019.7317707279 132047.3240370026
125819.5732544289 131727.7471156865
116381.4437467573 131408.1701943705
122460.2390228848 130928.8048123964
124219.8902870270 130928.8048123964
121020.5243522230 130769.0163517383
129658.8123761936 130769.0163517383
124379.8585837672 130449.4394304223
131098.5270468554 130289.6509697643
127739.1928153113 130129.8625091062
128858.9708924926 130129.8625091062
121500.4292424436 129970.0740484482
117501.2218239387 129490.7086664741
117661.1901206789 129490.7086664741
114781.7607793554 129330.9202058161
128059.1294087916 129330.9202058161
122460.2390228848 128531.9779025259
127259.2879250907 128531.9779025259
111902.3314380318 128372.1894418679
127099.3196283505 128372.1894418679
113022.1095152132 128212.4009812099
126619.4147381299 127733.0355992358
126139.5098479093 126934.0932959456
112702.1729217328 126454.7279139715
112702.1729217328 126135.1509926555
125339.6683642083 126135.1509926555
123899.9536935466 125975.3625319974
126939.3513316103 125975.3625319974
117341.2535271985 125815.5740713394
119420.8413848211 125016.6317680492
123100.1122098456 125016.6317680492
113661.9827021740 124856.8433073912
112702.1729217328 124217.6894647591
121660.3975391838 124217.6894647591
112542.2046249926 123738.3240827850
118780.9681978603 123578.5356221270

136537.4491360220 140995.4778338523
132698.2100142573 139717.1701485881
134457.8612783995 139557.3816879301
136697.4174327622 138758.4393846399
123260.0805065858 137959.4970813497
130458.6538598946 137000.7663174015
134777.7978718799 137000.7663174015
117181.2852304583 136840.9778567435
133018.1466077377 136042.0355534534
134297.8929816593 135722.4586321373
121340.4609457034 135402.8817108213
126139.5098479093 135402.8817108213
117821.1584174191 134603.9394075311
134457.8612783995 134444.1509468731
121020.5243522230 133325.6317222669
114941.7290760956 132526.6894189767
123899.9536935466 131248.3817337124
115581.6022630564 130769.0163517383
126139.5098479093 129330.9202058161
114781.7607793554 129171.1317451580
111582.3948445515 128851.5548238420
118461.0316043799 128212.4009812099
113022.1095152132 125016.6317680492
116541.4120434975 125016.6317680492
118940.9364946005 121181.7087122565
118940.9364946005 117985.9394990959
113022.1095152132 117346.7856564637
119740.7779783015 116707.6318138316
114461.8241858750 116068.4779711995
111102.4899543309 115269.5356679093
113342.0461086936 114470.5933646192
110462.6167673701 113991.2279826451
111582.3948445515 113991.2279826451
117821.1584174191 123258.9587008109
125499.6366609485 133485.4201829249
121340.4609457034 138918.2278452979
124539.8268805073 137959.4970813497
117021.3169337181 138119.2855420078
120220.6828685221 130609.2278910803
118141.0950108995 132526.6894189767
117181.2852304583 121021.9202515985
135737.6076523211 135562.6701714793
138457.0686969044 139397.5932272720
130138.7172664142 129650.4971271321
121980.3341326642 137160.5547780596
132858.1783109975 139237.8047666140
118461.0316043799 132846.2663402928
128858.9708924926 127093.8817566036
111262.4582510711 115748.9010498834
125339.6683642083 136840.9778567435
124539.8268805073 132366.9009583186
138617.0369936446 140036.7470699041
118461.0316043799 128691.7663631839
125979.5415511691 137959.4970813497
131098.5270468554 131408.1701943705
114781.7607793554 128531.9779025259
132058.3368272966 137320.3432387176
128539.0342990122 134603.9394075311
112542.2046249926 124856.8433073912
129018.9391892328 127253.6702172616
115901.5388565368 127253.6702172616
129338.8757827132 128212.4009812099
122620.2073196250 123258.9587008109
112382.2363282524 115429.3241285674
116541.4120434975 114630.3818252772
125499.6366609485 125655.7856106814
133658.0197946985 135243.0932501632
128059.1294087916 133006.0548009508
120540.6194620024 138918.2278452979
116861.3486369779 116547.8433531736
130778.5904533750 132047.3240370026
123100.1122098456 138279.0740026658
120860.5560554828 134923.5163288472
114941.7290760956 125016.6317680492
111102.4899543309 114630.3818252772
126459.4464413897 124377.4779254171
128699.0025957524 138598.6509239819
134457.8612783995 139078.0163059559
115261.6656695760 114949.9587465933
127739.1928153113 137959.4970813497
118461.0316043799 138119.2855420078
131258.4953435956 140036.7470699041
112062.2997347721 124697.0548467332
114781.7607793554 125336.2086893653
117661.1901206789 137000.7663174015
130618.6221566348 139078.0163059559
134297.8929816593 140356.3239912202
112542.2046249926 116068.4779711995

140696.6248512671 141954.2085978005
139736.8150708260 141474.8432158264
137017.3540262426 140516.1124518782
131418.4636403358 140196.5355305622
132698.2100142573 140196.5355305622
136697.4174327622 140196.5355305622
127739.1928153113 139557.3816879301
129018.9391892328 139557.3816879301
129978.7489696740 139397.5932272720
121020.5243522230 138918.2278452979
128539.0342990122 138758.4393846399
135417.6710588407 138758.4393846399
117981.1267141593 138598.6509239819
120060.7145717818 138598.6509239819
135897.5759490613 138438.8624633238
120220.6828685221 138279.0740026658
125339.6683642083 138119.2855420078
117821.1584174191 137799.7086206917
122620.2073196250 137639.9201600337
126619.4147381299 137480.1316993757
126299.4781446495 137320.3432387176
129178.9074859730 137000.7663174015
122620.2073196250 136521.4009354275
132538.2417175171 136361.6124747694
136377.4808392818 136361.6124747694
116541.4120434975 135722.4586321373
121020.5243522230 135562.6701714793
124539.8268805073 135562.6701714793
129178.9074859730 134284.3624862150
121180.4926489632 134124.5740255570
122620.2073196250 133964.7855648990
124859.7634739877 133964.7855648990
119900.7462750416 133804.9971042409
115421.6339663162 133645.2086435829
122620.2073196250 133645.2086435829
119900.7462750416 133485.4201829249
133498.0514979583 133485.4201829249
130778.5904533750 133165.8432616088
132858.1783109975 133006.0548009508
116221.4754500172 132846.2663402928
116541.4120434975 132047.3240370026
121020.5243522230 131887.5355763446
120860.5560554828 131408.1701943705
125339.6683642083 131248.3817337124
127259.2879250907 131088.5932730544
115741.5705597966 130928.8048123964
111902.3314380318 130289.6509697643
121180.4926489632 129970.0740484482
122620.2073196250 129970.0740484482
127579.2245185711 129650.4971271321
113342.0461086936 129171.1317451580
123580.0171000662 129171.1317451580
127899.1611120515 128531.9779025259
129978.7489696740 128531.9779025259
119900.7462750416 128372.1894418679
128059.1294087916 128212.4009812099
112382.2363282524 127573.2471385777
116221.4754500172 127573.2471385777
129018.9391892328 127413.4586779197
111422.4265478113 127253.6702172616
114941.7290760956 127253.6702172616
126619.4147381299 127093.8817566036
115741.5705597966 126934.0932959456
128539.0342990122 126774.3048352876
126139.5098479093 126614.5163746295
111582.3948445515 126454.7279139715
112062.2997347721 126135.1509926555
117501.2218239387 126135.1509926555
127739.1928153113 126135.1509926555
111742.3631412917 125655.7856106814
118780.9681978603 125655.7856106814
125019.7317707279 125495.9971500233
113022.1095152132 125176.4202287073
123260.0805065858 124856.8433073912
125979.5415511691 124537.2663860751
111582.3948445515 124377.4779254171
112222.2680315123 124377.4779254171
124059.9219902868 123898.1125434430
118301.0633076397 123578.5356221270
123260.0805065858 122619.8048581788
118940.9364946005 122460.0163975208
123100.1122098456 122460.0163975208
122460.2390228848 121820.8625548886
122140.3024294044 121181.7087122565
123580.0171000662 121181.7087122565
112222.2680315123 120862.1317909404
121820.3658359240 120862.1317909404
123739.9853968064 120862.1317909404

139736.8150708260 141794.4201371425
137977.1638066838 139078.0163059559
133817.9880914387 138918.2278452979
135417.6710588407 138438.8624633238
137817.1955099436 138119.2855420078
133977.9563881789 136681.1893960855
119100.9047913407 135722.4586321373
129018.9391892328 135402.8817108213
122140.3024294044 134923.5163288472
120380.6511652622 133804.9971042409
126779.3830348701 133485.4201829249
129178.9074859730 133325.6317222669
131738.4002338162 132047.3240370026
123260.0805065858 130769.0163517383
122780.1756163652 128691.7663631839
124539.8268805073 128691.7663631839
121820.3658359240 128052.6125205518
111742.3631412917 127892.8240598938
127259.2879250907 127573.2471385777
112382.2363282524 126934.0932959456
124219.8902870270 126294.9394533135
116221.4754500172 125655.7856106814
124539.8268805073 124217.6894647591
113661.9827021740 123898.1125434430
111422.4265478113 123418.7471614689
113821.9509989142 120222.9779483083
115581.6022630564 119903.4010269922
121500.4292424436 119264.2471843601
112382.2363282524 118305.5164204119
117341.2535271985 117186.9971958057
116541.4120434975 115429.3241285674
110782.5533608505 115269.5356679093
122300.2707261446 131567.9586550285
126939.3513316103 126934.0932959456
115741.5705597966 123099.1702401528
132378.2734207769 135243.0932501632
117661.1901206789 122939.3817794948
128379.0660022721 129970.0740484482
127579.2245185711 127733.0355992358
126619.4147381299 136042.0355534534
120380.6511652622 123418.7471614689
129658.8123761936 128372.1894418679
118620.9999011201 123898.1125434430
141336.4980382279 142593.3624404327
126939.3513316103 125975.3625319974
118141.0950108995 115109.7472072513
119580.8096815613 126135.1509926555
120700.5877587427 136361.6124747694
115581.6022630564 128691.7663631839
139256.9101806054 141474.8432158264
118141.0950108995 134124.5740255570
110782.5533608505 117186.9971958057
120540.6194620024 136201.8240141114
132858.1783109975 135882.2470927953
114621.7924826152 114790.1702859352
123580.0171000662 121181.7087122565
125979.5415511691 133165.8432616088
134297.8929816593 139876.9586092462
110942.5216575907 119424.0356450181
128379.0660022721 134763.7278681891
129498.8440794534 130928.8048123964
130138.7172664142 130289.6509697643
123100.1122098456 132207.1124976607
139096.9418838652 140995.4778338523
115741.5705597966 120382.7664089663
116381.4437467573 124377.4779254171
123260.0805065858 123099.1702401528
132218.3051240368 137160.5547780596
119260.8730880809 136840.9778567435
131578.4319370760 139557.3816879301
129498.8440794534 129490.7086664741
123420.0488033260 128531.9779025259
121180.4926489632 138119.2855420078
120220.6828685221 138119.2855420078
121340.4609457034 118145.7279597539
116861.3486369779 126454.7279139715
116701.3803402377 117985.9394990959
135257.7027621005 140995.4778338523
118940.9364946005 137799.7086206917
118461.0316043799 121980.6510155466
134137.9246849191 137000.7663174015
126939.3513316103 124537.2663860751
115261.6656695760 128052.6125205518
111582.3948445515 125655.7856106814
127099.3196283505 132526.6894189767
116701.3803402377 131887.5355763446
117661.1901206789 124057.9010041010
123260.0805065858 130449.4394304223

123260.0805065858 138918.2278452979
121020.5243522230 138279.0740026658
129338.8757827132 127733.0355992358
124219.8902870270 135402.8817108213
121180.4926489632 136681.1893960855
113182.0778119534 126614.5163746295
132218.3051240368 135083.3047895052
111902.3314380318 115748.9010498834
115901.5388565368 124057.9010041010
125339.6683642083 131887.5355763446
124539.8268805073 125655.7856106814
124699.7951772475 123258.9587008109
131578.4319370760 130449.4394304223
138297.1004001642 140196.5355305622
123899.9536935466 127573.2471385777
135737.6076523211 139397.5932272720
116861.3486369779 133006.0548009508
129178.9074859730 138438.8624633238
123420.0488033260 138279.0740026658
125179.7000674681 130129.8625091062
119260.8730880809 119424.0356450181
116381.4437467573 116388.0548925156
127899.1611120515 129970.0740484482
117181.2852304583 138279.0740026658
125659.6049576887 126294.9394533135
121020.5243522230 135562.6701714793
128858.9708924926 130289.6509697643
130778.5904533750 132207.1124976607
121180.4926489632 126614.5163746295
119580.8096815613 138438.8624633238
110942.5216575907 115109.7472072513
132058.3368272966 139078.0163059559
118141.0950108995 114949.9587465933
112382.2363282524 127413.4586779197
118301.0633076397 124057.9010041010
123580.0171000662 132366.9009583186
113342.0461086936 125336.2086893653
122780.1756163652 119583.8241056762
121340.4609457034 138438.8624633238
111262.4582510711 125655.7856106814
123260.0805065858 128372.1894418679
138137.1321034240 141634.6316764845
137657.2272132034 141474.8432158264
126459.4464413897 137639.9201600337
119100.9047913407 116228.2664318575
122140.3024294044 136361.6124747694
120700.5877587427 121980.6510155466
113981.9192956544 125975.3625319974
113022.1095152132 117346.7856564637
113022.1095152132 123898.1125434430
125179.7000674681 125655.7856106814
115581.6022630564 129970.0740484482
123260.0805065858 131248.3817337124
118301.0633076397 126934.0932959456
128699.0025957524 135722.4586321373
115901.5388565368 123738.3240827850
111582.3948445515 130928.8048123964
120380.6511652622 124057.9010041010
124379.8585837672 126454.7279139715
118780.9681978603 133006.0548009508
129178.9074859730 138758.4393846399
120700.5877587427 121501.2856335725
125339.6683642083 122939.3817794948
118780.9681978603 131408.1701943705
123899.9536935466 133485.4201829249
120860.5560554828 124057.9010041010
117821.1584174191 132207.1124976607
116061.5071532770 131887.5355763446
141016.5614447475 142753.1509010907
124699.7951772475 128531.9779025259
131258.4953435956 134763.7278681891
123100.1122098456 120382.7664089663
119740.7779783015 128052.6125205518
116221.4754500172 121341.4971729145
130778.5904533750 130928.8048123964
126299.4781446495 128691.7663631839
122460.2390228848 128052.6125205518
139896.7833675662 141315.0547551684
136057.5442458015 140995.4778338523
116061.5071532770 120542.5548696244
116541.4120434975 128851.5548238420
124859.7634739877 136681.1893960855
116381.4437467573 132366.9009583186
116381.4437467573 116867.4202744896
115581.6022630564 123578.5356221270
120060.7145717818 131727.7471156865
129658.8123761936 131887.5355763446
111582.3948445515 129810.2855877902

137017.3540262426 140995.4778338523
124859.7634739877 125336.2086893653
123580.0171000662 138279.0740026658
118301.0633076397 133964.7855648990
126139.5098479093 129970.0740484482
125019.7317707279 123099.1702401528
121500.4292424436 131248.3817337124
128699.0025957524 132047.3240370026
117341.2535271985 118305.5164204119
125179.7000674681 124217.6894647591
117821.1584174191 133804.9971042409
121500.4292424436 127093.8817566036
118940.9364946005 126135.1509926555
129658.8123761936 128531.9779025259
126299.4781446495 132366.9009583186
125339.6683642083 123898.1125434430
119900.7462750416 132526.6894189767
125659.6049576887 135882.2470927953
135577.6393555809 138758.4393846399
121980.3341326642 130928.8048123964
126619.4147381299 133485.4201829249
111902.3314380318 125495.9971500233
119420.8413848211 135882.2470927953
119740.7779783015 134444.1509468731
123580.0171000662 121341.4971729145
114461.8241858750 130769.0163517383
123580.0171000662 132686.4778796347
116381.4437467573 115589.1125892254
125339.6683642083 129970.0740484482
115741.5705597966 129171.1317451580
114461.8241858750 114790.1702859352
125499.6366609485 123418.7471614689
130618.6221566348 130609.2278910803
125019.7317707279 123258.9587008109
112702.1729217328 114310.8049039612
121020.5243522230 120063.1894876503
129978.7489696740 130769.0163517383
115261.6656695760 115429.3241285674
127419.2562218309 126454.7279139715
122460.2390228848 125016.6317680492
129338.8757827132 136681.1893960855
121980.3341326642 128691.7663631839
134777.7978718799 140036.7470699041
121500.4292424436 118305.5164204119
127899.1611120515 132686.4778796347
133178.1149044779 135083.3047895052
114621.7924826152 127253.6702172616
123260.0805065858 120382.7664089663
118461.0316043799 118145.7279597539
121820.3658359240 133325.6317222669
125019.7317707279 133325.6317222669
116861.3486369779 116068.4779711995
133018.1466077377 135083.3047895052
118141.0950108995 124537.2663860751
120700.5877587427 119903.4010269922
134457.8612783995 139876.9586092462
131258.4953435956 132846.2663402928
123580.0171000662 120702.3433302824
115581.6022630564 126774.3048352876
134937.7661686201 135562.6701714793
111742.3631412917 114630.3818252772
119900.7462750416 120542.5548696244
112862.1412184730 122779.5933188368
118141.0950108995 125815.5740713394
122780.1756163652 134603.9394075311
119260.8730880809 136521.4009354275
129498.8440794534 134444.1509468731
117821.1584174191 115748.9010498834
111742.3631412917 129970.0740484482
125979.5415511691 129810.2855877902
124219.8902870270 121501.2856335725
127579.2245185711 125815.5740713394
125339.6683642083 123578.5356221270
127099.3196283505 126294.9394533135
111742.3631412917 117506.5741171218
117181.2852304583 133964.7855648990
132698.2100142573 132047.3240370026
116061.5071532770 116707.6318138316
123739.9853968064 124856.8433073912
126459.4464413897 129490.7086664741
124699.7951772475 126454.7279139715
121820.3658359240 123578.5356221270
123899.9536935466 132207.1124976607
139096.9418838652 141794.4201371425
116221.4754500172 132047.3240370026
119900.7462750416 132366.9009583186
133977.9563881789 139557.3816879301
135737.6076523211 140356.3239912202

