568432960.5315233469 179396.4028930664
571636585.6853711605 181685.3202476501
583236094.2800928354 185511.5791778564
581685670.6895635128 184058.4337234497
580223872.4803365469 183776.4292449951
560790647.8518434763 164215.5154380798
584408671.1645896435 186963.7839431763
561185140.0617568493 179352.7348670959
581814079.3281419277 185108.8829345703
582744855.6586748362 185202.0800552368
571238742.7979447842 179845.2865753174
573738211.4333808422 183046.5146789551
586093788.9846247435 187779.0289230347
581222512.3906422853 183967.9039916992
574043521.3480731249 183059.7077026367
