561474161.0448484421 5278636.9892578125
563237057.8457754850 5280502.6865234375
563274137.4912183285 5289310.8554687500
581318824.8900517225 5383179.2958984375
559559147.2156417370 5261611.3212890625
564892404.9550768137 5297248.8818359375
564937313.1250497103 5304968.4306640625
572408918.9855551720 5362334.1484375000
566335141.6508482695 5343898.0654296875
565948160.0939550400 5314651.2988281250
566139956.1426914930 5337118.6542968750
571848364.6429210901 5346891.9687500000
580038138.6611459255 5376613.5273437500
577446705.3344833851 5365428.9140625000
563897123.6121706963 5294473.0869140625
565552588.7798869610 5305112.2539062500
560830817.2927701473 5268164.4296875000
562415400.0526450872 5279530.1074218750
575983830.4937912226 5364569.0693359375
566230817.8825539351 5338264.7392578125
568723170.3304326534 5346341.1513671875
565641316.2107774019 5310102.5908203125
