126256276.5469112992 159615.7259521484
122502362.2462916523 156154.9801025391
122689301.4735265970 157746.0632934570
127966351.8742940128 160474.9162597656
121208237.6447068751 153649.0273895264
121667547.0361509174 155239.9685058594
123378445.0931412429 159343.6766967773
127929896.3472537547 160071.5104980469
128629524.2154258788 162159.2548217773
128401811.6587351710 160583.4509277344
119208907.7159200907 138201.9180450439
126345442.7424076051 159754.6293945312
119561433.8084560931 147999.0717773438
127622219.4684374183 159854.2402343750
122205890.0920028239 155853.8303527832
120066267.5673158765 149083.5848693848
120655996.5585999787 153412.2987670898
