1435384168.8576121330 1734714.3899993896
1407418846.8000283241 1610775.4621505737
1446336202.5377085209 1750170.3551330566
1421059330.3849492073 1696628.4921569824
1409845658.7237439156 1666308.1935119629
1407319619.9629454613 1271635.1026687622
1417286334.3443074226 1675441.0529479980
1436451941.6527791023 1736038.6056518555
1443636336.4995062351 1741803.9545898438
1426861525.9362819195 1702094.2949600220
1419649060.0265648365 1684700.8346557617
1420108346.6929478645 1693451.1033630371
1408808743.4263334274 1660028.2216033936
1427607080.8397290707 1702490.3885345459
1428229923.0844192505 1716169.1905212402
1439352882.3023459911 1737348.5195846558
1434831826.3831911087 1721329.7590789795
1412781125.2754778862 1672932.7751846313
1412258011.9135110378 1669774.8032226562
1407717844.8990521431 1648685.1758499146
1418205562.4612433910 1682953.0115356445
1407321291.4693989754 1287822.4143066406
