107938.4519566740 131557.5173886739
118964.4776822700 133634.1179355869
121201.6423222460 136349.6724969348
135263.8200592380 121493.9916613261
128552.3261393100 128043.2703092826
125356.3766536300 125487.4542515435
126634.7564479020 126765.3622804131
122480.0221165180 128362.7473165000
128072.9337164580 129960.1323525870
105861.0847909820 134592.5489572391
133825.6427906820 127404.3162948478
113850.9585051820 136030.1954897174
130150.3008821500 123410.8537046304
128072.9337164580 125167.9772443261
125356.3766536300 128682.2243237174
126794.5539221860 133474.3794319783
114330.3509280340 132995.1639211522
133665.8453163980 123091.3766974131
130310.0983564340 133314.6409283696
111134.4014423540 128043.2703092826
120083.0600022580 134752.2874608478
126155.3640250500 133953.5949428044
108737.4393280940 134752.2874608478
141016.5291334620 117660.2675747174
123598.6044365060 133474.3794319783
113850.9585051820 136669.1495041522
129670.9084592980 131717.2558922826
113051.9711337620 131397.7788850652
126794.5539221860 128522.4858201087
109536.4266995140 129800.3938489783
114490.1484023180 135710.7184825000
129511.1109850140 126605.6237768044
137660.7821734980 122931.6381938043
127114.1488707540 124369.2847262826
131748.2756249900 131717.2558922826
126794.5539221860 135231.5029716739
120242.8574765420 129161.4398345435
109856.0216480820 133793.8564391957
117526.3004137140 135870.4569861087
113691.1610308980 130758.8248706304
131428.6806764220 128043.2703092826
135903.0099563740 120216.0836324565
122000.6296936660 135391.2414752826
128871.9210878780 132835.4254175435
128552.3261393100 133793.8564391957
111453.9963909220 133953.5949428044
130150.3008821500 123730.3307118478
122959.4145393700 126126.4082659783
120083.0600022580 132835.4254175435
130310.0983564340 134592.5489572391
120722.2498993940 133953.5949428044
135104.0225849540 124848.5002371087
110015.8191223660 136189.9339933261
110015.8191223660 129321.1783381522
129191.5160364460 127564.0547984565
142135.1114534500 117021.3135602826
116407.7180937260 135231.5029716739
129351.3135107300 126925.1007840217
105062.0974195620 135391.2414752826
134305.0352135340 134273.0719500218
128552.3261393100 125487.4542515435
134624.6301621020 121174.5146541087
128712.1236135940 127244.5777912391
116088.1231451580 131397.7788850652
113051.9711337620 134432.8104536304
105062.0974195620 134432.8104536304
113531.3635566140 135071.7644680652
120722.2498993940 128522.4858201087

129511.1109850140 130758.8248706304
121681.0347450980 133314.6409283696
134784.4276363860 124848.5002371087
138779.3644934860 119896.6066252391
130469.8958307180 132036.7328995000
138939.1619677700 119257.6526108043
136382.4023792260 124209.5462226739
117526.3004137140 133953.5949428044
121041.8448479620 128203.0088128913
108897.2368023780 128362.7473165000
128552.3261393100 135071.7644680652
133985.4402649660 120535.5606396739
112252.9837623420 132515.9484103261
113211.7686080460 130119.8708561957
122000.6296936660 136509.4110005435
128552.3261393100 134752.2874608478
110495.2115452180 131557.5173886739
118005.6928365660 136828.8880077609
122480.0221165180 136030.1954897174
134464.8326878180 122292.6841793696
122959.4145393700 134752.2874608478
106500.2746881180 134592.5489572391
131588.4781507060 129001.7013309348
109216.8317509460 134432.8104536304
121201.6423222460 127883.5318056739
131588.4781507060 126605.6237768044
115289.1357737380 136189.9339933261
138939.1619677700 119097.9141071957
112252.9837623420 130758.8248706304
121521.2372708140 134113.3334464130
132387.4655221260 128522.4858201087
112412.7812366260 126765.3622804131
126155.3640250500 126286.1467695870
139418.5543906220 119097.9141071957
111294.1989166380 135071.7644680652
135104.0225849540 135391.2414752826
122320.2246422340 128682.2243237174
120402.6549508260 132835.4254175435
116887.1105165780 133793.8564391957
116088.1231451580 133634.1179355869
122639.8195908020 127723.7933020652
112892.1736594780 131078.3018778478
104582.7049967100 135231.5029716739
122799.6170650860 126765.3622804131
121201.6423222460 134273.0719500218
122000.6296936660 135550.9799788913
126634.7564479020 129960.1323525870
132227.6680478420 122452.4226829783
119763.4650536900 128043.2703092826
107938.4519566740 133474.3794319783
136861.7948020780 120056.3451288478
128072.9337164580 135391.2414752826
128712.1236135940 134113.3334464130
114490.1484023180 128043.2703092826
105861.0847909820 133634.1179355869
121041.8448479620 133474.3794319783
121521.2372708140 130439.3478634131
119443.8701051220 135071.7644680652
126794.5539221860 127084.8392876304
108098.2494309580 131397.7788850652
140856.7316591780 119257.6526108043
111453.9963909220 133793.8564391957
109696.2241737980 129001.7013309348
129191.5160364460 124209.5462226739
111294.1989166380 134432.8104536304
112572.5787109100 130279.6093598044
122000.6296936660 132036.7328995000
134305.0352135340 135391.2414752826

122799.6170650860 136349.6724969348
109696.2241737980 135870.4569861087
125356.3766536300 135550.9799788913
134305.0352135340 135071.7644680652
122639.8195908020 134912.0259644565
126474.9589736180 134592.5489572391
130150.3008821500 134592.5489572391
111453.9963909220 134432.8104536304
110655.0090195020 133953.5949428044
119923.2625279740 133953.5949428044
126474.9589736180 133953.5949428044
127913.1362421740 133314.6409283696
116727.3130422940 133154.9024247609
108897.2368023780 132356.2099067174
114649.9458766020 131557.5173886739
111294.1989166380 129640.6553453696
111933.3888137740 129640.6553453696
122160.4271679500 129480.9168417609
119443.8701051220 129001.7013309348
123279.0094879380 127084.8392876304
115129.3382994540 125966.6697623696
129031.7185621620 125966.6697623696
124237.7943336420 125647.1927551522
132067.8705735580 125487.4542515435
111294.1989166380 124369.2847262826
126794.5539221860 124369.2847262826
130310.0983564340 122612.1611865870
139418.5543906220 119257.6526108043
137980.3771220660 118938.1756035870
137341.1872249300 120535.5606396739
125356.3766536300 128682.2243237174
120562.4524251100 128043.2703092826
132067.8705735580 122612.1611865870
129670.9084592980 124049.8077190652
117686.0978879980 128682.2243237174
130789.4907792860 134912.0259644565
128871.9210878780 128203.0088128913
126474.9589736180 135071.7644680652
123598.6044365060 132995.1639211522
139738.1493391900 118458.9600927609
127433.7438193220 126286.1467695870
137021.5922763620 121493.9916613261
109536.4266995140 131397.7788850652
135583.4150078060 120056.3451288478
111134.4014423540 127564.0547984565
107618.8570081060 131876.9943958913
126155.3640250500 132675.6869139348
122160.4271679500 130918.5633742391
127114.1488707540 129161.4398345435
126315.1614993340 129161.4398345435
111613.7938652060 127883.5318056739
116567.5155680100 135710.7184825000
112252.9837623420 132835.4254175435
122959.4145393700 131397.7788850652
110655.0090195020 130758.8248706304
118804.6802079860 135071.7644680652
133026.6554192620 134752.2874608478
119284.0726308380 130279.6093598044
122799.6170650860 134752.2874608478
129031.7185621620 135391.2414752826
121840.8322193820 131397.7788850652
112093.1862880580 135231.5029716739
112252.9837623420 134113.3334464130
130629.6933050020 127084.8392876304
134784.4276363860 120375.8221360652
122959.4145393700 135710.7184825000
110015.8191223660 134752.2874608478
108258.0469052420 133154.9024247609

104422.9075224260 135550.9799788913
130150.3008821500 135550.9799788913
109216.8317509460 135391.2414752826
129830.7059335820 134273.0719500218
118644.8827337020 133953.5949428044
107938.4519566740 133474.3794319783
123918.1993850740 132515.9484103261
115608.7307223060 131397.7788850652
132387.4655221260 130758.8248706304
109216.8317509460 129640.6553453696
121681.0347450980 129321.1783381522
126315.1614993340 128682.2243237174
110495.2115452180 128043.2703092826
132866.8579449780 128043.2703092826
111134.4014423540 126126.4082659783
125995.5665507660 124529.0232298913
136062.8074306580 124049.8077190652
133665.8453163980 122132.9456757609
131428.6806764220 121973.2071721522
133026.6554192620 121334.2531577174
104742.5024709940 135231.5029716739
122959.4145393700 127564.0547984565
133346.2503678300 134912.0259644565
115129.3382994540 133154.9024247609
117845.8953622820 136828.8880077609
110655.0090195020 132835.4254175435
111613.7938652060 135550.9799788913
111294.1989166380 126605.6237768044
133985.4402649660 127564.0547984565
117686.0978879980 136189.9339933261
128871.9210878780 128682.2243237174
118804.6802079860 130439.3478634131
131428.6806764220 131876.9943958913
122480.0221165180 126445.8852731957
116247.9206194420 127564.0547984565
125675.9716021980 128841.9628273261
119923.2625279740 132995.1639211522
133026.6554192620 121653.7301649348
134305.0352135340 127244.5777912391
137820.5796477820 123410.8537046304
121201.6423222460 132356.2099067174
120402.6549508260 128043.2703092826
128552.3261393100 130439.3478634131
106500.2746881180 132515.9484103261
127114.1488707540 134752.2874608478
131109.0857278540 135071.7644680652
132387.4655221260 129640.6553453696
127913.1362421740 135071.7644680652
108258.0469052420 131238.0403814565
122320.2246422340 135870.4569861087
122959.4145393700 136030.1954897174
110974.6039680700 134752.2874608478
129990.5034078660 133793.8564391957
113691.1610308980 137148.3650149783
119923.2625279740 134592.5489572391
116088.1231451580 132835.4254175435
126954.3513964700 132515.9484103261
111773.5913394900 125167.9772443261
110335.4140709340 136189.9339933261
135263.8200592380 121334.2531577174
111613.7938652060 128522.4858201087
116887.1105165780 132675.6869139348
115768.5281965900 134912.0259644565
125835.7690764820 136349.6724969348
119284.0726308380 132675.6869139348
113531.3635566140 130758.8248706304
109856.0216480820 135870.4569861087
108417.8443795260 134752.2874608478

121521.2372708140 136189.9339933261
129670.9084592980 136030.1954897174
130629.6933050020 135710.7184825000
105861.0847909820 135391.2414752826
112252.9837623420 135071.7644680652
126954.3513964700 134592.5489572391
131908.0730992740 134592.5489572391
126315.1614993340 134113.3334464130
112252.9837623420 133953.5949428044
121681.0347450980 133953.5949428044
110015.8191223660 132835.4254175435
107299.2620595380 132515.9484103261
111933.3888137740 131078.3018778478
109696.2241737980 129480.9168417609
121361.4397965300 128522.4858201087
122639.8195908020 126445.8852731957
131428.6806764220 125647.1927551522
129031.7185621620 124209.5462226739
134145.2377392500 120535.5606396739
140696.9341848940 118618.6985963696
136861.7948020780 121813.4686685435
122959.4145393700 133314.6409283696
114809.7433508860 129960.1323525870
116727.3130422940 132515.9484103261
136222.6049049420 120375.8221360652
140537.1367106100 119736.8681216304
137341.1872249300 123091.3766974131
116887.1105165780 136669.1495041522
118644.8827337020 128682.2243237174
109376.6292252300 128522.4858201087
118005.6928365660 134273.0719500218
109856.0216480820 131717.2558922826
119763.4650536900 133634.1179355869
123758.4019107900 135071.7644680652
130789.4907792860 128043.2703092826
126315.1614993340 130119.8708561957
135903.0099563740 122292.6841793696
129191.5160364460 135550.9799788913
130469.8958307180 128203.0088128913
122480.0221165180 136669.1495041522
124397.5918079260 126605.6237768044
131109.0857278540 126765.3622804131
129351.3135107300 125167.9772443261
126794.5539221860 135710.7184825000
112252.9837623420 129001.7013309348
113051.9711337620 126765.3622804131
111613.7938652060 134912.0259644565
107299.2620595380 131397.7788850652
121840.8322193820 135231.5029716739
125196.5791793460 125806.9312587609
129830.7059335820 124848.5002371087
121361.4397965300 132835.4254175435
108897.2368023780 135710.7184825000
108737.4393280940 132196.4714031087
107938.4519566740 130439.3478634131
121041.8448479620 134912.0259644565
139897.9468134740 119257.6526108043
126954.3513964700 134912.0259644565
119763.4650536900 129001.7013309348
133346.2503678300 121014.7761505000
118644.8827337020 130279.6093598044
112892.1736594780 136669.1495041522
110335.4140709340 127723.7933020652
116247.9206194420 133953.5949428044
128871.9210878780 133953.5949428044
113371.5660823300 125966.6697623696
121361.4397965300 131078.3018778478
128072.9337164580 129001.7013309348

121521.2372708140 132036.7328995000
107938.4519566740 133634.1179355869
113850.9585051820 127723.7933020652
116407.7180937260 131717.2558922826
123438.8069622220 130918.5633742391
122799.6170650860 134912.0259644565
122639.8195908020 127723.7933020652
126474.9589736180 136030.1954897174
138299.9720706340 122931.6381938043
124237.7943336420 131397.7788850652
126954.3513964700 133793.8564391957
139738.1493391900 119257.6526108043
111933.3888137740 125487.4542515435
127753.3387678900 131397.7788850652
121840.8322193820 135231.5029716739
130629.6933050020 132835.4254175435
118165.4903108500 135391.2414752826
116567.5155680100 130758.8248706304
133506.0478421140 121334.2531577174
114010.7559794660 131078.3018778478
139418.5543906220 118778.4370999783
111613.7938652060 132036.7328995000
120562.4524251100 132196.4714031087
122480.0221165180 136509.4110005435
123758.4019107900 129640.6553453696
118165.4903108500 132835.4254175435
128072.9337164580 135071.7644680652
108897.2368023780 134752.2874608478
127273.9463450380 124688.7617335000
129670.9084592980 129321.1783381522
122799.6170650860 126126.4082659783
128552.3261393100 127883.5318056739
117845.8953622820 136189.9339933261
125835.7690764820 136189.9339933261
133026.6554192620 128203.0088128913
135903.0099563740 135231.5029716739
112412.7812366260 135870.4569861087
122320.2246422340 132356.2099067174
126474.9589736180 127244.5777912391
119923.2625279740 134432.8104536304
132067.8705735580 130119.8708561957
124717.1867564940 128203.0088128913
114170.5534537500 128522.4858201087
111453.9963909220 135550.9799788913
138140.1745963500 120056.3451288478
121041.8448479620 130758.8248706304
114170.5534537500 125806.9312587609
129031.7185621620 134113.3334464130
114649.9458766020 134113.3334464130
130310.0983564340 132036.7328995000
126794.5539221860 125008.2387407174
107938.4519566740 130119.8708561957
135104.0225849540 134912.0259644565
127593.5412936060 128362.7473165000
111294.1989166380 130758.8248706304
122959.4145393700 131876.9943958913
126634.7564479020 127883.5318056739
119443.8701051220 131238.0403814565
133346.2503678300 125167.9772443261
131268.8832021380 122771.8996901957
123119.2120136540 133634.1179355869
112732.3761851940 130439.3478634131
110335.4140709340 127723.7933020652
111773.5913394900 128203.0088128913
110495.2115452180 134273.0719500218
121521.2372708140 130279.6093598044
127913.1362421740 131238.0403814565
121041.8448479620 130119.8708561957

118804.6802079860 136988.6265113696
119124.2751565540 136669.1495041522
129031.7185621620 135231.5029716739
126794.5539221860 135071.7644680652
107139.4645852540 134752.2874608478
127114.1488707540 134752.2874608478
115448.9332480220 134113.3334464130
116887.1105165780 133474.3794319783
120083.0600022580 133154.9024247609
113371.5660823300 132675.6869139348
109057.0342766620 132036.7328995000
127913.1362421740 131557.5173886739
111613.7938652060 129960.1323525870
115289.1357737380 126445.8852731957
138140.1745963500 122931.6381938043
134944.2251106700 120535.5606396739
136701.9973277940 119736.8681216304
138459.7695449180 118618.6985963696
138779.3644934860 118299.2215891522
107139.4645852540 133634.1179355869
131268.8832021380 128841.9628273261
127433.7438193220 126765.3622804131
134784.4276363860 122771.8996901957
110814.8064937860 128362.7473165000
129511.1109850140 126126.4082659783
126634.7564479020 136349.6724969348
122320.2246422340 131078.3018778478
112252.9837623420 129800.3938489783
129191.5160364460 135391.2414752826
139738.1493391900 119577.1296180217
126794.5539221860 136030.1954897174
137820.5796477820 119417.3911144131
124876.9842307780 135870.4569861087
125675.9716021980 132356.2099067174
106340.4772138340 132675.6869139348
122160.4271679500 132515.9484103261
104902.2999452780 134752.2874608478
127593.5412936060 131876.9943958913
123119.2120136540 126765.3622804131
135903.0099563740 121813.4686685435
129511.1109850140 126286.1467695870
110814.8064937860 135071.7644680652
106180.6797395500 134113.3334464130
122480.0221165180 136030.1954897174
129511.1109850140 124848.5002371087
113531.3635566140 136030.1954897174
121521.2372708140 130119.8708561957
134784.4276363860 122132.9456757609
116407.7180937260 131717.2558922826
134944.2251106700 121653.7301649348
112732.3761851940 136509.4110005435
115448.9332480220 136669.1495041522
119443.8701051220 133474.3794319783
110175.6165966500 127084.8392876304
128232.7311907420 129960.1323525870
122480.0221165180 129001.7013309348
129511.1109850140 135071.7644680652
112252.9837623420 124209.5462226739
128072.9337164580 131876.9943958913
114809.7433508860 129321.1783381522
122160.4271679500 128043.2703092826
119763.4650536900 135391.2414752826
130310.0983564340 135071.7644680652
112093.1862880580 123570.5922082391
128552.3261393100 129161.4398345435
128392.5286650260 126126.4082659783
114490.1484023180 124848.5002371087
125995.5665507660 129480.9168417609

133985.4402649660 134273.0719500218
126794.5539221860 134273.0719500218
139578.3518649060 118458.9600927609
115608.7307223060 134752.2874608478
119603.6675794060 129161.4398345435
133825.6427906820 121813.4686685435
115448.9332480220 131717.2558922826
109376.6292252300 134912.0259644565
133985.4402649660 120695.2991432826
133985.4402649660 126605.6237768044
105541.4898424140 133634.1179355869
126155.3640250500 135870.4569861087
116407.7180937260 135710.7184825000
127913.1362421740 135550.9799788913
113531.3635566140 137148.3650149783
110015.8191223660 126286.1467695870
108737.4393280940 134912.0259644565
141176.3266077460 117021.3135602826
130310.0983564340 131557.5173886739
117046.9079908620 132036.7328995000
129351.3135107300 124529.0232298913
120242.8574765420 128522.4858201087
129511.1109850140 136030.1954897174
110495.2115452180 135071.7644680652
121361.4397965300 133314.6409283696
123279.0094879380 132675.6869139348
107618.8570081060 130119.8708561957
109057.0342766620 132196.4714031087
115608.7307223060 131397.7788850652
132866.8579449780 121493.9916613261
111933.3888137740 130439.3478634131
108417.8443795260 131717.2558922826
125675.9716021980 132675.6869139348
114010.7559794660 127564.0547984565
118644.8827337020 134752.2874608478
128072.9337164580 127404.3162948478
125356.3766536300 128362.7473165000
131109.0857278540 126925.1007840217
108258.0469052420 129321.1783381522
135423.6175335220 122452.4226829783
117845.8953622820 136349.6724969348
139258.7569163380 119736.8681216304
112093.1862880580 127723.7933020652
133985.4402649660 134752.2874608478
114170.5534537500 124848.5002371087
116247.9206194420 132675.6869139348
126634.7564479020 129001.7013309348
105381.6923681300 133793.8564391957
108737.4393280940 131717.2558922826
126954.3513964700 131876.9943958913
133506.0478421140 124529.0232298913
111773.5913394900 128522.4858201087
122799.6170650860 128043.2703092826
140057.7442877580 120375.8221360652
131268.8832021380 131557.5173886739
117845.8953622820 134273.0719500218
135743.2124820900 125167.9772443261
109696.2241737980 133474.3794319783
129830.7059335820 124209.5462226739
110335.4140709340 132515.9484103261
116088.1231451580 131078.3018778478
124717.1867564940 132036.7328995000
106979.6671109700 133154.9024247609
114969.5408251700 130439.3478634131
108098.2494309580 130279.6093598044
122639.8195908020 126605.6237768044
128392.5286650260 125806.9312587609
126315.1614993340 130119.8708561957

116727.3130422940 135550.9799788913
127753.3387678900 134432.8104536304
117366.5029394300 134113.3334464130
125835.7690764820 133793.8564391957
114649.9458766020 133634.1179355869
112892.1736594780 133314.6409283696
106340.4772138340 132995.1639211522
126474.9589736180 132835.4254175435
116727.3130422940 132675.6869139348
123598.6044365060 132356.2099067174
127114.1488707540 132356.2099067174
129191.5160364460 131557.5173886739
107778.6544823900 130599.0863670217
122320.2246422340 130599.0863670217
112572.5787109100 130119.8708561957
121201.6423222460 129480.9168417609
109696.2241737980 128522.4858201087
118325.2877851340 128522.4858201087
129511.1109850140 128522.4858201087
120562.4524251100 128203.0088128913
112572.5787109100 127883.5318056739
112572.5787109100 127564.0547984565
124237.7943336420 126445.8852731957
129031.7185621620 125806.9312587609
113691.1610308980 124848.5002371087
129990.5034078660 124369.2847262826
127913.1362421740 123890.0692154565
133825.6427906820 123251.1152010217
132067.8705735580 122292.6841793696
141176.3266077460 117979.7445819348
122320.2246422340 129321.1783381522
112252.9837623420 133634.1179355869
108737.4393280940 132515.9484103261
106660.0721624020 132356.2099067174
119763.4650536900 130599.0863670217
112572.5787109100 122612.1611865870
112732.3761851940 132995.1639211522
128392.5286650260 126765.3622804131
117845.8953622820 136828.8880077609
113531.3635566140 136988.6265113696
119763.4650536900 132995.1639211522
105861.0847909820 135391.2414752826
135583.4150078060 120535.5606396739
121521.2372708140 136189.9339933261
133346.2503678300 123890.0692154565
125036.7817050620 135071.7644680652
138299.9720706340 118938.1756035870
126474.9589736180 136349.6724969348
142135.1114534500 117021.3135602826
109856.0216480820 136828.8880077609
120083.0600022580 133314.6409283696
120882.0473736780 134752.2874608478
137660.7821734980 120056.3451288478
106979.6671109700 135550.9799788913
125036.7817050620 128682.2243237174
125196.5791793460 129800.3938489783
111933.3888137740 131717.2558922826
119923.2625279740 131078.3018778478
137980.3771220660 121334.2531577174
126794.5539221860 124529.0232298913
138939.1619677700 119736.8681216304
118165.4903108500 130279.6093598044
115289.1357737380 135710.7184825000
132067.8705735580 134113.3334464130
112892.1736594780 131238.0403814565
122320.2246422340 127723.7933020652
111294.1989166380 129001.7013309348
128712.1236135940 127404.3162948478

122320.2246422340 130918.5633742391
132707.0604706940 125647.1927551522
126474.9589736180 125487.4542515435
124077.9968593580 128043.2703092826
132387.4655221260 126445.8852731957
113691.1610308980 136988.6265113696
115448.9332480220 134113.3334464130
120882.0473736780 132356.2099067174
130629.6933050020 124369.2847262826
110175.6165966500 129321.1783381522
130789.4907792860 132196.4714031087
116727.3130422940 134912.0259644565
122959.4145393700 135550.9799788913
113850.9585051820 135710.7184825000
118804.6802079860 136988.6265113696
118964.4776822700 128841.9628273261
110015.8191223660 136030.1954897174
106979.6671109700 133634.1179355869
125516.1741279140 130439.3478634131
132227.6680478420 129640.6553453696
120242.8574765420 133953.5949428044
137500.9846992140 123570.5922082391
112572.5787109100 131078.3018778478
128712.1236135940 131717.2558922826
134624.6301621020 122452.4226829783
107459.0595338220 134113.3334464130
111453.9963909220 135550.9799788913
128072.9337164580 127404.3162948478
106979.6671109700 134912.0259644565
124876.9842307780 135870.4569861087
113371.5660823300 123730.3307118478
138779.3644934860 122292.6841793696
132387.4655221260 128203.0088128913
132866.8579449780 123091.3766974131
111453.9963909220 127084.8392876304
136701.9973277940 119736.8681216304
108737.4393280940 134432.8104536304
121521.2372708140 130119.8708561957
122000.6296936660 127564.0547984565
106020.8822652660 132995.1639211522
114649.9458766020 137308.1035185869
124717.1867564940 127404.3162948478
107618.8570081060 131397.7788850652
117526.3004137140 135870.4569861087
135743.2124820900 122931.6381938043
118485.0852594180 132675.6869139348
115289.1357737380 132515.9484103261
125196.5791793460 127084.8392876304
140217.5417620420 117660.2675747174
128712.1236135940 133154.9024247609
118165.4903108500 130439.3478634131
129031.7185621620 131238.0403814565
112412.7812366260 130439.3478634131
108577.6418538100 133314.6409283696
109057.0342766620 132036.7328995000
125835.7690764820 124848.5002371087
111294.1989166380 131717.2558922826
136222.6049049420 124848.5002371087
111134.4014423540 130758.8248706304
105062.0974195620 135391.2414752826
132387.4655221260 128841.9628273261
122480.0221165180 128682.2243237174
106180.6797395500 134113.3334464130
114649.9458766020 126765.3622804131
140537.1367106100 118299.2215891522
140057.7442877580 118938.1756035870
137820.5796477820 123251.1152010217
129990.5034078660 125167.9772443261

112732.3761851940 137308.1035185869
124077.9968593580 136349.6724969348
126315.1614993340 135071.7644680652
115928.3256708740 134432.8104536304
120402.6549508260 134432.8104536304
134464.8326878180 134432.8104536304
109216.8317509460 134113.3334464130
126794.5539221860 134113.3334464130
123598.6044365060 132995.1639211522
106660.0721624020 131717.2558922826
124876.9842307780 129960.1323525870
128871.9210878780 128682.2243237174
129830.7059335820 127883.5318056739
122320.2246422340 126925.1007840217
134464.8326878180 126925.1007840217
126794.5539221860 125008.2387407174
131268.8832021380 124848.5002371087
128552.3261393100 124529.0232298913
135903.0099563740 122292.6841793696
132067.8705735580 121973.2071721522
137980.3771220660 120855.0376468913
134944.2251106700 121174.5146541087
113850.9585051820 125167.9772443261
116727.3130422940 132515.9484103261
121521.2372708140 130279.6093598044
108897.2368023780 128203.0088128913
126634.7564479020 127244.5777912391
130629.6933050020 123570.5922082391
109057.0342766620 135710.7184825000
121840.8322193820 129640.6553453696
106979.6671109700 133154.9024247609
134944.2251106700 135391.2414752826
130789.4907792860 132515.9484103261
109216.8317509460 134752.2874608478
118644.8827337020 132356.2099067174
118165.4903108500 130119.8708561957
119443.8701051220 136828.8880077609
123438.8069622220 125966.6697623696
119124.2751565540 128043.2703092826
121840.8322193820 128682.2243237174
113051.9711337620 129960.1323525870
112732.3761851940 133474.3794319783
138459.7695449180 118778.4370999783
125995.5665507660 133474.3794319783
117046.9079908620 128841.9628273261
139578.3518649060 118458.9600927609
118804.6802079860 133314.6409283696
113211.7686080460 128362.7473165000
122639.8195908020 128043.2703092826
133026.6554192620 123251.1152010217
108577.6418538100 131238.0403814565
133506.0478421140 124049.8077190652
134624.6301621020 120216.0836324565
114809.7433508860 135870.4569861087
124557.3892822100 132835.4254175435
139897.9468134740 118139.4830855435
123918.1993850740 126126.4082659783
110814.8064937860 127883.5318056739
117046.9079908620 136030.1954897174
138939.1619677700 121973.2071721522
117206.7054651460 134432.8104536304
122959.4145393700 131397.7788850652
128232.7311907420 134752.2874608478
122639.8195908020 132196.4714031087
110655.0090195020 135071.7644680652
123438.8069622220 126925.1007840217
140856.7316591780 117340.7905675000
122639.8195908020 134592.5489572391

121041.8448479620 135710.7184825000
128232.7311907420 134752.2874608478
120402.6549508260 134592.5489572391
122000.6296936660 133953.5949428044
107778.6544823900 133474.3794319783
128871.9210878780 132995.1639211522
115448.9332480220 132835.4254175435
106180.6797395500 132675.6869139348
119124.2751565540 131397.7788850652
122160.4271679500 131238.0403814565
131428.6806764220 130918.5633742391
112093.1862880580 130758.8248706304
116727.3130422940 130439.3478634131
129511.1109850140 130119.8708561957
120562.4524251100 129640.6553453696
108897.2368023780 128841.9628273261
132707.0604706940 127723.7933020652
133825.6427906820 125487.4542515435
111773.5913394900 125327.7157479348
114490.1484023180 125008.2387407174
129511.1109850140 124049.8077190652
135903.0099563740 123730.3307118478
139418.5543906220 118778.4370999783
141815.5165048820 117979.7445819348
143093.8962991540 116382.3595458478
144052.6811448580 115583.6670278044
133665.8453163980 126445.8852731957
123279.0094879380 126605.6237768044
108897.2368023780 128522.4858201087
130629.6933050020 123251.1152010217
135263.8200592380 122132.9456757609
135104.0225849540 126605.6237768044
141815.5165048820 118299.2215891522
136382.4023792260 120855.0376468913
131588.4781507060 125167.9772443261
115129.3382994540 126445.8852731957
123279.0094879380 130599.0863670217
141975.3139791660 117660.2675747174
135104.0225849540 126925.1007840217
115129.3382994540 128522.4858201087
115448.9332480220 135071.7644680652
113371.5660823300 129480.9168417609
131109.0857278540 127564.0547984565
114649.9458766020 132196.4714031087
117366.5029394300 133634.1179355869
139897.9468134740 119417.3911144131
127433.7438193220 129161.4398345435
119124.2751565540 135231.5029716739
105062.0974195620 134273.0719500218
133985.4402649660 135231.5029716739
122959.4145393700 126925.1007840217
109856.0216480820 127084.8392876304
124876.9842307780 126605.6237768044
127593.5412936060 136030.1954897174
112732.3761851940 131717.2558922826
130469.8958307180 135870.4569861087
108737.4393280940 133953.5949428044
105861.0847909820 135071.7644680652
122959.4145393700 131717.2558922826
115129.3382994540 137148.3650149783
127114.1488707540 131078.3018778478
135583.4150078060 121653.7301649348
140377.3392363260 120056.3451288478
105221.8948938460 134592.5489572391
121361.4397965300 131397.7788850652
113051.9711337620 137467.8420221957
134305.0352135340 127564.0547984565
128871.9210878780 133474.3794319783

122799.6170650860 136189.9339933261
114649.9458766020 136030.1954897174
116887.1105165780 136030.1954897174
125835.7690764820 135231.5029716739
109696.2241737980 135071.7644680652
107778.6544823900 133474.3794319783
123119.2120136540 133154.9024247609
116088.1231451580 132995.1639211522
123758.4019107900 132515.9484103261
120722.2498993940 132036.7328995000
118644.8827337020 131717.2558922826
115768.5281965900 131397.7788850652
119124.2751565540 131397.7788850652
112572.5787109100 130918.5633742391
119443.8701051220 130918.5633742391
114010.7559794660 129800.3938489783
120562.4524251100 129640.6553453696
122799.6170650860 129161.4398345435
131268.8832021380 128841.9628273261
114969.5408251700 127244.5777912391
126155.3640250500 127084.8392876304
133985.4402649660 123890.0692154565
136542.1998535100 122931.6381938043
140377.3392363260 120216.0836324565
140696.9341848940 117820.0060783261
109057.0342766620 135710.7184825000
130789.4907792860 132675.6869139348
109216.8317509460 128362.7473165000
122480.0221165180 127084.8392876304
126474.9589736180 126126.4082659783
107618.8570081060 132196.4714031087
107139.4645852540 134432.8104536304
127593.5412936060 129480.9168417609
113531.3635566140 125008.2387407174
131908.0730992740 126605.6237768044
127753.3387678900 131876.9943958913
129351.3135107300 134912.0259644565
129990.5034078660 128522.4858201087
123918.1993850740 130599.0863670217
130949.2882535700 125487.4542515435
113051.9711337620 135391.2414752826
123279.0094879380 127883.5318056739
118165.4903108500 130279.6093598044
113051.9711337620 136828.8880077609
126155.3640250500 124848.5002371087
111933.3888137740 125167.9772443261
131748.2756249900 125806.9312587609
134784.4276363860 126605.6237768044
114969.5408251700 136509.4110005435
118485.0852594180 129161.4398345435
131588.4781507060 131717.2558922826
127753.3387678900 134432.8104536304
139098.9594420540 121493.9916613261
104742.5024709940 134912.0259644565
130150.3008821500 122931.6381938043
110655.0090195020 133154.9024247609
110335.4140709340 134113.3334464130
130150.3008821500 133793.8564391957
141655.7190305980 118139.4830855435
127273.9463450380 133474.3794319783
110175.6165966500 134432.8104536304
129191.5160364460 130918.5633742391
118644.8827337020 133314.6409283696
122160.4271679500 134912.0259644565
120562.4524251100 132036.7328995000
130629.6933050020 124529.0232298913
126315.1614993340 129480.9168417609
111134.4014423540 136189.9339933261

114809.7433508860 136509.4110005435
117046.9079908620 136349.6724969348
125196.5791793460 136189.9339933261
125835.7690764820 135710.7184825000
131908.0730992740 135710.7184825000
127433.7438193220 135231.5029716739
107618.8570081060 133314.6409283696
126155.3640250500 133154.9024247609
119124.2751565540 132995.1639211522
109856.0216480820 131238.0403814565
131748.2756249900 130918.5633742391
113691.1610308980 130758.8248706304
110175.6165966500 130599.0863670217
112572.5787109100 130439.3478634131
126794.5539221860 130439.3478634131
117046.9079908620 130279.6093598044
129031.7185621620 129321.1783381522
119603.6675794060 128522.4858201087
124077.9968593580 128043.2703092826
112093.1862880580 127564.0547984565
129191.5160364460 126605.6237768044
128392.5286650260 125806.9312587609
132547.2629964100 125647.1927551522
112572.5787109100 125167.9772443261
133346.2503678300 124688.7617335000
113691.1610308980 124529.0232298913
129990.5034078660 124049.8077190652
128712.1236135940 123890.0692154565
132387.4655221260 123730.3307118478
112732.3761851940 123410.8537046304
133985.4402649660 120855.0376468913
139897.9468134740 120855.0376468913
139738.1493391900 117979.7445819348
132067.8705735580 124209.5462226739
120083.0600022580 129960.1323525870
135743.2124820900 121493.9916613261
141176.3266077460 118938.1756035870
120882.0473736780 133634.1179355869
126474.9589736180 124369.2847262826
108737.4393280940 128362.7473165000
117526.3004137140 135231.5029716739
113691.1610308980 134273.0719500218
115289.1357737380 132356.2099067174
123758.4019107900 126286.1467695870
114330.3509280340 125487.4542515435
135263.8200592380 121174.5146541087
117686.0978879980 135710.7184825000
114010.7559794660 126445.8852731957
115129.3382994540 127564.0547984565
110655.0090195020 135391.2414752826
131748.2756249900 128522.4858201087
113850.9585051820 136828.8880077609
114010.7559794660 134752.2874608478
136861.7948020780 121174.5146541087
113211.7686080460 123730.3307118478
133985.4402649660 126605.6237768044
134464.8326878180 120535.5606396739
131588.4781507060 126925.1007840217
134624.6301621020 123251.1152010217
125835.7690764820 131238.0403814565
113211.7686080460 136189.9339933261
110495.2115452180 134752.2874608478
133985.4402649660 127723.7933020652
105221.8948938460 134752.2874608478
127114.1488707540 134113.3334464130
121041.8448479620 135870.4569861087
128552.3261393100 126286.1467695870
131908.0730992740 126126.4082659783

119124.2751565540 133154.9024247609
123918.1993850740 136349.6724969348
122959.4145393700 126126.4082659783
122959.4145393700 131238.0403814565
127273.9463450380 124049.8077190652
113850.9585051820 127883.5318056739
127114.1488707540 125327.7157479348
135903.0099563740 122931.6381938043
130469.8958307180 133314.6409283696
108897.2368023780 132196.4714031087
110814.8064937860 126445.8852731957
130150.3008821500 130119.8708561957
115928.3256708740 135710.7184825000
112732.3761851940 133953.5949428044
125516.1741279140 133634.1179355869
127114.1488707540 127084.8392876304
132866.8579449780 124688.7617335000
129031.7185621620 126925.1007840217
119923.2625279740 130758.8248706304
138939.1619677700 119257.6526108043
115448.9332480220 129321.1783381522
123758.4019107900 130758.8248706304
141016.5291334620 118938.1756035870
131109.0857278540 124369.2847262826
114649.9458766020 126126.4082659783
113051.9711337620 132036.7328995000
116407.7180937260 134912.0259644565
130150.3008821500 122931.6381938043
129830.7059335820 128841.9628273261
130789.4907792860 126445.8852731957
117046.9079908620 134113.3334464130
107778.6544823900 130439.3478634131
134145.2377392500 121014.7761505000
134464.8326878180 121653.7301649348
135903.0099563740 121653.7301649348
139098.9594420540 118458.9600927609
109856.0216480820 132515.9484103261
107938.4519566740 133793.8564391957
110814.8064937860 134912.0259644565
119284.0726308380 132356.2099067174
120242.8574765420 128682.2243237174
111773.5913394900 129960.1323525870
124237.7943336420 126286.1467695870
110655.0090195020 135550.9799788913
122160.4271679500 127723.7933020652
120083.0600022580 131557.5173886739
137341.1872249300 124209.5462226739
127273.9463450380 132675.6869139348
124876.9842307780 135870.4569861087
108417.8443795260 134912.0259644565
127753.3387678900 127564.0547984565
122320.2246422340 126605.6237768044
108897.2368023780 129321.1783381522
129191.5160364460 131397.7788850652
130949.2882535700 125008.2387407174
118485.0852594180 128682.2243237174
113211.7686080460 126605.6237768044
110814.8064937860 127244.5777912391
126315.1614993340 135071.7644680652
126634.7564479020 134432.8104536304
133026.6554192620 127244.5777912391
128552.3261393100 128841.9628273261
132067.8705735580 129161.4398345435
106660.0721624020 136030.1954897174
106180.6797395500 135710.7184825000
122000.6296936660 134912.0259644565
118325.2877851340 132835.4254175435
112093.1862880580 125167.9772443261

140057.7442877580 119736.8681216304
112732.3761851940 122612.1611865870
118165.4903108500 132036.7328995000
128552.3261393100 129161.4398345435
134944.2251106700 122771.8996901957
113371.5660823300 127564.0547984565
116887.1105165780 135550.9799788913
129830.7059335820 130599.0863670217
105861.0847909820 135391.2414752826
130150.3008821500 128841.9628273261
119124.2751565540 134592.5489572391
131748.2756249900 135550.9799788913
111134.4014423540 133154.9024247609
138140.1745963500 119736.8681216304
137181.3897506460 135231.5029716739
112892.1736594780 128043.2703092826
122639.8195908020 129960.1323525870
122320.2246422340 132036.7328995000
107778.6544823900 133474.3794319783
123119.2120136540 132995.1639211522
106819.8696366860 133793.8564391957
127273.9463450380 131397.7788850652
111453.9963909220 136030.1954897174
133665.8453163980 135071.7644680652
113691.1610308980 136349.6724969348
126634.7564479020 136189.9339933261
128871.9210878780 133793.8564391957
114809.7433508860 131238.0403814565
128392.5286650260 133474.3794319783
114969.5408251700 133634.1179355869
139578.3518649060 118938.1756035870
128232.7311907420 135071.7644680652
132227.6680478420 125008.2387407174
120242.8574765420 134752.2874608478
126634.7564479020 124209.5462226739
125835.7690764820 126126.4082659783
131588.4781507060 123410.8537046304
123279.0094879380 131717.2558922826
111453.9963909220 135071.7644680652
108577.6418538100 135231.5029716739
116727.3130422940 131717.2558922826
111453.9963909220 128682.2243237174
141975.3139791660 116861.5750566739
120402.6549508260 127723.7933020652
116567.5155680100 133474.3794319783
116727.3130422940 130758.8248706304
127114.1488707540 133793.8564391957
138619.5670192020 120056.3451288478
114330.3509280340 125008.2387407174
131109.0857278540 126925.1007840217
118165.4903108500 129321.1783381522
135104.0225849540 135550.9799788913
111134.4014423540 130918.5633742391
137980.3771220660 121813.4686685435
125835.7690764820 126445.8852731957
109536.4266995140 129001.7013309348
128712.1236135940 126126.4082659783
135583.4150078060 121334.2531577174
108577.6418538100 131238.0403814565
136062.8074306580 123890.0692154565
117686.0978879980 134273.0719500218
104902.2999452780 135710.7184825000
116247.9206194420 129480.9168417609
114969.5408251700 129800.3938489783
115768.5281965900 130439.3478634131
111294.1989166380 125327.7157479348
108417.8443795260 132675.6869139348
139578.3518649060 117820.0060783261

111773.5913394900 128362.7473165000
127753.3387678900 125008.2387407174
121840.8322193820 133154.9024247609
113211.7686080460 128522.4858201087
109216.8317509460 133793.8564391957
121681.0347450980 132196.4714031087
129830.7059335820 129321.1783381522
110974.6039680700 136030.1954897174
122320.2246422340 128841.9628273261
122799.6170650860 126126.4082659783
127593.5412936060 133154.9024247609
124717.1867564940 135071.7644680652
114809.7433508860 136828.8880077609
134624.6301621020 135071.7644680652
120242.8574765420 128362.7473165000
110974.6039680700 128841.9628273261
131109.0857278540 127084.8392876304
130789.4907792860 124049.8077190652
121201.6423222460 135710.7184825000
121361.4397965300 133793.8564391957
115129.3382994540 125966.6697623696
114010.7559794660 132835.4254175435
110495.2115452180 133793.8564391957
136861.7948020780 119577.1296180217
130150.3008821500 127564.0547984565
126155.3640250500 128682.2243237174
135423.6175335220 122292.6841793696
141495.9215563140 118778.4370999783
131428.6806764220 130918.5633742391
112572.5787109100 136349.6724969348
111773.5913394900 135550.9799788913
114330.3509280340 125647.1927551522
108417.8443795260 134752.2874608478
128552.3261393100 133634.1179355869
125675.9716021980 127723.7933020652
127433.7438193220 132835.4254175435
128552.3261393100 131717.2558922826
115768.5281965900 131397.7788850652
125516.1741279140 126286.1467695870
118005.6928365660 135071.7644680652
111294.1989166380 131078.3018778478
129830.7059335820 123570.5922082391
121201.6423222460 128841.9628273261
110974.6039680700 134752.2874608478
127433.7438193220 135391.2414752826
118804.6802079860 131078.3018778478
127273.9463450380 125487.4542515435
124077.9968593580 130918.5633742391
116727.3130422940 136349.6724969348
137500.9846992140 120855.0376468913
133665.8453163980 122292.6841793696
113211.7686080460 134113.3334464130
111773.5913394900 132356.2099067174
110175.6165966500 126925.1007840217
132547.2629964100 121653.7301649348
139738.1493391900 119577.1296180217
110974.6039680700 129480.9168417609
117206.7054651460 134592.5489572391
132866.8579449780 135231.5029716739
130629.6933050020 133154.9024247609
139098.9594420540 120695.2991432826
123598.6044365060 125647.1927551522
130629.6933050020 125966.6697623696
112892.1736594780 129960.1323525870
123598.6044365060 127084.8392876304
121041.8448479620 135391.2414752826
106020.8822652660 134912.0259644565
134145.2377392500 135550.9799788913

112732.3761851940 137308.1035185869
112892.1736594780 136988.6265113696
122160.4271679500 136509.4110005435
113211.7686080460 136349.6724969348
122160.4271679500 136349.6724969348
124077.9968593580 136349.6724969348
125835.7690764820 136030.1954897174
128712.1236135940 136030.1954897174
129191.5160364460 136030.1954897174
117526.3004137140 135870.4569861087
112892.1736594780 135550.9799788913
118964.4776822700 135550.9799788913
109536.4266995140 135231.5029716739
110974.6039680700 135231.5029716739
126315.1614993340 135071.7644680652
119763.4650536900 134912.0259644565
134944.2251106700 134912.0259644565
134464.8326878180 134432.8104536304
108258.0469052420 134273.0719500218
122480.0221165180 134273.0719500218
122000.6296936660 133953.5949428044
106979.6671109700 133793.8564391957
117046.9079908620 133793.8564391957
119603.6675794060 133634.1179355869
122959.4145393700 133634.1179355869
123918.1993850740 133634.1179355869
114809.7433508860 133474.3794319783
118325.2877851340 133474.3794319783
126954.3513964700 133314.6409283696
117206.7054651460 132835.4254175435
118165.4903108500 132515.9484103261
119763.4650536900 132515.9484103261
111933.3888137740 132356.2099067174
115608.7307223060 132356.2099067174
125995.5665507660 132356.2099067174
106979.6671109700 131876.9943958913
108098.2494309580 131557.5173886739
130949.2882535700 131238.0403814565
113211.7686080460 131078.3018778478
112252.9837623420 130599.0863670217
132547.2629964100 130599.0863670217
112252.9837623420 130119.8708561957
119763.4650536900 130119.8708561957
127913.1362421740 130119.8708561957
129990.5034078660 129800.3938489783
128552.3261393100 129480.9168417609
121840.8322193820 129321.1783381522
118644.8827337020 129001.7013309348
123438.8069622220 129001.7013309348
128712.1236135940 129001.7013309348
120562.4524251100 128841.9628273261
115928.3256708740 128682.2243237174
121201.6423222460 128522.4858201087
130469.8958307180 128522.4858201087
121361.4397965300 128203.0088128913
121521.2372708140 128043.2703092826
119443.8701051220 127883.5318056739
113850.9585051820 127723.7933020652
112732.3761851940 127404.3162948478
123119.2120136540 127404.3162948478
134784.4276363860 127404.3162948478
122160.4271679500 127244.5777912391
122320.2246422340 126925.1007840217
127273.9463450380 126765.3622804131
134624.6301621020 126765.3622804131
126474.9589736180 126605.6237768044
113850.9585051820 126286.1467695870
131908.0730992740 126286.1467695870

109216.8317509460 130119.8708561957
104582.7049967100 135550.9799788913
135423.6175335220 122452.4226829783
133186.4528935460 129161.4398345435
118644.8827337020 134912.0259644565
117686.0978879980 135071.7644680652
122320.2246422340 129161.4398345435
111773.5913394900 128362.7473165000
118964.4776822700 134432.8104536304
133346.2503678300 123890.0692154565
122000.6296936660 136349.6724969348
138779.3644934860 120056.3451288478
111134.4014423540 136189.9339933261
124397.5918079260 127404.3162948478
126474.9589736180 129640.6553453696
125036.7817050620 132835.4254175435
133985.4402649660 121653.7301649348
111294.1989166380 132995.1639211522
111613.7938652060 128043.2703092826
110015.8191223660 134273.0719500218
133825.6427906820 127564.0547984565
138779.3644934860 119097.9141071957
128552.3261393100 128841.9628273261
122799.6170650860 136509.4110005435
113531.3635566140 137467.8420221957
130629.6933050020 132675.6869139348
134145.2377392500 125008.2387407174
122639.8195908020 130279.6093598044
123438.8069622220 135231.5029716739
123598.6044365060 125806.9312587609
131109.0857278540 122132.9456757609
109536.4266995140 135231.5029716739
115928.3256708740 133314.6409283696
111294.1989166380 129161.4398345435
139098.9594420540 120056.3451288478
130150.3008821500 135391.2414752826
121681.0347450980 132515.9484103261
106979.6671109700 134273.0719500218
112732.3761851940 127883.5318056739
127273.9463450380 134912.0259644565
110814.8064937860 135231.5029716739
122480.0221165180 135710.7184825000
122480.0221165180 135231.5029716739
128072.9337164580 126925.1007840217
132547.2629964100 125487.4542515435
126474.9589736180 134432.8104536304
122959.4145393700 126286.1467695870
125036.7817050620 130758.8248706304
141176.3266077460 118299.2215891522
128552.3261393100 135710.7184825000
118005.6928365660 133314.6409283696
125036.7817050620 134113.3334464130
126954.3513964700 128841.9628273261
135104.0225849540 122931.6381938043
110974.6039680700 134273.0719500218
115129.3382994540 127244.5777912391
127114.1488707540 128043.2703092826
136222.6049049420 123570.5922082391
120083.0600022580 132835.4254175435
115129.3382994540 135071.7644680652
133825.6427906820 121334.2531577174
130629.6933050020 126445.8852731957
112572.5787109100 137148.3650149783
130629.6933050020 125647.1927551522
116407.7180937260 136669.1495041522
133346.2503678300 124049.8077190652
118325.2877851340 129480.9168417609
131588.4781507060 127883.5318056739

136701.9973277940 124049.8077190652
133506.0478421140 126925.1007840217
129830.7059335820 132675.6869139348
122959.4145393700 130599.0863670217
123119.2120136540 132196.4714031087
112892.1736594780 134432.8104536304
114010.7559794660 136030.1954897174
113051.9711337620 125008.2387407174
128552.3261393100 124848.5002371087
135583.4150078060 121174.5146541087
122160.4271679500 128522.4858201087
127114.1488707540 132995.1639211522
119763.4650536900 129161.4398345435
129351.3135107300 135870.4569861087
125356.3766536300 133953.5949428044
121201.6423222460 134592.5489572391
133186.4528935460 122612.1611865870
121521.2372708140 130439.3478634131
108417.8443795260 132515.9484103261
120242.8574765420 133953.5949428044
134624.6301621020 135071.7644680652
110495.2115452180 133314.6409283696
130310.0983564340 122931.6381938043
130469.8958307180 134113.3334464130
112572.5787109100 135870.4569861087
134784.4276363860 123091.3766974131
126794.5539221860 133634.1179355869
111933.3888137740 132196.4714031087
115448.9332480220 134912.0259644565
119284.0726308380 135391.2414752826
133186.4528935460 125327.7157479348
123598.6044365060 126605.6237768044
114170.5534537500 125647.1927551522
130789.4907792860 127883.5318056739
113051.9711337620 124688.7617335000
138619.5670192020 121653.7301649348
121361.4397965300 135710.7184825000
107299.2620595380 136189.9339933261
109057.0342766620 134592.5489572391
129191.5160364460 131397.7788850652
125196.5791793460 132515.9484103261
109057.0342766620 131717.2558922826
115448.9332480220 132675.6869139348
126474.9589736180 132835.4254175435
107459.0595338220 135391.2414752826
115608.7307223060 135550.9799788913
135743.2124820900 120695.2991432826
122000.6296936660 136349.6724969348
122160.4271679500 134273.0719500218
108577.6418538100 129480.9168417609
128072.9337164580 127564.0547984565
117206.7054651460 128522.4858201087
133026.6554192620 128362.7473165000
118804.6802079860 132036.7328995000
121361.4397965300 136828.8880077609
123119.2120136540 135391.2414752826
122320.2246422340 127404.3162948478
117046.9079908620 134752.2874608478
129990.5034078660 131078.3018778478
123119.2120136540 130119.8708561957
119763.4650536900 129800.3938489783
132227.6680478420 126925.1007840217
113051.9711337620 129321.1783381522
120562.4524251100 129480.9168417609
126634.7564479020 134432.8104536304
126954.3513964700 129640.6553453696
116407.7180937260 129001.7013309348
133985.4402649660 125327.7157479348

117686.0978879980 133793.8564391957
112892.1736594780 131876.9943958913
122000.6296936660 127723.7933020652
120562.4524251100 136509.4110005435
132866.8579449780 134752.2874608478
122320.2246422340 128362.7473165000
112252.9837623420 123410.8537046304
141655.7190305980 118299.2215891522
134624.6301621020 124049.8077190652
128871.9210878780 134432.8104536304
114809.7433508860 126445.8852731957
129670.9084592980 133314.6409283696
129990.5034078660 125966.6697623696
127913.1362421740 132515.9484103261
113051.9711337620 130439.3478634131
139098.9594420540 121334.2531577174
131588.4781507060 130599.0863670217
110974.6039680700 129001.7013309348
113691.1610308980 130599.0863670217
134944.2251106700 124848.5002371087
130789.4907792860 122452.4226829783
108258.0469052420 132675.6869139348
117845.8953622820 135710.7184825000
131588.4781507060 126765.3622804131
129191.5160364460 129960.1323525870
113051.9711337620 134592.5489572391
122480.0221165180 129321.1783381522
131268.8832021380 131238.0403814565
122480.0221165180 136030.1954897174
107778.6544823900 135231.5029716739
141975.3139791660 117021.3135602826
111773.5913394900 125327.7157479348
124077.9968593580 134752.2874608478
125995.5665507660 129960.1323525870
115129.3382994540 136669.1495041522
139258.7569163380 117979.7445819348
119923.2625279740 132196.4714031087
122639.8195908020 131876.9943958913
138459.7695449180 119736.8681216304
112412.7812366260 129321.1783381522
108737.4393280940 136189.9339933261
113371.5660823300 131078.3018778478
109376.6292252300 136509.4110005435
111294.1989166380 128522.4858201087
121840.8322193820 136669.1495041522
125995.5665507660 135231.5029716739
122639.8195908020 130279.6093598044
110015.8191223660 133953.5949428044
123438.8069622220 126605.6237768044
122959.4145393700 125966.6697623696
140537.1367106100 119736.8681216304
122320.2246422340 131397.7788850652
118485.0852594180 129480.9168417609
127273.9463450380 132196.4714031087
107938.4519566740 134752.2874608478
125036.7817050620 132675.6869139348
134784.4276363860 121493.9916613261
126155.3640250500 134752.2874608478
134145.2377392500 120535.5606396739
131268.8832021380 126286.1467695870
126794.5539221860 136030.1954897174
135423.6175335220 120216.0836324565
126315.1614993340 128203.0088128913
114330.3509280340 132196.4714031087
115129.3382994540 136030.1954897174
127114.1488707540 130439.3478634131
126315.1614993340 135071.7644680652
106500.2746881180 132036.7328995000

110655.0090195020 134912.0259644565
115608.7307223060 126765.3622804131
128871.9210878780 126126.4082659783
131588.4781507060 126765.3622804131
131588.4781507060 126126.4082659783
134784.4276363860 125167.9772443261
134944.2251106700 122612.1611865870
136382.4023792260 122132.9456757609
132067.8705735580 121653.7301649348
127433.7438193220 127723.7933020652
114010.7559794660 129321.1783381522
126315.1614993340 129640.6553453696
126954.3513964700 136189.9339933261
114170.5534537500 137308.1035185869
135263.8200592380 121813.4686685435
138619.5670192020 119736.8681216304
117526.3004137140 130439.3478634131
137820.5796477820 119097.9141071957
138299.9720706340 119417.3911144131
120402.6549508260 128522.4858201087
118804.6802079860 134592.5489572391
106660.0721624020 132675.6869139348
121840.8322193820 133474.3794319783
127593.5412936060 131717.2558922826
120083.0600022580 133154.9024247609
121521.2372708140 131397.7788850652
110015.8191223660 136349.6724969348
113850.9585051820 131557.5173886739
131748.2756249900 124209.5462226739
115129.3382994540 127244.5777912391
114010.7559794660 136988.6265113696
138140.1745963500 120375.8221360652
116567.5155680100 135550.9799788913
126954.3513964700 134432.8104536304
122959.4145393700 131078.3018778478
113850.9585051820 130599.0863670217
109216.8317509460 128841.9628273261
110015.8191223660 127883.5318056739
110015.8191223660 135710.7184825000
133186.4528935460 127883.5318056739
122000.6296936660 128682.2243237174
118005.6928365660 133953.5949428044
113371.5660823300 125966.6697623696
139738.1493391900 121014.7761505000
105701.2873166980 133793.8564391957
117206.7054651460 131397.7788850652
122160.4271679500 127883.5318056739
127593.5412936060 130439.3478634131
141815.5165048820 116701.8365530652
119124.2751565540 131078.3018778478
134784.4276363860 121493.9916613261
118804.6802079860 130279.6093598044
114010.7559794660 133953.5949428044
114969.5408251700 126445.8852731957
113051.9711337620 129800.3938489783
109696.2241737980 133793.8564391957
126634.7564479020 126126.4082659783
129830.7059335820 132036.7328995000
117686.0978879980 134592.5489572391
117845.8953622820 135870.4569861087
114649.9458766020 129001.7013309348
110015.8191223660 130439.3478634131
135743.2124820900 121014.7761505000
128072.9337164580 132835.4254175435
116727.3130422940 131876.9943958913
122320.2246422340 129960.1323525870
138939.1619677700 120695.2991432826
113691.1610308980 127564.0547984565

125835.7690764820 134273.0719500218
113051.9711337620 136189.9339933261
132067.8705735580 134113.3334464130
105701.2873166980 135231.5029716739
120242.8574765420 133314.6409283696
122160.4271679500 131557.5173886739
114809.7433508860 127723.7933020652
108098.2494309580 133953.5949428044
131588.4781507060 131717.2558922826
134305.0352135340 121653.7301649348
141655.7190305980 118458.9600927609
135583.4150078060 135391.2414752826
112732.3761851940 130439.3478634131
130629.6933050020 135071.7644680652
118644.8827337020 135071.7644680652
111613.7938652060 131238.0403814565
107778.6544823900 130758.8248706304
121681.0347450980 135231.5029716739
131428.6806764220 131557.5173886739
109376.6292252300 134273.0719500218
120722.2498993940 134752.2874608478
130629.6933050020 122292.6841793696
121521.2372708140 127564.0547984565
120402.6549508260 129001.7013309348
111613.7938652060 125647.1927551522
138779.3644934860 118938.1756035870
118964.4776822700 136988.6265113696
139098.9594420540 118139.4830855435
129990.5034078660 133953.5949428044
122799.6170650860 134912.0259644565
117206.7054651460 135870.4569861087
118964.4776822700 134432.8104536304
111613.7938652060 130599.0863670217
129031.7185621620 134592.5489572391
116407.7180937260 132995.1639211522
126794.5539221860 127564.0547984565
126315.1614993340 134752.2874608478
131268.8832021380 131717.2558922826
111933.3888137740 123890.0692154565
121840.8322193820 127723.7933020652
109536.4266995140 135231.5029716739
108737.4393280940 136189.9339933261
133026.6554192620 126605.6237768044
115768.5281965900 136828.8880077609
136382.4023792260 123251.1152010217
122639.8195908020 135870.4569861087
127114.1488707540 131876.9943958913
134305.0352135340 121813.4686685435
130150.3008821500 132835.4254175435
138299.9720706340 122292.6841793696
122320.2246422340 127723.7933020652
136222.6049049420 135231.5029716739
129990.5034078660 134752.2874608478
113531.3635566140 125966.6697623696
112732.3761851940 137148.3650149783
131268.8832021380 123570.5922082391
112252.9837623420 127723.7933020652
109057.0342766620 133793.8564391957
115289.1357737380 133793.8564391957
112412.7812366260 135391.2414752826
134784.4276363860 134752.2874608478
135583.4150078060 122612.1611865870
109057.0342766620 135231.5029716739
109696.2241737980 132995.1639211522
122959.4145393700 132675.6869139348
131268.8832021380 127404.3162948478
113850.9585051820 124529.0232298913
110335.4140709340 132515.9484103261

