1207120553.1870336533 38125.6461358070
1196604516.4310634136 37264.4004709721
1206058371.6189289093 37916.5952873230
1210123433.0903484821 38323.4241456985
1197481034.0592672825 37510.3086764812
1203515781.2511663437 37867.8661298752
1207715322.7268352509 38232.1253738403
1195242493.0499980450 36760.2241220474
1195429997.5730280876 36782.7444863319
1200650115.5455672741 37795.7091746330
1192420447.1695637703 35946.3477915525
1205207966.7837820053 37872.4463701248
1194000618.9955222607 36461.4866888523
1190326096.6194303036 34990.4458153248
