1203515781.2511663437 37867.8661298752
1206240662.2546329498 37884.1495285034
1207715322.7268352509 38232.1253738403
1195242493.0499980450 36760.2241220474
1197491343.9102156162 37269.0593686104
1195429997.5730280876 36782.7444863319
1214900116.5794315338 38247.3458876610
1200650115.5455672741 37795.7091746330
1192420447.1695637703 35946.3477915525
1207513778.8744065762 37946.0408232212
1205207966.7837820053 37872.4463701248
1194000618.9955222607 36461.4866888523
1190326096.6194303036 34990.4458153248
