758825071.2094184160 2493881.8608398438
767545483.5687830448 3120077.8757324219
792759336.9219511747 3163656.8906250000
763209544.6048830748 2970045.6018066406
765072642.8287487030 3011928.2985839844
764199082.9342086315 2978441.0053710938
766550271.1711885929 3065877.3322753906
764551115.4304878712 2986930.8222656250
785401806.7284346819 3145486.7456054688
775710163.4440257549 3122214.5346679688
779272010.0560413599 3133108.8171386719
780911621.2802191973 3134906.1816406250
766054865.6676672697 3048562.6085205078
765984022.2333949804 3014410.1918945312
785232105.5223631859 3144946.3129882812
791702085.4491785765 3154428.9624023438
