153240341.4813134372 73334.9190979004
139836283.3930239677 59673.7772941589
144873339.2123948038 70965.3801269531
144314620.0405645072 70207.1639099121
149375647.5657650232 72665.8224792480
142504043.4628939927 70078.9227905273
149014806.3394269049 72347.6347503662
140067411.5850685239 68853.6651840210
146430920.7270007432 71053.3188629150
139956679.1076121926 61033.6930618286
147121028.2357298732 71470.4168395996
139958092.1203320622 66963.7756271362
151268777.1893529594 73061.1426315308
144837031.7748287022 70478.3448638916
141514180.4767709970 69296.1360702515
