258672596.3730111718 1870751.6171875000
260536671.4471786320 1876088.5292968750
267130183.3221349120 1906012.5390625000
265775790.7347043157 1893879.9814453125
266646528.4446730912 1898823.3466796875
257991867.2879421413 1855209.3671875000
265441487.3315515816 1889569.3730468750
254579413.4129052758 1835753.5058593750
263598174.3775054216 1887349.9199218750
262518326.9160461128 1885294.8613281250
255885421.4174614549 1848523.8432617188
259488600.2264469564 1871678.1616210938
253747988.0225216150 1803605.9262695312
254561692.6504881680 1805601.1801757812
262157672.8019534051 1877907.7460937500
257643552.0190031230 1854877.0937500000
262315790.7627074718 1878629.7851562500
