1491238754.8703923225 1779459.8158721924
1500397691.4100728035 1817947.1606445312
1498324676.5939717293 1811386.0738372803
1485777803.0162553787 1765587.6302490234
1514699864.2919399738 1868690.1013488770
1510529695.3586046696 1833311.1677551270
1493444499.8216075897 1789477.9199829102
1512111230.6852731705 1860788.2460632324
1498800314.4125990868 1816844.8841362000
1510520568.9875450134 1830087.9471740723
1501368460.2403540611 1825935.4840698242
1511385055.0826086998 1833485.8544158936
1511898630.2389464378 1838745.2135772705
1496387930.0026772022 1792206.9199523926
1490185298.1246376038 1775475.5410461426
1498023369.1852953434 1796289.6565246582
