488875485.8664236665 372512.6423950195
497523698.4536344409 379247.8212509155
479284236.8561306000 346690.7555389404
495912962.3596200347 376144.9729919434
496126312.8194259405 378241.1973266602
502570391.5378960371 379459.6564941406
479062271.5989645720 334366.6985549927
484887532.7934000492 370187.8700103760
493340504.3256062865 373517.5531311035
482057082.5818063617 363641.5405807495
494237640.4765658975 374170.4633789062
492980399.5985854268 373377.8927764893
494758110.9637864232 375007.0783996582
479840888.5249496102 360203.9951400757
