117486.6023746523 130927.1144066468
115561.6145335662 131086.9406801786
127111.5415800828 126292.1524742262
124544.8911253013 130607.4618595833
122940.7345910629 130447.6355860516
117647.0180280762 130607.4618595833
120374.0841362815 130447.6355860516
121496.9937102483 129488.6779448611
111551.2231979702 136041.5551596627
117326.1867212285 131086.9406801786
121336.5780568245 129328.8516713294
122138.6563239437 130927.1144066468
119411.5902157384 129009.1991242659
119572.0058691623 131086.9406801786
115240.7832267185 132365.5508684325
125186.5537389967 126771.6312948214
113315.7953856324 134443.2924243452
125507.3850458444 128529.7203036706
122940.7345910629 128529.7203036706
118449.0962951954 130127.9830389881
127271.9572335066 121657.1905418055
124224.0598184536 130767.2881331151
120534.4997897053 129328.8516713294
122780.3189376391 128689.5465772024
111711.6388513940 134123.6398772817
116844.9397609570 131406.5932272421
113957.4579993278 133803.9873302183
124384.4754718775 124853.7160124405
122780.3189376391 131086.9406801786
109947.0666637318 137000.5128008532
114438.7049595993 132685.2034154960
110749.1449308510 136680.8602537897
120213.6684828576 130127.9830389881
114759.5362664470 132205.7245949008
128555.2824608973 121657.1905418055
111230.3918911225 136361.2077067262
122459.4876307914 131566.4195007738
119411.5902157384 128529.7203036706
126951.1259266589 123415.2795506548
114599.1206130232 135402.2500655357
123101.1502444868 132365.5508684325
118128.2649883477 129009.1991242659
125988.6320061159 124054.5846447817
119732.4215225861 131566.4195007738
120694.9154431291 130607.4618595833
119411.5902157384 130927.1144066468
122619.9032842152 129648.5042183928
119090.7589088907 130127.9830389881
119090.7589088907 131406.5932272421
124865.7224321490 130767.2881331151
124384.4754718775 130127.9830389881
121657.4093636722 129488.6779448611
117967.8493349238 132685.2034154960
125346.9693924205 131406.5932272421
126630.2946198112 123255.4532771230
119572.0058691623 129808.3304919246
124224.0598184536 131566.4195007738
114599.1206130232 135242.4237920040
123582.3972047583 130287.8093125199
118930.3432554669 128529.7203036706
118609.5119486192 132685.2034154960
116684.5241075331 134603.1186978770
127432.3728869305 123255.4532771230
118128.2649883477 132205.7245949008
127592.7885403543 122775.9744565278
122780.3189376391 130447.6355860516
128715.6981143212 121017.8854476786
126309.4633129636 126771.6312948214
122780.3189376391 131406.5932272421
121015.7467499768 130127.9830389881
120053.2528294338 130127.9830389881
118609.5119486192 128689.5465772024
121657.4093636722 130447.6355860516
107701.2475157980 138119.2967155754
119411.5902157384 130287.8093125199
120374.0841362815 129328.8516713294
120855.3310965530 131246.7669537103

111390.8075445464 136840.6865273214
111551.2231979702 136361.2077067262
111551.2231979702 136041.5551596627
113636.6266924801 135562.0763390675
114117.8736527517 135562.0763390675
111390.8075445464 134922.7712449405
112513.7171185132 134762.9449714087
120694.9154431291 133004.8559625595
117967.8493349238 132845.0296890278
115561.6145335662 132685.2034154960
115401.1988801424 132525.3771419643
120534.4997897053 132365.5508684325
121176.1624034007 132365.5508684325
119572.0058691623 132205.7245949008
124224.0598184536 131726.2457743055
124224.0598184536 131406.5932272421
125828.2163526920 131086.9406801786
116684.5241075331 130607.4618595833
124865.7224321490 129808.3304919246
118449.0962951954 129328.8516713294
124544.8911253013 129169.0253977976
122780.3189376391 128050.2414830754
119892.8371760099 127890.4152095437
120855.3310965530 127570.7626624801
124384.4754718775 127410.9363889484
122940.7345910629 127251.1101154167
125667.8006992682 127251.1101154167
123903.2285116060 127091.2838418849
122619.9032842152 126931.4575683532
121817.8250170960 126771.6312948214
124224.0598184536 126611.8050212897
124224.0598184536 125972.4999271627
124384.4754718775 125972.4999271627
123421.9815513344 125812.6736536310
123101.1502444868 125652.8473800992
127592.7885403543 125652.8473800992
124063.6441650298 124853.7160124405
122940.7345910629 124693.8897389087
124705.3067787252 124214.4109183135
127592.7885403543 123734.9320977183
128234.4511540497 123415.2795506548
128074.0355006258 123095.6270035913
126630.2946198112 121817.0168153373
128394.8668074735 120698.2329006151
118930.3432554669 133963.8136037500
125026.1380855728 131086.9406801786
128715.6981143212 122456.3219094643
115882.4458404139 133164.6822360913
117165.7710678046 132685.2034154960
127111.5415800828 121976.8430888690
115722.0301869901 130927.1144066468
107059.5849021027 138279.1229891072
117326.1867212285 130767.2881331151
120855.3310965530 126931.4575683532
126630.2946198112 123095.6270035913
128074.0355006258 122296.4956359325
117967.8493349238 134283.4661508135
129357.3607280165 120378.5803535516
111230.3918911225 135242.4237920040
119251.1745623146 132845.0296890278
126790.7102732351 123575.1058241865
108182.4944760695 137479.9916214484
126630.2946198112 128529.7203036706
121657.4093636722 131726.2457743055
117486.6023746523 130447.6355860516
112513.7171185132 133644.1610566865
125988.6320061159 123734.9320977183
121817.8250170960 127251.1101154167
125026.1380855728 125173.3685595040
127111.5415800828 127410.9363889484
110107.4823171556 135402.2500655357
129838.6076882881 118940.1438917659
127592.7885403543 120858.0591741468
116684.5241075331 131406.5932272421
121015.7467499768 133164.6822360913
119572.0058691623 131086.9406801786
122299.0719773676 129169.0253977976

119572.0058691623 129488.6779448611
118288.6806417715 130927.1144066468
117165.7710678046 129648.5042183928
117005.3554143808 131086.9406801786
118609.5119486192 130927.1144066468
120534.4997897053 130927.1144066468
116042.8614938377 131726.2457743055
121978.2406705199 129648.5042183928
123261.5658979106 131566.4195007738
126790.7102732351 125173.3685595040
124384.4754718775 127410.9363889484
120534.4997897053 129009.1991242659
126149.0476595397 130607.4618595833
109144.9883966126 136680.8602537897
119572.0058691623 131086.9406801786
120374.0841362815 132685.2034154960
126469.8789663874 129488.6779448611
127592.7885403543 121017.8854476786
120053.2528294338 130287.8093125199
124865.7224321490 128050.2414830754
123903.2285116060 126451.9787477579
117165.7710678046 131086.9406801786
115882.4458404139 133484.3347831548
117326.1867212285 130767.2881331151
125186.5537389967 124374.2371918452
118449.0962951954 129169.0253977976
121817.8250170960 128369.8940301389
116524.1084541093 132685.2034154960
112994.9640787848 133004.8559625595
109305.4040500364 137160.3390743849
120374.0841362815 127890.4152095437
124544.8911253013 130447.6355860516
127111.5415800828 122456.3219094643
119892.8371760099 132365.5508684325
117647.0180280762 129968.1567654563
124063.6441650298 125493.0211065675
121015.7467499768 131246.7669537103
114919.9519198709 134603.1186978770
128394.8668074735 120218.7540800198
121817.8250170960 130127.9830389881
123742.8128581821 127410.9363889484
117326.1867212285 130127.9830389881
124705.3067787252 131086.9406801786
126790.7102732351 126292.1524742262
110107.4823171556 135881.7288861310
125346.9693924205 122935.8007300595
109305.4040500364 136680.8602537897
114759.5362664470 134443.2924243452
109465.8197034603 137160.3390743849
116203.2771472616 134603.1186978770
114117.8736527517 132045.8983213691
125828.2163526920 128689.5465772024
121978.2406705199 127570.7626624801
112513.7171185132 134443.2924243452
117807.4336815000 133004.8559625595
116042.8614938377 130607.4618595833
123582.3972047583 125493.0211065675
121978.2406705199 131726.2457743055
125667.8006992682 125013.5422859722
125507.3850458444 124853.7160124405
123261.5658979106 130767.2881331151
125988.6320061159 123894.7583712500
124865.7224321490 130447.6355860516
122299.0719773676 131726.2457743055
111872.0545048179 134762.9449714087
116844.9397609570 130927.1144066468
125346.9693924205 129328.8516713294
121657.4093636722 131086.9406801786
122459.4876307914 128849.3728507341
109947.0666637318 136361.2077067262
129357.3607280165 120218.7540800198
118128.2649883477 129968.1567654563
118930.3432554669 130287.8093125199
123421.9815513344 125333.1948330357
129357.3607280165 120698.2329006151
125828.2163526920 124374.2371918452
125988.6320061159 122296.4956359325

111390.8075445464 136840.6865273214
109626.2353568841 136680.8602537897
111551.2231979702 136041.5551596627
114117.8736527517 135562.0763390675
116363.6928006854 134762.9449714087
114117.8736527517 134603.1186978770
112353.3014650894 134123.6398772817
113797.0423459040 134123.6398772817
119411.5902157384 133803.9873302183
113476.2110390563 133004.8559625595
120374.0841362815 132845.0296890278
113476.2110390563 132685.2034154960
121176.1624034007 132525.3771419643
123582.3972047583 132205.7245949008
115722.0301869901 132045.8983213691
116684.5241075331 131726.2457743055
123421.9815513344 131726.2457743055
125026.1380855728 131086.9406801786
115722.0301869901 130927.1144066468
117486.6023746523 130447.6355860516
122138.6563239437 129968.1567654563
118449.0962951954 129328.8516713294
126630.2946198112 129169.0253977976
123421.9815513344 128529.7203036706
122780.3189376391 128050.2414830754
122940.7345910629 127730.5889360119
124384.4754718775 127730.5889360119
120855.3310965530 127570.7626624801
125667.8006992682 127251.1101154167
123742.8128581821 126931.4575683532
123101.1502444868 125972.4999271627
126309.4633129636 125652.8473800992
122138.6563239437 125493.0211065675
127432.3728869305 124214.4109183135
127111.5415800828 124054.5846447817
126149.0476595397 123415.2795506548
129036.5294211689 121497.3642682738
127592.7885403543 120858.0591741468
128394.8668074735 120698.2329006151
129036.5294211689 120698.2329006151
129838.6076882881 118940.1438917659
111069.9762376987 135562.0763390675
125186.5537389967 123095.6270035913
111551.2231979702 134443.2924243452
119892.8371760099 129009.1991242659
115240.7832267185 134762.9449714087
114117.8736527517 134283.4661508135
120694.9154431291 133004.8559625595
114438.7049595993 133963.8136037500
120053.2528294338 131886.0720478373
126630.2946198112 124534.0634653770
128876.1137677450 121817.0168153373
128074.0355006258 124853.7160124405
125026.1380855728 129968.1567654563
125828.2163526920 131086.9406801786
115882.4458404139 130607.4618595833
115882.4458404139 131726.2457743055
123421.9815513344 125173.3685595040
109305.4040500364 137639.8178949802
128074.0355006258 121817.0168153373
121496.9937102483 130127.9830389881
113636.6266924801 135562.0763390675
111390.8075445464 134922.7712449405
118288.6806417715 133164.6822360913
128074.0355006258 123095.6270035913
108342.9101294934 137799.6441685119
124865.7224321490 123575.1058241865
119251.1745623146 133164.6822360913
127111.5415800828 127410.9363889484
124063.6441650298 127730.5889360119
124384.4754718775 131726.2457743055
124544.8911253013 129169.0253977976
111711.6388513940 136201.3814331944
126469.8789663874 123575.1058241865
115882.4458404139 134922.7712449405
126951.1259266589 128210.0677566071
125667.8006992682 129328.8516713294

114919.9519198709 133324.5085096230
128234.4511540497 121497.3642682738
122940.7345910629 131406.5932272421
117005.3554143808 134603.1186978770
121496.9937102483 128369.8940301389
122780.3189376391 128369.8940301389
127271.9572335066 126931.4575683532
124063.6441650298 132045.8983213691
120213.6684828576 126931.4575683532
129036.5294211689 119899.1015329564
111551.2231979702 136521.0339802579
122619.9032842152 129648.5042183928
125988.6320061159 122296.4956359325
119732.4215225861 129328.8516713294
115240.7832267185 134922.7712449405
122780.3189376391 130607.4618595833
125507.3850458444 123255.4532771230
119411.5902157384 131246.7669537103
121657.4093636722 130607.4618595833
109305.4040500364 136680.8602537897
127592.7885403543 125493.0211065675
111872.0545048179 133963.8136037500
121336.5780568245 131566.4195007738
113957.4579993278 133164.6822360913
125346.9693924205 130447.6355860516
118769.9276020430 128529.7203036706
112192.8858116656 136521.0339802579
122138.6563239437 125493.0211065675
114599.1206130232 132205.7245949008
114278.2893061755 135562.0763390675
113476.2110390563 134123.6398772817
123582.3972047583 126771.6312948214
111390.8075445464 135402.2500655357
116684.5241075331 130127.9830389881
109947.0666637318 137160.3390743849
118609.5119486192 132845.0296890278
123101.1502444868 130287.8093125199
124705.3067787252 125333.1948330357
121176.1624034007 128050.2414830754
123903.2285116060 129488.6779448611
112513.7171185132 133963.8136037500
118769.9276020430 133484.3347831548
108503.3257829172 137000.5128008532
126309.4633129636 124693.8897389087
109465.8197034603 137320.1653479167
124544.8911253013 126611.8050212897
122459.4876307914 125333.1948330357
125667.8006992682 128849.3728507341
125667.8006992682 129808.3304919246
115401.1988801424 132205.7245949008
115080.3675732947 132045.8983213691
119572.0058691623 129808.3304919246
124224.0598184536 129808.3304919246
127592.7885403543 125972.4999271627
120213.6684828576 129328.8516713294
119572.0058691623 130607.4618595833
120213.6684828576 127410.9363889484
122940.7345910629 126292.1524742262
109144.9883966126 136361.2077067262
127913.6198472020 121017.8854476786
119572.0058691623 130127.9830389881
125346.9693924205 123894.7583712500
128715.6981143212 120378.5803535516
126149.0476595397 131246.7669537103
121496.9937102483 131406.5932272421
126951.1259266589 123575.1058241865
129357.3607280165 120378.5803535516
123742.8128581821 129488.6779448611
113957.4579993278 135402.2500655357
111069.9762376987 135242.4237920040
118128.2649883477 129169.0253977976
127111.5415800828 121497.3642682738
119572.0058691623 128849.3728507341
114438.7049595993 134443.2924243452
113636.6266924801 132525.3771419643
124544.8911253013 123415.2795506548
126790.7102732351 122616.1481829960

120534.4997897053 128369.8940301389
125186.5537389967 129488.6779448611
118128.2649883477 131086.9406801786
120694.9154431291 129169.0253977976
126951.1259266589 125013.5422859722
119892.8371760099 130287.8093125199
119892.8371760099 131246.7669537103
120694.9154431291 127410.9363889484
117005.3554143808 130607.4618595833
126309.4633129636 129169.0253977976
121496.9937102483 128369.8940301389
125346.9693924205 126292.1524742262
120694.9154431291 128210.0677566071
123261.5658979106 131566.4195007738
120694.9154431291 129808.3304919246
121496.9937102483 131086.9406801786
113957.4579993278 133803.9873302183
125346.9693924205 126451.9787477579
119732.4215225861 131566.4195007738
115240.7832267185 134922.7712449405
113797.0423459040 133963.8136037500
119090.7589088907 132525.3771419643
117967.8493349238 129648.5042183928
108663.7414363411 137160.3390743849
126309.4633129636 124374.2371918452
127111.5415800828 126292.1524742262
115240.7832267185 131406.5932272421
118128.2649883477 129648.5042183928
128715.6981143212 121657.1905418055
128234.4511540497 121976.8430888690
128394.8668074735 120378.5803535516
124544.8911253013 130127.9830389881
124705.3067787252 125013.5422859722
127271.9572335066 125493.0211065675
121176.1624034007 133164.6822360913
109465.8197034603 137000.5128008532
127753.2041937781 125972.4999271627
127111.5415800828 121817.0168153373
123582.3972047583 129808.3304919246
118930.3432554669 130287.8093125199
127432.3728869305 123415.2795506548
113155.3797322086 135721.9026125992
126149.0476595397 127890.4152095437
119892.8371760099 129488.6779448611
119090.7589088907 131406.5932272421
120534.4997897053 127890.4152095437
116042.8614938377 131086.9406801786
125828.2163526920 125493.0211065675
125667.8006992682 129488.6779448611
124384.4754718775 123734.9320977183
122940.7345910629 127890.4152095437
122619.9032842152 125333.1948330357
108342.9101294934 137639.8178949802
114919.9519198709 135242.4237920040
120855.3310965530 130127.9830389881
117807.4336815000 132845.0296890278
126790.7102732351 127570.7626624801
111872.0545048179 135562.0763390675
108342.9101294934 137000.5128008532
117647.0180280762 129488.6779448611
119251.1745623146 129328.8516713294
127913.6198472020 122935.8007300595
116363.6928006854 130767.2881331151
115240.7832267185 133164.6822360913
120053.2528294338 129648.5042183928
116042.8614938377 132365.5508684325
117967.8493349238 130287.8093125199
123101.1502444868 130607.4618595833
128715.6981143212 121497.3642682738
118128.2649883477 133803.9873302183
111551.2231979702 134443.2924243452
110749.1449308510 135242.4237920040
114278.2893061755 132525.3771419643
127111.5415800828 123095.6270035913
123261.5658979106 129009.1991242659
128074.0355006258 122296.4956359325
114599.1206130232 133164.6822360913

107059.5849021027 138279.1229891072
108022.0788226457 137479.9916214484
111551.2231979702 136361.2077067262
113636.6266924801 135562.0763390675
111230.3918911225 135242.4237920040
111390.8075445464 134922.7712449405
112834.5484253609 134603.1186978770
114117.8736527517 134603.1186978770
114117.8736527517 134283.4661508135
118128.2649883477 133963.8136037500
118449.0962951954 133484.3347831548
115882.4458404139 133164.6822360913
118288.6806417715 133164.6822360913
121015.7467499768 133164.6822360913
120694.9154431291 133004.8559625595
117967.8493349238 132845.0296890278
115240.7832267185 131886.0720478373
118128.2649883477 131726.2457743055
124063.6441650298 131246.7669537103
125026.1380855728 131086.9406801786
115722.0301869901 130927.1144066468
117326.1867212285 130767.2881331151
116684.5241075331 130607.4618595833
122299.0719773676 129169.0253977976
119892.8371760099 127890.4152095437
120855.3310965530 127570.7626624801
122940.7345910629 127251.1101154167
125667.8006992682 127251.1101154167
120855.3310965530 126931.4575683532
121817.8250170960 126771.6312948214
125346.9693924205 126771.6312948214
124224.0598184536 126611.8050212897
122138.6563239437 125493.0211065675
125026.1380855728 125173.3685595040
124865.7224321490 125013.5422859722
124063.6441650298 124853.7160124405
128074.0355006258 124853.7160124405
127592.7885403543 124214.4109183135
127111.5415800828 124054.5846447817
124865.7224321490 123575.1058241865
128234.4511540497 123415.2795506548
128074.0355006258 123095.6270035913
127592.7885403543 120858.0591741468
128394.8668074735 120698.2329006151
124544.8911253013 129169.0253977976
117967.8493349238 134283.4661508135
118449.0962951954 129328.8516713294
116363.6928006854 134762.9449714087
129838.6076882881 118940.1438917659
124865.7224321490 129808.3304919246
121496.9937102483 130127.9830389881
123903.2285116060 127091.2838418849
128074.0355006258 122296.4956359325
126630.2946198112 128529.7203036706
112353.3014650894 133644.1610566865
111551.2231979702 136041.5551596627
119572.0058691623 132205.7245949008
124705.3067787252 123894.7583712500
112513.7171185132 133644.1610566865
127592.7885403543 123095.6270035913
115561.6145335662 132685.2034154960
123582.3972047583 132205.7245949008
128074.0355006258 121817.0168153373
111390.8075445464 136840.6865273214
122138.6563239437 129968.1567654563
115401.1988801424 132525.3771419643
114438.7049595993 132045.8983213691
119411.5902157384 133803.9873302183
127913.6198472020 121657.1905418055
129036.5294211689 120698.2329006151
117967.8493349238 133164.6822360913
123421.9815513344 125812.6736536310
122619.9032842152 130767.2881331151
122138.6563239437 131886.0720478373
126469.8789663874 123575.1058241865
123101.1502444868 126611.8050212897
114599.1206130232 133004.8559625595

129357.3607280165 120378.5803535516
125346.9693924205 129808.3304919246
115882.4458404139 134443.2924243452
112994.9640787848 136041.5551596627
112032.4701582417 135721.9026125992
128715.6981143212 121817.0168153373
121176.1624034007 131566.4195007738
117326.1867212285 129968.1567654563
120855.3310965530 132845.0296890278
125186.5537389967 131406.5932272421
128555.2824608973 121657.1905418055
126309.4633129636 128529.7203036706
109305.4040500364 136680.8602537897
128074.0355006258 124534.0634653770
108824.1570897649 137479.9916214484
119572.0058691623 130607.4618595833
122780.3189376391 132045.8983213691
120534.4997897053 127730.5889360119
117486.6023746523 131086.9406801786
118449.0962951954 129488.6779448611
117005.3554143808 130607.4618595833
123742.8128581821 127251.1101154167
122619.9032842152 125333.1948330357
115401.1988801424 133963.8136037500
117005.3554143808 132685.2034154960
129036.5294211689 120378.5803535516
120053.2528294338 132045.8983213691
122619.9032842152 127890.4152095437
124865.7224321490 123575.1058241865
123261.5658979106 129808.3304919246
127432.3728869305 122616.1481829960
117807.4336815000 129328.8516713294
125346.9693924205 125652.8473800992
121496.9937102483 131246.7669537103
122619.9032842152 125812.6736536310
123742.8128581821 130127.9830389881
108663.7414363411 137320.1653479167
125988.6320061159 122616.1481829960
121657.4093636722 129328.8516713294
120855.3310965530 132045.8983213691
122619.9032842152 131246.7669537103
113957.4579993278 132205.7245949008
120374.0841362815 131566.4195007738
110428.3136240033 135082.5975184722
118769.9276020430 128849.3728507341
124544.8911253013 127410.9363889484
119251.1745623146 128050.2414830754
123261.5658979106 132205.7245949008
119251.1745623146 129488.6779448611
125026.1380855728 124853.7160124405
121817.8250170960 128529.7203036706
126309.4633129636 128369.8940301389
112353.3014650894 134443.2924243452
127271.9572335066 126931.4575683532
108824.1570897649 136680.8602537897
120374.0841362815 129169.0253977976
125988.6320061159 125013.5422859722
119090.7589088907 132045.8983213691
120053.2528294338 131246.7669537103
125507.3850458444 129009.1991242659
116042.8614938377 131406.5932272421
114438.7049595993 134123.6398772817
125667.8006992682 125972.4999271627
115240.7832267185 133004.8559625595
111390.8075445464 135242.4237920040
124544.8911253013 124693.8897389087
122459.4876307914 125652.8473800992
124705.3067787252 130447.6355860516
128394.8668074735 121657.1905418055
120694.9154431291 132365.5508684325
118128.2649883477 133484.3347831548
121176.1624034007 126132.3262006944
120534.4997897053 129328.8516713294
123261.5658979106 129648.5042183928
113476.2110390563 134283.4661508135
124224.0598184536 125972.4999271627
129196.9450745927 120538.4066270833

109305.4040500364 137639.8178949802
112192.8858116656 135242.4237920040
111390.8075445464 134922.7712449405
115882.4458404139 134922.7712449405
111069.9762376987 134762.9449714087
114117.8736527517 134603.1186978770
117967.8493349238 134283.4661508135
118930.3432554669 133963.8136037500
112513.7171185132 133644.1610566865
113155.3797322086 133644.1610566865
115882.4458404139 133164.6822360913
116363.6928006854 132365.5508684325
123582.3972047583 132205.7245949008
115722.0301869901 132045.8983213691
117005.3554143808 131726.2457743055
115401.1988801424 131566.4195007738
115722.0301869901 130927.1144066468
118930.3432554669 130287.8093125199
126630.2946198112 129169.0253977976
122299.0719773676 128849.3728507341
126630.2946198112 128529.7203036706
122780.3189376391 128050.2414830754
119892.8371760099 127890.4152095437
123582.3972047583 127890.4152095437
124384.4754718775 127730.5889360119
126149.0476595397 127730.5889360119
122459.4876307914 127251.1101154167
122940.7345910629 127251.1101154167
125667.8006992682 127251.1101154167
123742.8128581821 126931.4575683532
125186.5537389967 126611.8050212897
125186.5537389967 125173.3685595040
124865.7224321490 125013.5422859722
128074.0355006258 124853.7160124405
127111.5415800828 124054.5846447817
124705.3067787252 123894.7583712500
126149.0476595397 123415.2795506548
128234.4511540497 123415.2795506548
128074.0355006258 123095.6270035913
127592.7885403543 121976.8430888690
127592.7885403543 120858.0591741468
128394.8668074735 120698.2329006151
118288.6806417715 133164.6822360913
112834.5484253609 134603.1186978770
125026.1380855728 123095.6270035913
117967.8493349238 132845.0296890278
124384.4754718775 128369.8940301389
128074.0355006258 122296.4956359325
118449.0962951954 133484.3347831548
115401.1988801424 132525.3771419643
119732.4215225861 132525.3771419643
115882.4458404139 130607.4618595833
115561.6145335662 134283.4661508135
124224.0598184536 125972.4999271627
118128.2649883477 132205.7245949008
127111.5415800828 127410.9363889484
109626.2353568841 136680.8602537897
117326.1867212285 130767.2881331151
119572.0058691623 131086.9406801786
123903.2285116060 127091.2838418849
120855.3310965530 131246.7669537103
126149.0476595397 126771.6312948214
119251.1745623146 130127.9830389881
111230.3918911225 135242.4237920040
121657.4093636722 131726.2457743055
111551.2231979702 136361.2077067262
111872.0545048179 136201.3814331944
124384.4754718775 131726.2457743055
125828.2163526920 131086.9406801786
122619.9032842152 130767.2881331151
129036.5294211689 120698.2329006151
123421.9815513344 131726.2457743055
126630.2946198112 129488.6779448611
127432.3728869305 124214.4109183135
122138.6563239437 131886.0720478373
111551.2231979702 136041.5551596627
118128.2649883477 133963.8136037500

123742.8128581821 130767.2881331151
126630.2946198112 123894.7583712500
112032.4701582417 135242.4237920040
119411.5902157384 129169.0253977976
124705.3067787252 124693.8897389087
128234.4511540497 124214.4109183135
122940.7345910629 129328.8516713294
115722.0301869901 134123.6398772817
111390.8075445464 135881.7288861310
117005.3554143808 130287.8093125199
124705.3067787252 131726.2457743055
120855.3310965530 129488.6779448611
120694.9154431291 128849.3728507341
122619.9032842152 127570.7626624801
119732.4215225861 132045.8983213691
116844.9397609570 130927.1144066468
121176.1624034007 130607.4618595833
126149.0476595397 123415.2795506548
125667.8006992682 127570.7626624801
127432.3728869305 123734.9320977183
129036.5294211689 121497.3642682738
123742.8128581821 130447.6355860516
113155.3797322086 136041.5551596627
123261.5658979106 132045.8983213691
124865.7224321490 127251.1101154167
124865.7224321490 129169.0253977976
117165.7710678046 129808.3304919246
118609.5119486192 130447.6355860516
115401.1988801424 134283.4661508135
121015.7467499768 130127.9830389881
125988.6320061159 122456.3219094643
112192.8858116656 135881.7288861310
124865.7224321490 124534.0634653770
124063.6441650298 131406.5932272421
108984.5727431887 136840.6865273214
126309.4633129636 121976.8430888690
126790.7102732351 127251.1101154167
118609.5119486192 131086.9406801786
123101.1502444868 125812.6736536310
126149.0476595397 125493.0211065675
122619.9032842152 126611.8050212897
118288.6806417715 133324.5085096230
118930.3432554669 129009.1991242659
113315.7953856324 134283.4661508135
126630.2946198112 122616.1481829960
127753.2041937781 123894.7583712500
124224.0598184536 126132.3262006944
119732.4215225861 133484.3347831548
110267.8979705795 135881.7288861310
125828.2163526920 131406.5932272421
122299.0719773676 127410.9363889484
113315.7953856324 132685.2034154960
115401.1988801424 133963.8136037500
127432.3728869305 121017.8854476786
121496.9937102483 127570.7626624801
127753.2041937781 123095.6270035913
127271.9572335066 126611.8050212897
125988.6320061159 122935.8007300595
126790.7102732351 127410.9363889484
121176.1624034007 129808.3304919246
116844.9397609570 132045.8983213691
111390.8075445464 134603.1186978770
121176.1624034007 130287.8093125199
113155.3797322086 134603.1186978770
122619.9032842152 131886.0720478373
127913.6198472020 121017.8854476786
112994.9640787848 133484.3347831548
122780.3189376391 132045.8983213691
110588.7292774271 136361.2077067262
119411.5902157384 132685.2034154960
121336.5780568245 129968.1567654563
129357.3607280165 119899.1015329564
124384.4754718775 126292.1524742262
113797.0423459040 133484.3347831548
123903.2285116060 124374.2371918452
125186.5537389967 124853.7160124405
121817.8250170960 128689.5465772024

107059.5849021027 138279.1229891072
121176.1624034007 132365.5508684325
123903.2285116060 130127.9830389881
126630.2946198112 129169.0253977976
124384.4754718775 125972.4999271627
128074.0355006258 124853.7160124405
128234.4511540497 123415.2795506548
126630.2946198112 121817.0168153373
129036.5294211689 120698.2329006151
115722.0301869901 134283.4661508135
126951.1259266589 128210.0677566071
127913.6198472020 121017.8854476786
110588.7292774271 135082.5975184722
123421.9815513344 124853.7160124405
121015.7467499768 132685.2034154960
108342.9101294934 137000.5128008532
122940.7345910629 127730.5889360119
124544.8911253013 131726.2457743055
122780.3189376391 128050.2414830754
127432.3728869305 126132.3262006944
121336.5780568245 130767.2881331151
119251.1745623146 129328.8516713294
127592.7885403543 120858.0591741468
119572.0058691623 132845.0296890278
121817.8250170960 131566.4195007738
126630.2946198112 123095.6270035913
111711.6388513940 136680.8602537897
119090.7589088907 129648.5042183928
125186.5537389967 124693.8897389087
124224.0598184536 131406.5932272421
109947.0666637318 135721.9026125992
119090.7589088907 131726.2457743055
117165.7710678046 131886.0720478373
128394.8668074735 121817.0168153373
119572.0058691623 131246.7669537103
119411.5902157384 132365.5508684325
120855.3310965530 126931.4575683532
126309.4633129636 125652.8473800992
118288.6806417715 129968.1567654563
125988.6320061159 125333.1948330357
122138.6563239437 125493.0211065675
112353.3014650894 133644.1610566865
122780.3189376391 126451.9787477579
128394.8668074735 121497.3642682738
119251.1745623146 132845.0296890278
111230.3918911225 135242.4237920040
126149.0476595397 123415.2795506548
120534.4997897053 131886.0720478373
126469.8789663874 123575.1058241865
124705.3067787252 129968.1567654563
119572.0058691623 129968.1567654563
128234.4511540497 122775.9744565278
108824.1570897649 137000.5128008532
114117.8736527517 134762.9449714087
129838.6076882881 118940.1438917659
122299.0719773676 129968.1567654563
118930.3432554669 132685.2034154960
113155.3797322086 136201.3814331944
120374.0841362815 130127.9830389881
125346.9693924205 130767.2881331151
123261.5658979106 128849.3728507341
127913.6198472020 123734.9320977183
120534.4997897053 133004.8559625595
120855.3310965530 129328.8516713294
113315.7953856324 132845.0296890278
116684.5241075331 131726.2457743055
124865.7224321490 128529.7203036706
118769.9276020430 133164.6822360913
111069.9762376987 136680.8602537897
127753.2041937781 125652.8473800992
118609.5119486192 133963.8136037500
118449.0962951954 129328.8516713294
110749.1449308510 136521.0339802579
115561.6145335662 134922.7712449405
115240.7832267185 135242.4237920040
115882.4458404139 131726.2457743055
124063.6441650298 127251.1101154167

121176.1624034007 131086.9406801786
124865.7224321490 125652.8473800992
125026.1380855728 123575.1058241865
120694.9154431291 127251.1101154167
121657.4093636722 130447.6355860516
116524.1084541093 131566.4195007738
122459.4876307914 127570.7626624801
115882.4458404139 134603.1186978770
118449.0962951954 132045.8983213691
122299.0719773676 130767.2881331151
127111.5415800828 126451.9787477579
108503.3257829172 136680.8602537897
123742.8128581821 125812.6736536310
118128.2649883477 129009.1991242659
115080.3675732947 135242.4237920040
121496.9937102483 125972.4999271627
125507.3850458444 124534.0634653770
123261.5658979106 131566.4195007738
129036.5294211689 120378.5803535516
111069.9762376987 135402.2500655357
123101.1502444868 131246.7669537103
115401.1988801424 133004.8559625595
128715.6981143212 120378.5803535516
120053.2528294338 128689.5465772024
117807.4336815000 130927.1144066468
122138.6563239437 130287.8093125199
121978.2406705199 131086.9406801786
124063.6441650298 123894.7583712500
123582.3972047583 127091.2838418849
115080.3675732947 134603.1186978770
121015.7467499768 129169.0253977976
110909.5605842748 135881.7288861310
112192.8858116656 134762.9449714087
125828.2163526920 129009.1991242659
121817.8250170960 129808.3304919246
120694.9154431291 129648.5042183928
116684.5241075331 134443.2924243452
126630.2946198112 126132.3262006944
120213.6684828576 129169.0253977976
110909.5605842748 136201.3814331944
121336.5780568245 127890.4152095437
127111.5415800828 121976.8430888690
120053.2528294338 129968.1567654563
113797.0423459040 133963.8136037500
125186.5537389967 124374.2371918452
109305.4040500364 137320.1653479167
114278.2893061755 132045.8983213691
116203.2771472616 132205.7245949008
115080.3675732947 134762.9449714087
114759.5362664470 135082.5975184722
112032.4701582417 135881.7288861310
125988.6320061159 130927.1144066468
118609.5119486192 129009.1991242659
120374.0841362815 130607.4618595833
118769.9276020430 129169.0253977976
126309.4633129636 124693.8897389087
116524.1084541093 130767.2881331151
123582.3972047583 129488.6779448611
126469.8789663874 125493.0211065675
125026.1380855728 128369.8940301389
116684.5241075331 134603.1186978770
121496.9937102483 130927.1144066468
124384.4754718775 130127.9830389881
122940.7345910629 132045.8983213691
110749.1449308510 135082.5975184722
125026.1380855728 131246.7669537103
125828.2163526920 123734.9320977183
127753.2041937781 125652.8473800992
128394.8668074735 122136.6693624008
128715.6981143212 121177.7117212103
121176.1624034007 132525.3771419643
119892.8371760099 130767.2881331151
121336.5780568245 130607.4618595833
106417.9222884073 138438.9492626389
125346.9693924205 125173.3685595040
124705.3067787252 131086.9406801786
110107.4823171556 137160.3390743849

123261.5658979106 125652.8473800992
110588.7292774271 136201.3814331944
121817.8250170960 128369.8940301389
124865.7224321490 130287.8093125199
117326.1867212285 130927.1144066468
119090.7589088907 133963.8136037500
110428.3136240033 137160.3390743849
128555.2824608973 122935.8007300595
114759.5362664470 134762.9449714087
118609.5119486192 133484.3347831548
124544.8911253013 130127.9830389881
126630.2946198112 127730.5889360119
118609.5119486192 129968.1567654563
111390.8075445464 135881.7288861310
127432.3728869305 123415.2795506548
122780.3189376391 126451.9787477579
119090.7589088907 130287.8093125199
112674.1327719371 133963.8136037500
121817.8250170960 129808.3304919246
127432.3728869305 125812.6736536310
116363.6928006854 132845.0296890278
121015.7467499768 129488.6779448611
111872.0545048179 135721.9026125992
111551.2231979702 135562.0763390675
120855.3310965530 130447.6355860516
129357.3607280165 119579.4489858929
112353.3014650894 133803.9873302183
125186.5537389967 129808.3304919246
109465.8197034603 136680.8602537897
117165.7710678046 131566.4195007738
128394.8668074735 121177.7117212103
110588.7292774271 135242.4237920040
124544.8911253013 125333.1948330357
114117.8736527517 133004.8559625595
122459.4876307914 127410.9363889484
120374.0841362815 130607.4618595833
114599.1206130232 132845.0296890278
123261.5658979106 131406.5932272421
121176.1624034007 130927.1144066468
129678.1920348642 119099.9701652976
123903.2285116060 131086.9406801786
118288.6806417715 130607.4618595833
112834.5484253609 134283.4661508135
121978.2406705199 131566.4195007738
111230.3918911225 134443.2924243452
106257.5066349835 138758.6018097024
123903.2285116060 124374.2371918452
121176.1624034007 128529.7203036706
122299.0719773676 129648.5042183928
123582.3972047583 124853.7160124405
122299.0719773676 130927.1144066468
120213.6684828576 130287.8093125199
114438.7049595993 133164.6822360913
116363.6928006854 131246.7669537103
126309.4633129636 124853.7160124405
124705.3067787252 125013.5422859722
125346.9693924205 124374.2371918452
109626.2353568841 136201.3814331944
109947.0666637318 137320.1653479167
120694.9154431291 131726.2457743055
120374.0841362815 130767.2881331151
124705.3067787252 125812.6736536310
122138.6563239437 129169.0253977976
119090.7589088907 130447.6355860516
128555.2824608973 122296.4956359325
108182.4944760695 137320.1653479167
124384.4754718775 125972.4999271627
121657.4093636722 127570.7626624801
108342.9101294934 137000.5128008532
125026.1380855728 123415.2795506548
119251.1745623146 131886.0720478373
113957.4579993278 135721.9026125992
121336.5780568245 130287.8093125199
109305.4040500364 137160.3390743849
117647.0180280762 129488.6779448611
118930.3432554669 130287.8093125199
119572.0058691623 129009.1991242659

125186.5537389967 129808.3304919246
107701.2475157980 137959.4704420436
123582.3972047583 127570.7626624801
120053.2528294338 131406.5932272421
128074.0355006258 121657.1905418055
122138.6563239437 129488.6779448611
124384.4754718775 131726.2457743055
114599.1206130232 134922.7712449405
121176.1624034007 130447.6355860516
128555.2824608973 120698.2329006151
109465.8197034603 136521.0339802579
110909.5605842748 135562.0763390675
126309.4633129636 123095.6270035913
119572.0058691623 130607.4618595833
124705.3067787252 123415.2795506548
109947.0666637318 135562.0763390675
123101.1502444868 124534.0634653770
126149.0476595397 122935.8007300595
129196.9450745927 120378.5803535516
126469.8789663874 129648.5042183928
123582.3972047583 126292.1524742262
121015.7467499768 130767.2881331151
127432.3728869305 123894.7583712500
114759.5362664470 133963.8136037500
118769.9276020430 128689.5465772024
127271.9572335066 122456.3219094643
113797.0423459040 132365.5508684325
126790.7102732351 125812.6736536310
127913.6198472020 120538.4066270833
124544.8911253013 124054.5846447817
125667.8006992682 128369.8940301389
125828.2163526920 127251.1101154167
123742.8128581821 131086.9406801786
113636.6266924801 135881.7288861310
110267.8979705795 135242.4237920040
115722.0301869901 132525.3771419643
119892.8371760099 128369.8940301389
124865.7224321490 128529.7203036706
121496.9937102483 129488.6779448611
117967.8493349238 131406.5932272421
123582.3972047583 131406.5932272421
124865.7224321490 123095.6270035913
119732.4215225861 128210.0677566071
127271.9572335066 121817.0168153373
111711.6388513940 135242.4237920040
124384.4754718775 124853.7160124405
117967.8493349238 129968.1567654563
108824.1570897649 137799.6441685119
126149.0476595397 129009.1991242659
120855.3310965530 131246.7669537103
123101.1502444868 125652.8473800992
125507.3850458444 128529.7203036706
108824.1570897649 136521.0339802579
121978.2406705199 129488.6779448611
126149.0476595397 122136.6693624008
125667.8006992682 127091.2838418849
120534.4997897053 128529.7203036706
109144.9883966126 137000.5128008532
121176.1624034007 131726.2457743055
118288.6806417715 132205.7245949008
112513.7171185132 136041.5551596627
124063.6441650298 132045.8983213691
125186.5537389967 126771.6312948214
122459.4876307914 130607.4618595833
108984.5727431887 137479.9916214484
120694.9154431291 133004.8559625595
124865.7224321490 130287.8093125199
125186.5537389967 131566.4195007738
127753.2041937781 125812.6736536310
118288.6806417715 130287.8093125199
112674.1327719371 135402.2500655357
114599.1206130232 133803.9873302183
128715.6981143212 121657.1905418055
125988.6320061159 126611.8050212897
117326.1867212285 129968.1567654563
120855.3310965530 127570.7626624801
115561.6145335662 134603.1186978770

107220.0005555265 137959.4704420436
125026.1380855728 130767.2881331151
127111.5415800828 126451.9787477579
112994.9640787848 136201.3814331944
119090.7589088907 128369.8940301389
125828.2163526920 123415.2795506548
124063.6441650298 131086.9406801786
119572.0058691623 130927.1144066468
120213.6684828576 132525.3771419643
118609.5119486192 128849.3728507341
117005.3554143808 132205.7245949008
115401.1988801424 134922.7712449405
124544.8911253013 130607.4618595833
119411.5902157384 131566.4195007738
123903.2285116060 130447.6355860516
128715.6981143212 120698.2329006151
125026.1380855728 123575.1058241865
111551.2231979702 135082.5975184722
122619.9032842152 130927.1144066468
123421.9815513344 131246.7669537103
126951.1259266589 124693.8897389087
125988.6320061159 126771.6312948214
112674.1327719371 135402.2500655357
110428.3136240033 135402.2500655357
119411.5902157384 128529.7203036706
110107.4823171556 137320.1653479167
118288.6806417715 131246.7669537103
122459.4876307914 127890.4152095437
118609.5119486192 131566.4195007738
116042.8614938377 132525.3771419643
114599.1206130232 133963.8136037500
121817.8250170960 130607.4618595833
119732.4215225861 130767.2881331151
125667.8006992682 127730.5889360119
109947.0666637318 137000.5128008532
124224.0598184536 125972.4999271627
123421.9815513344 129808.3304919246
126790.7102732351 129009.1991242659
118609.5119486192 129009.1991242659
117647.0180280762 131406.5932272421
120213.6684828576 127410.9363889484
125507.3850458444 123734.9320977183
125828.2163526920 125652.8473800992
125988.6320061159 126611.8050212897
114117.8736527517 132045.8983213691
118930.3432554669 128689.5465772024
126149.0476595397 122136.6693624008
122299.0719773676 127091.2838418849
122299.0719773676 131566.4195007738
117165.7710678046 130287.8093125199
124384.4754718775 131246.7669537103
120213.6684828576 129808.3304919246
119411.5902157384 131886.0720478373
113797.0423459040 133004.8559625595
122299.0719773676 125493.0211065675
125507.3850458444 131086.9406801786
117807.4336815000 130607.4618595833
115401.1988801424 135242.4237920040
112192.8858116656 136521.0339802579
109465.8197034603 137000.5128008532
115401.1988801424 134123.6398772817
112834.5484253609 133164.6822360913
112674.1327719371 134762.9449714087
123903.2285116060 130927.1144066468
114278.2893061755 132525.3771419643
128394.8668074735 122136.6693624008
112994.9640787848 134443.2924243452
121176.1624034007 130287.8093125199
129357.3607280165 120698.2329006151
115561.6145335662 133803.9873302183
126951.1259266589 127890.4152095437
124063.6441650298 124534.0634653770
124224.0598184536 124054.5846447817
122780.3189376391 131886.0720478373
116844.9397609570 130127.9830389881
121657.4093636722 130447.6355860516
128715.6981143212 119899.1015329564

114759.5362664470 135242.4237920040
122459.4876307914 129648.5042183928
126469.8789663874 123415.2795506548
114919.9519198709 135402.2500655357
122619.9032842152 132045.8983213691
110588.7292774271 136521.0339802579
123101.1502444868 124534.0634653770
124224.0598184536 130767.2881331151
113636.6266924801 133644.1610566865
119411.5902157384 131406.5932272421
124544.8911253013 130287.8093125199
129196.9450745927 121177.7117212103
119251.1745623146 131406.5932272421
125186.5537389967 130767.2881331151
109626.2353568841 136840.6865273214
126309.4633129636 126451.9787477579
123903.2285116060 132045.8983213691
118769.9276020430 133484.3347831548
126469.8789663874 126771.6312948214
108984.5727431887 137320.1653479167
117967.8493349238 131246.7669537103
125988.6320061159 125493.0211065675
127592.7885403543 126132.3262006944
126630.2946198112 129648.5042183928
114919.9519198709 131886.0720478373
120534.4997897053 128050.2414830754
125507.3850458444 128849.3728507341
120374.0841362815 127251.1101154167
109947.0666637318 137320.1653479167
118769.9276020430 129328.8516713294
119090.7589088907 129808.3304919246
127592.7885403543 121657.1905418055
111872.0545048179 134603.1186978770
123421.9815513344 125972.4999271627
113155.3797322086 133484.3347831548
127753.2041937781 125972.4999271627
119892.8371760099 131086.9406801786
120374.0841362815 129648.5042183928
126790.7102732351 124693.8897389087
125988.6320061159 130767.2881331151
117486.6023746523 129328.8516713294
107540.8318623742 137479.9916214484
122619.9032842152 127091.2838418849
121496.9937102483 128369.8940301389
126630.2946198112 123095.6270035913
122940.7345910629 128210.0677566071
117967.8493349238 131406.5932272421
120053.2528294338 129968.1567654563
120534.4997897053 129648.5042183928
111230.3918911225 135562.0763390675
121336.5780568245 129808.3304919246
113155.3797322086 136041.5551596627
114278.2893061755 132525.3771419643
117326.1867212285 131086.9406801786
116203.2771472616 130447.6355860516
126951.1259266589 125972.4999271627
110588.7292774271 135242.4237920040
124865.7224321490 124534.0634653770
113797.0423459040 135721.9026125992
120694.9154431291 129648.5042183928
118769.9276020430 129009.1991242659
126630.2946198112 121976.8430888690
125667.8006992682 129488.6779448611
122138.6563239437 130287.8093125199
117165.7710678046 132205.7245949008
122138.6563239437 131726.2457743055
117005.3554143808 132045.8983213691
123582.3972047583 128369.8940301389
116844.9397609570 131246.7669537103
121496.9937102483 127890.4152095437
120213.6684828576 130767.2881331151
121015.7467499768 131406.5932272421
125828.2163526920 125493.0211065675
121817.8250170960 128529.7203036706
120213.6684828576 132845.0296890278
127432.3728869305 125972.4999271627
112834.5484253609 134123.6398772817

119090.7589088907 128369.8940301389
122299.0719773676 128369.8940301389
107380.4162089503 137959.4704420436
109947.0666637318 137000.5128008532
125346.9693924205 129169.0253977976
128555.2824608973 121177.7117212103
127592.7885403543 122935.8007300595
116844.9397609570 130447.6355860516
124384.4754718775 131086.9406801786
119892.8371760099 130127.9830389881
125186.5537389967 126132.3262006944
117326.1867212285 131406.5932272421
119732.4215225861 130127.9830389881
126149.0476595397 123255.4532771230
126630.2946198112 129328.8516713294
123101.1502444868 127890.4152095437
124544.8911253013 126132.3262006944
120213.6684828576 128689.5465772024
126309.4633129636 125173.3685595040
127432.3728869305 126931.4575683532
118288.6806417715 130127.9830389881
124865.7224321490 130127.9830389881
110749.1449308510 136840.6865273214
125667.8006992682 124374.2371918452
122619.9032842152 130767.2881331151
124544.8911253013 127570.7626624801
116684.5241075331 130607.4618595833
125346.9693924205 130127.9830389881
122138.6563239437 129808.3304919246
118449.0962951954 132045.8983213691
116363.6928006854 130927.1144066468
120694.9154431291 131246.7669537103
127271.9572335066 126292.1524742262
124063.6441650298 131406.5932272421
121496.9937102483 130447.6355860516
124865.7224321490 129488.6779448611
108663.7414363411 136680.8602537897
109144.9883966126 136680.8602537897
119732.4215225861 127730.5889360119
119572.0058691623 130447.6355860516
124384.4754718775 129808.3304919246
117165.7710678046 130607.4618595833
124384.4754718775 125812.6736536310
117807.4336815000 129169.0253977976
119572.0058691623 131886.0720478373
126630.2946198112 122296.4956359325
112834.5484253609 133644.1610566865
128715.6981143212 120538.4066270833
125507.3850458444 124374.2371918452
108503.3257829172 137639.8178949802
122459.4876307914 127570.7626624801
115882.4458404139 134922.7712449405
119892.8371760099 129488.6779448611
128715.6981143212 121817.0168153373
120855.3310965530 131406.5932272421
118128.2649883477 130607.4618595833
113797.0423459040 132525.3771419643
122619.9032842152 127890.4152095437
124063.6441650298 129648.5042183928
118930.3432554669 129808.3304919246
115240.7832267185 131566.4195007738
127432.3728869305 125333.1948330357
119892.8371760099 130927.1144066468
108984.5727431887 136840.6865273214
119411.5902157384 131566.4195007738
129357.3607280165 120698.2329006151
121657.4093636722 129488.6779448611
122138.6563239437 127091.2838418849
124544.8911253013 130287.8093125199
124865.7224321490 123095.6270035913
127913.6198472020 123734.9320977183
115722.0301869901 132365.5508684325
111390.8075445464 135242.4237920040
117967.8493349238 131246.7669537103
115080.3675732947 133484.3347831548
119090.7589088907 130767.2881331151
120374.0841362815 130127.9830389881

109305.4040500364 137639.8178949802
111551.2231979702 136041.5551596627
116524.1084541093 134762.9449714087
118128.2649883477 133963.8136037500
118930.3432554669 132685.2034154960
129196.9450745927 119579.4489858929
128074.0355006258 123734.9320977183
126469.8789663874 126931.4575683532
127432.3728869305 124214.4109183135
115080.3675732947 131886.0720478373
120855.3310965530 126451.9787477579
127592.7885403543 121337.5379947421
108824.1570897649 136840.6865273214
125828.2163526920 125972.4999271627
122940.7345910629 124693.8897389087
124384.4754718775 130607.4618595833
110107.4823171556 135562.0763390675
126630.2946198112 123415.2795506548
124865.7224321490 131246.7669537103
118930.3432554669 132365.5508684325
122940.7345910629 125812.6736536310
125186.5537389967 123415.2795506548
121817.8250170960 129808.3304919246
119732.4215225861 132525.3771419643
117807.4336815000 132365.5508684325
126951.1259266589 126132.3262006944
113636.6266924801 133803.9873302183
124224.0598184536 132045.8983213691
119251.1745623146 128369.8940301389
127432.3728869305 124374.2371918452
118930.3432554669 129169.0253977976
116524.1084541093 130927.1144066468
113957.4579993278 132365.5508684325
123101.1502444868 126292.1524742262
121176.1624034007 132365.5508684325
128074.0355006258 121976.8430888690
119090.7589088907 129009.1991242659
116844.9397609570 129968.1567654563
113476.2110390563 135402.2500655357
127271.9572335066 122136.6693624008
121978.2406705199 128529.7203036706
119732.4215225861 129648.5042183928
112513.7171185132 135562.0763390675
113315.7953856324 135242.4237920040
118769.9276020430 131246.7669537103
114117.8736527517 134443.2924243452
129036.5294211689 120858.0591741468
123261.5658979106 125972.4999271627
120534.4997897053 127251.1101154167
123903.2285116060 130127.9830389881
115240.7832267185 135242.4237920040
113636.6266924801 135562.0763390675
127592.7885403543 123095.6270035913
128394.8668074735 122136.6693624008
114117.8736527517 133164.6822360913
122138.6563239437 125493.0211065675
129036.5294211689 120218.7540800198
119251.1745623146 130447.6355860516
124384.4754718775 124054.5846447817
120374.0841362815 132525.3771419643
123903.2285116060 131566.4195007738
118609.5119486192 128529.7203036706
119732.4215225861 131406.5932272421
114278.2893061755 132205.7245949008
126630.2946198112 128849.3728507341
123261.5658979106 124693.8897389087
125667.8006992682 128849.3728507341
125828.2163526920 122296.4956359325
125186.5537389967 128369.8940301389
120374.0841362815 132845.0296890278
119572.0058691623 131086.9406801786
111551.2231979702 135402.2500655357
107540.8318623742 138279.1229891072
122619.9032842152 130927.1144066468
116363.6928006854 131886.0720478373
116524.1084541093 132205.7245949008
125828.2163526920 131246.7669537103

127432.3728869305 125812.6736536310
114278.2893061755 132685.2034154960
125988.6320061159 125972.4999271627
123101.1502444868 126931.4575683532
120053.2528294338 127570.7626624801
120694.9154431291 131246.7669537103
122780.3189376391 130447.6355860516
128394.8668074735 122296.4956359325
111230.3918911225 135721.9026125992
121817.8250170960 130607.4618595833
125507.3850458444 128689.5465772024
127913.6198472020 120538.4066270833
120694.9154431291 129169.0253977976
124544.8911253013 130607.4618595833
126309.4633129636 125013.5422859722
121336.5780568245 127091.2838418849
111230.3918911225 134443.2924243452
125828.2163526920 128529.7203036706
115401.1988801424 133644.1610566865
110428.3136240033 136361.2077067262
123261.5658979106 130607.4618595833
128876.1137677450 121817.0168153373
116203.2771472616 130767.2881331151
117967.8493349238 131886.0720478373
115882.4458404139 132205.7245949008
126309.4633129636 124693.8897389087
124865.7224321490 131246.7669537103
115080.3675732947 132845.0296890278
108984.5727431887 136840.6865273214
124705.3067787252 131726.2457743055
122619.9032842152 129169.0253977976
112674.1327719371 134283.4661508135
122780.3189376391 129488.6779448611
127913.6198472020 125333.1948330357
119411.5902157384 130607.4618595833
126149.0476595397 130927.1144066468
114278.2893061755 133963.8136037500
116042.8614938377 132845.0296890278
125186.5537389967 125652.8473800992
119732.4215225861 129968.1567654563
123742.8128581821 132045.8983213691
119732.4215225861 129488.6779448611
123421.9815513344 130607.4618595833
113155.3797322086 133644.1610566865
115240.7832267185 134123.6398772817
119892.8371760099 128689.5465772024
121817.8250170960 131886.0720478373
125507.3850458444 127251.1101154167
122940.7345910629 129169.0253977976
118449.0962951954 129648.5042183928
108022.0788226457 137160.3390743849
113957.4579993278 132685.2034154960
120053.2528294338 131566.4195007738
109947.0666637318 136041.5551596627
123582.3972047583 125333.1948330357
128715.6981143212 122296.4956359325
125026.1380855728 128050.2414830754
129036.5294211689 120218.7540800198
121978.2406705199 131086.9406801786
111230.3918911225 134922.7712449405
115080.3675732947 132525.3771419643
129196.9450745927 120538.4066270833
114919.9519198709 134922.7712449405
124544.8911253013 128849.3728507341
124063.6441650298 127251.1101154167
118609.5119486192 130767.2881331151
115722.0301869901 132525.3771419643
109626.2353568841 136201.3814331944
122940.7345910629 130127.9830389881
121496.9937102483 129009.1991242659
124384.4754718775 126451.9787477579
119090.7589088907 129488.6779448611
118609.5119486192 129488.6779448611
119572.0058691623 130447.6355860516
120374.0841362815 127890.4152095437
123742.8128581821 128369.8940301389
109305.4040500364 137639.8178949802

125186.5537389967 128689.5465772024
129036.5294211689 119739.2752594246
127753.2041937781 125333.1948330357
125026.1380855728 124534.0634653770
123903.2285116060 124693.8897389087
123903.2285116060 126931.4575683532
125828.2163526920 128689.5465772024
116042.8614938377 130767.2881331151
116684.5241075331 134603.1186978770
125186.5537389967 123415.2795506548
128394.8668074735 120698.2329006151
114278.2893061755 132365.5508684325
118449.0962951954 130927.1144066468
126149.0476595397 125493.0211065675
121657.4093636722 130767.2881331151
120213.6684828576 131406.5932272421
129517.7763814404 119259.7964388293
125026.1380855728 129808.3304919246
121978.2406705199 131886.0720478373
121978.2406705199 129328.8516713294
127271.9572335066 125333.1948330357
108182.4944760695 137000.5128008532
125346.9693924205 128849.3728507341
121015.7467499768 128050.2414830754
123742.8128581821 127730.5889360119
118769.9276020430 132685.2034154960
120213.6684828576 130767.2881331151
109626.2353568841 136361.2077067262
127913.6198472020 125173.3685595040
128876.1137677450 120538.4066270833
126309.4633129636 122616.1481829960
115401.1988801424 135082.5975184722
114599.1206130232 132205.7245949008
111872.0545048179 135881.7288861310
126951.1259266589 126292.1524742262
128234.4511540497 124374.2371918452
125186.5537389967 128210.0677566071
119572.0058691623 129328.8516713294
121657.4093636722 125812.6736536310
120213.6684828576 128369.8940301389
128715.6981143212 120378.5803535516
126469.8789663874 127251.1101154167
118288.6806417715 130447.6355860516
118449.0962951954 130607.4618595833
120534.4997897053 130927.1144066468
122940.7345910629 132525.3771419643
110428.3136240033 135082.5975184722
125828.2163526920 131406.5932272421
121978.2406705199 126771.6312948214
125186.5537389967 122935.8007300595
108022.0788226457 138119.2967155754
109305.4040500364 137160.3390743849
123903.2285116060 125333.1948330357
110909.5605842748 135721.9026125992
115882.4458404139 134443.2924243452
113957.4579993278 133484.3347831548
124224.0598184536 125013.5422859722
124865.7224321490 125493.0211065675
124865.7224321490 130927.1144066468
116203.2771472616 130767.2881331151
114759.5362664470 132525.3771419643
113797.0423459040 134762.9449714087
126951.1259266589 122775.9744565278
120694.9154431291 129328.8516713294
127111.5415800828 124374.2371918452
122940.7345910629 129169.0253977976
119090.7589088907 133484.3347831548
118128.2649883477 132685.2034154960
109305.4040500364 136201.3814331944
123261.5658979106 125493.0211065675
116844.9397609570 129808.3304919246
108984.5727431887 137160.3390743849
121176.1624034007 126132.3262006944
120694.9154431291 133164.6822360913
114438.7049595993 132045.8983213691
117165.7710678046 131886.0720478373
127111.5415800828 124693.8897389087

107701.2475157980 137479.9916214484
112192.8858116656 136201.3814331944
115080.3675732947 135242.4237920040
114919.9519198709 134922.7712449405
118288.6806417715 132845.0296890278
119732.4215225861 132525.3771419643
123101.1502444868 131726.2457743055
124544.8911253013 131566.4195007738
122138.6563239437 131406.5932272421
116203.2771472616 131246.7669537103
124224.0598184536 130927.1144066468
123742.8128581821 130767.2881331151
116524.1084541093 130447.6355860516
119732.4215225861 130127.9830389881
123903.2285116060 130127.9830389881
121657.4093636722 129968.1567654563
119892.8371760099 128369.8940301389
124224.0598184536 127410.9363889484
126309.4633129636 125652.8473800992
123742.8128581821 124054.5846447817
127913.6198472020 123575.1058241865
128074.0355006258 122296.4956359325
127592.7885403543 120858.0591741468
126630.2946198112 123415.2795506548
125507.3850458444 129808.3304919246
113476.2110390563 132685.2034154960
121015.7467499768 128849.3728507341
122619.9032842152 125013.5422859722
112513.7171185132 133644.1610566865
110428.3136240033 136680.8602537897
121015.7467499768 126292.1524742262
120213.6684828576 131406.5932272421
126309.4633129636 130607.4618595833
119732.4215225861 133324.5085096230
123742.8128581821 125652.8473800992
110107.4823171556 136521.0339802579
123903.2285116060 131726.2457743055
112994.9640787848 133963.8136037500
121015.7467499768 127410.9363889484
113636.6266924801 135082.5975184722
123101.1502444868 126132.3262006944
126630.2946198112 128689.5465772024
115401.1988801424 132845.0296890278
116524.1084541093 131406.5932272421
124544.8911253013 124214.4109183135
120694.9154431291 127890.4152095437
117486.6023746523 130607.4618595833
121015.7467499768 129648.5042183928
122940.7345910629 126931.4575683532
110588.7292774271 136680.8602537897
123742.8128581821 127251.1101154167
119090.7589088907 133484.3347831548
125186.5537389967 128050.2414830754
108022.0788226457 137160.3390743849
129036.5294211689 121337.5379947421
108182.4944760695 137479.9916214484
115080.3675732947 133324.5085096230
114117.8736527517 135562.0763390675
119892.8371760099 133484.3347831548
128715.6981143212 120378.5803535516
121496.9937102483 129648.5042183928
126469.8789663874 129648.5042183928
113476.2110390563 134283.4661508135
116524.1084541093 131886.0720478373
118449.0962951954 128849.3728507341
117647.0180280762 130607.4618595833
114438.7049595993 131886.0720478373
121817.8250170960 126451.9787477579
111230.3918911225 135242.4237920040
108503.3257829172 137799.6441685119
129517.7763814404 119899.1015329564
125828.2163526920 125972.4999271627
109626.2353568841 137479.9916214484
125026.1380855728 131566.4195007738
110749.1449308510 135881.7288861310
120534.4997897053 133164.6822360913
126469.8789663874 126451.9787477579

110749.1449308510 135881.7288861310
127432.3728869305 122616.1481829960
114919.9519198709 134922.7712449405
124544.8911253013 126292.1524742262
126469.8789663874 123415.2795506548
107701.2475157980 137479.9916214484
120213.6684828576 133324.5085096230
112994.9640787848 133963.8136037500
112834.5484253609 134922.7712449405
118609.5119486192 134123.6398772817
118288.6806417715 132845.0296890278
125346.9693924205 123734.9320977183
121657.4093636722 129968.1567654563
118449.0962951954 128849.3728507341
119732.4215225861 130127.9830389881
123742.8128581821 130767.2881331151
120694.9154431291 127890.4152095437
119892.8371760099 128369.8940301389
117165.7710678046 131566.4195007738
122619.9032842152 125493.0211065675
128715.6981143212 120378.5803535516
117005.3554143808 134443.2924243452
123903.2285116060 131726.2457743055
126309.4633129636 125652.8473800992
126469.8789663874 129648.5042183928
112834.5484253609 133803.9873302183
122619.9032842152 125013.5422859722
121015.7467499768 129648.5042183928
109626.2353568841 137479.9916214484
121015.7467499768 128849.3728507341
124224.0598184536 127410.9363889484
124705.3067787252 125493.0211065675
114438.7049595993 131886.0720478373
116203.2771472616 131246.7669537103
121015.7467499768 126292.1524742262
109144.9883966126 136201.3814331944
125828.2163526920 127251.1101154167
113797.0423459040 132685.2034154960
126149.0476595397 130607.4618595833
125026.1380855728 129488.6779448611
110588.7292774271 136680.8602537897
125667.8006992682 128210.0677566071
129036.5294211689 121337.5379947421
111069.9762376987 135881.7288861310
122940.7345910629 126931.4575683532
121496.9937102483 131246.7669537103
112192.8858116656 136201.3814331944
123742.8128581821 124054.5846447817
115080.3675732947 135242.4237920040
125346.9693924205 128849.3728507341
116524.1084541093 131566.4195007738
122138.6563239437 131406.5932272421
123742.8128581821 127251.1101154167
121657.4093636722 127251.1101154167
110107.4823171556 136521.0339802579
126309.4633129636 122136.6693624008
125507.3850458444 130447.6355860516
117326.1867212285 132525.3771419643
122940.7345910629 129009.1991242659
127271.9572335066 126771.6312948214
125186.5537389967 126451.9787477579
126630.2946198112 124534.0634653770
122138.6563239437 126132.3262006944
114759.5362664470 133004.8559625595
117486.6023746523 130607.4618595833
116524.1084541093 131406.5932272421
116524.1084541093 132525.3771419643
126630.2946198112 128689.5465772024
122299.0719773676 127251.1101154167
126469.8789663874 122296.4956359325
125026.1380855728 125013.5422859722
116524.1084541093 131886.0720478373
119732.4215225861 129808.3304919246
109144.9883966126 136521.0339802579
121657.4093636722 128529.7203036706
124224.0598184536 130927.1144066468
125507.3850458444 122616.1481829960

107861.6631692219 138119.2967155754
110749.1449308510 136840.6865273214
109947.0666637318 136521.0339802579
114599.1206130232 135082.5975184722
115722.0301869901 134762.9449714087
111872.0545048179 134603.1186978770
112032.4701582417 134123.6398772817
115401.1988801424 134123.6398772817
113476.2110390563 132685.2034154960
118930.3432554669 132685.2034154960
119411.5902157384 132685.2034154960
116203.2771472616 132045.8983213691
120374.0841362815 131566.4195007738
124544.8911253013 131566.4195007738
120534.4997897053 130767.2881331151
123903.2285116060 130767.2881331151
121015.7467499768 129968.1567654563
124705.3067787252 129968.1567654563
118128.2649883477 129808.3304919246
119411.5902157384 129808.3304919246
117486.6023746523 129488.6779448611
122780.3189376391 129488.6779448611
126309.4633129636 129169.0253977976
119411.5902157384 128689.5465772024
123421.9815513344 128689.5465772024
126149.0476595397 128529.7203036706
119251.1745623146 128369.8940301389
124384.4754718775 127410.9363889484
122619.9032842152 125493.0211065675
126790.7102732351 124374.2371918452
127432.3728869305 123894.7583712500
128074.0355006258 121657.1905418055
128715.6981143212 121017.8854476786
113476.2110390563 135402.2500655357
115882.4458404139 130927.1144066468
126630.2946198112 129648.5042183928
129036.5294211689 121657.1905418055
117647.0180280762 131566.4195007738
124705.3067787252 124374.2371918452
110588.7292774271 137160.3390743849
115080.3675732947 132045.8983213691
115561.6145335662 135242.4237920040
126951.1259266589 127570.7626624801
127432.3728869305 121337.5379947421
110749.1449308510 135562.0763390675
128394.8668074735 121817.0168153373
120855.3310965530 126931.4575683532
122299.0719773676 128369.8940301389
128876.1137677450 120378.5803535516
120694.9154431291 128210.0677566071
111711.6388513940 135881.7288861310
118609.5119486192 131726.2457743055
123101.1502444868 128050.2414830754
123421.9815513344 127570.7626624801
121817.8250170960 125652.8473800992
119732.4215225861 133164.6822360913
109786.6510103079 136201.3814331944
127592.7885403543 123095.6270035913
115722.0301869901 132045.8983213691
111390.8075445464 136361.2077067262
123101.1502444868 126611.8050212897
112192.8858116656 134762.9449714087
128715.6981143212 122775.9744565278
125667.8006992682 125972.4999271627
128234.4511540497 124374.2371918452
126309.4633129636 127410.9363889484
126951.1259266589 121337.5379947421
125828.2163526920 131406.5932272421
122459.4876307914 127251.1101154167
126630.2946198112 128529.7203036706
126309.4633129636 130607.4618595833
127271.9572335066 123255.4532771230
120053.2528294338 129968.1567654563
109786.6510103079 136680.8602537897
126149.0476595397 123894.7583712500
125507.3850458444 129968.1567654563
116363.6928006854 131406.5932272421

