1005191095.6783710718 4273205.5869140625
1018678342.7999992371 4331770.1020507812
1023059714.0280829668 4335903.8945312500
1001150763.2735234499 4213873.1562500000
1025650925.9918978214 4342749.1118164062
1007563158.3211318254 4290627.9294433594
1017870728.4889031649 4321900.9179687500
1012622468.4709541798 4306113.8767089844
1002407726.9685312510 4264653.4294433594
1001521338.7021268606 4218108.6009521484
998503621.0133424997 4159094.4411621094
1012677131.5694056749 4318514.9858398438
1008999724.2955420017 4294753.1125488281
1001578282.3958647251 4226015.6691894531
1001096303.3589817286 4169409.4809570312
