457022755.7013468146 1252710.8750610352
443576802.5053248405 1172470.8323211670
443100858.8839760423 1144960.4675292969
445521424.5179199576 1188109.0790405273
458306066.5357697010 1259231.8634643555
458892939.0726151466 1267255.3013916016
461428527.5550839305 1282564.4509277344
446381845.0823481083 1205416.1660156250
449109977.6787927151 1251888.9415283203
460376475.5481540561 1273641.0607910156
444890913.1915107965 1180046.8217773438
448878893.0616357923 1224689.8345947266
447109727.9870259166 1210641.2980346680
457743212.7416214347 1254182.7819824219
441726378.4852494597 970997.7720870972
446121771.2104388475 1197991.1060791016
459925403.3319884539 1269580.8178100586
460367136.1905326843 1273429.7667236328
442778305.7608739138 1035675.9977645874
449013169.3301103711 1225288.7504882812
