740914420.4183222055 16704679.7500000000
733341680.9345477819 16661920.3281250000
724286321.8085373640 16611890.8125000000
724183727.5012090206 16590102.0546875000
730890091.8686769009 16652068.6953125000
726791591.0056588650 16621439.9179687500
722041767.7847410440 16571864.3125000000
744277885.1213433743 16705936.6250000000
729633419.1876102686 16651756.2500000000
721547794.2045953274 16543790.2617187500
734070801.3366588354 16672419.8593750000
727732537.6986420155 16641305.8789062500
727576192.3908780813 16638402.8828125000
721289220.7249159813 16395101.5195312500
745309037.7915679216 16714041.8671875000
727295549.4229722023 16625425.3828125000
731083994.2379808426 16658830.9921875000
739986922.9453710318 16697840.2890625000
725185028.0904327631 16617708.2773437500
734398449.2888584137 16682898.1992187500
725309546.1279660463 16617812.9570312500
723376512.0972459316 16589376.6562500000
735753251.5170246363 16692988.8320312500
