344250130.4377507567 1672687.7424316406
353079970.6870673299 1725376.5239257812
350721552.8801748753 1720486.5981445312
344921332.4529161453 1684495.0444335938
350245346.9339746237 1713424.2668457031
347750705.0503834486 1696537.8666992188
355306235.3741392493 1733423.0493164062
345332265.2715765238 1694106.4042968750
347873428.7565982342 1712660.5588378906
346244463.6304942369 1695123.6550292969
341225503.3745313287 1663590.8181152344
353309237.3584347367 1726986.4680175781
343440573.8612526059 1667469.3510742188
347810888.8124958873 1701315.2395019531
