229428034.0714366436 211376.3040161133
237142459.6635032296 218670.0900573730
227853319.9898237884 206613.3349075317
232412314.4579218924 214445.3344116211
226689440.6647032201 179911.8004150391
230028929.0893068612 214231.4444274902
228428625.9029455185 210132.4303588867
229166737.9896975160 210638.7147521973
226838854.8570336401 198281.2184448242
228171010.3609155416 208340.2584533691
233849266.7242662013 216922.0649719238
232688502.5168595016 214464.2649841309
227404358.2607570887 203552.0585021973
228248949.4364804327 209145.0499267578
227589112.7329876721 205497.3637390137
235961738.9063013792 217986.7500610352
232891731.1919476390 216521.0323486328
