750002147.9046179056 1068547.9868164062
763411100.7644461393 1087890.9867706299
743702659.7183910608 1045321.1285705566
763147881.1195907593 1083361.7517089844
739213045.0533473492 1032087.7622070312
761709757.9805699587 1082115.6583557129
741775417.5879267454 1037220.4958801270
742244195.2207074165 1039681.3154602051
734817387.5941066742 1016728.5611267090
765940774.8796857595 1097477.0009765625
745687954.6313345432 1063095.9360961914
755269381.6959490776 1078150.8983764648
753673312.1112366915 1074373.5745239258
744216021.1441172361 1045438.8550872803
740125809.2022240162 1036133.3545379639
