100716234.1266213059 117982.2745971680
100965948.3490855247 118191.6789855957
99350057.9396290183 115630.0284729004
97835091.0986443013 112564.6935119629
101646096.7495817840 119434.6990966797
101151705.8211820424 119339.0580444336
97124239.6087578386 111833.6393127441
99801615.3972912133 116490.0853881836
99820514.6751609892 116629.4223022461
99590703.2409784347 115809.5836791992
98867808.3447318524 114401.8790588379
100243967.5427613258 117233.0111389160
99086252.9216030389 114876.8755187988
98175079.9473416209 113149.7089843750
99421695.2029824853 115751.3379211426
100577126.5101558864 117740.1184692383
102798949.5467717797 120079.1247558594
103647655.7664420605 120913.2066650391
96506563.4115554392 107290.1897277832
97886534.1892271936 112763.5915527344
102212195.5495108664 119666.7533569336
102008574.4615577757 119603.5575561523
98529922.1481571347 113218.7282714844
99277227.1403799802 114920.9402160645
