125627.3876515726 132290.3505994379
132065.7626986693 125906.2086907483
124661.6313945081 138355.2854126931
128041.7782942339 124629.3803090103
124983.5501468629 131492.3328608517
127076.0220371694 138993.6996035621
125466.4282753952 131811.5399562862
124339.7126421532 144420.2202259483
127558.9001657016 131971.1435040034
126271.2251562823 127023.4335247690
129651.3720560081 131971.1435040034
124178.7532659758 135961.2321969345
129168.4939274758 128938.6760973759
130939.0470654274 128619.4690019414
123856.8345136210 139312.9066989966
126271.2251562823 140749.3386284517
125627.3876515726 127661.8477156379
126754.1032848145 141706.9599147552
126593.1439086371 127661.8477156379
127076.0220371694 127502.2441679207
124017.7938897984 137716.8712218241
128363.6970465887 125267.7944998793
128363.6970465887 128779.0725496586
126754.1032848145 130534.7115745483
131260.9658177822 129257.8831928103
128041.7782942339 126385.0193339000
125305.4688992178 135642.0251015000
127397.9407895242 127981.0548110724
125466.4282753952 137078.4570309552
125627.3876515726 127981.0548110724
126593.1439086371 132130.7470517207
125305.4688992178 141387.7528193207
130939.0470654274 124788.9838567276
125788.3470277500 125746.6051430310
128685.6157989435 135961.2321969345
128202.7376704113 127981.0548110724
126110.2657801048 142824.1847487758
125466.4282753952 125108.1909521621
129973.2908083629 130534.7115745483
127880.8189180565 128779.0725496586
128524.6564227661 127821.4512633552
125305.4688992178 132928.7647903069
130778.0876892500 125746.6051430310
126110.2657801048 141387.7528193207
124822.5907706855 129896.2973836793
128685.6157989435 126863.8299770517
127719.8595418790 128140.6583587897
130295.2095607177 132769.1612425896
127076.0220371694 137078.4570309552
130617.1283130726 128300.2619065069
130295.2095607177 129736.6938359621
130617.1283130726 131173.1257654173
129973.2908083629 124629.3803090103
125627.3876515726 141228.1492716034
128041.7782942339 135322.8180060655
125949.3064039274 131332.7293131345
125627.3876515726 138195.6818649759
129973.2908083629 128459.8654542241
125949.3064039274 143302.9953919276
131582.8845701371 127821.4512633552

124017.7938897984 145377.8415122517
126271.2251562823 144739.4273213827
125305.4688992178 144420.2202259483
124661.6313945081 141547.3563670379
126271.2251562823 141547.3563670379
124339.7126421532 139312.9066989966
125144.5095230403 139312.9066989966
126915.0626609919 139312.9066989966
125949.3064039274 139153.3031512793
125949.3064039274 137238.0605786724
128846.5751751210 136280.4392923690
129007.5345512984 136120.8357446517
124822.5907706855 135642.0251015000
125627.3876515726 135482.4215537828
124822.5907706855 135322.8180060655
127558.9001657016 133726.7825288931
124822.5907706855 133407.5754334586
128846.5751751210 132449.9541471552
125305.4688992178 132130.7470517207
129490.4126798307 131811.5399562862
124983.5501468629 131651.9364085690
125949.3064039274 131492.3328608517
131100.0064416048 131332.7293131345
125144.5095230403 129417.4867405276
125627.3876515726 129098.2796450931
131100.0064416048 129098.2796450931
127236.9814133468 128938.6760973759
126593.1439086371 127342.6406202034
127236.9814133468 127342.6406202034
126271.2251562823 127023.4335247690
129168.4939274758 126065.8122384655
128846.5751751210 125427.3980475966
125144.5095230403 125267.7944998793
131100.0064416048 130694.3151222655
133031.5189557339 126225.4157861828
125305.4688992178 127661.8477156379
126915.0626609919 140589.7350807345
124661.6313945081 141866.5634624724
126754.1032848145 139632.1137944310
128685.6157989435 125108.1909521621
131100.0064416048 126225.4157861828
131260.9658177822 126225.4157861828
129973.2908083629 126225.4157861828
125949.3064039274 136918.8534832379
124178.7532659758 142026.1670101896
129812.3314321855 131651.9364085690
124661.6313945081 137876.4747695414
126432.1845324597 127981.0548110724
126593.1439086371 126385.0193339000
132226.7220748468 127821.4512633552
129812.3314321855 131811.5399562862
127719.8595418790 136440.0428400862
127397.9407895242 137078.4570309552
124822.5907706855 125587.0015953138
127076.0220371694 131811.5399562862
132709.6002033790 126704.2264293345
125466.4282753952 131651.9364085690
128685.6157989435 130215.5044791138
125305.4688992178 128619.4690019414
128685.6157989435 126385.0193339000

127719.8595418790 127502.2441679207
128685.6157989435 126544.6228816172
129007.5345512984 125427.3980475966
126110.2657801048 142504.9776533414
125144.5095230403 144420.2202259483
131100.0064416048 126065.8122384655
127076.0220371694 137557.2676741069
126110.2657801048 137876.4747695414
125627.3876515726 137397.6641263897
126754.1032848145 134205.5931720448
123695.8751374436 144420.2202259483
124983.5501468629 126863.8299770517
126110.2657801048 130375.1080268310
131100.0064416048 128619.4690019414
131100.0064416048 126704.2264293345
127880.8189180565 125267.7944998793
127236.9814133468 138195.6818649759
126110.2657801048 134844.0073629138
124178.7532659758 139153.3031512793
130456.1689368952 133407.5754334586
125627.3876515726 136440.0428400862
125627.3876515726 126863.8299770517
125949.3064039274 142983.7882964931
129490.4126798307 135322.8180060655
128041.7782942339 135642.0251015000
128041.7782942339 135961.2321969345
128041.7782942339 133567.1789811758
126432.1845324597 128300.2619065069
131100.0064416048 127821.4512633552
127076.0220371694 137078.4570309552
125788.3470277500 138036.0783172586
128846.5751751210 133407.5754334586
127558.9001657016 140110.9244375828
125627.3876515726 143462.5989396448
126915.0626609919 125427.3980475966
128685.6157989435 128938.6760973759
129168.4939274758 127821.4512633552
126915.0626609919 130534.7115745483
124822.5907706855 145377.8415122517
125305.4688992178 125108.1909521621
125788.3470277500 126704.2264293345
124661.6313945081 133088.3683380242
124822.5907706855 128140.6583587897
129651.3720560081 124948.5874044448
129007.5345512984 128779.0725496586
127397.9407895242 126225.4157861828
126754.1032848145 125108.1909521621
130617.1283130726 130853.9186699828
125305.4688992178 127981.0548110724
124661.6313945081 137557.2676741069
131421.9251939597 130694.3151222655
126271.2251562823 139312.9066989966
127719.8595418790 140589.7350807345
125788.3470277500 129098.2796450931
126915.0626609919 126544.6228816172
126915.0626609919 136918.8534832379
124339.7126421532 146016.2557031207
128524.6564227661 136759.2499355207
124500.6720183306 131651.9364085690
130134.2501845403 131492.3328608517

125466.4282753952 145697.0486076862
124661.6313945081 143143.3918442104
128524.6564227661 135163.2144583483
127236.9814133468 139951.3208898655
124983.5501468629 127502.2441679207
128846.5751751210 129736.6938359621
124500.6720183306 136440.0428400862
129329.4533036532 128779.0725496586
125144.5095230403 127342.6406202034
128846.5751751210 127502.2441679207
132387.6814510242 126385.0193339000
125466.4282753952 126544.6228816172
129490.4126798307 124469.7767612931
127397.9407895242 137397.6641263897
125144.5095230403 128300.2619065069
124983.5501468629 142504.9776533414
133031.5189557339 125906.2086907483
129973.2908083629 132449.9541471552
125788.3470277500 144260.6166782310
125305.4688992178 137078.4570309552
128685.6157989435 135003.6109106310
125949.3064039274 131332.7293131345
130295.2095607177 133407.5754334586
127236.9814133468 135003.6109106310
127236.9814133468 135801.6286492173
129490.4126798307 129736.6938359621
124178.7532659758 135163.2144583483
124822.5907706855 143781.8060350793
129007.5345512984 125906.2086907483
123695.8751374436 146175.8592508379
128202.7376704113 135801.6286492173
127880.8189180565 133407.5754334586
129490.4126798307 125427.3980475966
124017.7938897984 144420.2202259483
129007.5345512984 137078.4570309552
124983.5501468629 131492.3328608517
124339.7126421532 137557.2676741069
128846.5751751210 136280.4392923690
126915.0626609919 126385.0193339000
129168.4939274758 126225.4157861828
126593.1439086371 141866.5634624724
127558.9001657016 130534.7115745483
131421.9251939597 126704.2264293345
125466.4282753952 138355.2854126931
131100.0064416048 125267.7944998793
126754.1032848145 131492.3328608517
127880.8189180565 126065.8122384655
125949.3064039274 130694.3151222655
130456.1689368952 128779.0725496586
124500.6720183306 138834.0960558448
130778.0876892500 132130.7470517207
127558.9001657016 128300.2619065069
124822.5907706855 127661.8477156379
127397.9407895242 140908.9421761690
126271.2251562823 125746.6051430310
128685.6157989435 125427.3980475966
123695.8751374436 145218.2379645345
126110.2657801048 141068.5457238862
124983.5501468629 142824.1847487758
124339.7126421532 131811.5399562862

126432.1845324597 128140.6583587897
124661.6313945081 138834.0960558448
125305.4688992178 144101.0131305138
124661.6313945081 127502.2441679207
128363.6970465887 129896.2973836793
129490.4126798307 131013.5222177000
124339.7126421532 137078.4570309552
130134.2501845403 126704.2264293345
125144.5095230403 145058.6344168173
124500.6720183306 145697.0486076862
128041.7782942339 139632.1137944310
129973.2908083629 134205.5931720448
127076.0220371694 127342.6406202034
127558.9001657016 137716.8712218241
126754.1032848145 127981.0548110724
124661.6313945081 138195.6818649759
129007.5345512984 135961.2321969345
129168.4939274758 131971.1435040034
124339.7126421532 143941.4095827965
124822.5907706855 131173.1257654173
127558.9001657016 140749.3386284517
123856.8345136210 141706.9599147552
125466.4282753952 131811.5399562862
124983.5501468629 131971.1435040034
131743.8439463145 125587.0015953138
126754.1032848145 127183.0370724862
124983.5501468629 139791.7173421482
125466.4282753952 137397.6641263897
124983.5501468629 125108.1909521621
126432.1845324597 128938.6760973759
131100.0064416048 124948.5874044448
128363.6970465887 127502.2441679207
127558.9001657016 132290.3505994379
124017.7938897984 144420.2202259483
124178.7532659758 143622.2024873621
125788.3470277500 137238.0605786724
125466.4282753952 144899.0308691000
128685.6157989435 136918.8534832379
128524.6564227661 124629.3803090103
128846.5751751210 124788.9838567276
128524.6564227661 130853.9186699828
129007.5345512984 130375.1080268310
127397.9407895242 125267.7944998793
126593.1439086371 126225.4157861828
124822.5907706855 137238.0605786724
126915.0626609919 126065.8122384655
125144.5095230403 128938.6760973759
129651.3720560081 132449.9541471552
125144.5095230403 126863.8299770517
126593.1439086371 127342.6406202034
123856.8345136210 145537.4450599689
125466.4282753952 141387.7528193207
130295.2095607177 125587.0015953138
127719.8595418790 130534.7115745483
127397.9407895242 139791.7173421482
126432.1845324597 128459.8654542241
123856.8345136210 139153.3031512793
125949.3064039274 138514.8889604103
128202.7376704113 134365.1967197621
126593.1439086371 138036.0783172586

126754.1032848145 125108.1909521621
127719.8595418790 126863.8299770517
125627.3876515726 145537.4450599689
130456.1689368952 131971.1435040034
125305.4688992178 126065.8122384655
130456.1689368952 124629.3803090103
125627.3876515726 126544.6228816172
127076.0220371694 133407.5754334586
126271.2251562823 142664.5812010586
128363.6970465887 136918.8534832379
124178.7532659758 144260.6166782310
125788.3470277500 132130.7470517207
126754.1032848145 140908.9421761690
127236.9814133468 138834.0960558448
127880.8189180565 128300.2619065069
127880.8189180565 139791.7173421482
125949.3064039274 127821.4512633552
124983.5501468629 138195.6818649759
124339.7126421532 143302.9953919276
124822.5907706855 132928.7647903069
125305.4688992178 143941.4095827965
128685.6157989435 127661.8477156379
125305.4688992178 144260.6166782310
130456.1689368952 133247.9718857414
128685.6157989435 134684.4038151965
124339.7126421532 141068.5457238862
127719.8595418790 127981.0548110724
125466.4282753952 144739.4273213827
131421.9251939597 126863.8299770517
129490.4126798307 127821.4512633552
124178.7532659758 145218.2379645345
125949.3064039274 138993.6996035621
127076.0220371694 137876.4747695414
128363.6970465887 126544.6228816172
125627.3876515726 144420.2202259483
125949.3064039274 129577.0902882448
127558.9001657016 127661.8477156379
128202.7376704113 125108.1909521621
123856.8345136210 139153.3031512793
125949.3064039274 138355.2854126931
131260.9658177822 130694.3151222655
129651.3720560081 130534.7115745483
128524.6564227661 127821.4512633552
123534.9157612661 145218.2379645345
129168.4939274758 124629.3803090103
127076.0220371694 125108.1909521621
126271.2251562823 125108.1909521621
129651.3720560081 127661.8477156379
125305.4688992178 125427.3980475966
131743.8439463145 125906.2086907483
128846.5751751210 135003.6109106310
124500.6720183306 146175.8592508379
125305.4688992178 138355.2854126931
124661.6313945081 138674.4925081276
128524.6564227661 126544.6228816172
127076.0220371694 127661.8477156379
124500.6720183306 136440.0428400862
127236.9814133468 128619.4690019414
124178.7532659758 136759.2499355207
131100.0064416048 131332.7293131345

123856.8345136210 146016.2557031207
125144.5095230403 145218.2379645345
124822.5907706855 144579.8237736655
125949.3064039274 144101.0131305138
125949.3064039274 143462.5989396448
125788.3470277500 142026.1670101896
126432.1845324597 141387.7528193207
126754.1032848145 141068.5457238862
124983.5501468629 138993.6996035621
125627.3876515726 138514.8889604103
124178.7532659758 138195.6818649759
127236.9814133468 137716.8712218241
124339.7126421532 137397.6641263897
125305.4688992178 136599.6463878034
127076.0220371694 136120.8357446517
126915.0626609919 134844.0073629138
127558.9001657016 134844.0073629138
127719.8595418790 134524.8002674793
127397.9407895242 134045.9896243276
129490.4126798307 134045.9896243276
128041.7782942339 132928.7647903069
130456.1689368952 132769.1612425896
125466.4282753952 131651.9364085690
127719.8595418790 131651.9364085690
127558.9001657016 131173.1257654173
130778.0876892500 131013.5222177000
128524.6564227661 130375.1080268310
124983.5501468629 130055.9009313966
128846.5751751210 129736.6938359621
131421.9251939597 129098.2796450931
126593.1439086371 128300.2619065069
131582.8845701371 128300.2619065069
128202.7376704113 127821.4512633552
124983.5501468629 127661.8477156379
130778.0876892500 127342.6406202034
132387.6814510242 127342.6406202034
129007.5345512984 127023.4335247690
129651.3720560081 126385.0193339000
132387.6814510242 126385.0193339000
126915.0626609919 126065.8122384655
133192.4783319113 125746.6051430310
127719.8595418790 124788.9838567276
129168.4939274758 124629.3803090103
123534.9157612661 146973.8769894241
131904.8033224919 125427.3980475966
124500.6720183306 142983.7882964931
124661.6313945081 130375.1080268310
130617.1283130726 125108.1909521621
125627.3876515726 134365.1967197621
124017.7938897984 145537.4450599689
123695.8751374436 144420.2202259483
128685.6157989435 131332.7293131345
127236.9814133468 126863.8299770517
126271.2251562823 143941.4095827965
132387.6814510242 127661.8477156379
127397.9407895242 141706.9599147552
127558.9001657016 141068.5457238862
129329.4533036532 135163.2144583483
127880.8189180565 126863.8299770517
125627.3876515726 129417.4867405276

123856.8345136210 145377.8415122517
124017.7938897984 145058.6344168173
126271.2251562823 143941.4095827965
125949.3064039274 143462.5989396448
124178.7532659758 143143.3918442104
125788.3470277500 142824.1847487758
126915.0626609919 142026.1670101896
124017.7938897984 140589.7350807345
124983.5501468629 138993.6996035621
124178.7532659758 138195.6818649759
127880.8189180565 137078.4570309552
125788.3470277500 136918.8534832379
124339.7126421532 136599.6463878034
124983.5501468629 135801.6286492173
126110.2657801048 135003.6109106310
129812.3314321855 133886.3860766103
127719.8595418790 131651.9364085690
124983.5501468629 131013.5222177000
125949.3064039274 130215.5044791138
125949.3064039274 129896.2973836793
126110.2657801048 129417.4867405276
131582.8845701371 129257.8831928103
125788.3470277500 128619.4690019414
131582.8845701371 128300.2619065069
132387.6814510242 127661.8477156379
129973.2908083629 127342.6406202034
127236.9814133468 126863.8299770517
129651.3720560081 126385.0193339000
132387.6814510242 126385.0193339000
130456.1689368952 125906.2086907483
133192.4783319113 125746.6051430310
132387.6814510242 125587.0015953138
129168.4939274758 124629.3803090103
123534.9157612661 146973.8769894241
126915.0626609919 139791.7173421482
125466.4282753952 138993.6996035621
128685.6157989435 131332.7293131345
125949.3064039274 144101.0131305138
127880.8189180565 133247.9718857414
126110.2657801048 138355.2854126931
125144.5095230403 140908.9421761690
130778.0876892500 130215.5044791138
133031.5189557339 126385.0193339000
124983.5501468629 135322.8180060655
124983.5501468629 137238.0605786724
127397.9407895242 133726.7825288931
130778.0876892500 131013.5222177000
128202.7376704113 127821.4512633552
129812.3314321855 130853.9186699828
127719.8595418790 124788.9838567276
123856.8345136210 146016.2557031207
126754.1032848145 142345.3741056241
129490.4126798307 125108.1909521621
127076.0220371694 136120.8357446517
126754.1032848145 134524.8002674793
125627.3876515726 129417.4867405276
125949.3064039274 143143.3918442104
124500.6720183306 142983.7882964931
124017.7938897984 137557.2676741069
126593.1439086371 141068.5457238862

125305.4688992178 128619.4690019414
125305.4688992178 132928.7647903069
127397.9407895242 137397.6641263897
128524.6564227661 131811.5399562862
130295.2095607177 125427.3980475966
129490.4126798307 131811.5399562862
125949.3064039274 141387.7528193207
128685.6157989435 131173.1257654173
129490.4126798307 127183.0370724862
127076.0220371694 140110.9244375828
123856.8345136210 146016.2557031207
125627.3876515726 124948.5874044448
125788.3470277500 127502.2441679207
127558.9001657016 141068.5457238862
124500.6720183306 132130.7470517207
126754.1032848145 139951.3208898655
130939.0470654274 129257.8831928103
130617.1283130726 131013.5222177000
129973.2908083629 125746.6051430310
129490.4126798307 126065.8122384655
128524.6564227661 126225.4157861828
124983.5501468629 142504.9776533414
124822.5907706855 127661.8477156379
124822.5907706855 137557.2676741069
126271.2251562823 125906.2086907483
124983.5501468629 127502.2441679207
127076.0220371694 138355.2854126931
126593.1439086371 139632.1137944310
129973.2908083629 133886.3860766103
123534.9157612661 144579.8237736655
128524.6564227661 136120.8357446517
126754.1032848145 141228.1492716034
129490.4126798307 126544.6228816172
123373.9563850887 146175.8592508379
127236.9814133468 138993.6996035621
127236.9814133468 135642.0251015000
128524.6564227661 124948.5874044448
125627.3876515726 141387.7528193207
129168.4939274758 133726.7825288931
128846.5751751210 130215.5044791138
128363.6970465887 128779.0725496586
126754.1032848145 127502.2441679207
125788.3470277500 128619.4690019414
124500.6720183306 137716.8712218241
125949.3064039274 142345.3741056241
125305.4688992178 131651.9364085690
123856.8345136210 145537.4450599689
126271.2251562823 125746.6051430310
130939.0470654274 126385.0193339000
128685.6157989435 135961.2321969345
128524.6564227661 138514.8889604103
126432.1845324597 138834.0960558448
132226.7220748468 127342.6406202034
129329.4533036532 131811.5399562862
125788.3470277500 142185.7705579069
129329.4533036532 131173.1257654173
125144.5095230403 140908.9421761690
129007.5345512984 136918.8534832379
127880.8189180565 136280.4392923690
126593.1439086371 142983.7882964931

123856.8345136210 146016.2557031207
124822.5907706855 144579.8237736655
125305.4688992178 144101.0131305138
124500.6720183306 142824.1847487758
125788.3470277500 142664.5812010586
124822.5907706855 140430.1315330172
127076.0220371694 139632.1137944310
127880.8189180565 139472.5102467138
124822.5907706855 139312.9066989966
125788.3470277500 139153.3031512793
124178.7532659758 138195.6818649759
124500.6720183306 138195.6818649759
125627.3876515726 137876.4747695414
126432.1845324597 137716.8712218241
124339.7126421532 137397.6641263897
124822.5907706855 135961.2321969345
125305.4688992178 135482.4215537828
127397.9407895242 134045.9896243276
128202.7376704113 134045.9896243276
124822.5907706855 132130.7470517207
127397.9407895242 131811.5399562862
127719.8595418790 131651.9364085690
128846.5751751210 130853.9186699828
129490.4126798307 130694.3151222655
129973.2908083629 130375.1080268310
124983.5501468629 127981.0548110724
126915.0626609919 127821.4512633552
128202.7376704113 127502.2441679207
125788.3470277500 127342.6406202034
126915.0626609919 126065.8122384655
124822.5907706855 125906.2086907483
127236.9814133468 125746.6051430310
133192.4783319113 125746.6051430310
128363.6970465887 125427.3980475966
132065.7626986693 127661.8477156379
124017.7938897984 140589.7350807345
127236.9814133468 126863.8299770517
123534.9157612661 146973.8769894241
128524.6564227661 130375.1080268310
123695.8751374436 144420.2202259483
124983.5501468629 137238.0605786724
125144.5095230403 141387.7528193207
128846.5751751210 128459.8654542241
129329.4533036532 135163.2144583483
126593.1439086371 141068.5457238862
127236.9814133468 137716.8712218241
125788.3470277500 142026.1670101896
128041.7782942339 133088.3683380242
124017.7938897984 145537.4450599689
126271.2251562823 126065.8122384655
128041.7782942339 133726.7825288931
127880.8189180565 133247.9718857414
127880.8189180565 137078.4570309552
127719.8595418790 134524.8002674793
127076.0220371694 141068.5457238862
129651.3720560081 133088.3683380242
130456.1689368952 125746.6051430310
125144.5095230403 145537.4450599689
124339.7126421532 136599.6463878034
130778.0876892500 128938.6760973759

123856.8345136210 146016.2557031207
123695.8751374436 143941.4095827965
124178.7532659758 143143.3918442104
124339.7126421532 142824.1847487758
125788.3470277500 142664.5812010586
126271.2251562823 142664.5812010586
127076.0220371694 142345.3741056241
124822.5907706855 140430.1315330172
126915.0626609919 139951.3208898655
127076.0220371694 139632.1137944310
127880.8189180565 139472.5102467138
124822.5907706855 139312.9066989966
124339.7126421532 137397.6641263897
124983.5501468629 137238.0605786724
125788.3470277500 136918.8534832379
125305.4688992178 135482.4215537828
129329.4533036532 135163.2144583483
127397.9407895242 134045.9896243276
129812.3314321855 133247.9718857414
125305.4688992178 133088.3683380242
124339.7126421532 132609.5576948724
124822.5907706855 132130.7470517207
127719.8595418790 131651.9364085690
128524.6564227661 130375.1080268310
129973.2908083629 130375.1080268310
131582.8845701371 129257.8831928103
126432.1845324597 128459.8654542241
124983.5501468629 127981.0548110724
126915.0626609919 127821.4512633552
128202.7376704113 127821.4512633552
125788.3470277500 127342.6406202034
132226.7220748468 127183.0370724862
125144.5095230403 126704.2264293345
126915.0626609919 126065.8122384655
129651.3720560081 125906.2086907483
128363.6970465887 125427.3980475966
124983.5501468629 139951.3208898655
125627.3876515726 137876.4747695414
125144.5095230403 145537.4450599689
124822.5907706855 125906.2086907483
124983.5501468629 134844.0073629138
127880.8189180565 137078.4570309552
127880.8189180565 133247.9718857414
129490.4126798307 130694.3151222655
128846.5751751210 130853.9186699828
125949.3064039274 134684.4038151965
126432.1845324597 137716.8712218241
130778.0876892500 128938.6760973759
126110.2657801048 143143.3918442104
128041.7782942339 137557.2676741069
128202.7376704113 127502.2441679207
132065.7626986693 125427.3980475966
129812.3314321855 133886.3860766103
127719.8595418790 134524.8002674793
133192.4783319113 125746.6051430310
127236.9814133468 126065.8122384655
128685.6157989435 131332.7293131345
125788.3470277500 142026.1670101896
126593.1439086371 141068.5457238862
125627.3876515726 134205.5931720448

123856.8345136210 146016.2557031207
123856.8345136210 145697.0486076862
123856.8345136210 145377.8415122517
123856.8345136210 145058.6344168173
126271.2251562823 143781.8060350793
123856.8345136210 143622.2024873621
126271.2251562823 142664.5812010586
127076.0220371694 142345.3741056241
127236.9814133468 141866.5634624724
127880.8189180565 140110.9244375828
126432.1845324597 139632.1137944310
126271.2251562823 139312.9066989966
125627.3876515726 137876.4747695414
128041.7782942339 137716.8712218241
124500.6720183306 137238.0605786724
126271.2251562823 137238.0605786724
124178.7532659758 136759.2499355207
124822.5907706855 135642.0251015000
126110.2657801048 135642.0251015000
126110.2657801048 134684.4038151965
124500.6720183306 133726.7825288931
130939.0470654274 131971.1435040034
130134.2501845403 130375.1080268310
126754.1032848145 130055.9009313966
127397.9407895242 129417.4867405276
127397.9407895242 128938.6760973759
132065.7626986693 128779.0725496586
126915.0626609919 128300.2619065069
131260.9658177822 127342.6406202034
131743.8439463145 127342.6406202034
127236.9814133468 126863.8299770517
128363.6970465887 126385.0193339000
133031.5189557339 126385.0193339000
126593.1439086371 126225.4157861828
133192.4783319113 125906.2086907483
124983.5501468629 125587.0015953138
130617.1283130726 125108.1909521621
130456.1689368952 132928.7647903069
126432.1845324597 143143.3918442104
131100.0064416048 131173.1257654173
124339.7126421532 135642.0251015000
127719.8595418790 134205.5931720448
132870.5595795564 126704.2264293345
128846.5751751210 128779.0725496586
124500.6720183306 141068.5457238862
125144.5095230403 133567.1789811758
128524.6564227661 131811.5399562862
129651.3720560081 133726.7825288931
124661.6313945081 131971.1435040034
128363.6970465887 124310.1732135759
130456.1689368952 127342.6406202034
127076.0220371694 138195.6818649759
123534.9157612661 144579.8237736655
124983.5501468629 138036.0783172586
126915.0626609919 132769.1612425896
131260.9658177822 126704.2264293345
128202.7376704113 134844.0073629138
126754.1032848145 127342.6406202034
125949.3064039274 130853.9186699828
128041.7782942339 126544.6228816172

123534.9157612661 144260.6166782310
124339.7126421532 143781.8060350793
125949.3064039274 143462.5989396448
124178.7532659758 143143.3918442104
125788.3470277500 142664.5812010586
127076.0220371694 142345.3741056241
125788.3470277500 142026.1670101896
125788.3470277500 139153.3031512793
125627.3876515726 137876.4747695414
128041.7782942339 137557.2676741069
124339.7126421532 137397.6641263897
125305.4688992178 135482.4215537828
127880.8189180565 133247.9718857414
124339.7126421532 132609.5576948724
127397.9407895242 131811.5399562862
127719.8595418790 131651.9364085690
128846.5751751210 130853.9186699828
128524.6564227661 130375.1080268310
126593.1439086371 128300.2619065069
125788.3470277500 127342.6406202034
129329.4533036532 127183.0370724862
125144.5095230403 126704.2264293345
130778.0876892500 126065.8122384655
133192.4783319113 125746.6051430310
128363.6970465887 125427.3980475966
124822.5907706855 139312.9066989966
124983.5501468629 126225.4157861828
124822.5907706855 135961.2321969345
123695.8751374436 144420.2202259483
124822.5907706855 144579.8237736655
124983.5501468629 127661.8477156379
125788.3470277500 136918.8534832379
126915.0626609919 139951.3208898655
125144.5095230403 145537.4450599689
127236.9814133468 126863.8299770517
124983.5501468629 138993.6996035621
123534.9157612661 146973.8769894241
126915.0626609919 139472.5102467138
128363.6970465887 136280.4392923690
127236.9814133468 125746.6051430310
128041.7782942339 133726.7825288931
130617.1283130726 132290.3505994379
126271.2251562823 142664.5812010586
123856.8345136210 146016.2557031207
126593.1439086371 141068.5457238862
127719.8595418790 124788.9838567276
127236.9814133468 126065.8122384655
129490.4126798307 130694.3151222655
129973.2908083629 130375.1080268310
127880.8189180565 139472.5102467138
127076.0220371694 127661.8477156379
126915.0626609919 127502.2441679207
126110.2657801048 130055.9009313966
124500.6720183306 142824.1847487758
124822.5907706855 132609.5576948724
124339.7126421532 136599.6463878034
124500.6720183306 138195.6818649759
124822.5907706855 132130.7470517207
130778.0876892500 130853.9186699828
127880.8189180565 137078.4570309552

123373.9563850887 146175.8592508379
123856.8345136210 145377.8415122517
125949.3064039274 144899.0308691000
125949.3064039274 144101.0131305138
123856.8345136210 143622.2024873621
125949.3064039274 143462.5989396448
125788.3470277500 142824.1847487758
127076.0220371694 142345.3741056241
126432.1845324597 141387.7528193207
124339.7126421532 139791.7173421482
125466.4282753952 138993.6996035621
128041.7782942339 137397.6641263897
128363.6970465887 137238.0605786724
124339.7126421532 136599.6463878034
125305.4688992178 136599.6463878034
129007.5345512984 135961.2321969345
124822.5907706855 135642.0251015000
128685.6157989435 135482.4215537828
126271.2251562823 135322.8180060655
124178.7532659758 134844.0073629138
129329.4533036532 134524.8002674793
127397.9407895242 134045.9896243276
127880.8189180565 133247.9718857414
128363.6970465887 132769.1612425896
130456.1689368952 132769.1612425896
130295.2095607177 131492.3328608517
124822.5907706855 130215.5044791138
125788.3470277500 130215.5044791138
124983.5501468629 130055.9009313966
126110.2657801048 129417.4867405276
132065.7626986693 128779.0725496586
130939.0470654274 128459.8654542241
131743.8439463145 128459.8654542241
129973.2908083629 128300.2619065069
126754.1032848145 127821.4512633552
129812.3314321855 127342.6406202034
132226.7220748468 127023.4335247690
131582.8845701371 126385.0193339000
132226.7220748468 126225.4157861828
125305.4688992178 125906.2086907483
132387.6814510242 125587.0015953138
128363.6970465887 124310.1732135759
130778.0876892500 127342.6406202034
125949.3064039274 141387.7528193207
125627.3876515726 137876.4747695414
125949.3064039274 130853.9186699828
129490.4126798307 131811.5399562862
124983.5501468629 136120.8357446517
129651.3720560081 126385.0193339000
124017.7938897984 137557.2676741069
126593.1439086371 128300.2619065069
125144.5095230403 141706.9599147552
124822.5907706855 125906.2086907483
131421.9251939597 127342.6406202034
124339.7126421532 145058.6344168173
128685.6157989435 137078.4570309552
130456.1689368952 130534.7115745483
125305.4688992178 135642.0251015000
127558.9001657016 124788.9838567276
123856.8345136210 145697.0486076862

126915.0626609919 128140.6583587897
125788.3470277500 140589.7350807345
130456.1689368952 125108.1909521621
128041.7782942339 130375.1080268310
125305.4688992178 132449.9541471552
125305.4688992178 132130.7470517207
124017.7938897984 138674.4925081276
125466.4282753952 127661.8477156379
126432.1845324597 141228.1492716034
132709.6002033790 126544.6228816172
126271.2251562823 144899.0308691000
124983.5501468629 135482.4215537828
127397.9407895242 137078.4570309552
126271.2251562823 137397.6641263897
129812.3314321855 135163.2144583483
129329.4533036532 133567.1789811758
127397.9407895242 131811.5399562862
129651.3720560081 134684.4038151965
128202.7376704113 139153.3031512793
129329.4533036532 128938.6760973759
129490.4126798307 130375.1080268310
124983.5501468629 133247.9718857414
125144.5095230403 138514.8889604103
128524.6564227661 131013.5222177000
125144.5095230403 134045.9896243276
124661.6313945081 131811.5399562862
127236.9814133468 136440.0428400862
127397.9407895242 126704.2264293345
125949.3064039274 126863.8299770517
131100.0064416048 131492.3328608517
131260.9658177822 125906.2086907483
128363.6970465887 127023.4335247690
125949.3064039274 127981.0548110724
129973.2908083629 134045.9896243276
126915.0626609919 130694.3151222655
124500.6720183306 131492.3328608517
125627.3876515726 144899.0308691000
129973.2908083629 130055.9009313966
126915.0626609919 141547.3563670379
129329.4533036532 134844.0073629138
126432.1845324597 138195.6818649759
128363.6970465887 137238.0605786724
130295.2095607177 128938.6760973759
128685.6157989435 128459.8654542241
129329.4533036532 124150.5696658586
128846.5751751210 129736.6938359621
127880.8189180565 138036.0783172586
124500.6720183306 138514.8889604103
124339.7126421532 133088.3683380242
126110.2657801048 139791.7173421482
125949.3064039274 142504.9776533414
130456.1689368952 131811.5399562862
129329.4533036532 132769.1612425896
129651.3720560081 134205.5931720448
128846.5751751210 125906.2086907483
127558.9001657016 137078.4570309552
125627.3876515726 127661.8477156379
125144.5095230403 131651.9364085690
127880.8189180565 128300.2619065069
124500.6720183306 132290.3505994379

128524.6564227661 129417.4867405276
128685.6157989435 132130.7470517207
126754.1032848145 126225.4157861828
125466.4282753952 127661.8477156379
129812.3314321855 124469.7767612931
126432.1845324597 126863.8299770517
130134.2501845403 131651.9364085690
131904.8033224919 127502.2441679207
126754.1032848145 126863.8299770517
125305.4688992178 138195.6818649759
130617.1283130726 129736.6938359621
124339.7126421532 138834.0960558448
124339.7126421532 141068.5457238862
125144.5095230403 131651.9364085690
127236.9814133468 127661.8477156379
125466.4282753952 127342.6406202034
124661.6313945081 129098.2796450931
127558.9001657016 135322.8180060655
131743.8439463145 125427.3980475966
131421.9251939597 127661.8477156379
126754.1032848145 140430.1315330172
129651.3720560081 127023.4335247690
126593.1439086371 140430.1315330172
124500.6720183306 141228.1492716034
131904.8033224919 128300.2619065069
125466.4282753952 136280.4392923690
125305.4688992178 137716.8712218241
125144.5095230403 140270.5279853000
126754.1032848145 126544.6228816172
125305.4688992178 131651.9364085690
125305.4688992178 126704.2264293345
127236.9814133468 131332.7293131345
125788.3470277500 125746.6051430310
126593.1439086371 127981.0548110724
126432.1845324597 137716.8712218241
130134.2501845403 129577.0902882448
125949.3064039274 142185.7705579069
124339.7126421532 132769.1612425896
127719.8595418790 139632.1137944310
128363.6970465887 136120.8357446517
128524.6564227661 124948.5874044448
130617.1283130726 131651.9364085690
124983.5501468629 138514.8889604103
124500.6720183306 135163.2144583483
125466.4282753952 139951.3208898655
127719.8595418790 125427.3980475966
125144.5095230403 140749.3386284517
128846.5751751210 135003.6109106310
128363.6970465887 136440.0428400862
130617.1283130726 132449.9541471552
128685.6157989435 128779.0725496586
126271.2251562823 127183.0370724862
128041.7782942339 137078.4570309552
125949.3064039274 140589.7350807345
124822.5907706855 138514.8889604103
130295.2095607177 133407.5754334586
124983.5501468629 137876.4747695414
125144.5095230403 132609.5576948724
125144.5095230403 132769.1612425896
128363.6970465887 128938.6760973759

126271.2251562823 137557.2676741069
128685.6157989435 136120.8357446517
128363.6970465887 130215.5044791138
130617.1283130726 128459.8654542241
129007.5345512984 127023.4335247690
127397.9407895242 139791.7173421482
127558.9001657016 132928.7647903069
125627.3876515726 128300.2619065069
130456.1689368952 125267.7944998793
131260.9658177822 131173.1257654173
125627.3876515726 126544.6228816172
124500.6720183306 139153.3031512793
131904.8033224919 126065.8122384655
131743.8439463145 127661.8477156379
124017.7938897984 139312.9066989966
129973.2908083629 128140.6583587897
124983.5501468629 141866.5634624724
125627.3876515726 143781.8060350793
128202.7376704113 125427.3980475966
125144.5095230403 127502.2441679207
124178.7532659758 140430.1315330172
126432.1845324597 143462.5989396448
125949.3064039274 138674.4925081276
129329.4533036532 129577.0902882448
130939.0470654274 131332.7293131345
125305.4688992178 127661.8477156379
131743.8439463145 128938.6760973759
130134.2501845403 127342.6406202034
125466.4282753952 140749.3386284517
124822.5907706855 141547.3563670379
126754.1032848145 138993.6996035621
127719.8595418790 140908.9421761690
124178.7532659758 136759.2499355207
126593.1439086371 128300.2619065069
124017.7938897984 138514.8889604103
125788.3470277500 137078.4570309552
124983.5501468629 137716.8712218241
125144.5095230403 144579.8237736655
129007.5345512984 128938.6760973759
125788.3470277500 134524.8002674793
133031.5189557339 126385.0193339000
129812.3314321855 128619.4690019414
128846.5751751210 137238.0605786724
128202.7376704113 132130.7470517207
124822.5907706855 135163.2144583483
125788.3470277500 144579.8237736655
124822.5907706855 137876.4747695414
126432.1845324597 140749.3386284517
128685.6157989435 127342.6406202034
126432.1845324597 127342.6406202034
131743.8439463145 129577.0902882448
126432.1845324597 137716.8712218241
128363.6970465887 136599.6463878034
125949.3064039274 142824.1847487758
124178.7532659758 144420.2202259483
128524.6564227661 136759.2499355207
128363.6970465887 134045.9896243276
124661.6313945081 133088.3683380242
130456.1689368952 132609.5576948724
126432.1845324597 126065.8122384655

