269006890.4809339643 36138.1522216797
271024821.0803325176 36434.7612152100
264735470.8842736185 34323.0179710388
276179825.2790864706 36659.2013282776
272497254.6407023072 36484.7051258087
269706947.1207585335 36165.8809585571
266344347.5026289821 35607.1039752960
269469801.2857989669 36149.5428314209
266846944.9890902638 35903.5150108337
264041012.6469124556 34219.5436592102
265423736.4434097111 35490.3542594910
263700064.8939722478 33502.2965164185
269841810.9102854729 36232.8543052673
269867367.3598130941 36272.4982833862
