483054222.9187969565 1600318.9740600586
493893119.0393565297 1637349.1659545898
475339610.2849234939 1555315.4265747070
471795511.0497470498 1513614.0709228516
482692192.4278734326 1592491.8389282227
486649909.9699609876 1609365.3168334961
484122823.1444081664 1602444.6818237305
479070536.2408651710 1589902.1163330078
478375557.6877943873 1579939.0959472656
476221636.9816049933 1567411.5774536133
482979274.0141429901 1596280.1402587891
476678840.3278363347 1568099.4803466797
468829093.9097948670 1304227.4878845215
474519436.4823875427 1540972.1490478516
472288771.0614405870 1529091.0396423340
476220959.7849171162 1565799.0288085938
477367983.8135334253 1569110.9093627930
473644795.0049009919 1540305.6015319824
478206144.7652103901 1579414.7045288086
486809640.8942473531 1625879.9667358398
488571437.6112129688 1636323.0006408691
473256682.8082169294 1537813.7056884766
471796304.5810362101 1520244.9871826172
485102992.2373158932 1602831.8720703125
475530349.1947293282 1560108.5379638672
469925160.3183004856 1510394.0284729004
475030468.8242095113 1547703.2752380371
