138480189.6065829396 31191.2235183716
138148908.6780894101 30440.7176055908
138369875.9130076170 30653.4683971405
137676419.7890874743 30211.0963916779
145136539.2563923299 32222.0560264587
138237920.4497958124 30585.3416366577
142800612.2996319234 32125.9681167603
140890472.1307093799 31889.3540344238
142032547.7917176187 32031.3785934448
142393418.9000693560 32082.2587814331
139579468.5201185644 31790.4622421265
138562298.1794515252 31409.1992263794
137806977.2176602781 30428.3800659180
137080069.1837196350 30152.9297266006
138390899.0888775289 30810.7628898621
135886350.4126681685 28288.0675525665
136660603.9437390268 28420.8765830994
