924156787.6393575668 7291374.9628906250
936138375.9884661436 7350428.9882812500
918542975.6157008410 7225857.2089843750
913695729.8057919741 7098984.8662109375
916363156.2222692966 7220328.2509765625
915074155.7527896166 7206341.1191406250
924926136.2255568504 7300247.4150390625
937202597.3697438240 7360294.0986328125
914355705.3542959690 7205629.4951171875
919112385.8942785263 7240915.7832031250
914138037.2515748739 7131032.1132812500
934013272.1661609411 7337949.5126953125
929381142.6279031038 7309635.7353515625
931130688.0262416601 7320197.6376953125
931994247.0119661093 7324462.5517578125
930514975.8833656311 7310207.8046875000
919394864.9013252258 7276219.3671875000
914296143.9317803383 7140542.6835937500
918420723.3557856083 7223533.8896484375
