144181509.0739018619 9198.5115623474
140441441.5183135271 9124.2665252686
138265630.8001140952 9108.5000324249
136255667.8660144508 8824.8647880554
144283737.9285063446 9375.2282867432
134168976.0549922884 7395.4652273059
136548868.1324341595 8911.6171216965
135209783.4169192910 8194.4904003143
135718008.4152401984 8753.5757589340
137572470.0683969855 8933.5304136276
141062774.3384765387 9173.5963363647
135184842.0568675995 7631.5092961788
135669981.7881272733 8745.4477610588
140562503.8736059070 9149.7718715668
135263993.1151224971 8391.0897274017
142814503.7294554710 9193.6026382446
140968035.6265875101 9171.1867580414
