764646023.6713496447 927764.7163696289
768030171.9942396879 945680.5723495483
760415439.4976260662 901185.0387268066
770670006.7387639284 962480.5835571289
773326412.7374089956 968688.5615844727
762242010.1692225933 907336.5428314209
773038668.8374826908 963123.8791503906
765648427.4392123222 936136.4121856689
780932441.7103686333 991288.4584655762
777213832.5375139713 983625.5560455322
764907380.4074562788 930564.1715393066
759287159.6842199564 701777.2642707825
763237462.9161461592 919688.7607879639
774462799.9759026766 981956.3079223633
763567168.7596107721 926093.0753631592
767680907.9851974249 941816.5600128174
774067495.9928991795 970794.8562011719
778091888.2631375790 984007.2049713135
766951470.1623717546 936801.1559143066
767320120.1081427336 939907.3355102539
768375916.7392354012 954095.6919860840
769269644.2870439291 957930.3693084717
769648300.1256718636 960435.2702941895
