76271238.1861660033 332518.4650878906
78918198.0130189508 341771.8481445312
76206855.2203612477 331058.7338867188
74999974.1899930090 271310.7154541016
75531090.4083829671 321179.4444580078
77824701.7909915149 340825.5554199219
77064187.9315249622 339291.0703125000
76893518.5401116163 337763.0380859375
75039528.9357834905 289044.6019287109
79467828.6800361574 342499.0493164062
78464013.1762264222 341451.9223632812
76137438.7134293020 326249.3293457031
79976472.0130146444 344020.4345703125
75252159.2824932188 314785.2863769531
75223524.5126479119 300526.1666259766
77739633.7934073508 339766.4521484375
76452547.4391395450 334680.5759277344
76629816.6205112040 336114.4313964844
75950637.9467690289 325236.3874511719
75811449.3158748299 323712.3861083984
