1197971579.4369626045 8975982.5527343750
1203950899.5619854927 9011486.9306640625
1203209226.7573997974 8996777.0537109375
1193012341.3326232433 8803672.5556640625
1202502420.8527529240 8994551.4638671875
1192066441.5220224857 8792526.9345703125
1197504874.1243958473 8914081.4199218750
1204547009.5083329678 9029254.4511718750
1194082251.8726422787 8869463.2460937500
1195414836.5495560169 8887265.9228515625
1191209834.4931662083 8522433.6699218750
1196074252.6185536385 8894121.9013671875
1210044912.5116114616 9033835.0439453125
1196964298.7314050198 8909107.9902343750
1193569059.8635146618 8833435.5712890625
1196828304.0512020588 8900106.4755859375
