699988450.8925293684 999994.0875244141
679011343.2147383690 935288.2250137329
675092018.3746863604 884490.1883392334
683837642.6388080120 956525.0646667480
694548899.1384898424 979667.0480041504
683333394.5197546482 945223.4381713867
687291388.6210291386 963166.7889099121
687649294.8739537001 978391.1240844727
675709279.6234374046 921542.7737731934
698918945.0223140717 984344.8497314453
698126303.3645559549 984162.2347412109
699737576.7191148996 987412.3059387207
685063435.2754335403 962422.6643371582
679946267.5376340151 944076.9519958496
674863404.2312225103 718800.4247703552
682274832.9230101109 944543.5164184570
696319052.1350913048 983245.2362518311
