859188968.3526501656 10331152.7207031250
859790379.2524067163 10374202.0214843750
845749464.3349621296 10270084.3339843750
859424685.7491879463 10336626.5058593750
851870235.0310999155 10313536.4003906250
870658011.1549587250 10388548.6464843750
858066313.2102499008 10319930.9609375000
863327259.7063611746 10380518.3886718750
838800746.3275574446 10186210.2792968750
840735009.0077654123 10193699.6484375000
850700815.5692654848 10298799.2382812500
840762083.7068330050 10225476.5136718750
847399093.2955032587 10270756.2285156250
847555210.5759462118 10271571.9628906250
843495973.6678137779 10262967.1523437500
850400805.8807729483 10276436.4765625000
855305293.7390413284 10317344.9277343750
840450846.6028387547 10192764.4511718750
841030924.0124025345 10227484.5351562500
837701869.5662698746 10069678.3554687500
