213164824.8307619393 1554243.4218750000
213563799.5855660439 1556851.2973632812
215392783.4799052775 1576866.7490234375
219802318.6486697793 1605279.2822265625
222379219.9670230448 1619562.3085937500
218496694.1034386456 1594101.2177734375
211486659.4708255231 1489297.1630859375
215834852.7482619584 1585003.3183593750
218825316.8712977469 1602366.5107421875
213125914.8489412367 1540212.0830078125
216087750.8769721687 1591823.7148437500
221609240.8589919209 1615168.2148437500
212943431.5571057498 1530263.7797851562
212573089.2091572583 1526715.3945312500
219862104.5153341591 1607531.6103515625
215174715.0080403090 1573484.8413085938
214550655.0086530447 1567589.2124023438
214734596.0767098963 1571998.3593750000
212404908.9192827642 1509424.8666992188
225249405.6731166840 1620939.6826171875
214232062.9156504273 1562018.5742187500
