558802360.1982337236 2434807.4736328125
560766730.4893544912 2452831.5205078125
561524055.0193035603 2463102.8203125000
562422710.2053729296 2467850.0390625000
558329955.8189247847 2424676.0830078125
559118825.9381884336 2435805.7697753906
559956833.0115737915 2439988.8713378906
556299132.2051593065 2389721.7106933594
580435892.2530958652 2544584.7067871094
563690362.5232789516 2470306.0368652344
577775734.8400800228 2542021.0754394531
571257881.6192654371 2530603.6735839844
567921247.2236095667 2523467.6450195312
564284815.4147821665 2484214.3171386719
560217476.7880178690 2446920.2678222656
553913041.2068831921 2150800.2783203125
562062727.5874396563 2467357.6647949219
564763556.3591949940 2512389.3845214844
