170417400.4903762043 64950.1699218750
171399731.5166398883 66801.3230895996
172212309.3782919347 67598.3647537231
167780979.9089289308 58156.7823982239
168480022.3448265791 62235.0824055672
169326223.5251524448 64122.3368530273
169027988.4856018126 63003.7144317627
168885190.1540278494 62482.9143218994
170562895.3407908976 65341.4516906738
172433068.0454594195 67642.6318664551
172877197.6010823250 68158.0286102295
173245611.1538079679 68644.0348358154
172424746.9548746645 67618.8798828125
172343848.7440993190 67618.7658996582
172139360.2220707536 67241.4428863525
169987363.0360983908 64913.1505355835
169096666.1648604572 64088.2487182617
171013294.2113596201 66444.6148910522
169788957.1401802301 64576.5105285645
172811545.2281450629 67805.5445556641
169859898.6439229548 64911.1849060059
170858108.2107847929 66363.4792480469
169442048.6541407406 64189.1348114014
173159925.9227721691 68372.8314971924
168377978.7070291936 60528.4019622803
167856495.5090203881 60019.3036956787
170152322.9693123400 64941.0734710693
171494493.7193260789 66886.9405212402
170600199.9543987215 65710.4201660156
