363299696.5247823000 4171428.3642578125
360225560.7574489713 4143179.1953125000
372581020.4780281782 4216935.6875000000
355003942.6618676782 4043951.8193359375
371878733.4817169309 4204978.7675781250
355376088.2968789935 4069942.7324218750
359027871.1661556959 4114369.3818359375
367506005.7006232142 4194348.0937500000
371795978.4893919826 4202341.0400390625
359282684.7645190954 4120485.5585937500
356694773.5723743439 4094075.2353515625
357321488.4441688657 4094616.1513671875
358003885.1332967877 4110559.5615234375
361282102.2313454151 4158319.8671875000
359532607.6257978082 4126004.1484375000
356254141.7821855545 4074952.6162109375
370022625.4821801782 4197636.0156250000
366779884.1223696470 4173557.3457031250
359865614.0125666261 4142463.0898437500
362758744.8551751375 4162259.2724609375
