761354572.2500257492 235063.1936206818
751101676.3161368370 198581.6786270142
756785858.2801342010 229047.8801956177
759220261.7981240749 231365.4400897026
751260113.1415910721 201223.7619247437
760190184.6200228930 231549.8626708984
774130995.5264314413 243107.5391044617
767244626.6249860525 242331.8603668213
766285076.1287924051 237713.4015235901
753463408.1043387651 219036.4618206024
762979227.7280050516 235646.1181373596
766021994.2696338892 237600.6416816711
765227647.3300961256 236823.7237987518
759171981.1765202284 229692.1474647522
763690297.3609706163 236124.9069290161
753870423.7676399946 227540.5596427917
753032810.8928427696 215509.8508415222
