565462395.2299584150 2648311.8020019531
565084791.2365798950 2530372.8239746094
568222468.5703749657 2719782.7193603516
563700645.6400033236 2308074.4985351562
569026079.1273423433 2721761.7697753906
565375328.7460007668 2630877.3928222656
567367117.2419885397 2688460.1782226562
564606097.5764157772 2323574.9158935547
565251480.2987482548 2627778.6809082031
573459574.8212498426 2757912.1567382812
563972747.0739936829 2323485.0806884766
569351175.1634303331 2751326.4704589844
576621114.7437613010 2798212.0477294922
572998029.6767981052 2752892.3645019531
579334659.5869146585 2810666.4902343750
567922809.6357446909 2692029.8737792969
565922125.0656564236 2682455.9379882812
565486973.2654230595 2650200.9763183594
575888974.8392424583 2781646.7832031250
573600505.2919489145 2773427.7238769531
569027141.0136455297 2740915.7048339844
583333091.8969173431 2811431.7834472656
564835183.9064464569 2338260.7248535156
576197197.5539176464 2782884.0229492188
