235942481.6449047923 457598.8968505859
235997445.7976501286 462995.1200561523
245391928.9400950074 475017.8349609375
243028143.9623254836 470122.5834655762
237413446.2733114064 468260.0688476562
230827736.5276539922 437695.5248107910
234995258.6869734526 456645.2459716797
231225876.7717469931 439646.9389038086
243066405.3583920300 471669.4463500977
230078886.8576914966 378376.0754547119
233400186.2927412093 454369.5435180664
245276364.3049955070 474223.6622314453
232211204.3781777620 448019.7658386230
243359318.3173567653 471851.2934570312
244068832.2878862321 473930.9591674805
233945291.8044596612 456508.1082763672
246701601.6828126311 481123.5783081055
240197559.0204273760 468863.7456665039
231926703.4889970720 445938.4843444824
242471816.0392600596 469802.4008789062
231759024.6589959264 439732.7998657227
