288991949.6871610880 1735045.0112304688
288225877.1957210302 1722246.1254882812
292117774.3797143102 1763718.9453125000
294042534.9606317878 1774609.3291015625
299487399.4308418036 1814868.4218750000
294669639.4664393663 1788543.4667968750
291175033.7278393507 1758512.2666015625
298298575.3812094927 1803077.6362304688
296572520.3339807391 1792140.9731445312
289455145.2881731987 1757797.9599609375
298816477.4459938407 1804732.3476562500
292377675.9551444650 1774520.8525390625
287477002.3635453582 1592510.9814453125
287667598.8274775147 1699796.0458984375
288365126.4712627530 1726866.9316406250
297184404.9921146631 1794944.4707031250
294135119.6573872566 1787377.8105468750
288229472.8956126571 1723822.7587890625
