316427445.2019185424 119720.6181030273
299936192.1453415751 108981.4920806885
311259858.1533433795 119516.6071472168
300498680.6652582288 111364.6534805298
301339164.6462184191 113142.9560546875
305133428.5891997218 115600.6751708984
304239539.0919376016 115217.5391693115
298083771.8475489616 104237.1042842865
300354374.4914432764 111053.1139755249
306733897.6307216287 116743.7543792725
302262935.0797206759 114807.0348587036
308505169.2709712982 117769.1616897583
299549155.3288129568 106088.1173324585
312765251.4614948034 119559.5562133789
299565422.7606229186 107870.5676008463
310761405.0191307068 118390.3787536621
307840614.4025729299 116942.0941696167
