154695084.8167836368 33000.2342300415
160436593.2377091646 34360.3326721191
151714371.4955051243 29297.2365188599
151432755.4913097620 29237.6242656708
155313182.4488549829 33051.9202270508
153255585.8827704191 31291.2798767090
151986780.7173474729 29852.0824279785
153273786.6426007152 31818.6755332947
157522703.7981139421 33631.3805313110
152570779.1180204451 30503.4095497131
160430346.0020962656 33879.8058242798
151760209.4197765291 29522.9604473114
159696866.8478106558 33877.8570899963
152197421.1845845580 30000.9747571945
154370216.3792254627 32465.5534477234
157260412.2015472353 33389.9216690063
152776174.3473321795 31038.8817749023
156734537.8384589553 33209.6716346741
153584097.1014576852 32251.4139976501
157323534.0436771512 33474.2445487976
153051141.0741596222 31153.6899909973
152367714.1310991049 30269.7549552917
152699028.6562089026 31012.0211296082
158824918.8026179373 33756.2568359375
157899973.1754449308 33654.7035026550
