762917695.3526664972 23337.3540935516
765262042.0544786453 23722.8808525801
760819481.7324846983 21922.4898552895
763629113.3916436434 23415.5365867615
761087642.8793354034 22447.7376613617
762863402.7013852596 23271.9058918953
760298346.4934383631 21589.1882511377
767589934.4808973074 24017.8168063164
757936471.6057358980 18869.6051599979
765572716.2421537638 23776.9176218510
761261362.2712347507 22911.1234632730
770341487.8349713087 24392.6166219711
767146587.6081985235 24008.1972723007
763326855.3698799610 23386.6643550396
761842730.7011449337 23006.9369229078
780040855.8005965948 24992.6545715332
763794013.0095385313 23631.5114579201
767954264.7492944002 24094.0357952118
779434328.3444736004 24890.2201087475
776634236.1218780279 24823.3074584007
773343515.9097501040 24611.7307205200
769227770.6618100405 24186.2962036133
