870201899.4167282581 4083525.0280761719
874405068.5328876972 4120634.7365722656
866602307.4993548393 4075474.5412597656
869607140.7453870773 4082384.8930664062
863882242.3391835690 3511906.0518798828
864159532.3767507076 3981435.6518554688
873967565.2326273918 4115129.2722167969
864693300.8941458464 4026416.2185058594
885851896.8615018129 4181936.1926269531
875397472.2930259705 4145423.0727539062
868125064.7347897291 4078132.4741210938
874485737.8862246275 4130121.8461914062
885716710.7677472830 4162091.7536621094
865562186.4599802494 4048619.7219238281
891933574.1073272228 4199695.1225585938
871473452.0419309139 4102681.6494140625
873399840.4675024748 4111303.9958496094
870212111.6009161472 4096760.8896484375
875739807.3811534643 4150776.6298828125
880403351.6613167524 4152293.4804687500
