158899277.5440261364 266810.1786499023
161072924.9983366132 282920.7325439453
159505321.6549183130 275590.0814819336
170297063.0484456122 292256.6037597656
167101379.9149871171 291402.3874511719
159257876.9633033574 269345.5520019531
170060113.3975724876 291799.8531494141
165328601.6356919408 289143.3684082031
156753931.5682083368 239487.2212524414
157696604.2359052598 265357.8216247559
157418037.2696638107 247827.8049011230
162641269.9949634671 286970.8806152344
159259538.8697888851 269938.0753173828
165266953.1676240861 288849.7972412109
157826291.1884320974 265539.3116455078
