513087418.6848664880 167489.0560112000
515994961.8917755485 170891.7662353516
529727766.7557953000 175224.0140686035
513243168.8165583014 168066.1725540161
515128599.6718097925 169941.7521667480
511082755.7549905777 165739.4789276123
525355780.3679195642 174851.6482849121
515412856.8778736591 170454.8687667847
520744364.5634563565 173830.6939163208
530093655.0774048567 176125.5930633545
529938076.8386822343 176063.6953201294
517170873.4125629067 172947.7294845581
508349578.8411466479 162580.7739410400
511846316.3798114657 165829.3260955811
530346017.8747773170 176222.9921569824
511042691.4049516320 164264.8426513672
528381209.2593783736 175163.9514007568
516919021.5385549068 171597.1578216553
510605756.5100831389 164111.9826507568
524010362.6182450652 174673.4225692749
514676138.9358767271 169570.6005859375
