462420458.4580407143 635050.0938110352
448496675.3765251637 605250.9241333008
464180876.9512414932 636836.2199401855
457919796.4838542938 631101.4003601074
442377868.3022771478 572165.0627746582
449260045.2720366120 616366.4785461426
455793918.1021215916 626438.9989624023
460183865.9377384782 631637.7827148438
454206121.7539180517 624461.1478271484
445680015.4928881526 584284.5753021240
449212040.1488957405 613263.6243896484
460685901.2238483429 632585.2132568359
445797357.9654366970 597744.9295501709
449425736.4246358275 623750.9002990723
451148726.1542634368 623929.1897583008
445391266.8633314371 575418.2178649902
446920256.1317600608 605053.5752258301
