326203847.0965709686 257559.7679748535
319688466.1831457019 235353.1322250366
329387245.0081936717 258974.3855590820
325271159.9693973660 256888.8967590332
319748859.7303413153 236692.4831237793
319418281.4110844135 214474.4224929810
318457367.9341493249 211992.3002624512
320173941.4669331908 241578.6253051758
319980605.6780892611 238426.3878250122
324298713.1764065623 252937.3099212646
321946050.2214444876 251497.8576965332
324634478.7891184688 254333.6505737305
320617366.4306218624 249180.1323547363
325103732.6909770966 255790.4031982422
319570217.3020231724 234352.4992370605
320519274.8150600791 243068.9093322754
324162169.9645000696 252567.7122192383
323121917.8129065633 252563.5076599121
325747263.1800801754 257511.2859191895
319022157.0053163767 212003.0191192627
320009178.1050251126 239921.0550384521
326242489.3420282602 257848.2309570312
323002751.1938815117 252360.9032897949
