596089066.2781893015 183444.4366455078
599644221.6204007864 188667.9609451294
594851111.4418560266 178819.3124160767
593070870.5255442858 157225.8226337433
593183112.3532110453 176278.1206798553
597928647.4567524195 188341.2366180420
607552548.7684860229 196302.9960632324
596890919.5085128546 186465.8052825928
594845834.0744091272 178758.9693813324
597432671.4507389069 186775.0211105347
610024808.2086055279 197141.5634155273
599878292.0249924660 189493.7595138550
604787795.2456513643 194815.3096828461
600796858.0655848980 192702.9296417236
605948302.9524803162 195266.3851165771
593670147.5108280182 178197.0238418579
604355620.6706129313 193970.7849273682
600773022.7830092907 192158.6113357544
603831930.5971868038 193595.5443038940
592965611.8612260818 154997.2507977486
600630890.3791490793 191221.1014862061
594645321.0571440458 178648.6935214996
596596435.0848183632 185075.3722076416
594856091.4480876923 182619.3413772583
