148482597.2970223427 198.0345824957
144235767.4963168204 191.7810004950
142557046.2346978188 190.2960410416
142318269.6161239147 188.0051678121
141399751.2226539850 178.9836051464
150477739.2799052596 199.1499253511
142063957.2295749784 183.7141778469
143652189.4989000261 190.7327954769
141400709.6817156672 179.5842386931
142140365.7264350653 185.6110972762
151548898.6471923590 200.2148352861
146245051.0733056962 198.0003648996
153217737.7547609210 202.2549412251
151356760.0500853360 199.6573996544
144552240.8740754426 194.0496191680
151816812.4303577840 200.5306911469
144046885.4595215023 190.7744979262
145588622.5180943310 196.7507193983
145260163.6642980576 195.4837218523
141095214.3214266896 162.7126226500
151314781.3350602686 199.3809329271
142279646.2126372457 186.7258617878
141219902.7022044957 168.9543958791
150160208.1298810542 198.5114548206
142643285.8244694173 190.6999677420
150350876.7520958781 198.7546824217
149169367.8249146044 198.2573926449
141913085.2467562854 182.4928302169
144923734.4859951437 195.2121108770
144076223.3237715065 191.1987609863
