130237.4029323239 117603.2504727234
128629.1232651648 118083.3945263404
130076.5749656079 116803.0103833617
126216.7037644261 122404.6910088936
128950.7791985966 114402.2901152766
123482.6283302557 129446.8037952766
126699.1876645739 118563.5385799574
121391.8647629489 130086.9958667660
124125.9401971193 118723.5865978298
127824.9834315852 119843.9227229362
125734.2198642784 117123.1064191064
128789.9512318807 119843.9227229362
124447.5961305511 120644.1628122979
132649.8224330625 112801.8099365532
124447.5961305511 119843.9227229362
127181.6715647216 121764.4989374042
123482.6283302557 120804.2108301702
125251.7359641307 118723.5865978298
124769.2520639829 115522.6262403830
120748.5528960852 133448.0042420851
131202.3707326193 116322.8663297447
127824.9834315852 114722.3861510213
122517.6605299602 130247.0438846383
120587.7249293693 131687.4760454894
126377.5317311420 117923.3465084681
130076.5749656079 115362.5782225106
123804.2842636875 129446.8037952766
124769.2520639829 123364.9791161277
128146.6393650171 121444.4029016596
123965.1122304034 126085.7954199574
121231.0367962330 125605.6513663404
122678.4884966761 122084.5949731489
127503.3274981534 120964.2588480426
124447.5961305511 119683.8747050638
129111.6071653125 115682.6742582553
127342.4995314375 123845.1231697447
127664.1554648693 114882.4341688936
128307.4673317330 116322.8663297447
130076.5749656079 113922.1460616596
128629.1232651648 120644.1628122979
124930.0800306989 126725.9874914468
128629.1232651648 114562.3381331489
127985.8113983011 115522.6262403830
124447.5961305511 126565.9394735745
123482.6283302557 121284.3548837872
130076.5749656079 114722.3861510213
125573.3918975625 124005.1711876170
130398.2308990398 114722.3861510213
125251.7359641307 118563.5385799574
121874.3486630966 125765.6993842128
122839.3164633920 125285.5553305957
127664.1554648693 119683.8747050638
124930.0800306989 122564.7390267660
127181.6715647216 121924.5469552766
126860.0156312898 117763.2984905957
129433.2630987443 114882.4341688936
94940.0647137443 136641.5486403597
103434.4704492102 132663.4487595671
93818.1620694375 139187.5325640670
98305.7726466648 135050.3086880427
96061.9673580511 135686.8046689695
95260.6083264034 135209.4326832744
103434.4704492102 132981.6967500305
113371.3224416420 129321.8448597012
99107.1316783125 135845.9286642012
95100.3365200739 137914.5406022134
100229.0343226193 133936.4407214207
99427.6752909716 132663.4487595671
98305.7726466648 136482.4246451280
103274.1986428807 132822.5727547988
108563.1682517557 132504.3247643354
109043.9836707443 130594.8368215549
103594.7422555398 133140.8207452622
100870.1215479375 134254.6887118841
104075.5576745284 131867.8287834085
97985.2290340057 136959.7966308232
105998.8193504830 131390.4567977134
98466.0444529943 136482.4246451280
105998.8193504830 133777.3167261890
93818.1620694375 139028.4085688354
93016.8030377898 139028.4085688354

124286.7681638352 116803.0103833617
120909.3808628011 129126.7077595319
123804.2842636875 118403.4905620851
125412.5639308466 118723.5865978298
121713.5206963807 128966.6597416596
123804.2842636875 119043.6826335745
127181.6715647216 117763.2984905957
119944.4130625057 131847.5240633617
125412.5639308466 119843.9227229362
124286.7681638352 121284.3548837872
129111.6071653125 114722.3861510213
128468.2952984489 119843.9227229362
125251.7359641307 126725.9874914468
120426.8969626534 127846.3236165532
122678.4884966761 128166.4196522979
124125.9401971193 115842.7222761276
126538.3596978580 120164.0187586808
129111.6071653125 115522.6262403830
130559.0588657557 115842.7222761276
129754.9190321761 115202.5302046383
123482.6283302557 130887.2359561277
128307.4673317330 121444.4029016596
127985.8113983011 121764.4989374042
128789.9512318807 119363.7786693192
123160.9723968239 122564.7390267660
120587.7249293693 133287.9562242128
121552.6927296648 129126.7077595319
123160.9723968239 126565.9394735745
127342.4995314375 123525.0271340000
125251.7359641307 119843.9227229362
126860.0156312898 119683.8747050638
122517.6605299602 132487.7161348510
128468.2952984489 117123.1064191064
125573.3918975625 116963.0584012340
128307.4673317330 114882.4341688936
124769.2520639829 118083.3945263404
127985.8113983011 117123.1064191064
127664.1554648693 114562.3381331489
124769.2520639829 118563.5385799574
122839.3164633920 122724.7870446383
121713.5206963807 126245.8434378298
127020.8435980057 116322.8663297447
122517.6605299602 120804.2108301702
127664.1554648693 118723.5865978298
122839.3164633920 128966.6597416596
128789.9512318807 114082.1940795319
123000.1444301079 119363.7786693192
126699.1876645739 118083.3945263404
124125.9401971193 126085.7954199574
123804.2842636875 121284.3548837872
131363.1986993352 115362.5782225106
129915.7469988920 116002.7702940000
122196.0045965284 124485.3152412340
127503.3274981534 120964.2588480426
123965.1122304034 117443.2024548511
119944.4130625057 131207.3319918723
109845.3427023921 130913.0848120183
105838.5475441534 132981.6967500305
109364.5272834034 131072.2088072500
101831.7523859148 133936.4407214207
99748.2189036307 136323.3006498964
108723.4400580852 131390.4567977134
100549.5779352784 132504.3247643354
105838.5475441534 132026.9527786403
99107.1316783125 136005.0526594329
95100.3365200739 136641.5486403597
104396.1012871875 132822.5727547988
95741.4237453920 137596.2926117500
104396.1012871875 131549.5807929451
104235.8294808580 132663.4487595671
94619.5211010852 139187.5325640670
100389.3061289489 132822.5727547988
97824.9572276761 134732.0606975793
109043.9836707443 132026.9527786403
92696.2594251307 138551.0365831402
95420.8801327330 138710.1605783720
98305.7726466648 136959.7966308232
98786.5880656534 132981.6967500305
101030.3933542671 133618.1927309573
96542.7827770398 135845.9286642012
110646.7017340398 131390.4567977134

119783.5850957898 132167.6200991064
123643.4562969716 120644.1628122979
126538.3596978580 124325.2672233617
119622.7571290739 131367.3800097447
122196.0045965284 133448.0042420851
128468.2952984489 120644.1628122979
123804.2842636875 122404.6910088936
126055.8757977102 119203.7306514468
124769.2520639829 119843.9227229362
127503.3274981534 123525.0271340000
123160.9723968239 126886.0355093191
122035.1766298125 122404.6910088936
128307.4673317330 114242.2420974042
123965.1122304034 127206.1315450639
127181.6715647216 119843.9227229362
128789.9512318807 115682.6742582553
127664.1554648693 114722.3861510213
121070.2088295171 132487.7161348510
127503.3274981534 116322.8663297447
123160.9723968239 131527.4280276170
124447.5961305511 125285.5553305957
124286.7681638352 129446.8037952766
132167.3385329148 113442.0020080425
125412.5639308466 121924.5469552766
120909.3808628011 130567.1399203830
128629.1232651648 119683.8747050638
127342.4995314375 115362.5782225106
126055.8757977102 118243.4425442128
129594.0910654602 114242.2420974042
125251.7359641307 121124.3068659149
123321.8003635398 121764.4989374042
124286.7681638352 128966.6597416596
129433.2630987443 116162.8183118723
125412.5639308466 116803.0103833617
129272.4351320284 114242.2420974042
126860.0156312898 123845.1231697447
122678.4884966761 129766.8998310213
120426.8969626534 128966.6597416596
121874.3486630966 129606.8518131489
128307.4673317330 121124.3068659149
126377.5317311420 124005.1711876170
121713.5206963807 124645.3632591064
120426.8969626534 128806.6117237873
121552.6927296648 132167.6200991064
126055.8757977102 125285.5553305957
127664.1554648693 121444.4029016596
130237.4029323239 114082.1940795319
123321.8003635398 125285.5553305957
124447.5961305511 125765.6993842128
124286.7681638352 115842.7222761276
122356.8325632443 126405.8914557021
120748.5528960852 129766.8998310213
120105.2410292216 129446.8037952766
124286.7681638352 117763.2984905957
127020.8435980057 114722.3861510213
124930.0800306989 118723.5865978298
101190.6651605966 134891.1846928110
114974.0405049375 129321.8448597012
98145.5008403352 135686.8046689695
103434.4704492102 134732.0606975793
103594.7422555398 132822.5727547988
95741.4237453920 138710.1605783720
101511.2087732557 135209.4326832744
96703.0545833693 134095.5647166524
98946.8598719830 135845.9286642012
97504.4136150171 135527.6806737378
100549.5779352784 132981.6967500305
98786.5880656534 135686.8046689695
103755.0140618693 134891.1846928110
110165.8863150511 130594.8368215549
96382.5109707102 134891.1846928110
118019.2048251989 128367.1008883110
103594.7422555398 132026.9527786403
96061.9673580511 136323.3006498964
99587.9470973011 133777.3167261890
109845.3427023921 132186.0767738720
99107.1316783125 136482.4246451280
99267.4034846421 136164.1766546646
94940.0647137443 137755.4166069817
101831.7523859148 132345.2007691037
95901.6955517216 138232.7885926768

127342.4995314375 122404.6910088936
123160.9723968239 124965.4592948511
121391.8647629489 128326.4676701702
130719.8868324716 116963.0584012340
125090.9079974148 124005.1711876170
127503.3274981534 117123.1064191064
120105.2410292216 129606.8518131489
123965.1122304034 121924.5469552766
129111.6071653125 114722.3861510213
120426.8969626534 130086.9958667660
129433.2630987443 115202.5302046383
124930.0800306989 128326.4676701702
123160.9723968239 123364.9791161277
128629.1232651648 117283.1544369787
124769.2520639829 118083.3945263404
123482.6283302557 118403.4905620851
127503.3274981534 117763.2984905957
127503.3274981534 115042.4821867659
123804.2842636875 128166.4196522979
124286.7681638352 128486.5156880426
123643.4562969716 116803.0103833617
123482.6283302557 117763.2984905957
127824.9834315852 120964.2588480426
119622.7571290739 131367.3800097447
129272.4351320284 116642.9623654894
130237.4029323239 118083.3945263404
120426.8969626534 132167.6200991064
124447.5961305511 120644.1628122979
128629.1232651648 114722.3861510213
126216.7037644261 121604.4509195319
122517.6605299602 128486.5156880426
121391.8647629489 129126.7077595319
130398.2308990398 117123.1064191064
132167.3385329148 113121.9059722979
123321.8003635398 128486.5156880426
128789.9512318807 116642.9623654894
123643.4562969716 128966.6597416596
128307.4673317330 120324.0667765532
123321.8003635398 117923.3465084681
124930.0800306989 118563.5385799574
128307.4673317330 120804.2108301702
124286.7681638352 123525.0271340000
123482.6283302557 120164.0187586808
127503.3274981534 121444.4029016596
128789.9512318807 120644.1628122979
120748.5528960852 132647.7641527234
122678.4884966761 122564.7390267660
127181.6715647216 118883.6346157021
122678.4884966761 130407.0919025107
124125.9401971193 129286.7557774043
121874.3486630966 132647.7641527234
122356.8325632443 121124.3068659149
129111.6071653125 119683.8747050638
120587.7249293693 128966.6597416596
122678.4884966761 121124.3068659149
128146.6393650171 121604.4509195319
102312.5678049034 133299.9447404939
109204.2554770739 131867.8287834085
96382.5109707102 136005.0526594329
118019.2048251989 128207.9768930793
98466.0444529943 134891.1846928110
105357.7321251648 133299.9447404939
102472.8396112330 132504.3247643354
105197.4603188352 131549.5807929451
95420.8801327330 138391.9125879085
112409.6916036648 130594.8368215549
112409.6916036648 130913.0848120183
99267.4034846421 135686.8046689695
96382.5109707102 137596.2926117500
93497.6184567784 137596.2926117500
110646.7017340398 131231.3328024817
95581.1519390625 134572.9367023476
95901.6955517216 137914.5406022134
104716.6448998466 134413.8127071159
117217.8457935511 128526.2248835427
93818.1620694375 137755.4166069817
117057.5739872216 128685.3488787744
97023.5981960284 135845.9286642012
104876.9167061761 132345.2007691037
103755.0140618693 134095.5647166524
99427.6752909716 136800.6726355915

120266.0689959375 132487.7161348510
121391.8647629489 133608.0522599575
125734.2198642784 122404.6910088936
126699.1876645739 116322.8663297447
123000.1444301079 119683.8747050638
121231.0367962330 125445.6033484681
130076.5749656079 117283.1544369787
123804.2842636875 130407.0919025107
124930.0800306989 126565.9394735745
125412.5639308466 118723.5865978298
131845.6825994829 113281.9539901702
123643.4562969716 129446.8037952766
123321.8003635398 127046.0835271915
128307.4673317330 117923.3465084681
127342.4995314375 122244.6429910213
124608.4240972670 123845.1231697447
127342.4995314375 116482.9143476170
120266.0689959375 129606.8518131489
128468.2952984489 121604.4509195319
125412.5639308466 118243.4425442128
122196.0045965284 122404.6910088936
127503.3274981534 117283.1544369787
122678.4884966761 129446.8037952766
128789.9512318807 114402.2901152766
131202.3707326193 115362.5782225106
130398.2308990398 116642.9623654894
126538.3596978580 118563.5385799574
125251.7359641307 127206.1315450639
123321.8003635398 127686.2755986809
123643.4562969716 125285.5553305957
125412.5639308466 122884.8350625106
122517.6605299602 132167.6200991064
122839.3164633920 128166.4196522979
127985.8113983011 116642.9623654894
125734.2198642784 124645.3632591064
121713.5206963807 126085.7954199574
120748.5528960852 127206.1315450639
122356.8325632443 129446.8037952766
127020.8435980057 120484.1147944255
120909.3808628011 128486.5156880426
129915.7469988920 114722.3861510213
131845.6825994829 114402.2901152766
127664.1554648693 114882.4341688936
123804.2842636875 127846.3236165532
122196.0045965284 131207.3319918723
128307.4673317330 115522.6262403830
129111.6071653125 115682.6742582553
124608.4240972670 119843.9227229362
125734.2198642784 120964.2588480426
121713.5206963807 131207.3319918723
127020.8435980057 122084.5949731489
124447.5961305511 118083.3945263404
124769.2520639829 115522.6262403830
127181.6715647216 121604.4509195319
130880.7147991875 116322.8663297447
126055.8757977102 124805.4112769787
102472.8396112330 133459.0687357256
97344.1418086875 136164.1766546646
97985.2290340057 133140.8207452622
103113.9268365511 132981.6967500305
95420.8801327330 134732.0606975793
92535.9876188012 139346.6565592987
101992.0241922443 133936.4407214207
115935.6713429148 129003.5968692378
94779.7929074148 138073.6645974451
99587.9470973011 135686.8046689695
107922.0810264375 132504.3247643354
99107.1316783125 133618.1927309573
106159.0911568125 132981.6967500305
111768.6043783466 130594.8368215549
102472.8396112330 135368.5566785061
102472.8396112330 132663.4487595671
98626.3162593239 135050.3086880427
95260.6083264034 136323.3006498964
98305.7726466648 135368.5566785061
105037.1885125057 134095.5647166524
101831.7523859148 133140.8207452622
100389.3061289489 133618.1927309573
95420.8801327330 138232.7885926768
110967.2453466989 130913.0848120183
106479.6347694716 131072.2088072500

120909.3808628011 128166.4196522979
125895.0478309943 123685.0751518723
126538.3596978580 119043.6826335745
130237.4029323239 115682.6742582553
128950.7791985966 117283.1544369787
126377.5317311420 124485.3152412340
132810.6503997784 112961.8579544255
129272.4351320284 115522.6262403830
127020.8435980057 122884.8350625106
126699.1876645739 116642.9623654894
126216.7037644261 116963.0584012340
127985.8113983011 116322.8663297447
125573.3918975625 121284.3548837872
130880.7147991875 115842.7222761276
122839.3164633920 121604.4509195319
121231.0367962330 133448.0042420851
124447.5961305511 128326.4676701702
127342.4995314375 114882.4341688936
126216.7037644261 125285.5553305957
120105.2410292216 132007.5720812341
127181.6715647216 120964.2588480426
126699.1876645739 121124.3068659149
123321.8003635398 117123.1064191064
123160.9723968239 123044.8830803830
121231.0367962330 127046.0835271915
129915.7469988920 115522.6262403830
126216.7037644261 124645.3632591064
122196.0045965284 127686.2755986809
128789.9512318807 115362.5782225106
125412.5639308466 126886.0355093191
125573.3918975625 116162.8183118723
128307.4673317330 116162.8183118723
126699.1876645739 115362.5782225106
124608.4240972670 127366.1795629362
130559.0588657557 113762.0980437872
121070.2088295171 129446.8037952766
121713.5206963807 128806.6117237873
120426.8969626534 129286.7557774043
127985.8113983011 121604.4509195319
121391.8647629489 132487.7161348510
122196.0045965284 128966.6597416596
124930.0800306989 122564.7390267660
130076.5749656079 116482.9143476170
121713.5206963807 129926.9478488936
125090.9079974148 118883.6346157021
122517.6605299602 128806.6117237873
122839.3164633920 122084.5949731489
125090.9079974148 116963.0584012340
123804.2842636875 127046.0835271915
121391.8647629489 125765.6993842128
126699.1876645739 123685.0751518723
124125.9401971193 117923.3465084681
121391.8647629489 129606.8518131489
119783.5850957898 132167.6200991064
124447.5961305511 122084.5949731489
129111.6071653125 117123.1064191064
105998.8193504830 132026.9527786403
108242.6246390966 132822.5727547988
113050.7788289830 130276.5888310915
95100.3365200739 137278.0446212866
110165.8863150511 130753.9608167866
101831.7523859148 135050.3086880427
94459.2492947557 137596.2926117500
95741.4237453920 134413.8127071159
110005.6145087216 131549.5807929451
110646.7017340398 131708.7047881768
96061.9673580511 136800.6726355915
101831.7523859148 133777.3167261890
115775.3995365852 128844.4728740061
107280.9938011193 132026.9527786403
102953.6550302216 134891.1846928110
100549.5779352784 134572.9367023476
104235.8294808580 131708.7047881768
102633.1114175625 133140.8207452622
112890.5070226534 130753.9608167866
105678.2757378239 132026.9527786403
104556.3730935171 133140.8207452622
103915.2858681989 132822.5727547988
108723.4400580852 132026.9527786403
109043.9836707443 132186.0767738720
101511.2087732557 132504.3247643354

125895.0478309943 115522.6262403830
122196.0045965284 130407.0919025107
122678.4884966761 122084.5949731489
130076.5749656079 115202.5302046383
129594.0910654602 118403.4905620851
121231.0367962330 125285.5553305957
128789.9512318807 115362.5782225106
124930.0800306989 116482.9143476170
126377.5317311420 117443.2024548511
132488.9944663466 113121.9059722979
124286.7681638352 118563.5385799574
129111.6071653125 120003.9707408085
123965.1122304034 118563.5385799574
120426.8969626534 131047.2839740000
122678.4884966761 119523.8266871915
121713.5206963807 127526.2275808085
123160.9723968239 119203.7306514468
126860.0156312898 115042.4821867659
125573.3918975625 124805.4112769787
123804.2842636875 118883.6346157021
126860.0156312898 123364.9791161277
126699.1876645739 115362.5782225106
126860.0156312898 122084.5949731489
126538.3596978580 118403.4905620851
127020.8435980057 118723.5865978298
121713.5206963807 123364.9791161277
123160.9723968239 122884.8350625106
122839.3164633920 124485.3152412340
123321.8003635398 122244.6429910213
124930.0800306989 119043.6826335745
121231.0367962330 130567.1399203830
121391.8647629489 129606.8518131489
123804.2842636875 126886.0355093191
122839.3164633920 130086.9958667660
124769.2520639829 117123.1064191064
121874.3486630966 131207.3319918723
128629.1232651648 115362.5782225106
122196.0045965284 130887.2359561277
128629.1232651648 115682.6742582553
123643.4562969716 120324.0667765532
121874.3486630966 129126.7077595319
123482.6283302557 131047.2839740000
126377.5317311420 118243.4425442128
123000.1444301079 126405.8914557021
126055.8757977102 126245.8434378298
126377.5317311420 115522.6262403830
123000.1444301079 129126.7077595319
122517.6605299602 126405.8914557021
125412.5639308466 123845.1231697447
125573.3918975625 118723.5865978298
124608.4240972670 126405.8914557021
123965.1122304034 127846.3236165532
120748.5528960852 128486.5156880426
131041.5427659034 116162.8183118723
128789.9512318807 120003.9707408085
127664.1554648693 121604.4509195319
98786.5880656534 133299.9447404939
99748.2189036307 133140.8207452622
93978.4338757670 138869.2845736037
96542.7827770398 133299.9447404939
111287.7889593579 131231.3328024817
102793.3832238920 132822.5727547988
94940.0647137443 137118.9206260549
101350.9369669261 134732.0606975793
92535.9876188012 138869.2845736037
98626.3162593239 136800.6726355915
101511.2087732557 133936.4407214207
102633.1114175625 133777.3167261890
113050.7788289830 130435.7128263232
92856.5312314602 138710.1605783720
106800.1783821307 133459.0687357256
100389.3061289489 134572.9367023476
101831.7523859148 134095.5647166524
98626.3162593239 133618.1927309573
114012.4096669602 129480.9688549329
95741.4237453920 135050.3086880427
94779.7929074148 137914.5406022134
94779.7929074148 136959.7966308232
99107.1316783125 137118.9206260549
106800.1783821307 131549.5807929451
104716.6448998466 132663.4487595671

126377.5317311420 121284.3548837872
126055.8757977102 124965.4592948511
126860.0156312898 124645.3632591064
127664.1554648693 114562.3381331489
122839.3164633920 125765.6993842128
127824.9834315852 114562.3381331489
126377.5317311420 119843.9227229362
127020.8435980057 115362.5782225106
124769.2520639829 118723.5865978298
121552.6927296648 131207.3319918723
128307.4673317330 114722.3861510213
122517.6605299602 124645.3632591064
121070.2088295171 129926.9478488936
122678.4884966761 124805.4112769787
123482.6283302557 128326.4676701702
128307.4673317330 114562.3381331489
124447.5961305511 125605.6513663404
127503.3274981534 115522.6262403830
127503.3274981534 116002.7702940000
128789.9512318807 119843.9227229362
130237.4029323239 116002.7702940000
125412.5639308466 116642.9623654894
127985.8113983011 121604.4509195319
130719.8868324716 115042.4821867659
123160.9723968239 118403.4905620851
126538.3596978580 123685.0751518723
123965.1122304034 126245.8434378298
129433.2630987443 114562.3381331489
121231.0367962330 128006.3716344255
125412.5639308466 117443.2024548511
128629.1232651648 116803.0103833617
122356.8325632443 121924.5469552766
120909.3808628011 132807.8121705958
121713.5206963807 131367.3800097447
122356.8325632443 128006.3716344255
125573.3918975625 123685.0751518723
127503.3274981534 116803.0103833617
123965.1122304034 125285.5553305957
129754.9190321761 115362.5782225106
123160.9723968239 121444.4029016596
127342.4995314375 121444.4029016596
130076.5749656079 113922.1460616596
122517.6605299602 121764.4989374042
129272.4351320284 118723.5865978298
130719.8868324716 116963.0584012340
133293.1342999261 112641.7619186808
123804.2842636875 121604.4509195319
124286.7681638352 126085.7954199574
126377.5317311420 118883.6346157021
125573.3918975625 117923.3465084681
122517.6605299602 120804.2108301702
122517.6605299602 128646.5637059149
121070.2088295171 126565.9394735745
127503.3274981534 115842.7222761276
130719.8868324716 116162.8183118723
122356.8325632443 130887.2359561277
102953.6550302216 133459.0687357256
93016.8030377898 139505.7805545304
101350.9369669261 135686.8046689695
102793.3832238920 132663.4487595671
93177.0748441193 138232.7885926768
109043.9836707443 132504.3247643354
115454.8559239261 129321.8448597012
101030.3933542671 133459.0687357256
103113.9268365511 132504.3247643354
100068.7625162898 134572.9367023476
109845.3427023921 130913.0848120183
99748.2189036307 136323.3006498964
117538.3894062102 128526.2248835427
95901.6955517216 135050.3086880427
101190.6651605966 132504.3247643354
103274.1986428807 134572.9367023476
96542.7827770398 136005.0526594329
93818.1620694375 137914.5406022134
103113.9268365511 132822.5727547988
98946.8598719830 136005.0526594329
111287.7889593579 130276.5888310915
109364.5272834034 131231.3328024817
99908.4907099602 136164.1766546646
101350.9369669261 135368.5566785061
104876.9167061761 131867.8287834085

121070.2088295171 128166.4196522979
123965.1122304034 129286.7557774043
121874.3486630966 125765.6993842128
128789.9512318807 116002.7702940000
123965.1122304034 117603.2504727234
122678.4884966761 121764.4989374042
124125.9401971193 127046.0835271915
130076.5749656079 117123.1064191064
131202.3707326193 116002.7702940000
124608.4240972670 126245.8434378298
123482.6283302557 131047.2839740000
128468.2952984489 119843.9227229362
124447.5961305511 123044.8830803830
121070.2088295171 131527.4280276170
130559.0588657557 116803.0103833617
121874.3486630966 130086.9958667660
123804.2842636875 120484.1147944255
123160.9723968239 117763.2984905957
123804.2842636875 127206.1315450639
128307.4673317330 114562.3381331489
123965.1122304034 121924.5469552766
125090.9079974148 123845.1231697447
127342.4995314375 118723.5865978298
123000.1444301079 130086.9958667660
124608.4240972670 128486.5156880426
126216.7037644261 115042.4821867659
122678.4884966761 132327.6681169787
123804.2842636875 120804.2108301702
124608.4240972670 127046.0835271915
128629.1232651648 115042.4821867659
126538.3596978580 122564.7390267660
130719.8868324716 116322.8663297447
122678.4884966761 126245.8434378298
127985.8113983011 122244.6429910213
122196.0045965284 122564.7390267660
122517.6605299602 126405.8914557021
128789.9512318807 114402.2901152766
130880.7147991875 115842.7222761276
119622.7571290739 131687.4760454894
123482.6283302557 122404.6910088936
128146.6393650171 115842.7222761276
130076.5749656079 116963.0584012340
130719.8868324716 114242.2420974042
124769.2520639829 116963.0584012340
125412.5639308466 119043.6826335745
126860.0156312898 118563.5385799574
131363.1986993352 114722.3861510213
125251.7359641307 126405.8914557021
124447.5961305511 121284.3548837872
120426.8969626534 130567.1399203830
126377.5317311420 120804.2108301702
128789.9512318807 116482.9143476170
121713.5206963807 124965.4592948511
129594.0910654602 114722.3861510213
124286.7681638352 127046.0835271915
126377.5317311420 116002.7702940000
99748.2189036307 133299.9447404939
98946.8598719830 135527.6806737378
112249.4197973352 130594.8368215549
114332.9532796193 129958.3408406280
102793.3832238920 133140.8207452622
99267.4034846421 135686.8046689695
101030.3933542671 132663.4487595671
112089.1479910057 130594.8368215549
98626.3162593239 136959.7966308232
103915.2858681989 132822.5727547988
109685.0708960625 131231.3328024817
106319.3629631420 132345.2007691037
95741.4237453920 137437.1686165183
109524.7990897330 131231.3328024817
101992.0241922443 132186.0767738720
98466.0444529943 135845.9286642012
94138.7056820966 137755.4166069817
103434.4704492102 132981.6967500305
94298.9774884261 136164.1766546646
97664.6854213466 133618.1927309573
98946.8598719830 135209.4326832744
99908.4907099602 136164.1766546646
97664.6854213466 136641.5486403597
104716.6448998466 133777.3167261890
116416.4867619034 129162.7208644695

123804.2842636875 128486.5156880426
123965.1122304034 119683.8747050638
121713.5206963807 129286.7557774043
131041.5427659034 114242.2420974042
125734.2198642784 116803.0103833617
127664.1554648693 122084.5949731489
125090.9079974148 121924.5469552766
126699.1876645739 121124.3068659149
124125.9401971193 117283.1544369787
120909.3808628011 132487.7161348510
121231.0367962330 126725.9874914468
124930.0800306989 124325.2672233617
123160.9723968239 126405.8914557021
124125.9401971193 118723.5865978298
122356.8325632443 130407.0919025107
127664.1554648693 123204.9310982553
126377.5317311420 124165.2192054894
129272.4351320284 120164.0187586808
122196.0045965284 132487.7161348510
127824.9834315852 120644.1628122979
122678.4884966761 126085.7954199574
128629.1232651648 117283.1544369787
124286.7681638352 126085.7954199574
128950.7791985966 117443.2024548511
120266.0689959375 131367.3800097447
123643.4562969716 117603.2504727234
129433.2630987443 117283.1544369787
123804.2842636875 128326.4676701702
127342.4995314375 116002.7702940000
124286.7681638352 128326.4676701702
122196.0045965284 130247.0438846383
126699.1876645739 124805.4112769787
127664.1554648693 119683.8747050638
128468.2952984489 115042.4821867659
124286.7681638352 118083.3945263404
122517.6605299602 126085.7954199574
122356.8325632443 129766.8998310213
124608.4240972670 117923.3465084681
121552.6927296648 131047.2839740000
132006.5105661988 113281.9539901702
123965.1122304034 129446.8037952766
124125.9401971193 121604.4509195319
129111.6071653125 115042.4821867659
128950.7791985966 116322.8663297447
120266.0689959375 131527.4280276170
127985.8113983011 116162.8183118723
125734.2198642784 115202.5302046383
123804.2842636875 128006.3716344255
123965.1122304034 127686.2755986809
121231.0367962330 127846.3236165532
122356.8325632443 125285.5553305957
130237.4029323239 116803.0103833617
127664.1554648693 121124.3068659149
125251.7359641307 126886.0355093191
122035.1766298125 130086.9958667660
130719.8868324716 116803.0103833617
103594.7422555398 133140.8207452622
114493.2250859489 129799.2168453963
110486.4299277102 131867.8287834085
109845.3427023921 130276.5888310915
99107.1316783125 136800.6726355915
104396.1012871875 132026.9527786403
103594.7422555398 132981.6967500305
97985.2290340057 133459.0687357256
104235.8294808580 134095.5647166524
97344.1418086875 135527.6806737378
99267.4034846421 135845.9286642012
114012.4096669602 129162.7208644695
97664.6854213466 135686.8046689695
97023.5981960284 134413.8127071159
104075.5576745284 133936.4407214207
98305.7726466648 135050.3086880427
117057.5739872216 128844.4728740061
104716.6448998466 132186.0767738720
95581.1519390625 135845.9286642012
108402.8964454261 130753.9608167866
95260.6083264034 138391.9125879085
97824.9572276761 135845.9286642012
95260.6083264034 135209.4326832744
110486.4299277102 130753.9608167866
108883.7118644148 132186.0767738720

120105.2410292216 132647.7641527234
123643.4562969716 128006.3716344255
126377.5317311420 123525.0271340000
122517.6605299602 122404.6910088936
125090.9079974148 117763.2984905957
131845.6825994829 115042.4821867659
132006.5105661988 114722.3861510213
132006.5105661988 113281.9539901702
120909.3808628011 129766.8998310213
129754.9190321761 116482.9143476170
126055.8757977102 125765.6993842128
128629.1232651648 116963.0584012340
132167.3385329148 114402.2901152766
132328.1664996307 113442.0020080425
130076.5749656079 118083.3945263404
124447.5961305511 117443.2024548511
128307.4673317330 121924.5469552766
125090.9079974148 127366.1795629362
133132.3063332102 112961.8579544255
128789.9512318807 119043.6826335745
126377.5317311420 125445.6033484681
130398.2308990398 117123.1064191064
127664.1554648693 119363.7786693192
129111.6071653125 118243.4425442128
128468.2952984489 121284.3548837872
124769.2520639829 115842.7222761276
130237.4029323239 116162.8183118723
121552.6927296648 134088.1963135745
125734.2198642784 125605.6513663404
126216.7037644261 121764.4989374042
126216.7037644261 117283.1544369787
125895.0478309943 118403.4905620851
120748.5528960852 128166.4196522979
125251.7359641307 115522.6262403830
125412.5639308466 122724.7870446383
123321.8003635398 126725.9874914468
128468.2952984489 116162.8183118723
126377.5317311420 121284.3548837872
124447.5961305511 125925.7474020851
124286.7681638352 127846.3236165532
127181.6715647216 116482.9143476170
120426.8969626534 130086.9958667660
127342.4995314375 122404.6910088936
123804.2842636875 125765.6993842128
127664.1554648693 115202.5302046383
129754.9190321761 115522.6262403830
130719.8868324716 114722.3861510213
123160.9723968239 121124.3068659149
123000.1444301079 119843.9227229362
124286.7681638352 122724.7870446383
128468.2952984489 119683.8747050638
127985.8113983011 122084.5949731489
124769.2520639829 121604.4509195319
121070.2088295171 127046.0835271915
124930.0800306989 126245.8434378298
123482.6283302557 128966.6597416596
92375.7158124716 139824.0285449939
96222.2391643807 137755.4166069817
96061.9673580511 134572.9367023476
99267.4034846421 134254.6887118841
99267.4034846421 133299.9447404939
102152.2959985739 133140.8207452622
100229.0343226193 132504.3247643354
109204.2554770739 131708.7047881768
112730.2352163239 130753.9608167866
94619.5211010852 137278.0446212866
110967.2453466989 130117.4648358598
106319.3629631420 131708.7047881768
115294.5841175966 128844.4728740061
105998.8193504830 132981.6967500305
108082.3528327670 132663.4487595671
103113.9268365511 132345.2007691037
103594.7422555398 134891.1846928110
97824.9572276761 135527.6806737378
107922.0810264375 132026.9527786403
100068.7625162898 134254.6887118841
93818.1620694375 138232.7885926768
102633.1114175625 132026.9527786403
97664.6854213466 133618.1927309573
92696.2594251307 139983.1525402256
99267.4034846421 134891.1846928110

121231.0367962330 134248.2443314468
123321.8003635398 117923.3465084681
124769.2520639829 128326.4676701702
121070.2088295171 129126.7077595319
127503.3274981534 121604.4509195319
121874.3486630966 125445.6033484681
124286.7681638352 117923.3465084681
124608.4240972670 118083.3945263404
119944.4130625057 130567.1399203830
128146.6393650171 119523.8266871915
122839.3164633920 129446.8037952766
124608.4240972670 121764.4989374042
125573.3918975625 126565.9394735745
123804.2842636875 122084.5949731489
121231.0367962330 129606.8518131489
128950.7791985966 119043.6826335745
127342.4995314375 116482.9143476170
128629.1232651648 118723.5865978298
121391.8647629489 128966.6597416596
127181.6715647216 122404.6910088936
124447.5961305511 128006.3716344255
124447.5961305511 128326.4676701702
127985.8113983011 114562.3381331489
131041.5427659034 113762.0980437872
122356.8325632443 123685.0751518723
125251.7359641307 127366.1795629362
122356.8325632443 120964.2588480426
124125.9401971193 122884.8350625106
124286.7681638352 128806.6117237873
130880.7147991875 116482.9143476170
129433.2630987443 118563.5385799574
124769.2520639829 127846.3236165532
128789.9512318807 114562.3381331489
125251.7359641307 119363.7786693192
128307.4673317330 116642.9623654894
121874.3486630966 130727.1879382553
131524.0266660511 114562.3381331489
122839.3164633920 129286.7557774043
129594.0910654602 114242.2420974042
124447.5961305511 124805.4112769787
124608.4240972670 122724.7870446383
121713.5206963807 131527.4280276170
129754.9190321761 115202.5302046383
125895.0478309943 123204.9310982553
121070.2088295171 126405.8914557021
123965.1122304034 126085.7954199574
126216.7037644261 116162.8183118723
128146.6393650171 115362.5782225106
124125.9401971193 117603.2504727234
130237.4029323239 116162.8183118723
129111.6071653125 115522.6262403830
125895.0478309943 115362.5782225106
127020.8435980057 124005.1711876170
123965.1122304034 128646.5637059149
123000.1444301079 119203.7306514468
121070.2088295171 130407.0919025107
93657.8902631080 139664.9045497622
99427.6752909716 134254.6887118841
106639.9065758011 132663.4487595671
108883.7118644148 131072.2088072500
100870.1215479375 134732.0606975793
100229.0343226193 134891.1846928110
103113.9268365511 132026.9527786403
95741.4237453920 137596.2926117500
107601.5374137784 131708.7047881768
103594.7422555398 134254.6887118841
96061.9673580511 137437.1686165183
95901.6955517216 135686.8046689695
94459.2492947557 139028.4085688354
103274.1986428807 131708.7047881768
112730.2352163239 129958.3408406280
99587.9470973011 134413.8127071159
99587.9470973011 134732.0606975793
98946.8598719830 135686.8046689695
93337.3466504489 139505.7805545304
95260.6083264034 137118.9206260549
109043.9836707443 130435.7128263232
98626.3162593239 136323.3006498964
99107.1316783125 135686.8046689695
106319.3629631420 131231.3328024817
105357.7321251648 133618.1927309573

120266.0689959375 128966.6597416596
129272.4351320284 116322.8663297447
127503.3274981534 114882.4341688936
119622.7571290739 131847.5240633617
125895.0478309943 122404.6910088936
123000.1444301079 126405.8914557021
120748.5528960852 127846.3236165532
122035.1766298125 130727.1879382553
124930.0800306989 119683.8747050638
123482.6283302557 130086.9958667660
125573.3918975625 121764.4989374042
129433.2630987443 115042.4821867659
132006.5105661988 114562.3381331489
122035.1766298125 132967.8601884681
127020.8435980057 124165.2192054894
130076.5749656079 118243.4425442128
121874.3486630966 123525.0271340000
126055.8757977102 115042.4821867659
127181.6715647216 123845.1231697447
123804.2842636875 129606.8518131489
127181.6715647216 118563.5385799574
120748.5528960852 131687.4760454894
126699.1876645739 124325.2672233617
128950.7791985966 118883.6346157021
121391.8647629489 130407.0919025107
124286.7681638352 122724.7870446383
129754.9190321761 117283.1544369787
129754.9190321761 114882.4341688936
127664.1554648693 117123.1064191064
125573.3918975625 122244.6429910213
126860.0156312898 116162.8183118723
131524.0266660511 115202.5302046383
121070.2088295171 131527.4280276170
129272.4351320284 115522.6262403830
126055.8757977102 117603.2504727234
122196.0045965284 124805.4112769787
123643.4562969716 126725.9874914468
126055.8757977102 119523.8266871915
127181.6715647216 123044.8830803830
123965.1122304034 128966.6597416596
133293.1342999261 112641.7619186808
127824.9834315852 119683.8747050638
125734.2198642784 119843.9227229362
121874.3486630966 128326.4676701702
124125.9401971193 121284.3548837872
124769.2520639829 125125.5073127234
130559.0588657557 114082.1940795319
127824.9834315852 120964.2588480426
125895.0478309943 118563.5385799574
130076.5749656079 116482.9143476170
130237.4029323239 114242.2420974042
124286.7681638352 117603.2504727234
130719.8868324716 117443.2024548511
123321.8003635398 121604.4509195319
127824.9834315852 120324.0667765532
127824.9834315852 118403.4905620851
108563.1682517557 130753.9608167866
102152.2959985739 132345.2007691037
101992.0241922443 134891.1846928110
111928.8761846761 129958.3408406280
100549.5779352784 135368.5566785061
107761.8092201079 131708.7047881768
105998.8193504830 133459.0687357256
99267.4034846421 132822.5727547988
99748.2189036307 136323.3006498964
94138.7056820966 138869.2845736037
99267.4034846421 134891.1846928110
95741.4237453920 137118.9206260549
101831.7523859148 135368.5566785061
114974.0405049375 129162.7208644695
101190.6651605966 132504.3247643354
96863.3263896989 136005.0526594329
96863.3263896989 134095.5647166524
93337.3466504489 139346.6565592987
97504.4136150171 136641.5486403597
109524.7990897330 131072.2088072500
94779.7929074148 136164.1766546646
102312.5678049034 133459.0687357256
114172.6814732898 129799.2168453963
104876.9167061761 132026.9527786403
95741.4237453920 136164.1766546646

121070.2088295171 130727.1879382553
124930.0800306989 123845.1231697447
123482.6283302557 128966.6597416596
125412.5639308466 118083.3945263404
126377.5317311420 115362.5782225106
126055.8757977102 123845.1231697447
121231.0367962330 134248.2443314468
130237.4029323239 116642.9623654894
120426.8969626534 130727.1879382553
124286.7681638352 120324.0667765532
124125.9401971193 126405.8914557021
123804.2842636875 127206.1315450639
127181.6715647216 121444.4029016596
123804.2842636875 130086.9958667660
127824.9834315852 118083.3945263404
125412.5639308466 127366.1795629362
121231.0367962330 127526.2275808085
126055.8757977102 124005.1711876170
124286.7681638352 129446.8037952766
121391.8647629489 125445.6033484681
122035.1766298125 123845.1231697447
120266.0689959375 130727.1879382553
127181.6715647216 117443.2024548511
128950.7791985966 114242.2420974042
126538.3596978580 115202.5302046383
124447.5961305511 129286.7557774043
126860.0156312898 118083.3945263404
131524.0266660511 113442.0020080425
129111.6071653125 118563.5385799574
128307.4673317330 117763.2984905957
122678.4884966761 121444.4029016596
121874.3486630966 133768.1002778298
133293.1342999261 112641.7619186808
123160.9723968239 130247.0438846383
128629.1232651648 119683.8747050638
128146.6393650171 119683.8747050638
121391.8647629489 124325.2672233617
127181.6715647216 122884.8350625106
123321.8003635398 123845.1231697447
128789.9512318807 116002.7702940000
123482.6283302557 120804.2108301702
123160.9723968239 121284.3548837872
121552.6927296648 134408.2923493191
126216.7037644261 122884.8350625106
120266.0689959375 129606.8518131489
128307.4673317330 115682.6742582553
129111.6071653125 115362.5782225106
128468.2952984489 115522.6262403830
129754.9190321761 119043.6826335745
122678.4884966761 128646.5637059149
120426.8969626534 129126.7077595319
127664.1554648693 121444.4029016596
123321.8003635398 121284.3548837872
128146.6393650171 115362.5782225106
121713.5206963807 126245.8434378298
124769.2520639829 117923.3465084681
101030.3933542671 134254.6887118841
98946.8598719830 136482.4246451280
93978.4338757670 139028.4085688354
93818.1620694375 137278.0446212866
107120.7219947898 132345.2007691037
104075.5576745284 132822.5727547988
92856.5312314602 139187.5325640670
94298.9774884261 138551.0365831402
100549.5779352784 134413.8127071159
95260.6083264034 138551.0365831402
98626.3162593239 135050.3086880427
104235.8294808580 133618.1927309573
106319.3629631420 131549.5807929451
104716.6448998466 131708.7047881768
96703.0545833693 134732.0606975793
100389.3061289489 133140.8207452622
95100.3365200739 139028.4085688354
106639.9065758011 132822.5727547988
98305.7726466648 137118.9206260549
113050.7788289830 130435.7128263232
103915.2858681989 132822.5727547988
97504.4136150171 136482.4246451280
102152.2959985739 132504.3247643354
101350.9369669261 133618.1927309573
93177.0748441193 138710.1605783720

121391.8647629489 134408.2923493191
121874.3486630966 132647.7641527234
121231.0367962330 131047.2839740000
119944.4130625057 130727.1879382553
122196.0045965284 129926.9478488936
123000.1444301079 125765.6993842128
121874.3486630966 125125.5073127234
121231.0367962330 124965.4592948511
124447.5961305511 124965.4592948511
127020.8435980057 122724.7870446383
123160.9723968239 122084.5949731489
124769.2520639829 121924.5469552766
125090.9079974148 121764.4989374042
128307.4673317330 121284.3548837872
126216.7037644261 121124.3068659149
122356.8325632443 120964.2588480426
123643.4562969716 119683.8747050638
125573.3918975625 117603.2504727234
130559.0588657557 117603.2504727234
127664.1554648693 117443.2024548511
125251.7359641307 116642.9623654894
127985.8113983011 116642.9623654894
130880.7147991875 116642.9623654894
129754.9190321761 115202.5302046383
126538.3596978580 115042.4821867659
127342.4995314375 114722.3861510213
129111.6071653125 114722.3861510213
130719.8868324716 114242.2420974042
132488.9944663466 114082.1940795319
131684.8546327670 113762.0980437872
132649.8224330625 113762.0980437872
132488.9944663466 112961.8579544255
124286.7681638352 117283.1544369787
122517.6605299602 120484.1147944255
126699.1876645739 124965.4592948511
125734.2198642784 116322.8663297447
123000.1444301079 123685.0751518723
122517.6605299602 132327.6681169787
129915.7469988920 117443.2024548511
122517.6605299602 131847.5240633617
130076.5749656079 114722.3861510213
123804.2842636875 127846.3236165532
120426.8969626534 128806.6117237873
125895.0478309943 122724.7870446383
123321.8003635398 124805.4112769787
124447.5961305511 115842.7222761276
126055.8757977102 126085.7954199574
120909.3808628011 128166.4196522979
124930.0800306989 119683.8747050638
120266.0689959375 130567.1399203830
122839.3164633920 132007.5720812341
125090.9079974148 120003.9707408085
124930.0800306989 122724.7870446383
128629.1232651648 117923.3465084681
132810.6503997784 112961.8579544255
127985.8113983011 115202.5302046383
92696.2594251307 140142.2765354573
95260.6083264034 138869.2845736037
92696.2594251307 138551.0365831402
93657.8902631080 137755.4166069817
100229.0343226193 136482.4246451280
97664.6854213466 135845.9286642012
99107.1316783125 135686.8046689695
97664.6854213466 134891.1846928110
95741.4237453920 134413.8127071159
103274.1986428807 134254.6887118841
101030.3933542671 134095.5647166524
99908.4907099602 133777.3167261890
97344.1418086875 133618.1927309573
99267.4034846421 133299.9447404939
99908.4907099602 133299.9447404939
107120.7219947898 132822.5727547988
99908.4907099602 132663.4487595671
108883.7118644148 131867.8287834085
108242.6246390966 131390.4567977134
112089.1479910057 131072.2088072500
112409.6916036648 130594.8368215549
113371.3224416420 130117.4648358598
110806.9735403693 129958.3408406280
114493.2250859489 129958.3408406280
116416.4867619034 129003.5968692378

121874.3486630966 132647.7641527234
122517.6605299602 131847.5240633617
121070.2088295171 131687.4760454894
120105.2410292216 130247.0438846383
122196.0045965284 129926.9478488936
124769.2520639829 128166.4196522979
121713.5206963807 126565.9394735745
123000.1444301079 125765.6993842128
125251.7359641307 125765.6993842128
125895.0478309943 125765.6993842128
126216.7037644261 125765.6993842128
124447.5961305511 124965.4592948511
126055.8757977102 124965.4592948511
123321.8003635398 123685.0751518723
122356.8325632443 123204.9310982553
124769.2520639829 121924.5469552766
128146.6393650171 121924.5469552766
125090.9079974148 121764.4989374042
126055.8757977102 120964.2588480426
127503.3274981534 120324.0667765532
126216.7037644261 118723.5865978298
125573.3918975625 117603.2504727234
127181.6715647216 117123.1064191064
124608.4240972670 116963.0584012340
128468.2952984489 115842.7222761276
129111.6071653125 115682.6742582553
130559.0588657557 115682.6742582553
130880.7147991875 115042.4821867659
132488.9944663466 114082.1940795319
132649.8224330625 113762.0980437872
130880.7147991875 113281.9539901702
132810.6503997784 112961.8579544255
124930.0800306989 119683.8747050638
124608.4240972670 119523.8266871915
124125.9401971193 117603.2504727234
122839.3164633920 119203.7306514468
123000.1444301079 131847.5240633617
125734.2198642784 116322.8663297447
122839.3164633920 132007.5720812341
121231.0367962330 131047.2839740000
119944.4130625057 130727.1879382553
127503.3274981534 117123.1064191064
120105.2410292216 132647.7641527234
123000.1444301079 123685.0751518723
124125.9401971193 129126.7077595319
130719.8868324716 114242.2420974042
125573.3918975625 125925.7474020851
127342.4995314375 121924.5469552766
130237.4029323239 117123.1064191064
121391.8647629489 134408.2923493191
123965.1122304034 125445.6033484681
132167.3385329148 114082.1940795319
128146.6393650171 116002.7702940000
122035.1766298125 128806.6117237873
127020.8435980057 117923.3465084681
123965.1122304034 118563.5385799574
96382.5109707102 136959.7966308232
95581.1519390625 136164.1766546646
97664.6854213466 135845.9286642012
98145.5008403352 135845.9286642012
96061.9673580511 134572.9367023476
101190.6651605966 133936.4407214207
102312.5678049034 133936.4407214207
97344.1418086875 133618.1927309573
105357.7321251648 132186.0767738720
108082.3528327670 131390.4567977134
112089.1479910057 131072.2088072500
110326.1581213807 130594.8368215549
112409.6916036648 130594.8368215549
113371.3224416420 130117.4648358598
110806.9735403693 129958.3408406280
105998.8193504830 132504.3247643354
100229.0343226193 133777.3167261890
103113.9268365511 134095.5647166524
105838.5475441534 133618.1927309573
94619.5211010852 138710.1605783720
100229.0343226193 136482.4246451280
98946.8598719830 135050.3086880427
92696.2594251307 139505.7805545304
92375.7158124716 140142.2765354573
100229.0343226193 136005.0526594329

121231.0367962330 134088.1963135745
121874.3486630966 132647.7641527234
122196.0045965284 130887.2359561277
120748.5528960852 130247.0438846383
121552.6927296648 129126.7077595319
124286.7681638352 127526.2275808085
122678.4884966761 126405.8914557021
124286.7681638352 126405.8914557021
125251.7359641307 125125.5073127234
121231.0367962330 124805.4112769787
126216.7037644261 122404.6910088936
122356.8325632443 122084.5949731489
123643.4562969716 121764.4989374042
124286.7681638352 121764.4989374042
127824.9834315852 120644.1628122979
123160.9723968239 120484.1147944255
124125.9401971193 120484.1147944255
128307.4673317330 120484.1147944255
125734.2198642784 117923.3465084681
129754.9190321761 117443.2024548511
128629.1232651648 116963.0584012340
123804.2842636875 116642.9623654894
128950.7791985966 116482.9143476170
130398.2308990398 116482.9143476170
127020.8435980057 115522.6262403830
127181.6715647216 115362.5782225106
130719.8868324716 114082.1940795319
130398.2308990398 114562.3381331489
123160.9723968239 119203.7306514468
122035.1766298125 129926.9478488936
119783.5850957898 131527.4280276170
128468.2952984489 118083.3945263404
128307.4673317330 117603.2504727234
121874.3486630966 125125.5073127234
122035.1766298125 129126.7077595319
126699.1876645739 118243.4425442128
124769.2520639829 115522.6262403830
122839.3164633920 119363.7786693192
124125.9401971193 117923.3465084681
130719.8868324716 113602.0500259149
123804.2842636875 118243.4425442128
123000.1444301079 119203.7306514468
128307.4673317330 114722.3861510213
129915.7469988920 116162.8183118723
123965.1122304034 122244.6429910213
124769.2520639829 120484.1147944255
123160.9723968239 118083.3945263404
127664.1554648693 121764.4989374042
122839.3164633920 122244.6429910213
124286.7681638352 125445.6033484681
126860.0156312898 115042.4821867659
120587.7249293693 128166.4196522979
120748.5528960852 131047.2839740000
125412.5639308466 122884.8350625106
126699.1876645739 120964.2588480426
124286.7681638352 128166.4196522979
93337.3466504489 138232.7885926768
94459.2492947557 136800.6726355915
95581.1519390625 136641.5486403597
99427.6752909716 136323.3006498964
101350.9369669261 134254.6887118841
95901.6955517216 133936.4407214207
104396.1012871875 133777.3167261890
103594.7422555398 133459.0687357256
100709.8497416080 133299.9447404939
105998.8193504830 133140.8207452622
106639.9065758011 132663.4487595671
109685.0708960625 130435.7128263232
112249.4197973352 129799.2168453963
114172.6814732898 129640.0928501646
99107.1316783125 135845.9286642012
95901.6955517216 137914.5406022134
106319.3629631420 132504.3247643354
105518.0039314943 131708.7047881768
98145.5008403352 135845.9286642012
98946.8598719830 136641.5486403597
97183.8700023580 135209.4326832744
110005.6145087216 130117.4648358598
93016.8030377898 138391.9125879085
97183.8700023580 136641.5486403597
109685.0708960625 131231.3328024817

