838964050.9730001688 6518.6956875324
837055190.1114453077 6458.0447545052
844702334.3735799789 6586.2149036527
848367573.5171941519 6633.4040200710
847647781.4782513380 6623.8018536568
835169879.1768027544 6442.8072914481
850478239.2462124825 6639.6824252605
832015810.8451157808 6276.2515676022
845366584.0976728201 6600.6013708115
859516092.8684532642 6646.0527346730
831749165.5771301985 6231.1363028288
832894282.2124186754 6315.5303490162
838031026.3085966110 6504.4110288024
837555907.5658570528 6473.6613778472
834179572.5475174189 6417.8003659248
830964067.5035917759 6176.7742928863
829697250.9460673332 6136.6323236823
846036962.5932567120 6611.4055851698
833868405.5668749809 6348.1938358545
841595390.2477483749 6533.7983164787
839562594.1108704805 6521.1981142759
