832376906.1996670961 6364.9791640043
853801799.0535072088 6702.6811845303
830496107.5502706766 6322.6977000237
839388273.5568132401 6525.3484561443
832563412.6218646765 6497.7837624550
859735430.6696605682 6722.7499016523
839569604.5905041695 6598.4786698818
846445731.5019724369 6641.7286913395
832214623.7200250626 6352.9396628141
845675318.6297302246 6622.6105492115
853509848.7326524258 6658.5143351555
829695266.8623470068 6303.5813860893
838964050.9730001688 6518.6956875324
845366584.0976728201 6600.6013708115
838031026.3085966110 6504.4110288024
