404895612.5575716496 111089.6390151978
426338008.2212956548 123875.0138092041
408577341.1673741341 117756.5602378845
423834977.8131502271 123720.6780319214
414798855.9081850648 119994.8815689087
407860984.0970294476 114849.4401016235
407430203.7979444861 113854.5960388184
411403903.0875778198 119432.2908325195
409783701.6814304590 119332.1658554077
414893668.8975440860 120606.8112258911
409355385.2729015946 117810.7570571899
419723615.3824633360 123343.8039054871
415497864.0116364956 123217.8450355530
406883849.4052603245 111836.3049354553
414310618.5160709023 119882.5210647583
