120543.2389075937 141486.2367114759
121342.7726165426 141486.2367114759
121822.4928419119 141486.2367114759
122622.0265508608 141486.2367114759
124221.0939687585 141007.1711446446
118944.1714896960 140847.4826223675
124700.8141941278 140528.1055778133
126619.6950956051 139889.3514887048
114306.8759777926 139410.2859218735
118944.1714896960 139410.2859218735
123261.6535180199 139410.2859218735
123901.2804851790 139410.2859218735
125660.2546448665 139090.9088773193
122462.1198090710 138771.5318327651
116225.7568792699 138611.8433104880
131416.8973492983 138611.8433104880
117505.0108135881 138292.4662659337
120063.5186822244 138292.4662659337
119104.0782314858 138132.7777436566
127259.3220627642 137973.0892213795
115426.2231703210 137653.7121768253
119903.6119404347 137653.7121768253
132856.0580254063 137653.7121768253
119104.0782314858 137174.6466099940
116385.6636210596 136855.2695654398
115905.9433956903 136535.8925208855
123901.2804851790 136376.2039986084
119903.6119404347 136216.5154763313
122302.2130672813 136216.5154763313
125980.0681284460 136216.5154763313
134615.0321850938 136216.5154763313
115746.0366539006 135737.4499095000
124700.8141941278 135737.4499095000
121822.4928419119 135577.7613872229
127739.0422881335 135418.0728649458
131896.6175746676 135418.0728649458
120063.5186822244 135258.3843426687
126139.9748702358 135258.3843426687
115905.9433956903 135098.6958203916
131256.9906075085 135098.6958203916
136374.0063447813 135098.6958203916
122302.2130672813 134939.0072981144
129817.8299314006 134939.0072981144
130937.1771239290 134779.3187758374
124700.8141941278 134459.9417312832
129657.9231896108 134459.9417312832
119743.7051986449 133980.8761644518
124221.0939687585 133980.8761644518
127739.0422881335 133980.8761644518
117505.0108135881 133661.4991198976
136054.1928612017 133661.4991198976
135894.2861194119 133342.1220753434
132376.3378000369 133182.4335530663
135734.3793776222 132543.6794639578
137333.4467955199 132383.9909416807
140211.7681477358 132224.3024194036
125340.4411612869 132064.6138971265
133015.9647671960 132064.6138971265
138612.7007298381 132064.6138971265
137973.0737626790 131745.2368525723
140531.5816313153 131425.8598080181
119743.7051986449 131106.4827634638
134135.3119597244 131106.4827634638
136374.0063447813 130946.7942411868
129657.9231896108 130627.4171966326
121662.5861001222 130308.0401520783
133815.4984761449 130148.3516298012
133655.5917343551 129828.9745852470
132696.1512836165 129509.5975406928
130777.2703821392 129349.9090184157
123741.3737433892 129190.2204961385
136693.8198283608 129030.5319738615
139412.2344387870 128711.1549293072
124381.0007105483 128391.7778847530
134135.3119597244 128232.0893624759
124381.0007105483 128072.4008401988
137973.0737626790 127753.0237956446
134774.9389268835 127273.9582288132
126619.6950956051 127114.2697065362
125980.0681284460 126954.5811842590
125500.3479030767 126794.8926619819
138772.6074716279 126635.2041397048
132056.5243164574 126475.5156174277
129018.2962224517 125996.4500505964
136374.0063447813 125677.0730060421
126619.6950956051 125517.3844837651
127579.1355463438 125357.6959614879
134774.9389268835 125198.0074392109
127099.4153209744 125038.3189169337
133815.4984761449 125038.3189169337
124860.7209359176 124878.6303946566
128378.6692552926 124559.2533501024
132856.0580254063 124239.8763055482
136853.7265701506 124239.8763055482
134934.8456686733 124080.1877832711
133655.5917343551 123920.4992609940
129178.2029642415 123760.8107387169
131416.8973492983 123760.8107387169
133015.9647671960 123601.1222164398
131256.9906075085 123281.7451718855
126939.5085791847 122802.6796050542
128858.3894806619 122163.9255159458
129498.0164478210 122163.9255159458
128538.5759970824 121525.1714268374
130137.6434149801 120886.4173377289
131896.6175746676 120567.0402931747
131576.8040910881 120247.6632486205
132376.3378000369 119928.2862040663
133975.4052179347 119289.5321149578
132536.2445418267 118810.4665481265
134455.1254433040 118491.0895035723
134615.0321850938 118171.7124590181
135254.6591522528 116574.8272362470
135094.7524104631 116255.4501916928
139092.4209552074 131745.2368525723
130777.2703821392 139889.3514887048
129657.9231896108 125836.7615283193
130777.2703821392 132703.3679862349
113667.2490106335 138771.5318327651
128698.4827388721 121365.4829045603
130777.2703821392 119608.9091595121
122302.2130672813 139250.5973995964
130137.6434149801 129509.5975406928
121182.8658747528 139569.9744441506
129498.0164478210 119928.2862040663
119583.7984568551 138771.5318327651
134295.2187015142 129988.6631075241
134774.9389268835 126156.1385728735
120863.0523911733 130787.1057189096
129817.8299314006 133342.1220753434
125500.3479030767 131106.4827634638
134135.3119597244 116894.2042808012
125340.4411612869 126475.5156174277
120543.2389075937 138132.7777436566
128058.8557717131 121684.8599491145
132216.4310582472 121844.5484713916
121822.4928419119 128391.7778847530
117025.2905882187 137973.0892213795
118144.6377807472 132863.0565085121
121982.3995837017 132383.9909416807
117185.1973300085 140208.7285332590
125980.0681284460 129509.5975406928
127898.9490299233 137174.6466099940
135574.4726358324 134300.2532090060
132056.5243164574 122163.9255159458
133655.5917343551 122642.9910827771
120383.3321658040 131425.8598080181
132056.5243164574 118171.7124590181
128858.3894806619 128870.8434515843
129657.9231896108 138931.2203550422
121182.8658747528 138132.7777436566
128538.5759970824 124239.8763055482
125660.2546448665 130148.3516298012
128218.7625135029 136056.8269540542
138612.7007298381 130308.0401520783
116705.4771046392 136535.8925208855
115586.1299121108 136056.8269540542
131736.7108328778 117852.3354144639
124061.1872269688 136535.8925208855
127419.2288045540 138132.7777436566
131097.0838657188 118171.7124590181
123261.6535180199 126635.2041397048
135094.7524104631 121205.7943822831
133335.7782507756 126954.5811842590
123261.6535180199 137334.3351322711
130617.3636403494 119129.8435926807
138772.6074716279 127433.6467510904
124221.0939687585 142284.6793228615
133335.7782507756 119928.2862040663

129338.1097060312 135258.3843426687
135574.4726358324 131585.5483302952
138612.7007298381 127912.7123179217
124381.0007105483 133022.7450307891
138932.5142134176 129349.9090184157
127099.4153209744 123760.8107387169
131896.6175746676 135897.1384317771
128538.5759970824 123760.8107387169
137493.3535373097 132703.3679862349
126779.6018373949 131425.8598080181
126779.6018373949 125517.3844837651
132536.2445418267 137174.6466099940
132696.1512836165 126475.5156174277
122941.8400344403 128711.1549293072
135094.7524104631 124878.6303946566
131256.9906075085 127273.9582288132
128378.6692552926 121525.1714268374
136693.8198283608 124080.1877832711
135734.3793776222 134140.5646867289
130137.6434149801 131904.9253748494
122462.1198090710 140687.7941000904
127259.3220627642 128391.7778847530
115426.2231703210 137973.0892213795
129178.2029642415 132224.3024194036
118144.6377807472 133022.7450307891
136374.0063447813 119928.2862040663
134774.9389268835 119129.8435926807
118624.3580061165 140528.1055778133
139412.2344387870 132064.6138971265
129657.9231896108 140049.0400109819
129977.7366731903 128072.4008401988
131736.7108328778 130627.4171966326
128218.7625135029 139090.9088773193
128698.4827388721 130148.3516298012
123261.6535180199 137174.6466099940
130137.6434149801 119928.2862040663
119743.7051986449 136216.5154763313
135894.2861194119 134459.9417312832
128698.4827388721 128551.4664070301
133815.4984761449 131904.9253748494
133175.8715089858 121525.1714268374
120863.0523911733 138452.1547882108
120863.0523911733 139090.9088773193
129817.8299314006 121205.7943822831
132376.3378000369 136695.5810431626
133175.8715089858 119928.2862040663
127419.2288045540 137494.0236545482
122462.1198090710 141805.6137560301
125660.2546448665 130627.4171966326
128378.6692552926 127114.2697065362
131416.8973492983 136376.2039986084
125340.4411612869 134459.9417312832
133655.5917343551 135418.0728649458
124381.0007105483 128551.4664070301
129977.7366731903 125198.0074392109
132696.1512836165 132703.3679862349
137973.0737626790 126315.8270951506
114786.5962031619 138931.2203550422
138132.9805044688 131585.5483302952
126139.9748702358 141645.9252337530
124860.7209359176 125198.0074392109
126779.6018373949 123760.8107387169
120863.0523911733 130308.0401520783
138452.7939880483 130946.7942411868
124221.0939687585 140847.4826223675
120383.3321658040 141166.8596669217
130457.4568985597 134939.0072981144
123581.4670015994 127912.7123179217
132536.2445418267 128232.0893624759
138932.5142134176 127593.3352733675
124381.0007105483 129669.2860629699
124061.1872269688 140368.4170555361
133175.8715089858 133980.8761644518
125820.1613866563 124878.6303946566
136693.8198283608 120726.7288154518
135094.7524104631 125198.0074392109
119583.7984568551 134140.5646867289
135254.6591522528 117532.9583699096
133495.6849925653 118171.7124590181
129817.8299314006 131106.4827634638
118304.5445225369 134140.5646867289
115586.1299121108 135737.4499095000
116225.7568792699 137334.3351322711
121182.8658747528 138452.1547882108
126779.6018373949 137174.6466099940
133015.9647671960 125836.7615283193
127259.3220627642 134459.9417312832
118624.3580061165 141007.1711446446
135894.2861194119 135258.3843426687
114946.5029449517 136695.5810431626
122622.0265508608 131425.8598080181
133015.9647671960 117373.2698476325
117984.7310389574 137973.0892213795
127739.0422881335 124878.6303946566
122781.9332926506 138292.4662659337
128858.3894806619 131904.9253748494
123901.2804851790 132863.0565085121
127898.9490299233 134939.0072981144
128218.7625135029 126156.1385728735
127898.9490299233 135897.1384317771
129977.7366731903 139729.6629664277
128538.5759970824 123281.7451718855
132536.2445418267 126794.8926619819
129977.7366731903 119289.5321149578
119903.6119404347 137334.3351322711
136054.1928612017 129030.5319738615
130457.4568985597 137653.7121768253
136374.0063447813 129509.5975406928
136214.0996029915 126794.8926619819
136374.0063447813 124399.5648278253
128858.3894806619 134300.2532090060
119743.7051986449 132064.6138971265
124221.0939687585 129828.9745852470
136853.7265701506 125836.7615283193
134615.0321850938 134300.2532090060
118304.5445225369 139410.2859218735
125660.2546448665 136056.8269540542
134774.9389268835 117213.5813253554
128218.7625135029 124718.9418723795
115106.4096867415 137973.0892213795
130937.1771239290 138771.5318327651
127898.9490299233 125677.0730060421
137333.4467955199 128551.4664070301
120063.5186822244 131425.8598080181
119583.7984568551 140847.4826223675
137653.2602790994 127912.7123179217
137333.4467955199 126635.2041397048
136853.7265701506 124559.2533501024
132376.3378000369 122483.3025605000
128858.3894806619 140687.7941000904
116865.3838464290 139889.3514887048
132696.1512836165 124559.2533501024
120863.0523911733 135098.6958203916
138932.5142134176 127273.9582288132
118624.3580061165 137334.3351322711
136214.0996029915 130148.3516298012
117505.0108135881 133661.4991198976
123741.3737433892 137334.3351322711
130937.1771239290 139729.6629664277
123741.3737433892 136855.2695654398
134295.2187015142 132224.3024194036
135894.2861194119 132383.9909416807
115905.9433956903 137813.4006991024
132696.1512836165 125517.3844837651
125020.6276777074 133501.8105976205
121662.5861001222 128870.8434515843
134934.8456686733 121205.7943822831
128378.6692552926 140687.7941000904
131576.8040910881 125038.3189169337
134295.2187015142 128551.4664070301
124381.0007105483 131425.8598080181
132536.2445418267 129669.2860629699
129178.2029642415 138132.7777436566
134934.8456686733 120087.9747263434
125660.2546448665 141166.8596669217
116545.5703628494 137334.3351322711
131576.8040910881 121684.8599491145
130297.5501567699 133182.4335530663
131097.0838657188 129509.5975406928
123901.2804851790 126635.2041397048
132696.1512836165 125996.4500505964
131097.0838657188 124399.5648278253
125020.6276777074 126635.2041397048
115266.3164285313 136376.2039986084
120703.1456493835 137653.7121768253
117345.1040717983 139889.3514887048
123101.7467762301 128072.4008401988
130457.4568985597 133980.8761644518
124221.0939687585 131106.4827634638

117824.8242971676 138771.5318327651
122142.3063254915 130148.3516298012
114946.5029449517 138292.4662659337
129018.2962224517 130946.7942411868
116865.3838464290 136855.2695654398
123101.7467762301 130627.4171966326
135094.7524104631 133980.8761644518
132376.3378000369 130946.7942411868
122462.1198090710 136056.8269540542
123421.5602598097 141007.1711446446
133175.8715089858 137174.6466099940
124381.0007105483 126475.5156174277
132216.4310582472 122163.9255159458
132856.0580254063 121844.5484713916
126139.9748702358 125677.0730060421
133815.4984761449 122642.9910827771
138132.9805044688 127273.9582288132
118944.1714896960 133661.4991198976
121502.6793583324 131425.8598080181
119903.6119404347 133182.4335530663
117185.1973300085 134619.6302535602
118944.1714896960 132064.6138971265
127259.3220627642 134619.6302535602
128218.7625135029 135418.0728649458
134295.2187015142 125677.0730060421
122462.1198090710 137813.4006991024
112707.8085598949 139569.9744441506
124540.9074523381 133661.4991198976
136853.7265701506 128072.4008401988
123421.5602598097 141486.2367114759
134135.3119597244 132064.6138971265
123421.5602598097 142124.9908005843
137493.3535373097 123601.1222164398
117505.0108135881 135098.6958203916
127898.9490299233 130308.0401520783
121662.5861001222 130467.7286743554
135254.6591522528 127114.2697065362
127419.2288045540 136376.2039986084
130137.6434149801 125836.7615283193
129977.7366731903 137334.3351322711
129178.2029642415 120726.7288154518
129178.2029642415 138292.4662659337
128538.5759970824 123601.1222164398
127099.4153209744 134939.0072981144
119743.7051986449 132863.0565085121
130617.3636403494 122323.6140382229
129018.2962224517 125677.0730060421
123741.3737433892 126475.5156174277
122302.2130672813 135577.7613872229
134455.1254433040 136056.8269540542
133175.8715089858 136535.8925208855
137173.5400537301 123122.0566496084
115586.1299121108 137334.3351322711
121822.4928419119 133022.7450307891
129338.1097060312 139410.2859218735
133655.5917343551 120726.7288154518
119423.8917150653 135577.7613872229
137173.5400537301 126635.2041397048
132696.1512836165 135098.6958203916
124540.9074523381 128551.4664070301
136054.1928612017 129669.2860629699
137493.3535373097 133501.8105976205
123101.7467762301 134300.2532090060
118944.1714896960 134619.6302535602
136214.0996029915 120726.7288154518
136054.1928612017 126635.2041397048
134295.2187015142 121525.1714268374
126939.5085791847 137334.3351322711
116385.6636210596 137334.3351322711
117984.7310389574 134300.2532090060
127579.1355463438 131585.5483302952
129338.1097060312 135577.7613872229
129498.0164478210 129828.9745852470
120543.2389075937 137813.4006991024
127579.1355463438 121684.8599491145
128858.3894806619 139889.3514887048
130297.5501567699 133182.4335530663
137653.2602790994 127433.6467510904
117824.8242971676 133182.4335530663
136533.9130865710 129190.2204961385
136533.9130865710 133182.4335530663
135894.2861194119 118810.4665481265
132056.5243164574 129030.5319738615
129018.2962224517 138931.2203550422
130297.5501567699 126635.2041397048
125180.5344194972 136056.8269540542
138292.8872462585 132703.3679862349
129498.0164478210 137014.9580877169
132376.3378000369 131266.1712857410
127259.3220627642 129349.9090184157
137333.4467955199 122642.9910827771
126619.6950956051 131585.5483302952
124860.7209359176 140049.0400109819
129657.9231896108 137973.0892213795
125180.5344194972 137813.4006991024
137493.3535373097 131266.1712857410
134135.3119597244 120726.7288154518
133175.8715089858 125836.7615283193
131256.9906075085 137973.0892213795
126299.8816120256 128232.0893624759
118624.3580061165 139729.6629664277
134295.2187015142 117532.9583699096
125980.0681284460 125357.6959614879
127739.0422881335 121844.5484713916
135094.7524104631 120407.3517708976
129977.7366731903 121525.1714268374
125020.6276777074 137973.0892213795
120543.2389075937 130627.4171966326
129338.1097060312 133980.8761644518
133175.8715089858 135897.1384317771
132216.4310582472 128870.8434515843
129338.1097060312 124559.2533501024
126619.6950956051 123122.0566496084
127739.0422881335 132863.0565085121
135254.6591522528 119768.5976817892
132056.5243164574 121684.8599491145
135094.7524104631 131425.8598080181
125020.6276777074 129349.9090184157
138932.5142134176 129669.2860629699
126299.8816120256 140368.4170555361
127579.1355463438 129349.9090184157
136693.8198283608 132703.3679862349
128538.5759970824 130946.7942411868
122622.0265508608 132543.6794639578
129817.8299314006 128391.7778847530
132696.1512836165 133661.4991198976
136374.0063447813 123122.0566496084
118944.1714896960 134300.2532090060
117505.0108135881 134939.0072981144
130937.1771239290 138452.1547882108
132696.1512836165 129190.2204961385
137813.1670208892 126954.5811842590
121822.4928419119 131904.9253748494
136054.1928612017 131745.2368525723
121982.3995837017 134939.0072981144
124061.1872269688 141645.9252337530
113987.0624942131 138452.1547882108
134295.2187015142 125836.7615283193
125340.4411612869 134779.3187758374
130617.3636403494 125038.3189169337
134135.3119597244 132703.3679862349
139412.2344387870 128711.1549293072
124221.0939687585 130787.1057189096
121342.7726165426 133022.7450307891
123101.7467762301 137973.0892213795
133495.6849925653 125996.4500505964
117185.1973300085 135418.0728649458
137333.4467955199 128391.7778847530
138132.9805044688 124718.9418723795
132856.0580254063 136535.8925208855
128538.5759970824 123281.7451718855
138612.7007298381 132383.9909416807
119104.0782314858 136376.2039986084
116225.7568792699 140049.0400109819
120703.1456493835 140368.4170555361
132216.4310582472 125357.6959614879
132856.0580254063 117213.5813253554
121342.7726165426 129190.2204961385
130777.2703821392 124239.8763055482
137013.6333119404 125198.0074392109
127099.4153209744 124239.8763055482
129977.7366731903 137653.7121768253
127579.1355463438 129030.5319738615
131736.7108328778 130627.4171966326
114946.5029449517 136855.2695654398
126139.9748702358 133342.1220753434
116385.6636210596 139090.9088773193
122302.2130672813 136535.8925208855
125980.0681284460 128711.1549293072

120223.4254240142 134140.5646867289
126939.5085791847 133022.7450307891
123581.4670015994 141805.6137560301
138772.6074716279 128391.7778847530
127739.0422881335 138611.8433104880
130937.1771239290 130627.4171966326
129817.8299314006 137014.9580877169
122622.0265508608 132224.3024194036
119104.0782314858 140847.4826223675
119104.0782314858 140049.0400109819
138772.6074716279 129669.2860629699
120223.4254240142 141166.8596669217
132696.1512836165 124080.1877832711
117345.1040717983 134140.5646867289
132696.1512836165 122323.6140382229
132536.2445418267 126635.2041397048
137013.6333119404 131106.4827634638
132696.1512836165 123601.1222164398
137333.4467955199 127433.6467510904
123901.2804851790 129669.2860629699
130297.5501567699 129988.6631075241
136853.7265701506 120886.4173377289
125500.3479030767 124718.9418723795
113027.6220434744 139250.5973995964
134295.2187015142 124239.8763055482
131896.6175746676 126475.5156174277
125500.3479030767 133182.4335530663
126139.9748702358 133501.8105976205
125020.6276777074 126635.2041397048
124061.1872269688 131106.4827634638
133335.7782507756 122642.9910827771
124860.7209359176 135418.0728649458
135894.2861194119 118331.4009812952
117025.2905882187 135737.4499095000
136054.1928612017 125198.0074392109
134934.8456686733 118650.7780258494
134455.1254433040 119608.9091595121
134774.9389268835 133501.8105976205
124061.1872269688 128551.4664070301
127259.3220627642 140368.4170555361
124381.0007105483 136695.5810431626
140691.4883731051 131745.2368525723
120063.5186822244 130787.1057189096
133495.6849925653 136056.8269540542
130137.6434149801 121205.7943822831
130617.3636403494 125198.0074392109
130937.1771239290 140049.0400109819
131736.7108328778 118650.7780258494
114466.7827195824 137813.4006991024
115746.0366539006 138611.8433104880
116545.5703628494 138611.8433104880
121982.3995837017 131585.5483302952
120383.3321658040 134619.6302535602
122302.2130672813 129349.9090184157
133655.5917343551 123601.1222164398
123101.7467762301 132383.9909416807
117664.9175553778 134140.5646867289
124221.0939687585 128711.1549293072
136374.0063447813 129828.9745852470
137013.6333119404 122323.6140382229
140211.7681477358 130627.4171966326
132856.0580254063 136855.2695654398
129657.9231896108 138931.2203550422
131576.8040910881 136535.8925208855
128378.6692552926 126635.2041397048
138612.7007298381 128232.0893624759
140051.8614059460 132064.6138971265
117505.0108135881 139889.3514887048
129018.2962224517 123281.7451718855
121022.9591329631 129988.6631075241
118464.4512643267 132543.6794639578
135574.4726358324 126475.5156174277
136693.8198283608 124080.1877832711
126299.8816120256 139410.2859218735
136374.0063447813 131425.8598080181
131896.6175746676 137334.3351322711
114786.5962031619 138132.7777436566
118464.4512643267 138452.1547882108
126779.6018373949 138292.4662659337
128058.8557717131 130627.4171966326
124700.8141941278 140208.7285332590
124381.0007105483 134300.2532090060
128218.7625135029 128870.8434515843
127419.2288045540 135098.6958203916
132696.1512836165 125677.0730060421
130137.6434149801 136376.2039986084
125980.0681284460 123601.1222164398
131256.9906075085 126794.8926619819
123421.5602598097 135418.0728649458
133655.5917343551 136695.5810431626
122941.8400344403 130308.0401520783
128058.8557717131 133980.8761644518
121182.8658747528 136535.8925208855
124381.0007105483 138771.5318327651
119903.6119404347 137334.3351322711
131416.8973492983 138452.1547882108
117824.8242971676 134939.0072981144
128858.3894806619 125517.3844837651
140371.6748895256 131266.1712857410
137333.4467955199 129669.2860629699
125180.5344194972 130787.1057189096
129657.9231896108 123760.8107387169
137813.1670208892 124559.2533501024
123581.4670015994 136855.2695654398
125660.2546448665 141007.1711446446
131097.0838657188 137014.9580877169
124221.0939687585 132543.6794639578
119104.0782314858 139569.9744441506
125660.2546448665 138292.4662659337
131576.8040910881 135418.0728649458
124221.0939687585 140528.1055778133
135894.2861194119 129509.5975406928
125020.6276777074 130627.4171966326
136853.7265701506 130308.0401520783
138612.7007298381 128870.8434515843
133655.5917343551 125836.7615283193
131896.6175746676 131106.4827634638
127419.2288045540 137813.4006991024
138292.8872462585 129349.9090184157
137173.5400537301 123122.0566496084
133815.4984761449 128711.1549293072
127259.3220627642 134779.3187758374
137973.0737626790 128391.7778847530
130297.5501567699 140208.7285332590
121822.4928419119 133821.1876421747
130937.1771239290 129669.2860629699
129817.8299314006 135897.1384317771
128378.6692552926 135577.7613872229
135734.3793776222 127433.6467510904
130457.4568985597 130467.7286743554
132056.5243164574 128232.0893624759
115106.4096867415 136855.2695654398
125500.3479030767 132224.3024194036
128058.8557717131 134300.2532090060
122462.1198090710 129988.6631075241
121982.3995837017 130467.7286743554
127419.2288045540 133182.4335530663
121182.8658747528 131106.4827634638
123421.5602598097 132703.3679862349
136374.0063447813 120567.0402931747
126299.8816120256 137813.4006991024
135094.7524104631 134140.5646867289
132856.0580254063 119768.5976817892
117025.2905882187 134619.6302535602
118944.1714896960 136216.5154763313
131736.7108328778 119768.5976817892
135574.4726358324 122163.9255159458
125980.0681284460 131904.9253748494
130937.1771239290 132064.6138971265
132696.1512836165 119768.5976817892
132696.1512836165 125038.3189169337
122622.0265508608 137813.4006991024
126939.5085791847 123760.8107387169
133975.4052179347 117692.6468921867
135574.4726358324 118491.0895035723
123421.5602598097 139889.3514887048
128058.8557717131 122163.9255159458
119423.8917150653 140528.1055778133
132856.0580254063 134140.5646867289
129338.1097060312 129030.5319738615
116225.7568792699 140208.7285332590
118464.4512643267 132224.3024194036
134774.9389268835 127114.2697065362
136054.1928612017 134619.6302535602
117984.7310389574 137813.4006991024
126299.8816120256 126156.1385728735
131736.7108328778 136376.2039986084
119743.7051986449 135577.7613872229
122941.8400344403 131745.2368525723

123261.6535180199 141166.8596669217
121822.4928419119 140847.4826223675
118304.5445225369 140687.7941000904
124540.9074523381 140528.1055778133
125820.1613866563 140208.7285332590
116545.5703628494 139889.3514887048
121662.5861001222 139889.3514887048
125820.1613866563 139889.3514887048
114946.5029449517 139729.6629664277
126939.5085791847 139410.2859218735
120543.2389075937 138771.5318327651
124700.8141941278 138611.8433104880
127579.1355463438 138132.7777436566
127419.2288045540 137813.4006991024
115106.4096867415 137014.9580877169
118624.3580061165 137014.9580877169
115905.9433956903 136535.8925208855
121982.3995837017 136535.8925208855
123421.5602598097 136376.2039986084
121662.5861001222 135737.4499095000
135414.5658940426 135737.4499095000
132696.1512836165 135418.0728649458
118304.5445225369 134939.0072981144
125660.2546448665 134939.0072981144
136054.1928612017 134939.0072981144
134934.8456686733 134779.3187758374
117185.1973300085 134619.6302535602
129977.7366731903 134140.5646867289
121982.3995837017 133821.1876421747
137973.0737626790 133661.4991198976
120863.0523911733 133342.1220753434
131256.9906075085 133342.1220753434
121182.8658747528 133022.7450307891
127579.1355463438 133022.7450307891
127579.1355463438 132863.0565085121
129018.2962224517 132703.3679862349
124700.8141941278 132383.9909416807
131256.9906075085 132383.9909416807
125020.6276777074 132224.3024194036
128218.7625135029 132064.6138971265
127259.3220627642 131585.5483302952
137013.6333119404 131425.8598080181
138772.6074716279 131425.8598080181
133815.4984761449 131266.1712857410
138292.8872462585 130946.7942411868
137653.2602790994 130627.4171966326
123101.7467762301 130308.0401520783
121662.5861001222 129669.2860629699
131896.6175746676 129669.2860629699
134455.1254433040 129509.5975406928
128698.4827388721 129349.9090184157
137173.5400537301 129349.9090184157
126139.9748702358 128870.8434515843
139572.1411805767 128870.8434515843
137653.2602790994 128711.1549293072
133495.6849925653 128551.4664070301
129977.7366731903 128391.7778847530
131896.6175746676 128391.7778847530
132536.2445418267 128232.0893624759
133175.8715089858 127273.9582288132
130937.1771239290 127114.2697065362
135734.3793776222 127114.2697065362
138292.8872462585 127114.2697065362
126459.7883538154 126954.5811842590
136533.9130865710 126794.8926619819
138132.9805044688 126794.8926619819
126939.5085791847 126156.1385728735
137173.5400537301 125198.0074392109
126939.5085791847 125038.3189169337
129018.2962224517 124878.6303946566
132376.3378000369 124878.6303946566
136054.1928612017 124239.8763055482
130777.2703821392 123920.4992609940
132856.0580254063 123920.4992609940
127259.3220627642 123760.8107387169
127739.0422881335 123441.4336941627
128538.5759970824 123441.4336941627
130457.4568985597 122163.9255159458
136853.7265701506 122163.9255159458
127259.3220627642 122004.2369936687
133015.9647671960 121046.1058600060
134934.8456686733 121046.1058600060
135894.2861194119 119129.8435926807
131097.0838657188 118810.4665481265
132696.1512836165 118650.7780258494
135254.6591522528 118331.4009812952
131736.7108328778 118171.7124590181
134135.3119597244 118012.0239367410
135094.7524104631 117213.5813253554
116385.6636210596 137334.3351322711
138292.8872462585 125517.3844837651
129338.1097060312 133182.4335530663
131256.9906075085 130148.3516298012
119743.7051986449 136855.2695654398
122302.2130672813 139090.9088773193
125980.0681284460 141645.9252337530
123581.4670015994 135577.7613872229
138292.8872462585 126475.5156174277
131576.8040910881 125677.0730060421
122462.1198090710 137973.0892213795
135094.7524104631 132383.9909416807
129018.2962224517 126954.5811842590
117185.1973300085 137813.4006991024
121182.8658747528 138292.4662659337
117664.9175553778 134140.5646867289
130777.2703821392 135897.1384317771
122142.3063254915 128551.4664070301
129817.8299314006 124239.8763055482
128538.5759970824 136535.8925208855
116705.4771046392 138931.2203550422
121662.5861001222 139569.9744441506
128538.5759970824 121844.5484713916
132216.4310582472 118650.7780258494
116545.5703628494 138931.2203550422
135894.2861194119 122962.3681273313
125180.5344194972 129988.6631075241
139092.4209552074 130467.7286743554
127099.4153209744 140049.0400109819
130617.3636403494 122642.9910827771
130937.1771239290 129030.5319738615
121822.4928419119 128870.8434515843
118784.2647479062 133661.4991198976
127579.1355463438 128391.7778847530
124540.9074523381 133342.1220753434
133655.5917343551 119449.2206372349
133815.4984761449 137014.9580877169
126459.7883538154 128072.4008401988
121662.5861001222 130627.4171966326
127739.0422881335 129030.5319738615
125500.3479030767 129828.9745852470
132856.0580254063 125357.6959614879
117185.1973300085 138132.7777436566
130937.1771239290 118650.7780258494
119263.9849732756 140847.4826223675
131256.9906075085 138452.1547882108
122622.0265508608 131106.4827634638
123741.3737433892 132224.3024194036
127099.4153209744 131425.8598080181
118304.5445225369 140528.1055778133
138612.7007298381 127912.7123179217
127099.4153209744 140368.4170555361
130297.5501567699 139889.3514887048
129338.1097060312 126315.8270951506
126939.5085791847 129349.9090184157
115746.0366539006 138771.5318327651
136853.7265701506 123920.4992609940
120543.2389075937 131745.2368525723
135414.5658940426 122004.2369936687
129178.2029642415 136855.2695654398
116865.3838464290 138771.5318327651
113667.2490106335 138452.1547882108
118624.3580061165 132383.9909416807
122622.0265508608 131266.1712857410
131097.0838657188 120407.3517708976
137813.1670208892 128870.8434515843
136533.9130865710 133022.7450307891
132696.1512836165 130627.4171966326
127898.9490299233 135737.4499095000
131097.0838657188 122004.2369936687
129338.1097060312 137174.6466099940
127259.3220627642 131106.4827634638
136374.0063447813 131266.1712857410
131256.9906075085 120726.7288154518
129178.2029642415 137174.6466099940
129817.8299314006 131904.9253748494
133015.9647671960 117373.2698476325
129178.2029642415 129669.2860629699
124860.7209359176 133821.1876421747
133655.5917343551 121365.4829045603

124221.0939687585 142284.6793228615
123741.3737433892 141965.3022783072
123901.2804851790 141805.6137560301
121342.7726165426 141486.2367114759
125020.6276777074 141166.8596669217
118944.1714896960 140847.4826223675
126299.8816120256 140847.4826223675
124381.0007105483 140687.7941000904
117824.8242971676 140528.1055778133
128538.5759970824 140528.1055778133
117185.1973300085 139889.3514887048
127419.2288045540 139889.3514887048
128858.3894806619 139889.3514887048
126939.5085791847 139569.9744441506
122781.9332926506 139410.2859218735
125180.5344194972 139410.2859218735
116705.4771046392 139250.5973995964
121342.7726165426 139250.5973995964
115106.4096867415 139090.9088773193
122142.3063254915 139090.9088773193
128218.7625135029 139090.9088773193
124221.0939687585 138931.2203550422
128218.7625135029 138931.2203550422
123261.6535180199 138611.8433104880
131576.8040910881 138611.8433104880
117505.0108135881 138292.4662659337
120863.0523911733 138292.4662659337
129977.7366731903 138292.4662659337
121182.8658747528 138132.7777436566
131097.0838657188 137813.4006991024
117824.8242971676 137653.7121768253
120383.3321658040 137653.7121768253
124700.8141941278 137653.7121768253
119104.0782314858 137174.6466099940
121182.8658747528 136855.2695654398
116705.4771046392 136535.8925208855
124061.1872269688 136535.8925208855
118944.1714896960 136216.5154763313
119903.6119404347 136216.5154763313
132696.1512836165 136216.5154763313
115746.0366539006 135737.4499095000
124540.9074523381 135737.4499095000
116705.4771046392 135418.0728649458
126139.9748702358 135418.0728649458
131736.7108328778 135418.0728649458
120543.2389075937 135258.3843426687
126619.6950956051 134939.0072981144
119263.9849732756 134779.3187758374
136853.7265701506 134779.3187758374
120543.2389075937 134619.6302535602
117025.2905882187 134300.2532090060
134295.2187015142 134300.2532090060
129178.2029642415 133980.8761644518
134455.1254433040 133980.8761644518
135734.3793776222 133980.8761644518
124381.0007105483 133661.4991198976
132536.2445418267 133661.4991198976
121182.8658747528 133501.8105976205
123421.5602598097 133342.1220753434
137973.0737626790 133342.1220753434
125500.3479030767 133022.7450307891
129977.7366731903 133022.7450307891
119743.7051986449 132863.0565085121
138612.7007298381 132863.0565085121
130777.2703821392 132703.3679862349
134455.1254433040 132543.6794639578
139412.2344387870 132543.6794639578
133175.8715089858 132383.9909416807
133015.9647671960 132064.6138971265
133815.4984761449 132064.6138971265
136533.9130865710 131904.9253748494
131416.8973492983 131745.2368525723
135894.2861194119 131745.2368525723
140371.6748895256 131745.2368525723
120383.3321658040 131425.8598080181
140531.5816313153 131425.8598080181
132856.0580254063 131266.1712857410
126939.5085791847 130946.7942411868
128858.3894806619 130467.7286743554
139891.9546641562 130467.7286743554
135414.5658940426 130308.0401520783
137493.3535373097 130308.0401520783
122302.2130672813 129988.6631075241
128698.4827388721 129988.6631075241
133495.6849925653 129988.6631075241
120863.0523911733 129828.9745852470
129817.8299314006 129828.9745852470
134934.8456686733 129509.5975406928
123421.5602598097 129190.2204961385
136054.1928612017 128391.7778847530
137813.1670208892 128232.0893624759
137973.0737626790 128072.4008401988
138292.8872462585 127593.3352733675
137813.1670208892 127273.9582288132
138132.9805044688 126954.5811842590
125340.4411612869 126794.8926619819
123741.3737433892 126635.2041397048
126139.9748702358 126635.2041397048
132056.5243164574 126475.5156174277
136054.1928612017 126475.5156174277
137653.2602790994 126475.5156174277
128538.5759970824 126156.1385728735
129178.2029642415 126156.1385728735
131097.0838657188 126156.1385728735
137973.0737626790 125996.4500505964
129657.9231896108 125836.7615283193
126619.6950956051 125517.3844837651
125500.3479030767 125357.6959614879
132216.4310582472 125357.6959614879
127898.9490299233 125038.3189169337
133815.4984761449 125038.3189169337
137653.2602790994 125038.3189169337
132216.4310582472 124718.9418723795
135094.7524104631 124718.9418723795
137973.0737626790 124559.2533501024
131256.9906075085 124399.5648278253
129338.1097060312 124239.8763055482
131416.8973492983 124080.1877832711
134295.2187015142 123760.8107387169
136374.0063447813 123122.0566496084
133335.7782507756 122962.3681273313
129498.0164478210 122163.9255159458
132216.4310582472 121844.5484713916
129018.2962224517 121525.1714268374
132856.0580254063 121525.1714268374
132056.5243164574 121205.7943822831
135094.7524104631 121046.1058600060
130457.4568985597 120886.4173377289
134615.0321850938 120886.4173377289
133175.8715089858 120567.0402931747
129657.9231896108 120087.9747263434
130937.1771239290 119608.9091595121
133335.7782507756 119608.9091595121
130617.3636403494 119129.8435926807
131416.8973492983 118810.4665481265
130777.2703821392 118491.0895035723
133175.8715089858 117692.6468921867
134135.3119597244 116894.2042808012
133975.4052179347 116734.5157585241
134774.9389268835 116415.1387139699
133975.4052179347 119289.5321149578
122941.8400344403 140208.7285332590
133335.7782507756 132224.3024194036
121662.5861001222 130308.0401520783
131097.0838657188 122483.3025605000
122302.2130672813 128711.1549293072
118624.3580061165 134779.3187758374
131416.8973492983 137494.0236545482
129018.2962224517 122323.6140382229
134615.0321850938 135418.0728649458
121982.3995837017 134300.2532090060
121342.7726165426 132224.3024194036
123421.5602598097 133821.1876421747
120223.4254240142 138771.5318327651
130937.1771239290 123760.8107387169
136374.0063447813 135098.6958203916
120223.4254240142 132543.6794639578
127579.1355463438 138771.5318327651
121822.4928419119 128391.7778847530
118304.5445225369 132703.3679862349
140211.7681477358 132224.3024194036
138932.5142134176 133182.4335530663
122781.9332926506 138452.1547882108
126619.6950956051 122802.6796050542
140051.8614059460 132224.3024194036
137013.6333119404 129828.9745852470
135254.6591522528 130787.1057189096
121982.3995837017 139889.3514887048
126939.5085791847 136695.5810431626

129977.7366731903 126954.5811842590
121022.9591329631 138292.4662659337
128698.4827388721 134939.0072981144
137653.2602790994 133022.7450307891
135734.3793776222 125677.0730060421
125820.1613866563 133022.7450307891
127739.0422881335 130627.4171966326
136374.0063447813 124559.2533501024
128218.7625135029 140049.0400109819
128058.8557717131 130787.1057189096
138932.5142134176 132383.9909416807
125820.1613866563 130148.3516298012
130297.5501567699 139569.9744441506
127259.3220627642 123920.4992609940
135094.7524104631 132703.3679862349
126939.5085791847 134459.9417312832
137973.0737626790 128232.0893624759
119583.7984568551 134939.0072981144
126459.7883538154 132543.6794639578
136374.0063447813 131425.8598080181
128058.8557717131 129030.5319738615
123261.6535180199 128870.8434515843
129178.2029642415 133980.8761644518
139252.3276969972 131904.9253748494
130617.3636403494 131106.4827634638
122941.8400344403 128232.0893624759
136693.8198283608 132703.3679862349
136533.9130865710 124878.6303946566
123101.7467762301 136056.8269540542
115746.0366539006 136376.2039986084
135574.4726358324 119289.5321149578
127579.1355463438 128391.7778847530
120703.1456493835 134939.0072981144
116065.8501374801 138132.7777436566
116705.4771046392 137813.4006991024
129338.1097060312 124559.2533501024
130297.5501567699 126635.2041397048
128218.7625135029 125198.0074392109
135414.5658940426 133501.8105976205
131896.6175746676 120886.4173377289
125820.1613866563 123920.4992609940
133975.4052179347 119289.5321149578
133975.4052179347 134300.2532090060
131097.0838657188 139889.3514887048
126459.7883538154 132224.3024194036
137493.3535373097 131745.2368525723
126139.9748702358 124718.9418723795
139412.2344387870 131904.9253748494
117664.9175553778 137494.0236545482
122142.3063254915 141486.2367114759
128378.6692552926 126315.8270951506
118304.5445225369 138771.5318327651
132216.4310582472 133661.4991198976
139891.9546641562 129828.9745852470
127099.4153209744 130946.7942411868
120383.3321658040 139250.5973995964
125660.2546448665 133342.1220753434
129178.2029642415 132224.3024194036
135414.5658940426 134140.5646867289
130937.1771239290 130946.7942411868
135734.3793776222 132224.3024194036
130457.4568985597 139090.9088773193
131576.8040910881 138611.8433104880
138932.5142134176 127114.2697065362
137173.5400537301 122483.3025605000
114306.8759777926 139410.2859218735
132856.0580254063 137174.6466099940
127419.2288045540 134779.3187758374
133815.4984761449 123760.8107387169
130937.1771239290 120247.6632486205
124700.8141941278 136056.8269540542
131256.9906075085 125517.3844837651
127579.1355463438 124878.6303946566
132536.2445418267 135418.0728649458
128218.7625135029 135418.0728649458
124061.1872269688 125996.4500505964
128538.5759970824 123760.8107387169
123581.4670015994 133501.8105976205
124540.9074523381 129190.2204961385
124860.7209359176 124878.6303946566
129018.2962224517 137014.9580877169
118464.4512643267 132863.0565085121
134615.0321850938 124559.2533501024
134615.0321850938 134779.3187758374
126139.9748702358 124080.1877832711
130777.2703821392 125996.4500505964
130137.6434149801 122004.2369936687
135734.3793776222 122483.3025605000
124381.0007105483 131904.9253748494
120543.2389075937 132863.0565085121
123581.4670015994 131106.4827634638
133975.4052179347 121205.7943822831
128058.8557717131 129828.9745852470
123901.2804851790 133821.1876421747
130617.3636403494 127273.9582288132
129657.9231896108 133182.4335530663
136853.7265701506 122004.2369936687
129977.7366731903 136855.2695654398
122781.9332926506 130148.3516298012
118784.2647479062 135418.0728649458
129498.0164478210 131585.5483302952
121342.7726165426 128870.8434515843
126939.5085791847 132863.0565085121
121342.7726165426 141007.1711446446
131896.6175746676 122004.2369936687
127739.0422881335 133501.8105976205
137973.0737626790 124080.1877832711
130617.3636403494 133022.7450307891
124860.7209359176 141166.8596669217
131896.6175746676 119928.2862040663
123261.6535180199 142124.9908005843
125180.5344194972 125357.6959614879
138132.9805044688 126475.5156174277
127898.9490299233 137174.6466099940
115106.4096867415 137174.6466099940
130297.5501567699 137653.7121768253
129018.2962224517 120567.0402931747
118784.2647479062 140847.4826223675
130777.2703821392 130148.3516298012
134615.0321850938 134459.9417312832
128858.3894806619 134779.3187758374
127099.4153209744 134619.6302535602
122622.0265508608 133821.1876421747
133655.5917343551 117852.3354144639
120703.1456493835 138611.8433104880
132696.1512836165 136855.2695654398
127579.1355463438 137973.0892213795
128858.3894806619 125517.3844837651
119583.7984568551 135737.4499095000
126139.9748702358 134300.2532090060
120063.5186822244 132383.9909416807
131097.0838657188 130627.4171966326
137013.6333119404 121684.8599491145
119104.0782314858 133501.8105976205
118944.1714896960 136695.5810431626
130777.2703821392 134619.6302535602
124700.8141941278 129349.9090184157
134135.3119597244 136376.2039986084
130457.4568985597 137653.7121768253
124540.9074523381 133980.8761644518
122781.9332926506 127912.7123179217
124540.9074523381 127912.7123179217
133495.6849925653 124559.2533501024
123901.2804851790 135737.4499095000
130777.2703821392 127114.2697065362
129338.1097060312 133501.8105976205
126939.5085791847 132064.6138971265
132856.0580254063 128232.0893624759
134934.8456686733 116574.8272362470
125500.3479030767 134140.5646867289
115746.0366539006 137494.0236545482
126139.9748702358 127114.2697065362
122781.9332926506 134140.5646867289
114306.8759777926 138292.4662659337
120863.0523911733 141326.5481891988
137173.5400537301 123601.1222164398
133175.8715089858 128232.0893624759
139572.1411805767 129030.5319738615
132856.0580254063 126475.5156174277
125020.6276777074 130308.0401520783
118624.3580061165 134300.2532090060
121662.5861001222 130308.0401520783
136054.1928612017 126475.5156174277
139732.0479223665 132224.3024194036
117984.7310389574 133821.1876421747
117185.1973300085 137494.0236545482
136374.0063447813 133501.8105976205
116385.6636210596 137653.7121768253
128538.5759970824 122323.6140382229

118464.4512643267 139250.5973995964
119423.8917150653 131425.8598080181
136533.9130865710 129349.9090184157
130937.1771239290 135258.3843426687
117984.7310389574 139250.5973995964
126779.6018373949 131585.5483302952
123421.5602598097 130467.7286743554
132056.5243164574 133182.4335530663
136374.0063447813 134619.6302535602
124860.7209359176 125677.0730060421
121342.7726165426 136216.5154763313
132056.5243164574 139250.5973995964
128218.7625135029 130946.7942411868
129338.1097060312 134619.6302535602
127419.2288045540 138292.4662659337
126459.7883538154 129828.9745852470
120223.4254240142 130308.0401520783
130457.4568985597 139889.3514887048
137653.2602790994 130787.1057189096
129977.7366731903 119449.2206372349
120863.0523911733 137494.0236545482
136214.0996029915 128391.7778847530
135734.3793776222 122163.9255159458
137013.6333119404 129828.9745852470
127898.9490299233 128072.4008401988
133815.4984761449 117852.3354144639
135894.2861194119 132224.3024194036
131736.7108328778 118012.0239367410
126139.9748702358 126156.1385728735
137333.4467955199 122483.3025605000
134295.2187015142 117053.8928030783
134295.2187015142 119608.9091595121
129338.1097060312 126475.5156174277
136853.7265701506 126156.1385728735
122302.2130672813 131425.8598080181
121342.7726165426 140049.0400109819
117185.1973300085 139889.3514887048
134455.1254433040 136535.8925208855
127099.4153209744 122802.6796050542
118784.2647479062 135258.3843426687
123581.4670015994 135098.6958203916
128058.8557717131 133501.8105976205
134295.2187015142 128391.7778847530
138132.9805044688 133342.1220753434
129178.2029642415 138931.2203550422
129338.1097060312 138292.4662659337
128538.5759970824 121525.1714268374
136533.9130865710 120886.4173377289
122622.0265508608 135737.4499095000
120063.5186822244 130787.1057189096
135254.6591522528 135258.3843426687
127099.4153209744 132224.3024194036
122142.3063254915 132863.0565085121
133335.7782507756 126954.5811842590
114786.5962031619 137813.4006991024
135254.6591522528 118491.0895035723
114946.5029449517 136855.2695654398
135094.7524104631 117053.8928030783
132376.3378000369 136695.5810431626
125980.0681284460 140847.4826223675
134455.1254433040 120886.4173377289
136054.1928612017 131745.2368525723
116705.4771046392 134300.2532090060
124061.1872269688 132543.6794639578
137653.2602790994 130148.3516298012
133655.5917343551 126156.1385728735
127099.4153209744 133022.7450307891
122142.3063254915 133661.4991198976
132216.4310582472 118331.4009812952
119903.6119404347 141166.8596669217
123741.3737433892 137973.0892213795
134615.0321850938 117373.2698476325
132376.3378000369 137813.4006991024
131896.6175746676 137014.9580877169
134615.0321850938 116574.8272362470
130297.5501567699 137973.0892213795
130457.4568985597 131904.9253748494
122142.3063254915 133980.8761644518
126779.6018373949 132064.6138971265
133815.4984761449 129988.6631075241
126139.9748702358 141326.5481891988
127898.9490299233 138931.2203550422
126139.9748702358 140368.4170555361
132696.1512836165 125038.3189169337
128858.3894806619 122323.6140382229
131256.9906075085 121525.1714268374
131896.6175746676 134300.2532090060
124221.0939687585 128870.8434515843
127419.2288045540 126315.8270951506
127579.1355463438 125517.3844837651
129977.7366731903 131585.5483302952
132376.3378000369 130467.7286743554
139252.3276969972 128870.8434515843
129977.7366731903 125836.7615283193
130457.4568985597 136216.5154763313
127898.9490299233 140687.7941000904
120703.1456493835 139729.6629664277
133175.8715089858 121046.1058600060
130297.5501567699 126794.8926619819
118944.1714896960 137014.9580877169
129817.8299314006 124559.2533501024
130937.1771239290 138771.5318327651
125500.3479030767 130148.3516298012
136853.7265701506 121525.1714268374
127259.3220627642 133342.1220753434
129657.9231896108 131425.8598080181
118464.4512643267 137653.7121768253
134774.9389268835 134300.2532090060
116385.6636210596 139729.6629664277
118144.6377807472 140687.7941000904
122941.8400344403 127753.0237956446
121502.6793583324 135577.7613872229
137813.1670208892 124878.6303946566
127099.4153209744 136535.8925208855
136693.8198283608 129669.2860629699
132536.2445418267 133342.1220753434
123901.2804851790 125836.7615283193
129657.9231896108 130467.7286743554
126139.9748702358 139889.3514887048
130937.1771239290 130787.1057189096
138452.7939880483 129509.5975406928
129498.0164478210 124239.8763055482
129977.7366731903 137334.3351322711
129178.2029642415 133182.4335530663
126299.8816120256 126475.5156174277
121982.3995837017 140049.0400109819
117505.0108135881 138452.1547882108
122302.2130672813 132863.0565085121
132536.2445418267 131745.2368525723
120063.5186822244 140528.1055778133
131576.8040910881 124559.2533501024
138132.9805044688 126794.8926619819
118784.2647479062 131904.9253748494
131097.0838657188 118650.7780258494
119423.8917150653 139729.6629664277
125660.2546448665 124718.9418723795
129817.8299314006 129190.2204961385
131097.0838657188 136535.8925208855
134295.2187015142 124878.6303946566
132856.0580254063 137014.9580877169
133015.9647671960 121205.7943822831
135894.2861194119 134939.0072981144
128218.7625135029 121046.1058600060
129498.0164478210 139250.5973995964
126779.6018373949 135897.1384317771
136693.8198283608 131106.4827634638
128058.8557717131 137494.0236545482
126619.6950956051 123441.4336941627
124381.0007105483 126156.1385728735
121822.4928419119 128391.7778847530
122941.8400344403 130467.7286743554
129977.7366731903 133501.8105976205
130457.4568985597 124878.6303946566
120703.1456493835 133980.8761644518
120223.4254240142 133342.1220753434
134615.0321850938 117532.9583699096
135414.5658940426 118171.7124590181
130617.3636403494 123601.1222164398
119583.7984568551 138292.4662659337
119583.7984568551 137334.3351322711
127579.1355463438 141166.8596669217
126779.6018373949 140847.4826223675
133015.9647671960 133661.4991198976
117505.0108135881 140208.7285332590
115106.4096867415 138611.8433104880
133015.9647671960 117373.2698476325
129817.8299314006 119289.5321149578
136214.0996029915 127114.2697065362
116065.8501374801 138452.1547882108

130777.2703821392 128551.4664070301
127739.0422881335 140049.0400109819
136853.7265701506 134779.3187758374
132536.2445418267 117852.3354144639
113347.4355270540 139569.9744441506
125660.2546448665 125198.0074392109
119903.6119404347 131745.2368525723
120063.5186822244 133182.4335530663
119743.7051986449 133980.8761644518
128218.7625135029 140528.1055778133
137973.0737626790 130627.4171966326
126939.5085791847 128232.0893624759
122622.0265508608 141805.6137560301
135734.3793776222 122802.6796050542
128858.3894806619 120726.7288154518
128538.5759970824 136535.8925208855
127579.1355463438 124718.9418723795
128218.7625135029 131266.1712857410
132856.0580254063 137653.7121768253
130777.2703821392 129190.2204961385
131576.8040910881 126315.8270951506
121502.6793583324 140687.7941000904
132536.2445418267 118331.4009812952
131097.0838657188 125038.3189169337
137013.6333119404 122962.3681273313
137333.4467955199 132224.3024194036
135574.4726358324 130308.0401520783
121982.3995837017 141007.1711446446
137333.4467955199 124878.6303946566
129977.7366731903 133022.7450307891
128058.8557717131 121525.1714268374
119423.8917150653 134459.9417312832
133975.4052179347 126635.2041397048
130137.6434149801 140049.0400109819
137333.4467955199 126635.2041397048
129338.1097060312 124878.6303946566
126459.7883538154 141166.8596669217
127259.3220627642 132703.3679862349
134615.0321850938 120567.0402931747
128538.5759970824 120726.7288154518
131416.8973492983 129030.5319738615
122781.9332926506 132863.0565085121
135094.7524104631 119608.9091595121
136054.1928612017 133022.7450307891
124381.0007105483 131745.2368525723
133175.8715089858 133661.4991198976
120383.3321658040 136535.8925208855
127259.3220627642 134459.9417312832
128538.5759970824 132863.0565085121
131576.8040910881 137334.3351322711
117345.1040717983 137813.4006991024
124061.1872269688 131106.4827634638
119903.6119404347 132383.9909416807
122622.0265508608 134459.9417312832
124860.7209359176 131745.2368525723
129817.8299314006 129669.2860629699
132856.0580254063 134939.0072981144
123101.7467762301 133022.7450307891
133175.8715089858 128870.8434515843
137013.6333119404 125198.0074392109
129178.2029642415 128551.4664070301
127579.1355463438 123281.7451718855
136693.8198283608 122483.3025605000
129178.2029642415 124080.1877832711
138772.6074716279 128551.4664070301
137013.6333119404 126156.1385728735
136533.9130865710 133501.8105976205
139732.0479223665 131266.1712857410
125660.2546448665 136216.5154763313
128378.6692552926 137014.9580877169
134934.8456686733 134779.3187758374
123261.6535180199 141007.1711446446
135094.7524104631 126156.1385728735
125180.5344194972 133501.8105976205
117345.1040717983 136376.2039986084
135414.5658940426 129669.2860629699
133015.9647671960 119129.8435926807
124860.7209359176 132224.3024194036
124221.0939687585 130946.7942411868
130297.5501567699 128232.0893624759
124381.0007105483 132703.3679862349
116225.7568792699 138452.1547882108
131097.0838657188 125836.7615283193
129977.7366731903 124080.1877832711
128698.4827388721 131745.2368525723
132536.2445418267 117373.2698476325
130617.3636403494 137174.6466099940
128538.5759970824 131904.9253748494
135254.6591522528 120886.4173377289
123101.7467762301 129828.9745852470
126779.6018373949 131106.4827634638
133975.4052179347 124239.8763055482
125660.2546448665 129349.9090184157
131736.7108328778 126794.8926619819
122941.8400344403 130627.4171966326
120703.1456493835 136695.5810431626
133175.8715089858 131745.2368525723
133975.4052179347 124080.1877832711
138612.7007298381 130946.7942411868
130777.2703821392 139569.9744441506
114946.5029449517 139090.9088773193
119263.9849732756 133661.4991198976
116385.6636210596 139569.9744441506
134774.9389268835 118650.7780258494
117345.1040717983 136535.8925208855
135414.5658940426 120886.4173377289
118464.4512643267 137973.0892213795
135414.5658940426 129030.5319738615
123101.7467762301 129988.6631075241
131576.8040910881 118650.7780258494
139412.2344387870 130148.3516298012
119104.0782314858 133182.4335530663
133815.4984761449 124718.9418723795
128218.7625135029 139250.5973995964
127099.4153209744 131425.8598080181
117824.8242971676 134140.5646867289
124540.9074523381 133821.1876421747
129338.1097060312 139250.5973995964
122462.1198090710 133661.4991198976
129498.0164478210 137494.0236545482
132056.5243164574 123920.4992609940
116865.3838464290 139250.5973995964
126939.5085791847 140368.4170555361
123581.4670015994 139569.9744441506
126459.7883538154 137014.9580877169
128858.3894806619 120247.6632486205
127898.9490299233 134140.5646867289
129178.2029642415 125517.3844837651
128538.5759970824 137973.0892213795
134615.0321850938 118012.0239367410
132856.0580254063 132224.3024194036
135734.3793776222 134779.3187758374
124221.0939687585 141166.8596669217
136374.0063447813 125836.7615283193
124061.1872269688 133661.4991198976
123741.3737433892 139889.3514887048
120863.0523911733 132543.6794639578
125180.5344194972 124718.9418723795
121822.4928419119 136216.5154763313
113507.3422688438 139250.5973995964
125020.6276777074 129190.2204961385
137813.1670208892 127273.9582288132
121822.4928419119 140049.0400109819
128538.5759970824 130627.4171966326
128218.7625135029 137174.6466099940
128378.6692552926 121525.1714268374
125500.3479030767 133980.8761644518
126619.6950956051 128711.1549293072
132856.0580254063 136376.2039986084
129498.0164478210 127114.2697065362
123741.3737433892 128711.1549293072
130617.3636403494 136376.2039986084
115905.9433956903 138931.2203550422
138452.7939880483 126635.2041397048
122781.9332926506 131425.8598080181
124860.7209359176 133342.1220753434
129498.0164478210 125996.4500505964
113667.2490106335 139729.6629664277
128058.8557717131 126635.2041397048
129498.0164478210 123441.4336941627
133495.6849925653 132383.9909416807
134135.3119597244 117852.3354144639
135734.3793776222 119129.8435926807
138612.7007298381 133182.4335530663
129018.2962224517 123122.0566496084
129018.2962224517 139090.9088773193
129338.1097060312 131585.5483302952
125660.2546448665 129030.5319738615
139252.3276969972 129988.6631075241

124221.0939687585 142284.6793228615
126459.7883538154 141486.2367114759
120863.0523911733 141007.1711446446
118784.2647479062 140687.7941000904
117824.8242971676 140528.1055778133
129977.7366731903 140368.4170555361
114786.5962031619 140049.0400109819
126779.6018373949 139569.9744441506
115106.4096867415 139410.2859218735
123901.2804851790 139410.2859218735
125180.5344194972 139410.2859218735
129657.9231896108 139250.5973995964
124381.0007105483 139090.9088773193
125660.2546448665 139090.9088773193
128858.3894806619 138931.2203550422
120223.4254240142 138771.5318327651
122941.8400344403 138611.8433104880
131416.8973492983 138611.8433104880
120863.0523911733 138292.4662659337
129977.7366731903 138292.4662659337
119104.0782314858 138132.7777436566
122302.2130672813 138132.7777436566
127419.2288045540 137653.7121768253
128058.8557717131 137653.7121768253
122781.9332926506 137494.0236545482
123261.6535180199 137334.3351322711
126459.7883538154 137334.3351322711
131576.8040910881 137014.9580877169
126299.8816120256 136855.2695654398
123581.4670015994 136695.5810431626
129977.7366731903 136216.5154763313
119903.6119404347 136056.8269540542
123421.5602598097 135897.1384317771
115746.0366539006 135737.4499095000
119104.0782314858 135737.4499095000
121822.4928419119 135577.7613872229
116705.4771046392 135418.0728649458
126139.9748702358 135418.0728649458
131736.7108328778 135418.0728649458
134135.3119597244 135418.0728649458
115905.9433956903 135098.6958203916
131256.9906075085 135098.6958203916
132056.5243164574 134779.3187758374
121342.7726165426 134459.9417312832
129657.9231896108 134459.9417312832
131576.8040910881 134459.9417312832
134295.2187015142 134300.2532090060
135414.5658940426 134300.2532090060
123261.6535180199 133821.1876421747
136214.0996029915 133661.4991198976
118464.4512643267 133182.4335530663
132376.3378000369 133182.4335530663
125500.3479030767 133022.7450307891
133815.4984761449 133022.7450307891
119743.7051986449 132863.0565085121
139412.2344387870 132863.0565085121
123581.4670015994 132703.3679862349
139412.2344387870 132543.6794639578
129338.1097060312 132224.3024194036
136853.7265701506 132224.3024194036
140051.8614059460 132224.3024194036
134455.1254433040 132064.6138971265
120863.0523911733 131904.9253748494
133655.5917343551 131585.5483302952
140531.5816313153 131425.8598080181
140371.6748895256 131106.4827634638
126939.5085791847 130946.7942411868
128218.7625135029 130787.1057189096
131256.9906075085 130627.4171966326
132856.0580254063 130627.4171966326
133015.9647671960 130627.4171966326
128698.4827388721 130148.3516298012
130297.5501567699 130148.3516298012
133495.6849925653 129988.6631075241
129817.8299314006 129828.9745852470
124860.7209359176 129509.5975406928
138452.7939880483 129190.2204961385
134774.9389268835 128870.8434515843
124381.0007105483 128391.7778847530
126459.7883538154 128391.7778847530
123581.4670015994 127912.7123179217
137973.0737626790 127753.0237956446
139092.4209552074 127753.0237956446
137013.6333119404 127273.9582288132
137813.1670208892 127273.9582288132
126619.6950956051 127114.2697065362
125020.6276777074 126635.2041397048
132376.3378000369 126475.5156174277
137653.2602790994 126475.5156174277
138612.7007298381 126475.5156174277
124381.0007105483 126315.8270951506
128538.5759970824 126156.1385728735
134774.9389268835 126156.1385728735
125020.6276777074 125996.4500505964
129018.2962224517 125996.4500505964
137173.5400537301 125996.4500505964
127419.2288045540 125836.7615283193
129977.7366731903 125677.0730060421
137973.0737626790 125677.0730060421
126619.6950956051 125517.3844837651
127898.9490299233 125357.6959614879
128538.5759970824 124878.6303946566
132376.3378000369 124878.6303946566
137973.0737626790 124559.2533501024
135414.5658940426 124399.5648278253
132856.0580254063 124239.8763055482
130937.1771239290 124080.1877832711
133975.4052179347 123920.4992609940
127419.2288045540 123760.8107387169
127419.2288045540 123441.4336941627
133335.7782507756 122962.3681273313
129498.0164478210 122163.9255159458
130457.4568985597 120886.4173377289
131896.6175746676 120567.0402931747
133655.5917343551 120247.6632486205
129498.0164478210 119928.2862040663
133335.7782507756 119608.9091595121
130617.3636403494 119129.8435926807
131416.8973492983 118810.4665481265
132056.5243164574 118171.7124590181
133175.8715089858 117852.3354144639
132856.0580254063 117213.5813253554
133975.4052179347 116734.5157585241
134774.9389268835 116415.1387139699
114466.7827195824 138292.4662659337
124221.0939687585 133980.8761644518
127259.3220627642 140368.4170555361
131736.7108328778 122163.9255159458
137973.0737626790 128072.4008401988
136054.1928612017 129828.9745852470
132056.5243164574 119608.9091595121
124381.0007105483 134140.5646867289
123901.2804851790 141805.6137560301
136533.9130865710 125677.0730060421
117984.7310389574 134779.3187758374
121982.3995837017 139889.3514887048
129657.9231896108 120567.0402931747
135254.6591522528 131106.4827634638
134615.0321850938 131106.4827634638
136853.7265701506 129988.6631075241
133175.8715089858 120567.0402931747
135254.6591522528 130787.1057189096
137653.2602790994 125038.3189169337
132856.0580254063 137653.7121768253
127898.9490299233 135418.0728649458
133655.5917343551 135897.1384317771
128218.7625135029 124239.8763055482
130297.5501567699 122483.3025605000
132056.5243164574 137334.3351322711
120383.3321658040 131425.8598080181
133175.8715089858 131585.5483302952
132856.0580254063 137014.9580877169
132376.3378000369 137014.9580877169
129498.0164478210 123122.0566496084
128218.7625135029 129349.9090184157
123421.5602598097 129190.2204961385
133175.8715089858 132383.9909416807
134135.3119597244 116894.2042808012
138772.6074716279 127433.6467510904
121502.6793583324 130627.4171966326
125180.5344194972 129030.5319738615
131097.0838657188 137813.4006991024
131896.6175746676 131266.1712857410
117185.1973300085 140208.7285332590
135094.7524104631 124718.9418723795
120543.2389075937 133022.7450307891
131097.0838657188 136535.8925208855
126619.6950956051 122802.6796050542
120383.3321658040 133501.8105976205

128058.8557717131 130148.3516298012
129018.2962224517 127114.2697065362
117025.2905882187 134939.0072981144
128538.5759970824 133342.1220753434
130937.1771239290 136056.8269540542
131256.9906075085 120407.3517708976
135734.3793776222 123281.7451718855
114466.7827195824 139889.3514887048
137653.2602790994 127753.0237956446
120543.2389075937 134619.6302535602
135094.7524104631 133342.1220753434
118464.4512643267 140528.1055778133
132536.2445418267 119608.9091595121
121342.7726165426 132703.3679862349
128698.4827388721 122163.9255159458
130937.1771239290 129190.2204961385
120223.4254240142 139569.9744441506
124381.0007105483 133182.4335530663
131736.7108328778 136855.2695654398
116385.6636210596 139729.6629664277
119423.8917150653 133821.1876421747
121502.6793583324 138132.7777436566
139572.1411805767 128870.8434515843
120383.3321658040 135737.4499095000
121022.9591329631 130946.7942411868
137493.3535373097 128551.4664070301
121982.3995837017 132703.3679862349
137813.1670208892 127433.6467510904
133815.4984761449 136056.8269540542
129498.0164478210 129988.6631075241
118944.1714896960 139250.5973995964
118944.1714896960 132863.0565085121
126139.9748702358 134779.3187758374
125660.2546448665 124239.8763055482
122781.9332926506 128232.0893624759
120223.4254240142 139729.6629664277
133975.4052179347 117053.8928030783
125180.5344194972 125357.6959614879
135574.4726358324 134459.9417312832
132056.5243164574 137653.7121768253
135094.7524104631 130308.0401520783
136374.0063447813 124559.2533501024
134934.8456686733 134939.0072981144
134615.0321850938 127114.2697065362
115106.4096867415 138452.1547882108
119583.7984568551 131266.1712857410
133175.8715089858 124718.9418723795
139891.9546641562 132543.6794639578
119743.7051986449 139090.9088773193
126619.6950956051 138931.2203550422
125180.5344194972 132703.3679862349
122622.0265508608 141326.5481891988
120703.1456493835 135418.0728649458
123261.6535180199 128551.4664070301
129817.8299314006 139410.2859218735
135094.7524104631 130627.4171966326
134615.0321850938 120726.7288154518
132056.5243164574 128870.8434515843
122781.9332926506 138931.2203550422
120703.1456493835 130467.7286743554
133175.8715089858 137334.3351322711
122941.8400344403 137813.4006991024
126139.9748702358 127912.7123179217
133655.5917343551 132703.3679862349
135414.5658940426 124559.2533501024
123901.2804851790 127912.7123179217
132056.5243164574 137973.0892213795
137173.5400537301 124878.6303946566
131256.9906075085 129669.2860629699
137333.4467955199 123760.8107387169
132856.0580254063 119129.8435926807
133815.4984761449 126794.8926619819
133175.8715089858 122323.6140382229
124381.0007105483 126315.8270951506
126139.9748702358 139569.9744441506
136214.0996029915 124239.8763055482
121022.9591329631 133501.8105976205
131736.7108328778 125836.7615283193
135734.3793776222 121046.1058600060
125980.0681284460 130787.1057189096
133815.4984761449 136535.8925208855
134774.9389268835 118970.1550704036
125340.4411612869 133501.8105976205
132536.2445418267 137813.4006991024
134135.3119597244 120567.0402931747
139252.3276969972 132064.6138971265
137333.4467955199 132543.6794639578
124860.7209359176 134779.3187758374
124221.0939687585 135418.0728649458
123261.6535180199 127912.7123179217
130457.4568985597 125517.3844837651
138292.8872462585 133342.1220753434
117824.8242971676 140208.7285332590
119583.7984568551 138771.5318327651
129178.2029642415 131106.4827634638
133015.9647671960 128711.1549293072
125020.6276777074 132064.6138971265
125020.6276777074 132863.0565085121
126299.8816120256 140528.1055778133
121182.8658747528 140049.0400109819
138132.9805044688 131904.9253748494
131896.6175746676 128232.0893624759
130297.5501567699 126475.5156174277
129178.2029642415 120407.3517708976
136693.8198283608 133980.8761644518
125180.5344194972 125038.3189169337
135734.3793776222 126794.8926619819
127099.4153209744 133022.7450307891
118784.2647479062 137973.0892213795
130457.4568985597 125198.0074392109
138452.7939880483 129988.6631075241
130137.6434149801 139729.6629664277
116705.4771046392 135258.3843426687
134135.3119597244 128551.4664070301
134774.9389268835 129030.5319738615
132856.0580254063 124559.2533501024
118624.3580061165 138292.4662659337
132216.4310582472 122323.6140382229
134774.9389268835 120726.7288154518
122622.0265508608 130148.3516298012
123261.6535180199 142124.9908005843
131576.8040910881 136855.2695654398
128538.5759970824 128870.8434515843
134934.8456686733 121365.4829045603
129498.0164478210 121684.8599491145
135894.2861194119 128551.4664070301
131736.7108328778 121365.4829045603
126939.5085791847 123122.0566496084
136853.7265701506 131425.8598080181
123581.4670015994 134300.2532090060
128058.8557717131 139090.9088773193
138132.9805044688 130627.4171966326
121982.3995837017 132383.9909416807
132856.0580254063 120087.9747263434
122941.8400344403 137014.9580877169
123901.2804851790 132543.6794639578
123101.7467762301 139410.2859218735
137173.5400537301 122483.3025605000
126939.5085791847 140049.0400109819
134934.8456686733 120247.6632486205
121662.5861001222 129988.6631075241
134615.0321850938 129349.9090184157
137333.4467955199 128551.4664070301
135894.2861194119 122163.9255159458
118304.5445225369 132543.6794639578
127419.2288045540 137494.0236545482
134615.0321850938 131745.2368525723
117505.0108135881 139889.3514887048
126619.6950956051 132863.0565085121
130937.1771239290 127114.2697065362
127579.1355463438 125677.0730060421
128698.4827388721 122323.6140382229
135254.6591522528 123760.8107387169
129498.0164478210 129509.5975406928
123741.3737433892 130627.4171966326
123261.6535180199 133501.8105976205
129977.7366731903 126156.1385728735
133495.6849925653 117692.6468921867
133495.6849925653 122483.3025605000
130457.4568985597 135418.0728649458
118784.2647479062 136056.8269540542
118304.5445225369 137653.7121768253
124221.0939687585 129509.5975406928
133495.6849925653 135577.7613872229
124381.0007105483 141486.2367114759
131416.8973492983 125996.4500505964
130457.4568985597 124718.9418723795
128538.5759970824 126315.8270951506
120383.3321658040 129988.6631075241

121822.4928419119 141645.9252337530
125980.0681284460 141326.5481891988
119903.6119404347 141007.1711446446
122781.9332926506 140049.0400109819
120543.2389075937 138931.2203550422
117505.0108135881 138292.4662659337
117345.1040717983 137494.0236545482
131416.8973492983 137014.9580877169
122941.8400344403 136695.5810431626
131736.7108328778 135418.0728649458
120063.5186822244 135258.3843426687
122302.2130672813 134939.0072981144
123741.3737433892 134779.3187758374
121982.3995837017 133821.1876421747
133495.6849925653 133501.8105976205
129977.7366731903 133022.7450307891
137973.0737626790 133022.7450307891
121822.4928419119 132863.0565085121
128218.7625135029 132863.0565085121
118624.3580061165 132064.6138971265
133015.9647671960 132064.6138971265
139572.1411805767 131904.9253748494
133015.9647671960 130946.7942411868
138292.8872462585 130627.4171966326
137013.6333119404 130148.3516298012
134455.1254433040 128870.8434515843
122941.8400344403 128551.4664070301
125660.2546448665 126475.5156174277
124700.8141941278 125996.4500505964
124540.9074523381 125198.0074392109
134934.8456686733 124080.1877832711
130297.5501567699 122323.6140382229
132216.4310582472 121844.5484713916
137173.5400537301 121844.5484713916
132696.1512836165 120247.6632486205
134295.2187015142 117213.5813253554
134774.9389268835 136216.5154763313
137973.0737626790 131904.9253748494
118464.4512643267 140368.4170555361
130297.5501567699 121365.4829045603
128058.8557717131 137973.0892213795
127259.3220627642 126475.5156174277
134615.0321850938 131266.1712857410
120863.0523911733 137494.0236545482
139252.3276969972 132863.0565085121
121342.7726165426 129669.2860629699
133175.8715089858 130148.3516298012
131256.9906075085 128551.4664070301
126299.8816120256 134459.9417312832
130297.5501567699 140049.0400109819
135734.3793776222 124559.2533501024
129817.8299314006 122163.9255159458
120383.3321658040 129988.6631075241
115586.1299121108 136056.8269540542
127419.2288045540 128072.4008401988
120543.2389075937 134459.9417312832
139572.1411805767 132224.3024194036
114146.9692360028 138132.7777436566
133655.5917343551 127433.6467510904
137173.5400537301 122962.3681273313
133815.4984761449 118012.0239367410
129657.9231896108 139250.5973995964
130137.6434149801 136376.2039986084
129018.2962224517 137653.7121768253
124540.9074523381 128391.7778847530
128538.5759970824 125357.6959614879
129498.0164478210 138132.7777436566
114786.5962031619 140049.0400109819
128058.8557717131 138771.5318327651
126139.9748702358 123760.8107387169
135254.6591522528 119608.9091595121
113507.3422688438 138611.8433104880
136214.0996029915 126315.8270951506
135094.7524104631 134779.3187758374
118304.5445225369 135258.3843426687
117664.9175553778 134140.5646867289
120703.1456493835 135258.3843426687
121662.5861001222 135897.1384317771
116545.5703628494 135098.6958203916
123261.6535180199 129828.9745852470
128538.5759970824 121205.7943822831
123581.4670015994 127912.7123179217
128378.6692552926 133182.4335530663
116545.5703628494 139569.9744441506
120703.1456493835 132543.6794639578
122622.0265508608 135258.3843426687
123421.5602598097 130946.7942411868
137973.0737626790 126954.5811842590
130937.1771239290 133980.8761644518
129817.8299314006 134140.5646867289
120063.5186822244 130946.7942411868
116865.3838464290 133980.8761644518
122781.9332926506 141805.6137560301
124540.9074523381 137973.0892213795
126459.7883538154 126794.8926619819
136374.0063447813 129828.9745852470
131736.7108328778 118331.4009812952
136693.8198283608 134140.5646867289
129657.9231896108 120567.0402931747
124700.8141941278 139250.5973995964
124540.9074523381 134140.5646867289
127259.3220627642 140847.4826223675
135734.3793776222 122483.3025605000
133655.5917343551 130787.1057189096
132376.3378000369 124080.1877832711
123901.2804851790 139410.2859218735
129977.7366731903 125038.3189169337
137013.6333119404 127273.9582288132
124221.0939687585 135418.0728649458
126619.6950956051 136056.8269540542
130617.3636403494 118970.1550704036
121022.9591329631 138452.1547882108
122302.2130672813 137973.0892213795
132696.1512836165 122163.9255159458
125340.4411612869 126156.1385728735
127099.4153209744 137014.9580877169
130137.6434149801 140368.4170555361
119583.7984568551 138771.5318327651
126299.8816120256 125836.7615283193
125500.3479030767 134459.9417312832
134774.9389268835 126635.2041397048
123741.3737433892 132064.6138971265
122302.2130672813 130627.4171966326
138292.8872462585 127753.0237956446
116385.6636210596 134779.3187758374
136374.0063447813 131425.8598080181
133975.4052179347 125038.3189169337
130777.2703821392 119129.8435926807
131416.8973492983 129509.5975406928
120223.4254240142 131745.2368525723
123901.2804851790 133821.1876421747
130937.1771239290 130467.7286743554
133335.7782507756 129828.9745852470
120223.4254240142 138611.8433104880
134295.2187015142 134779.3187758374
117984.7310389574 133182.4335530663
124061.1872269688 140368.4170555361
132536.2445418267 128551.4664070301
118464.4512643267 133501.8105976205
126139.9748702358 129030.5319738615
123421.5602598097 138771.5318327651
125340.4411612869 132064.6138971265
128538.5759970824 131904.9253748494
131896.6175746676 135098.6958203916
120063.5186822244 135418.0728649458
129018.2962224517 135258.3843426687
116705.4771046392 136535.8925208855
124860.7209359176 141805.6137560301
124381.0007105483 136376.2039986084
116545.5703628494 140049.0400109819
121342.7726165426 129349.9090184157
139092.4209552074 128870.8434515843
132216.4310582472 128391.7778847530
127419.2288045540 139729.6629664277
135894.2861194119 122642.9910827771
129977.7366731903 136695.5810431626
128858.3894806619 121525.1714268374
119743.7051986449 137494.0236545482
130137.6434149801 129509.5975406928
121342.7726165426 139250.5973995964
120383.3321658040 133980.8761644518
132856.0580254063 128870.8434515843
129657.9231896108 119289.5321149578
126619.6950956051 127114.2697065362
132856.0580254063 121525.1714268374
134774.9389268835 120886.4173377289
130137.6434149801 138931.2203550422
128698.4827388721 126635.2041397048
132856.0580254063 118810.4665481265

123741.3737433892 141965.3022783072
121822.4928419119 141486.2367114759
125500.3479030767 141007.1711446446
129977.7366731903 140368.4170555361
114786.5962031619 140049.0400109819
125980.0681284460 139569.9744441506
126299.8816120256 139410.2859218735
132056.5243164574 139410.2859218735
120223.4254240142 139250.5973995964
130297.5501567699 139090.9088773193
131416.8973492983 138611.8433104880
116545.5703628494 138292.4662659337
130937.1771239290 138292.4662659337
122302.2130672813 138132.7777436566
128058.8557717131 137973.0892213795
124061.1872269688 137653.7121768253
127419.2288045540 137653.7121768253
127739.0422881335 137653.7121768253
132856.0580254063 137653.7121768253
121502.6793583324 137334.3351322711
117025.2905882187 137174.6466099940
118464.4512643267 137174.6466099940
125020.6276777074 137014.9580877169
115905.9433956903 136535.8925208855
119263.9849732756 136216.5154763313
132696.1512836165 136216.5154763313
122462.1198090710 135897.1384317771
131097.0838657188 135897.1384317771
115746.0366539006 135737.4499095000
133815.4984761449 135737.4499095000
120863.0523911733 135577.7613872229
121822.4928419119 135577.7613872229
126939.5085791847 135098.6958203916
130457.4568985597 135098.6958203916
121022.9591329631 134939.0072981144
123741.3737433892 134779.3187758374
119903.6119404347 134619.6302535602
128698.4827388721 134619.6302535602
127259.3220627642 134300.2532090060
120383.3321658040 133980.8761644518
133015.9647671960 133980.8761644518
123261.6535180199 133821.1876421747
117505.0108135881 133661.4991198976
129338.1097060312 133661.4991198976
124221.0939687585 133501.8105976205
129977.7366731903 133182.4335530663
125500.3479030767 133022.7450307891
137973.0737626790 133022.7450307891
139412.2344387870 132863.0565085121
130777.2703821392 132703.3679862349
139412.2344387870 132543.6794639578
131256.9906075085 132224.3024194036
140051.8614059460 132224.3024194036
119743.7051986449 132064.6138971265
122142.3063254915 131585.5483302952
130617.3636403494 131425.8598080181
133015.9647671960 130946.7942411868
128378.6692552926 130787.1057189096
133335.7782507756 130627.4171966326
123101.7467762301 130308.0401520783
130297.5501567699 130148.3516298012
128698.4827388721 129988.6631075241
133655.5917343551 129828.9745852470
124860.7209359176 129509.5975406928
123741.3737433892 129190.2204961385
130137.6434149801 129190.2204961385
139252.3276969972 129030.5319738615
122941.8400344403 128551.4664070301
123421.5602598097 128232.0893624759
135414.5658940426 128232.0893624759
123581.4670015994 127912.7123179217
137973.0737626790 127753.0237956446
136533.9130865710 127273.9582288132
130617.3636403494 126635.2041397048
125500.3479030767 126475.5156174277
129018.2962224517 125996.4500505964
133815.4984761449 125836.7615283193
125180.5344194972 125677.0730060421
129338.1097060312 125677.0730060421
134934.8456686733 125517.3844837651
137813.1670208892 125357.6959614879
137013.6333119404 124399.5648278253
128218.7625135029 124239.8763055482
136853.7265701506 124239.8763055482
131256.9906075085 123760.8107387169
137813.1670208892 123760.8107387169
135734.3793776222 123122.0566496084
133335.7782507756 122962.3681273313
129498.0164478210 122483.3025605000
130297.5501567699 122323.6140382229
130457.4568985597 120886.4173377289
129657.9231896108 120567.0402931747
132696.1512836165 120407.3517708976
133655.5917343551 120247.6632486205
130777.2703821392 119608.9091595121
130777.2703821392 118650.7780258494
132536.2445418267 118491.0895035723
132056.5243164574 118171.7124590181
126139.9748702358 139729.6629664277
124381.0007105483 133821.1876421747
132056.5243164574 136535.8925208855
133175.8715089858 136216.5154763313
133175.8715089858 128711.1549293072
124381.0007105483 129190.2204961385
123741.3737433892 135418.0728649458
125980.0681284460 141326.5481891988
124381.0007105483 135418.0728649458
121342.7726165426 136695.5810431626
139412.2344387870 128711.1549293072
126299.8816120256 138132.7777436566
124381.0007105483 129988.6631075241
127579.1355463438 123122.0566496084
125020.6276777074 131745.2368525723
115586.1299121108 136376.2039986084
121822.4928419119 132863.0565085121
138612.7007298381 126475.5156174277
134934.8456686733 124080.1877832711
133495.6849925653 125996.4500505964
136693.8198283608 122642.9910827771
117345.1040717983 137494.0236545482
136533.9130865710 129349.9090184157
118304.5445225369 132703.3679862349
133975.4052179347 134779.3187758374
124381.0007105483 128072.4008401988
131256.9906075085 125038.3189169337
130777.2703821392 129349.9090184157
117824.8242971676 140528.1055778133
119903.6119404347 141007.1711446446
120543.2389075937 132383.9909416807
121342.7726165426 134459.9417312832
124540.9074523381 129988.6631075241
129178.2029642415 138931.2203550422
127898.9490299233 125357.6959614879
136214.0996029915 132383.9909416807
128538.5759970824 126156.1385728735
130457.4568985597 119289.5321149578
126619.6950956051 141007.1711446446
132856.0580254063 125198.0074392109
128378.6692552926 124878.6303946566
122781.9332926506 129509.5975406928
128218.7625135029 132863.0565085121
119743.7051986449 132543.6794639578
120383.3321658040 129988.6631075241
125180.5344194972 139090.9088773193
127898.9490299233 140687.7941000904
129338.1097060312 126954.5811842590
133175.8715089858 120726.7288154518
137013.6333119404 128870.8434515843
131736.7108328778 135418.0728649458
127739.0422881335 132383.9909416807
129977.7366731903 132064.6138971265
115586.1299121108 136056.8269540542
124061.1872269688 130946.7942411868
127579.1355463438 125357.6959614879
120543.2389075937 135258.3843426687
138132.9805044688 130148.3516298012
134615.0321850938 118171.7124590181
120063.5186822244 138292.4662659337
137653.2602790994 130467.7286743554
135894.2861194119 121365.4829045603
138292.8872462585 130627.4171966326
130777.2703821392 118491.0895035723
133655.5917343551 131585.5483302952
126779.6018373949 124559.2533501024
120223.4254240142 138771.5318327651
137013.6333119404 126954.5811842590
123261.6535180199 126635.2041397048
131416.8973492983 124878.6303946566
123901.2804851790 133501.8105976205

