744040401.4996781349 79339.6529960632
745833042.5618269444 81046.4041032791
747683219.5961345434 81775.2144498825
775834963.5094971657 86911.8472824097
752867112.0353248119 83347.0162487030
747842006.0382548571 82419.8049640656
746591920.6634060144 81298.9968290329
751742593.3814333677 83262.6766462326
766720191.8798581362 86673.0419330597
745243327.5812622309 80680.9081001282
774159954.4004942179 86907.0833663940
754678540.3627893925 83467.9185638428
755641141.7833280563 84915.0044517517
773157477.5264370441 86848.0030851364
766541296.3605179787 85995.6986083984
742406348.1774597168 63444.8250026703
751394860.1726816893 83200.4166421890
749020206.8824493885 83041.4928684235
742887878.2151377201 79155.2141227722
758196155.5646543503 85742.6170845032
744273810.2536463737 79709.3742637634
