260142938.0487207174 18.9285118468
256423121.0185192823 18.6212243531
250011321.8146007955 16.7348925243
258850472.3737965226 18.6723379418
255296369.5863182843 18.4378782017
261505296.7962618172 18.9405955225
261506688.8995452821 18.9436136722
256315032.5168933570 18.4460355667
254535838.9447374940 18.0848465292
249915507.4906577170 16.0024130849
255133764.3524512649 18.2191169423
252427169.9438115060 17.3414939120
251581365.1972706616 16.7579645067
259939590.0367908478 18.7127645512
252479157.6020321548 17.5757902008
251857514.6129121780 17.1319685911
253675662.0150054097 17.9772263018
262960863.6568771601 19.0208787529
253455626.1723654568 17.8233178444
