221035562.0075344145 9595.7009315491
221736061.5640738904 9900.1600503922
231845027.2056698203 11023.9453945160
226905911.1391701698 10885.7919712067
225210459.2349797487 10648.8991527557
222467779.0661284626 10186.7785925865
221113883.6571553051 9679.0956940651
236921219.6221059859 11245.3845996857
233422585.5491294265 11121.1796207428
233970598.5891690552 11183.6824159622
224397725.0125173330 10617.0033159256
230457487.1468682587 10990.1502161026
223702757.9383820593 10485.1191425323
234645307.5240015090 11218.1574592590
226356560.6411690712 10811.7857055664
233693364.2082829773 11122.2950267792
232606657.6455364227 11027.5275897980
232718896.1702963114 11072.1156368256
221949306.9122852981 10016.7000226974
220996919.9581120312 9543.0520076752
223372159.9286957085 10403.5129971504
222488286.5630319118 10326.5145246983
223353927.1211530268 10345.1344614029
225867212.9416142106 10710.8383979797
226468287.0249392688 10825.1350278854
228084088.8263011575 10966.3289442062
225907007.9655414820 10794.5895404816
222455718.2489190698 10121.0652732849
221470509.0560182631 9880.7433958054
221336743.9950373769 9784.1805219650
229837987.8261383176 10989.8634281158
