1514812644.7440040112 45144.1869854927
1521172366.9202067852 45958.2518119812
1512678664.0198314190 45141.9442024231
1511664796.7609052658 44936.9450556040
1493669318.7562065125 44383.3500299454
1483198342.6498367786 42222.9740200043
1485094679.9009137154 42460.1270024776
1518852944.4339272976 45439.9742083549
1486142737.6052398682 43217.8296580315
1480079325.5651159286 41712.4935270548
1484037105.8616859913 42301.8324384689
1479874430.3309528828 34954.8441153765
1509280722.6361501217 44778.5652028322
1480047708.4287800789 41226.7448556423
1491184390.5520730019 43934.8887348175
1481434828.6612145901 41744.0782935619
1490060656.4086482525 43385.1083893776
1510680740.3545005322 44863.4517974854
1516575158.3226091862 45352.0512523651
1515122788.1935589314 45248.9159488678
1516062041.9909105301 45315.3952841759
1489488359.6302423477 43319.2360070944
1485291325.9356012344 42478.6361236572
1485520295.2956595421 42885.8552772701
1491056418.5854463577 43674.1923691630
