152323519.8458321691 11.6598926000
151878461.2735090554 11.6520719836
153614036.2335446179 12.2759335341
159739324.2151605785 12.7355391150
152405554.4060993493 11.8667882187
159008346.5254109800 12.6965778507
155142137.2781924903 12.5713381786
159926545.2050664723 12.9149939572
152547644.8631789982 11.9794486230
151140895.9244625568 11.6025724960
152328703.9185606539 11.7186040664
153760566.0387328267 12.4064837536
154591443.3212110102 12.4722472504
158347889.3858551681 12.6582773943
161997506.6830911338 13.1037236889
160518795.4869343042 12.9152469859
150715443.9596683383 11.5604553921
160855660.1567764282 13.0339445826
153191588.5921081901 12.1720301243
158041654.2340973914 12.5995375747
152637826.7468892336 12.0660244725
