194619831.2477374971 320834.7815551758
193845765.6186617613 320827.6097412109
182366440.8451630771 283503.7743530273
195661872.9902177453 326006.0255126953
194966733.6434451044 323516.5143432617
182892255.5134814382 285647.9135742188
195861439.5360244811 326379.2782592773
182992254.1039824784 290749.4920654297
183607726.2718916833 290868.9685668945
194643617.9177101254 322200.8449707031
196050773.9424706697 328091.3222045898
184863034.5717255771 306982.0609130859
186518283.0978929400 309030.4555053711
192654833.6740599871 317686.1407470703
182645089.4079126120 285548.6723022461
183886275.3615612388 299052.3959350586
181128715.5994942486 279542.0730590820
182550503.2553521097 284583.9546813965
189218945.3885785937 312691.6801147461
189229186.3223756254 313924.3569335938
190389223.8166635334 317042.0487670898
179343763.9927478433 257181.8236846924
181069264.1175232530 266969.3765716553
183699747.6692157388 298182.6440124512
