375947859.8749130368 616430.4818115234
365218738.1610460877 599390.5152587891
370782023.1443808675 609588.3538208008
364213692.4876506925 591957.7188720703
361776920.5148974657 574201.9126892090
372267113.5977506638 614847.6731567383
370995418.1891057491 609858.7058715820
366403397.9158169627 602991.4088745117
360571018.4229223728 555888.2577514648
365132612.9878607988 595658.8967895508
360842896.9682992101 570574.6914672852
361483843.2442086935 571878.6372375488
371420798.0493056774 611109.0000000000
366960730.7085829973 609151.2561035156
362752113.1813989878 588426.1879882812
