191493195.2747978866 9211.5598840714
198989525.5164633989 9841.1408538818
191720080.2534401715 9233.8708505630
193565474.4028131664 9480.1599349976
201015134.0566670597 9990.0633792877
199183761.5600436926 9890.2187461853
193081038.0324641466 9459.3557233810
192060545.6784087420 9400.4096136093
202387993.3462989926 10007.0037965775
193860171.8840784729 9548.0347089767
196768966.6233934164 9817.7600975037
190244788.1018477380 8776.1530096531
194089426.4909636676 9652.1800098419
194720146.5802697241 9804.0580215454
198625310.6695000231 9825.0973453522
