305378282.7606294155 263300.8954315186
299140041.7120459080 233924.9133605957
302144693.2031617761 261203.9740447998
299966814.5901910663 249114.9674377441
310327943.5278346539 270010.9630432129
305948818.4217082262 265715.6363677979
299694836.5883060098 246394.1440124512
308175483.6156557798 266853.4963836670
300238071.3423175216 259625.5885620117
308070725.2135610580 266638.6613464355
309636757.2673782110 267025.8209838867
299333398.8748714924 246364.2156066895
298601993.8611065745 225753.4884490967
304343677.2230778933 262291.7857055664
