592320766.8117038012 4889575.1523437500
570563195.3756102324 4516135.5869140625
574873641.2367345095 4813547.8935546875
571743704.1701828241 4737755.8769531250
590340031.3337433338 4867118.1210937500
572185632.2572886944 4746481.1835937500
578025427.8819245100 4840954.2929687500
582606925.0622694492 4855401.2490234375
573024675.7620010376 4767752.2324218750
573567529.1440731287 4787960.8945312500
585007333.3247774839 4863498.4101562500
582911323.8074496984 4859559.3154296875
581462912.4794204235 4849529.2060546875
572957738.4466530085 4759884.9150390625
572877455.9614256620 4752808.2158203125
576109328.8268333673 4815175.0078125000
