423259448.3681557775 411.0507071316
433748357.9035395980 431.7510084808
422836596.6584562659 411.0008495152
430224238.7967510223 421.0370438397
417936493.7116214633 403.9658361822
430458439.8713240623 424.7042211890
422307269.7056109309 409.7281380892
432347195.8461000323 424.9617337883
421567970.6122757196 405.9906268418
427268305.4946414828 420.7478363514
423727586.8534429669 415.7705641985
430366176.5181196928 421.2670425773
424866515.9439435005 416.3903616369
431278214.4673312902 424.9369212091
417490172.7832510471 306.4714496061
426537152.5442383289 417.4227633774
