125048.5275675909 119919.4340312685
126172.2831395000 120239.7922508611
126653.8926703182 118958.3593724907
124727.4545470454 119438.8967018796
126011.7466292273 123923.9117761759
127135.5022011364 117516.7473843241
127456.5752216818 118477.8220431019
125690.6736086818 124724.8073251574
126493.3561600455 116715.8518353426
126332.8196497727 122322.1206782130
126974.9656908636 116555.6727255463
124406.3815265000 115594.5980667685
123764.2354854091 113352.0905296204
125369.6005881364 123603.5535565833
124406.3815265000 126166.4193133241
125690.6736086818 124244.2699957685
123764.2354854091 111269.7621022685
124406.3815265000 124564.6282153611
124566.9180367727 125365.5237643426
127617.1117319545 119599.0758116759
126493.3561600455 123923.9117761759
124887.9910573182 116395.4936157500
125690.6736086818 121200.8669096389
124406.3815265000 121681.4042390278
119946.0167183007 132609.5169323901
122983.0985987059 131002.4921935989
135770.8117793595 131323.8971413572
129856.4944333072 133252.3268279066
124581.5627462876 134216.5416711813
130655.7265070980 129395.4674548077
132094.3442399216 127145.6328205000
128577.7231152418 127306.3352943791
132094.3442399216 131163.1946674780
136570.0438531503 122485.2610780055
136410.1974383922 124092.2858167967
134651.8868760523 130681.0872458407
135451.1189498431 121842.4511824890
132733.7298989542 131645.3020891154
130176.1872628235 126824.2278727418
137049.5830974249 126020.7155033462
138807.8936597647 132127.4095107527
129057.2623595163 126181.4179772253
128098.1838709673 128270.5501376538
132573.8834841961 126342.1204511044
133373.1155579869 124574.3932384341
128897.4159447582 132448.8144585110
127618.6446266928 133734.4342495440
123942.1770872549 130681.0872458407
132414.0370694379 132288.1119846319
139607.1257335556 131806.0045629945
128258.0302857255 128752.6575592912
139127.5864892811 132127.4095107527
130975.4193366144 125860.0130294670
131454.9585808889 132127.4095107527
131934.4978251634 130198.9798242033
134971.5797055686 124574.3932384341
135770.8117793595 128913.3600331703
133373.1155579869 129556.1699286868
130016.3408480654 128431.2526115330
136729.8902679085 130681.0872458407
126819.4125529020 127788.4427160165
137209.4295121830 123449.4759212802
130815.5729218562 128591.9550854121
127298.9517971765 132127.4095107527
119626.3238887843 133091.6243540275
133532.9619727451 128270.5501376538
137209.4295121830 129395.4674548077
130336.0336775817 125217.2031339505
134971.5797055686 129074.0625070495
137209.4295121830 124252.9882906758
137688.9687564575 126984.9303466209
123462.6378429804 132288.1119846319
135131.4261203268 122967.3684996429
136570.0438531503 121038.9388130934
126020.1804791111 131966.7070368736
131454.9585808889 133573.7317756648
133373.1155579869 129074.0625070495
132733.7298989542 133734.4342495440
135451.1189498431 133252.3268279066
135451.1189498431 131484.5996152362
132094.3442399216 125217.2031339505
133053.4227284706 130359.6822980824
132414.0370694379 127306.3352943791
134811.7332908105 125377.9056078297
130655.7265070980 132288.1119846319
129376.9551890327 128431.2526115330
139287.4329040392 131484.5996152362
121384.6344511242 133413.0293017857
138008.6615859738 126502.8229249835
132414.0370694379 133734.4342495440
135610.9653646013 123770.8808690385
133532.9619727451 133413.0293017857
133053.4227284706 133734.4342495440
135291.2725350850 124574.3932384341
126979.2589676601 127467.0377682582
135770.8117793595 122967.3684996429
134971.5797055686 131806.0045629945
117708.1669116863 133895.1367234231
119626.3238887843 133413.0293017857
137369.2759269412 131645.3020891154
137369.2759269412 127627.7402421374
137049.5830974249 121360.3437608517
133852.6548022614 127949.1451898956
138488.2008302484 130841.7897197198
119626.3238887843 133895.1367234231
138807.8936597647 131323.8971413572

124406.3815265000 125525.7028741389
126011.7466292273 120560.1504704537
123924.7719956818 115434.4189569722
124566.9180367727 122322.1206782130
124727.4545470454 120399.9713606574
126172.2831395000 124564.6282153611
125530.1370984091 120079.6131410648
124406.3815265000 117196.3891647315
126493.3561600455 124084.0908859722
124085.3085059546 121681.4042390278
126493.3561600455 119118.5384822870
125690.6736086818 116555.6727255463
124245.8450162273 122322.1206782130
125209.0640778636 122802.6580076018
127938.1847525000 118638.0011528981
124245.8450162273 114152.9860786019
124887.9910573182 114793.7025177870
125048.5275675909 117997.2847137130
125851.2101189546 123763.7326663796
124887.9910573182 122482.2997880093
124245.8450162273 116235.3145059537
123603.6989751364 111109.5829924722
125369.6005881364 119759.2549214722
127135.5022011364 122962.8371173981
131454.9585808889 132930.9218801483
131295.1121661307 127627.7402421374
122343.7129396732 130681.0872458407
134971.5797055686 130198.9798242033
138328.3544154902 132448.8144585110
135930.6581941176 125538.6080817088
118347.5525707190 133573.7317756648
137848.8151712157 125217.2031339505
135770.8117793595 128109.8476637747
134492.0404612941 123128.0709735220
128577.7231152418 132288.1119846319
138168.5080007320 129234.7649809286
130016.3408480654 125699.3105555879
130815.5729218562 125860.0130294670
129856.4944333072 130359.6822980824
123622.4842577386 131002.4921935989
122183.8665249150 132448.8144585110
127938.3374562091 132609.5169323901
130016.3408480654 132609.5169323901
130336.0336775817 125377.9056078297
132573.8834841961 133573.7317756648
134332.1940465360 128109.8476637747
136889.7366826667 122003.1536563681
134332.1940465360 125699.3105555879
122024.0201101569 132288.1119846319
137209.4295121830 120396.1289175769
131774.6514104052 126020.7155033462
135131.4261203268 123610.1783951593
137369.2759269412 125538.6080817088
127139.1053824183 132930.9218801483
139287.4329040392 131966.7070368736
137369.2759269412 120556.8313914560
124581.5627462876 132127.4095107527
135610.9653646013 126824.2278727418
134332.1940465360 131002.4921935989
125540.6412348366 128913.3600331703
133053.4227284706 124252.9882906758
130336.0336775817 129395.4674548077
126659.5661381438 131806.0045629945
125220.9484053203 133895.1367234231
128577.7231152418 128591.9550854121
135610.9653646013 130681.0872458407
122503.5593544314 132930.9218801483
126659.5661381438 129395.4674548077
138807.8936597647 130359.6822980824
134651.8868760523 126663.5253988626
130495.8800923399 133734.4342495440
129376.9551890327 131806.0045629945
133213.2691432287 133252.3268279066
136410.1974383922 124895.7981861923
133532.9619727451 123128.0709735220
118827.0918149935 132930.9218801483
130975.4193366144 131163.1946674780
126499.7197233856 134055.8391973022
133532.9619727451 127949.1451898956
136889.7366826667 121842.4511824890
132733.7298989542 130841.7897197198
132414.0370694379 130038.2773503242
136090.5046088758 128270.5501376538
125220.9484053203 131484.5996152362
132094.3442399216 123931.5833429176
130336.0336775817 128270.5501376538
133213.2691432287 129556.1699286868
132094.3442399216 131966.7070368736
129696.6480185490 130038.2773503242
126819.4125529020 132288.1119846319
138008.6615859738 124895.7981861923
132094.3442399216 132609.5169323901
130975.4193366144 126824.2278727418
137529.1223416993 121199.6412869725
138488.2008302484 133091.6243540275
127458.7982119346 128431.2526115330
137848.8151712157 122645.9635518846
119946.0167183007 132609.5169323901
120905.0952068497 132609.5169323901
127938.3374562091 126984.9303466209
121704.3272806405 133734.4342495440
131774.6514104052 127145.6328205000
137209.4295121830 131806.0045629945
128897.4159447582 133413.0293017857
130815.5729218562 133734.4342495440
134012.5012170196 123770.8808690385

124566.9180367727 125045.1655447500
125369.6005881364 123763.7326663796
124887.9910573182 122001.7624586204
124887.9910573182 121521.2251292315
125851.2101189546 120560.1504704537
124085.3085059546 120399.9713606574
124887.9910573182 120399.9713606574
128098.7212627727 120239.7922508611
127296.0387114091 120079.6131410648
128580.3307935909 119919.4340312685
127617.1117319545 119599.0758116759
124566.9180367727 118477.8220431019
125369.6005881364 115594.5980667685
126172.2831395000 115114.0607373796
125048.5275675909 114633.5234079907
124887.9910573182 112711.3740904352
124085.3085059546 112391.0158708426
123764.2354854091 112070.6576512500
126653.8926703182 119278.7175920833
125369.6005881364 121200.8669096389
126011.7466292273 119118.5384822870
126653.8926703182 123283.1953369907
125851.2101189546 115594.5980667685
126332.8196497727 121521.2251292315
124741.4091610458 134216.5416711813
122343.7129396732 133573.7317756648
129376.9551890327 133573.7317756648
118667.2454002353 133413.0293017857
128897.4159447582 133413.0293017857
135770.8117793595 133413.0293017857
128098.1838709673 133252.3268279066
118986.9382297516 133091.6243540275
123302.7914282222 133091.6243540275
138008.6615859738 133091.6243540275
119626.3238887843 132930.9218801483
130016.3408480654 132930.9218801483
120425.5559625752 132770.2194062692
128577.7231152418 132770.2194062692
140885.8970516209 132770.2194062692
119946.0167183007 132288.1119846319
120585.4023773333 132288.1119846319
127778.4910414510 132288.1119846319
126020.1804791111 131966.7070368736
123942.1770872549 131484.5996152362
134172.3476317778 131484.5996152362
123622.4842577386 131002.4921935989
123462.6378429804 130841.7897197198
133532.9619727451 130841.7897197198
122343.7129396732 130681.0872458407
134492.0404612941 130681.0872458407
130975.4193366144 130359.6822980824
132733.7298989542 130359.6822980824
123462.6378429804 130198.9798242033
131614.8049956471 129877.5748764451
132414.0370694379 129877.5748764451
137688.9687564575 129716.8724025659
134811.7332908105 129556.1699286868
125380.7948200784 129395.4674548077
136410.1974383922 129234.7649809286
133852.6548022614 128913.3600331703
135770.8117793595 128752.6575592912
127139.1053824183 128270.5501376538
136250.3510236340 128109.8476637747
133532.9619727451 126824.2278727418
129696.6480185490 126663.5253988626
133532.9619727451 125699.3105555879
130016.3408480654 125538.6080817088
132573.8834841961 125538.6080817088
136889.7366826667 124413.6907645550
135131.4261203268 122806.6660257637
137209.4295121830 122003.1536563681
135610.9653646013 121521.0462347308
132893.5763137124 125217.2031339505
122024.0201101569 131163.1946674780
125700.4876495948 129556.1699286868
126180.0268938693 129234.7649809286
122024.0201101569 132930.9218801483
123622.4842577386 133413.0293017857
133053.4227284706 129556.1699286868
117228.6276674118 134377.2441450605
133532.9619727451 133091.6243540275
127298.9517971765 133895.1367234231
137369.2759269412 130198.9798242033
122983.0985987059 130198.9798242033
124421.7163315294 132609.5169323901
126020.1804791111 133573.7317756648
122983.0985987059 130841.7897197198
126339.8733086274 134055.8391973022
132573.8834841961 124574.3932384341
124421.7163315294 130681.0872458407
136090.5046088758 124895.7981861923
125061.1019905621 128752.6575592912
124741.4091610458 129556.1699286868
122663.4057691895 131484.5996152362
120905.0952068497 131645.3020891154
130336.0336775817 132448.8144585110
134811.7332908105 133413.0293017857
136570.0438531503 131163.1946674780
121544.4808658823 132127.4095107527
131614.8049956471 132288.1119846319
120425.5559625752 133734.4342495440
138008.6615859738 120235.4264436978
134172.3476317778 125377.9056078297
130495.8800923399 125217.2031339505
129696.6480185490 128752.6575592912
129376.9551890327 128752.6575592912

124406.3815265000 123763.7326663796
123924.7719956818 114793.7025177870
126653.8926703182 123283.1953369907
125369.6005881364 126006.2402035278
124406.3815265000 115594.5980667685
124887.9910573182 114473.3442981944
124727.4545470454 126486.7775329167
128259.2577730455 119599.0758116759
124887.9910573182 124564.6282153611
125690.6736086818 122802.6580076018
124406.3815265000 115914.9562863611
126493.3561600455 118157.4638235093
124887.9910573182 116555.6727255463
126493.3561600455 121841.5833488241
127296.0387114091 120720.3295802500
124887.9910573182 116395.4936157500
127938.1847525000 120560.1504704537
124566.9180367727 122001.7624586204
126974.9656908636 117676.9264941204
126172.2831395000 122962.8371173981
125690.6736086818 120560.1504704537
127617.1117319545 118958.3593724907
127296.0387114091 121521.2251292315
125851.2101189546 122001.7624586204
135770.8117793595 121521.0462347308
128417.8767004837 128591.9550854121
127778.4910414510 127949.1451898956
135131.4261203268 131484.5996152362
135930.6581941176 121681.7487086099
126979.2589676601 132930.9218801483
122024.0201101569 133734.4342495440
135770.8117793595 125860.0130294670
137529.1223416993 122645.9635518846
125700.4876495948 130681.0872458407
133852.6548022614 131966.7070368736
134651.8868760523 124252.9882906758
130975.4193366144 126020.7155033462
134971.5797055686 124252.9882906758
133692.8083875033 125538.6080817088
128258.0302857255 132288.1119846319
128897.4159447582 127788.4427160165
132254.1906546798 130681.0872458407
130176.1872628235 130038.2773503242
121704.3272806405 132609.5169323901
133373.1155579869 132770.2194062692
135131.4261203268 122003.1536563681
127618.6446266928 133573.7317756648
134172.3476317778 127627.7402421374
128098.1838709673 129877.5748764451
120425.5559625752 133252.3268279066
131774.6514104052 130520.3847719615
133213.2691432287 123770.8808690385
134492.0404612941 123128.0709735220
131454.9585808889 133734.4342495440
137688.9687564575 122324.5586041264
126339.8733086274 131966.7070368736
125700.4876495948 132930.9218801483
125700.4876495948 132448.8144585110
123142.9450134641 130520.3847719615
129217.1087742745 128913.3600331703
117388.4740821699 133895.1367234231
137688.9687564575 127627.7402421374
133213.2691432287 129556.1699286868
129217.1087742745 128270.5501376538
137209.4295121830 121681.7487086099
133852.6548022614 133573.7317756648
132414.0370694379 125217.2031339505
134332.1940465360 133413.0293017857
124261.8699167712 132288.1119846319
129536.8016037909 133252.3268279066
134651.8868760523 131163.1946674780
136250.3510236340 130038.2773503242
129696.6480185490 131806.0045629945
121064.9416216078 131806.0045629945
131934.4978251634 127627.7402421374
127298.9517971765 127306.3352943791
136729.8902679085 122324.5586041264
135610.9653646013 122485.2610780055
137688.9687564575 125056.5006600714
138008.6615859738 125699.3105555879
136410.1974383922 127788.4427160165
134492.0404612941 125377.9056078297
136250.3510236340 121199.6412869725
116749.0884231372 134377.2441450605
127778.4910414510 133091.6243540275
124581.5627462876 132127.4095107527
132893.5763137124 128591.9550854121
138008.6615859738 120878.2363392143
133692.8083875033 123128.0709735220
137049.5830974249 127306.3352943791
130495.8800923399 128270.5501376538
123462.6378429804 134216.5416711813
130975.4193366144 129234.7649809286
126979.2589676601 132770.2194062692
130336.0336775817 126020.7155033462
136729.8902679085 122163.8561302473
130815.5729218562 132770.2194062692
129536.8016037909 129556.1699286868
130336.0336775817 130359.6822980824
130495.8800923399 126181.4179772253
132094.3442399216 132930.9218801483
132893.5763137124 132770.2194062692
137369.2759269412 128109.8476637747
126499.7197233856 132770.2194062692
122343.7129396732 133413.0293017857
118347.5525707190 133252.3268279066

127777.6482422273 121361.0460194352
128098.7212627727 120239.7922508611
126332.8196497727 118477.8220431019
126974.9656908636 117036.2100549352
125530.1370984091 116235.3145059537
124406.3815265000 113672.4487492130
124566.9180367727 117837.1056039167
125690.6736086818 114152.9860786019
125530.1370984091 120239.7922508611
126332.8196497727 120560.1504704537
124245.8450162273 113191.9114198241
126011.7466292273 117676.9264941204
123924.7719956818 111910.4785414537
125369.6005881364 121200.8669096389
124245.8450162273 115434.4189569722
123924.7719956818 113832.6278590093
124566.9180367727 121040.6877998426
126653.8926703182 122001.7624586204
127456.5752216818 117997.2847137130
125048.5275675909 121361.0460194352
124566.9180367727 122802.6580076018
124085.3085059546 121361.0460194352
126011.7466292273 119118.5384822870
124406.3815265000 124884.9864349537
122343.7129396732 134055.8391973022
136410.1974383922 133413.0293017857
138328.3544154902 132930.9218801483
123942.1770872549 132770.2194062692
119946.0167183007 132288.1119846319
136729.8902679085 131645.3020891154
132094.3442399216 131323.8971413572
138967.7400745229 131323.8971413572
122983.0985987059 131002.4921935989
127139.1053824183 130198.9798242033
126180.0268938693 129234.7649809286
129696.6480185490 128752.6575592912
136410.1974383922 128109.8476637747
131774.6514104052 127949.1451898956
129376.9551890327 127788.4427160165
130815.5729218562 127788.4427160165
137209.4295121830 126663.5253988626
130495.8800923399 125860.0130294670
133852.6548022614 125699.3105555879
137209.4295121830 122163.8561302473
131295.1121661307 131002.4921935989
132414.0370694379 130359.6822980824
131135.2657513725 129074.0625070495
136410.1974383922 131645.3020891154
136889.7366826667 129877.5748764451
136729.8902679085 128270.5501376538
130495.8800923399 130681.0872458407
132893.5763137124 126181.4179772253
126499.7197233856 128431.2526115330
121544.4808658823 132930.9218801483
138648.0472450065 132930.9218801483
133692.8083875033 124895.7981861923
135291.2725350850 124735.0957123132
136889.7366826667 123128.0709735220
124421.7163315294 131966.7070368736
134012.5012170196 133734.4342495440
136729.8902679085 130681.0872458407
123782.3306724967 130681.0872458407
128417.8767004837 132930.9218801483
127778.4910414510 133413.0293017857
129376.9551890327 133573.7317756648
135451.1189498431 133573.7317756648
133532.9619727451 133091.6243540275
120425.5559625752 132770.2194062692
124581.5627462876 131323.8971413572
122183.8665249150 130841.7897197198
128577.7231152418 132770.2194062692
129057.2623595163 127627.7402421374
138008.6615859738 125538.6080817088
134971.5797055686 123770.8808690385
125220.9484053203 134216.5416711813
137209.4295121830 124735.0957123132
120905.0952068497 132127.4095107527
134332.1940465360 130359.6822980824
131614.8049956471 125538.6080817088
127458.7982119346 128270.5501376538
128258.0302857255 127145.6328205000
130016.3408480654 127627.7402421374
132893.5763137124 133252.3268279066
133213.2691432287 123288.7734474011
127139.1053824183 132288.1119846319
133053.4227284706 128431.2526115330
125061.1019905621 133734.4342495440
139926.8185630719 132448.8144585110
130336.0336775817 133573.7317756648
121544.4808658823 131323.8971413572
139287.4329040392 131484.5996152362
127778.4910414510 127788.4427160165
128577.7231152418 127467.0377682582
120745.2487920915 134055.8391973022
134012.5012170196 130198.9798242033
133213.2691432287 131163.1946674780
134012.5012170196 131323.8971413572
130495.8800923399 127949.1451898956
132254.1906546798 125538.6080817088
125700.4876495948 132127.4095107527
134811.7332908105 129234.7649809286
126979.2589676601 134055.8391973022
128098.1838709673 132448.8144585110
137369.2759269412 127306.3352943791
122663.4057691895 133573.7317756648
134012.5012170196 130038.2773503242

126493.3561600455 115594.5980667685
126011.7466292273 120239.7922508611
125209.0640778636 126006.2402035278
126814.4291805909 116395.4936157500
126493.3561600455 117196.3891647315
125530.1370984091 117196.3891647315
127777.6482422273 119278.7175920833
124727.4545470454 120560.1504704537
126974.9656908636 117997.2847137130
124406.3815265000 116395.4936157500
124085.3085059546 111109.5829924722
127456.5752216818 121361.0460194352
124245.8450162273 119438.8967018796
124406.3815265000 125525.7028741389
125369.6005881364 120720.3295802500
124566.9180367727 125846.0610937315
125209.0640778636 119278.7175920833
123764.2354854091 111109.5829924722
126172.2831395000 121681.4042390278
124566.9180367727 125205.3446545463
126653.8926703182 117837.1056039167
125369.6005881364 126006.2402035278
125530.1370984091 115594.5980667685
125369.6005881364 119919.4340312685
132254.1906546798 131484.5996152362
135930.6581941176 132448.8144585110
132254.1906546798 133734.4342495440
128897.4159447582 132609.5169323901
135291.2725350850 123449.4759212802
127458.7982119346 131645.3020891154
135451.1189498431 130520.3847719615
135451.1189498431 121842.4511824890
128737.5695300000 127145.6328205000
132414.0370694379 129395.4674548077
139287.4329040392 132609.5169323901
127139.1053824183 131806.0045629945
133373.1155579869 131002.4921935989
139447.2793187974 131484.5996152362
136570.0438531503 123288.7734474011
135291.2725350850 127788.4427160165
135451.1189498431 128591.9550854121
131934.4978251634 133895.1367234231
135451.1189498431 126502.8229249835
137209.4295121830 126181.4179772253
125860.3340643529 128109.8476637747
135610.9653646013 126663.5253988626
131295.1121661307 129877.5748764451
137049.5830974249 122806.6660257637
133053.4227284706 129074.0625070495
133053.4227284706 124413.6907645550
131295.1121661307 125860.0130294670
133213.2691432287 123128.0709735220
133692.8083875033 130198.9798242033
128577.7231152418 133413.0293017857
129057.2623595163 126984.9303466209
136729.8902679085 124413.6907645550
124581.5627462876 129074.0625070495
132094.3442399216 124895.7981861923
129217.1087742745 132448.8144585110
137688.9687564575 125377.9056078297
134332.1940465360 123288.7734474011
122983.0985987059 132609.5169323901
130016.3408480654 125860.0130294670
138648.0472450065 132930.9218801483
134971.5797055686 123610.1783951593
137049.5830974249 133413.0293017857
131934.4978251634 129877.5748764451
127938.3374562091 130038.2773503242
132573.8834841961 129234.7649809286
130336.0336775817 133734.4342495440
130975.4193366144 128913.3600331703
125700.4876495948 131002.4921935989
131614.8049956471 126342.1204511044
134651.8868760523 123770.8808690385
122823.2521839477 131323.8971413572
133852.6548022614 125538.6080817088
130975.4193366144 126502.8229249835
135131.4261203268 123931.5833429176
128417.8767004837 129716.8724025659
136410.1974383922 123610.1783951593
138967.7400745229 131323.8971413572
139607.1257335556 131484.5996152362
130815.5729218562 130359.6822980824
135131.4261203268 129395.4674548077
120905.0952068497 133413.0293017857
130815.5729218562 132930.9218801483
137369.2759269412 120396.1289175769
132733.7298989542 132770.2194062692
134332.1940465360 132609.5169323901
126499.7197233856 129074.0625070495
137049.5830974249 121842.4511824890
134811.7332908105 125860.0130294670
132893.5763137124 132609.5169323901
131454.9585808889 126984.9303466209
137369.2759269412 121038.9388130934
138488.2008302484 130841.7897197198
137529.1223416993 124092.2858167967
126180.0268938693 131806.0045629945
133053.4227284706 131484.5996152362
133532.9619727451 132770.2194062692
119946.0167183007 134216.5416711813
139766.9721483137 132609.5169323901
132254.1906546798 129556.1699286868
132094.3442399216 125538.6080817088
137209.4295121830 125538.6080817088
132893.5763137124 133573.7317756648

127296.0387114091 119278.7175920833
124245.8450162273 122802.6580076018
127296.0387114091 118798.1802626944
126974.9656908636 119278.7175920833
124566.9180367727 125045.1655447500
125369.6005881364 115594.5980667685
124727.4545470454 126166.4193133241
125369.6005881364 114953.8816275833
125209.0640778636 120720.3295802500
125048.5275675909 119759.2549214722
125690.6736086818 116876.0309451389
126011.7466292273 116235.3145059537
128098.7212627727 119759.2549214722
126172.2831395000 117837.1056039167
123764.2354854091 114152.9860786019
125851.2101189546 114633.5234079907
123603.6989751364 110949.4038826759
126493.3561600455 123763.7326663796
127135.5022011364 118958.3593724907
126653.8926703182 117516.7473843241
125209.0640778636 113992.8069688056
125851.2101189546 114473.3442981944
124245.8450162273 124404.4491055648
124887.9910573182 117196.3891647315
131454.9585808889 129074.0625070495
131614.8049956471 132770.2194062692
121384.6344511242 133895.1367234231
129696.6480185490 127145.6328205000
135770.8117793595 122967.3684996429
135131.4261203268 132127.4095107527
134492.0404612941 132609.5169323901
140566.2042221046 132770.2194062692
121064.9416216078 133091.6243540275
138328.3544154902 132930.9218801483
119786.1703035425 134216.5416711813
138488.2008302484 130359.6822980824
135291.2725350850 130359.6822980824
124581.5627462876 132288.1119846319
123622.4842577386 131323.8971413572
136729.8902679085 126824.2278727418
135291.2725350850 122967.3684996429
131614.8049956471 127627.7402421374
134332.1940465360 123128.0709735220
124102.0235020131 134055.8391973022
136729.8902679085 123931.5833429176
137369.2759269412 129395.4674548077
123942.1770872549 131966.7070368736
133852.6548022614 127467.0377682582
131934.4978251634 127467.0377682582
126819.4125529020 132770.2194062692
135451.1189498431 122485.2610780055
137848.8151712157 125217.2031339505
129376.9551890327 130520.3847719615
120585.4023773333 132930.9218801483
136889.7366826667 122967.3684996429
137209.4295121830 122163.8561302473
126020.1804791111 133573.7317756648
117708.1669116863 134055.8391973022
128897.4159447582 129877.5748764451
134971.5797055686 128591.9550854121
130655.7265070980 131163.1946674780
131135.2657513725 129074.0625070495
134651.8868760523 122645.9635518846
126659.5661381438 131966.7070368736
128258.0302857255 127306.3352943791
137209.4295121830 121038.9388130934
137848.8151712157 127467.0377682582
136889.7366826667 122003.1536563681
128577.7231152418 129556.1699286868
131774.6514104052 131323.8971413572
137049.5830974249 130038.2773503242
135451.1189498431 127467.0377682582
132094.3442399216 130681.0872458407
135131.4261203268 127627.7402421374
128577.7231152418 128913.3600331703
132414.0370694379 133573.7317756648
135770.8117793595 133573.7317756648
124901.2555758039 128913.3600331703
136410.1974383922 130359.6822980824
131135.2657513725 125056.5006600714
137848.8151712157 127145.6328205000
127778.4910414510 128270.5501376538
117068.7812526536 134216.5416711813
138648.0472450065 130520.3847719615
127298.9517971765 133895.1367234231
127618.6446266928 126984.9303466209
131135.2657513725 132770.2194062692
135930.6581941176 122485.2610780055
129696.6480185490 130520.3847719615
134012.5012170196 133573.7317756648
139607.1257335556 132127.4095107527
137049.5830974249 126502.8229249835
137529.1223416993 129395.4674548077
123302.7914282222 130841.7897197198
137049.5830974249 129074.0625070495
129217.1087742745 126824.2278727418
132254.1906546798 128913.3600331703
135930.6581941176 131002.4921935989
136250.3510236340 127788.4427160165
137529.1223416993 125538.6080817088
136090.5046088758 132448.8144585110
132733.7298989542 124413.6907645550
125220.9484053203 133413.0293017857
137688.9687564575 133252.3268279066
130016.3408480654 126663.5253988626
122343.7129396732 130841.7897197198

125048.5275675909 125846.0610937315
126332.8196497727 117036.2100549352
125209.0640778636 125045.1655447500
125369.6005881364 119438.8967018796
125851.2101189546 124564.6282153611
127617.1117319545 121521.2251292315
124727.4545470454 118958.3593724907
124727.4545470454 117837.1056039167
124406.3815265000 126326.5984231204
124887.9910573182 113832.6278590093
123924.7719956818 111109.5829924722
123924.7719956818 114313.1651883981
124727.4545470454 125205.3446545463
126974.9656908636 118157.4638235093
126011.7466292273 124404.4491055648
125048.5275675909 123283.1953369907
125048.5275675909 113352.0905296204
128098.7212627727 118958.3593724907
126011.7466292273 116876.0309451389
126814.4291805909 123283.1953369907
125369.6005881364 125685.8819839352
126493.3561600455 119599.0758116759
126974.9656908636 117036.2100549352
125690.6736086818 120880.5086900463
123622.4842577386 131484.5996152362
131934.4978251634 130681.0872458407
120585.4023773333 133252.3268279066
137848.8151712157 121681.7487086099
130655.7265070980 132770.2194062692
131934.4978251634 133252.3268279066
127778.4910414510 130198.9798242033
134172.3476317778 131163.1946674780
131454.9585808889 125538.6080817088
135131.4261203268 131806.0045629945
131774.6514104052 133734.4342495440
136250.3510236340 121360.3437608517
128897.4159447582 133895.1367234231
136889.7366826667 124252.9882906758
135291.2725350850 131966.7070368736
129057.2623595163 127306.3352943791
132893.5763137124 131002.4921935989
133213.2691432287 132448.8144585110
126020.1804791111 133252.3268279066
130975.4193366144 132288.1119846319
133053.4227284706 132609.5169323901
132094.3442399216 131323.8971413572
135610.9653646013 130681.0872458407
134012.5012170196 130681.0872458407
132733.7298989542 133734.4342495440
138807.8936597647 132127.4095107527
121544.4808658823 132288.1119846319
136090.5046088758 122003.1536563681
125220.9484053203 132448.8144585110
137848.8151712157 122645.9635518846
134651.8868760523 123128.0709735220
121384.6344511242 133252.3268279066
126180.0268938693 133252.3268279066
131774.6514104052 130681.0872458407
133213.2691432287 133252.3268279066
128897.4159447582 128752.6575592912
137369.2759269412 129716.8724025659
124581.5627462876 129074.0625070495
129856.4944333072 128109.8476637747
129057.2623595163 126181.4179772253
137209.4295121830 127145.6328205000
135131.4261203268 124735.0957123132
132893.5763137124 131484.5996152362
125860.3340643529 130359.6822980824
126180.0268938693 131966.7070368736
130495.8800923399 127627.7402421374
129057.2623595163 126663.5253988626
137848.8151712157 122806.6660257637
133213.2691432287 125056.5006600714
121864.1736953987 131645.3020891154
132733.7298989542 123931.5833429176
136250.3510236340 129234.7649809286
138008.6615859738 124413.6907645550
130655.7265070980 127627.7402421374
133373.1155579869 130359.6822980824
136570.0438531503 132770.2194062692
119146.7846445098 134055.8391973022
126979.2589676601 133413.0293017857
137049.5830974249 123931.5833429176
137688.9687564575 128109.8476637747
124901.2555758039 131002.4921935989
123302.7914282222 131002.4921935989
130975.4193366144 129234.7649809286
138008.6615859738 129074.0625070495
136410.1974383922 124252.9882906758
128417.8767004837 127145.6328205000
130495.8800923399 129556.1699286868
132254.1906546798 132930.9218801483
136889.7366826667 131323.8971413572
135131.4261203268 133413.0293017857
136729.8902679085 122806.6660257637
132733.7298989542 130198.9798242033
136090.5046088758 124092.2858167967
137369.2759269412 123931.5833429176
137688.9687564575 130520.3847719615
134651.8868760523 130841.7897197198
134811.7332908105 130841.7897197198
137848.8151712157 133252.3268279066
127778.4910414510 132448.8144585110
137529.1223416993 127306.3352943791
125061.1019905621 133734.4342495440
122823.2521839477 130681.0872458407

124566.9180367727 122802.6580076018
124085.3085059546 118798.1802626944
126332.8196497727 115434.4189569722
124566.9180367727 115114.0607373796
125048.5275675909 117036.2100549352
126974.9656908636 122322.1206782130
124566.9180367727 118477.8220431019
126011.7466292273 119118.5384822870
124406.3815265000 125525.7028741389
124085.3085059546 112391.0158708426
126011.7466292273 122482.2997880093
125690.6736086818 122962.8371173981
125048.5275675909 125045.1655447500
124245.8450162273 121200.8669096389
125048.5275675909 114793.7025177870
125530.1370984091 114793.7025177870
128419.7942833182 120239.7922508611
125530.1370984091 124884.9864349537
127296.0387114091 120079.6131410648
126332.8196497727 119919.4340312685
123924.7719956818 115594.5980667685
127617.1117319545 119438.8967018796
124887.9910573182 122642.4788978055
124887.9910573182 121521.2251292315
118347.5525707190 133573.7317756648
128098.1838709673 133252.3268279066
138168.5080007320 132930.9218801483
129536.8016037909 132609.5169323901
131934.4978251634 132127.4095107527
125700.4876495948 131966.7070368736
129376.9551890327 131645.3020891154
122024.0201101569 131484.5996152362
122663.4057691895 131484.5996152362
125380.7948200784 130681.0872458407
134492.0404612941 130681.0872458407
123142.9450134641 130038.2773503242
129217.1087742745 129716.8724025659
135131.4261203268 129716.8724025659
133053.4227284706 129556.1699286868
134811.7332908105 129556.1699286868
125380.7948200784 129395.4674548077
135451.1189498431 129395.4674548077
126499.7197233856 128913.3600331703
125061.1019905621 128752.6575592912
135770.8117793595 128752.6575592912
133532.9619727451 126824.2278727418
137209.4295121830 126663.5253988626
138008.6615859738 120235.4264436978
129376.9551890327 126020.7155033462
130176.1872628235 125217.2031339505
125380.7948200784 130520.3847719615
132254.1906546798 124413.6907645550
131135.2657513725 125217.2031339505
127139.1053824183 128913.3600331703
134012.5012170196 131002.4921935989
135770.8117793595 123770.8808690385
132733.7298989542 127788.4427160165
137688.9687564575 123931.5833429176
136090.5046088758 133091.6243540275
136250.3510236340 128109.8476637747
133532.9619727451 124092.2858167967
135770.8117793595 131163.1946674780
120265.7095478170 133573.7317756648
138008.6615859738 123288.7734474011
136889.7366826667 122645.9635518846
131934.4978251634 131163.1946674780
118187.7061559608 133413.0293017857
135930.6581941176 127467.0377682582
130016.3408480654 127306.3352943791
130495.8800923399 125217.2031339505
129057.2623595163 126342.1204511044
123462.6378429804 131002.4921935989
132893.5763137124 123449.4759212802
118986.9382297516 133091.6243540275
138807.8936597647 130520.3847719615
129696.6480185490 127627.7402421374
135291.2725350850 132288.1119846319
134492.0404612941 125377.9056078297
124741.4091610458 134216.5416711813
135131.4261203268 132288.1119846319
137209.4295121830 121360.3437608517
129376.9551890327 133091.6243540275
127139.1053824183 128752.6575592912
130016.3408480654 130520.3847719615
136090.5046088758 121360.3437608517
136570.0438531503 123288.7734474011
128417.8767004837 128913.3600331703
131774.6514104052 128752.6575592912
116908.9348378954 134377.2441450605
119626.3238887843 132770.2194062692
134811.7332908105 122163.8561302473
132414.0370694379 128431.2526115330
137049.5830974249 124735.0957123132
127938.3374562091 129556.1699286868
133053.4227284706 133413.0293017857
128897.4159447582 131645.3020891154
121384.6344511242 133252.3268279066
129856.4944333072 132770.2194062692
135770.8117793595 133413.0293017857
138807.8936597647 131163.1946674780
122183.8665249150 133252.3268279066
137369.2759269412 131002.4921935989
136410.1974383922 125377.9056078297
130975.4193366144 133734.4342495440
123942.1770872549 131484.5996152362
137209.4295121830 122324.5586041264

127777.6482422273 120239.7922508611
123764.2354854091 111750.2994316574
125209.0640778636 117676.9264941204
125369.6005881364 116555.6727255463
124887.9910573182 115434.4189569722
125369.6005881364 126006.2402035278
123924.7719956818 117516.7473843241
125369.6005881364 125846.0610937315
124887.9910573182 121040.6877998426
124245.8450162273 113031.7323100278
123924.7719956818 115114.0607373796
125209.0640778636 113992.8069688056
125369.6005881364 119278.7175920833
125851.2101189546 120880.5086900463
126814.4291805909 117036.2100549352
126011.7466292273 117196.3891647315
124887.9910573182 121521.2251292315
124406.3815265000 116235.3145059537
125851.2101189546 117516.7473843241
124887.9910573182 116235.3145059537
126011.7466292273 121681.4042390278
128098.7212627727 118958.3593724907
126332.8196497727 120720.3295802500
126814.4291805909 117516.7473843241
123142.9450134641 132609.5169323901
125700.4876495948 133413.0293017857
137049.5830974249 121521.0462347308
123622.4842577386 132770.2194062692
132893.5763137124 131323.8971413572
128577.7231152418 128109.8476637747
117388.4740821699 134055.8391973022
134492.0404612941 123610.1783951593
134811.7332908105 123449.4759212802
137848.8151712157 126181.4179772253
137209.4295121830 122003.1536563681
137529.1223416993 127145.6328205000
136889.7366826667 123931.5833429176
137369.2759269412 131163.1946674780
130655.7265070980 128270.5501376538
129376.9551890327 131484.5996152362
131774.6514104052 124413.6907645550
129217.1087742745 129234.7649809286
134811.7332908105 133252.3268279066
137369.2759269412 124092.2858167967
137688.9687564575 121681.7487086099
136889.7366826667 122003.1536563681
130495.8800923399 131806.0045629945
129856.4944333072 127627.7402421374
128417.8767004837 133573.7317756648
131614.8049956471 125056.5006600714
135930.6581941176 127145.6328205000
132094.3442399216 130038.2773503242
131295.1121661307 125699.3105555879
130336.0336775817 130520.3847719615
137049.5830974249 131966.7070368736
130655.7265070980 125217.2031339505
135610.9653646013 131806.0045629945
128258.0302857255 133734.4342495440
136410.1974383922 125377.9056078297
134492.0404612941 126181.4179772253
136889.7366826667 129395.4674548077
134492.0404612941 123449.4759212802
139447.2793187974 132609.5169323901
135451.1189498431 122485.2610780055
137049.5830974249 127145.6328205000
136889.7366826667 132448.8144585110
137049.5830974249 124735.0957123132
126339.8733086274 128752.6575592912
130975.4193366144 132930.9218801483
135930.6581941176 122645.9635518846
136250.3510236340 124413.6907645550
129217.1087742745 132930.9218801483
128577.7231152418 126663.5253988626
137369.2759269412 129556.1699286868
127618.6446266928 133091.6243540275
119626.3238887843 133573.7317756648
130495.8800923399 127627.7402421374
136410.1974383922 131645.3020891154
138008.6615859738 120396.1289175769
136729.8902679085 129234.7649809286
126819.4125529020 132930.9218801483
136729.8902679085 123128.0709735220
138008.6615859738 131806.0045629945
128737.5695300000 126342.1204511044
134012.5012170196 124413.6907645550
137209.4295121830 120556.8313914560
129536.8016037909 130038.2773503242
130655.7265070980 130520.3847719615
138807.8936597647 131806.0045629945
128897.4159447582 129556.1699286868
129057.2623595163 126020.7155033462
130815.5729218562 132127.4095107527
132094.3442399216 132288.1119846319
127778.4910414510 129234.7649809286
139287.4329040392 131323.8971413572
138008.6615859738 122645.9635518846
130016.3408480654 128752.6575592912
133692.8083875033 125860.0130294670
130495.8800923399 125538.6080817088
132573.8834841961 131323.8971413572
135451.1189498431 122806.6660257637
124102.0235020131 131806.0045629945
135451.1189498431 122645.9635518846
131454.9585808889 132609.5169323901
137209.4295121830 125538.6080817088
134012.5012170196 123770.8808690385

125048.5275675909 115594.5980667685
124245.8450162273 122482.2997880093
123764.2354854091 111109.5829924722
125209.0640778636 118317.6429333056
125369.6005881364 123443.3744467870
124085.3085059546 116715.8518353426
127456.5752216818 121681.4042390278
126653.8926703182 123443.3744467870
124887.9910573182 115114.0607373796
123924.7719956818 114633.5234079907
126493.3561600455 115754.7771765648
128098.7212627727 119599.0758116759
124245.8450162273 119599.0758116759
125530.1370984091 125685.8819839352
125048.5275675909 114793.7025177870
124727.4545470454 120399.9713606574
125690.6736086818 115434.4189569722
124887.9910573182 113832.6278590093
126974.9656908636 121200.8669096389
125851.2101189546 116395.4936157500
123764.2354854091 112711.3740904352
126493.3561600455 118958.3593724907
125690.6736086818 125365.5237643426
127296.0387114091 117516.7473843241
135291.2725350850 127306.3352943791
133852.6548022614 125377.9056078297
135451.1189498431 132930.9218801483
124901.2555758039 129556.1699286868
127938.3374562091 133252.3268279066
134971.5797055686 133413.0293017857
130655.7265070980 130841.7897197198
133373.1155579869 131002.4921935989
134971.5797055686 122645.9635518846
139447.2793187974 132770.2194062692
132414.0370694379 130359.6822980824
137848.8151712157 132127.4095107527
119946.0167183007 133895.1367234231
125700.4876495948 133091.6243540275
128258.0302857255 126502.8229249835
135451.1189498431 123288.7734474011
130176.1872628235 127145.6328205000
117068.7812526536 134377.2441450605
131454.9585808889 126342.1204511044
133692.8083875033 122967.3684996429
137209.4295121830 129716.8724025659
135770.8117793595 122645.9635518846
124901.2555758039 131323.8971413572
129856.4944333072 130359.6822980824
131774.6514104052 130841.7897197198
136250.3510236340 130681.0872458407
133053.4227284706 130681.0872458407
132573.8834841961 130359.6822980824
138008.6615859738 129074.0625070495
124421.7163315294 132127.4095107527
127618.6446266928 129395.4674548077
131934.4978251634 126824.2278727418
123142.9450134641 133895.1367234231
135610.9653646013 123610.1783951593
125700.4876495948 128591.9550854121
132893.5763137124 126020.7155033462
132733.7298989542 127627.7402421374
130016.3408480654 126824.2278727418
137688.9687564575 130359.6822980824
129217.1087742745 126020.7155033462
138967.7400745229 131806.0045629945
137209.4295121830 122645.9635518846
128737.5695300000 126342.1204511044
132254.1906546798 130681.0872458407
137688.9687564575 122324.5586041264
138807.8936597647 132448.8144585110
131774.6514104052 129716.8724025659
138488.2008302484 131163.1946674780
134332.1940465360 132770.2194062692
127938.3374562091 133413.0293017857
129536.8016037909 132288.1119846319
137209.4295121830 121521.0462347308
130495.8800923399 133252.3268279066
135291.2725350850 124735.0957123132
121544.4808658823 133573.7317756648
129376.9551890327 128913.3600331703
131934.4978251634 130841.7897197198
135131.4261203268 128913.3600331703
136410.1974383922 129234.7649809286
132893.5763137124 133091.6243540275
133852.6548022614 131966.7070368736
137209.4295121830 127949.1451898956
130975.4193366144 129716.8724025659
134971.5797055686 122485.2610780055
121064.9416216078 133091.6243540275
133852.6548022614 132770.2194062692
131934.4978251634 124252.9882906758
119466.4774740261 133895.1367234231
134332.1940465360 132127.4095107527
131295.1121661307 130681.0872458407
137529.1223416993 125699.3105555879
134651.8868760523 125860.0130294670
119626.3238887843 133252.3268279066
126339.8733086274 130841.7897197198
134492.0404612941 131966.7070368736
121864.1736953987 133091.6243540275
119466.4774740261 134055.8391973022
140566.2042221046 132770.2194062692
129376.9551890327 127467.0377682582
133213.2691432287 127788.4427160165
137369.2759269412 122003.1536563681
135930.6581941176 121360.3437608517

127777.6482422273 121361.0460194352
127456.5752216818 121040.6877998426
128580.3307935909 119919.4340312685
126653.8926703182 119278.7175920833
126974.9656908636 119278.7175920833
126011.7466292273 119118.5384822870
125209.0640778636 116715.8518353426
126172.2831395000 115114.0607373796
124887.9910573182 112711.3740904352
125209.0640778636 120720.3295802500
125048.5275675909 118798.1802626944
125530.1370984091 117516.7473843241
126493.3561600455 117196.3891647315
124566.9180367727 122802.6580076018
124406.3815265000 113832.6278590093
127296.0387114091 117196.3891647315
124085.3085059546 116715.8518353426
127296.0387114091 118798.1802626944
124085.3085059546 113191.9114198241
126332.8196497727 121040.6877998426
127135.5022011364 118157.4638235093
124887.9910573182 116395.4936157500
126974.9656908636 120880.5086900463
123924.7719956818 113352.0905296204
118347.5525707190 133573.7317756648
118986.9382297516 133091.6243540275
124421.7163315294 132609.5169323901
119946.0167183007 132288.1119846319
130495.8800923399 131966.7070368736
135291.2725350850 131645.3020891154
121544.4808658823 131323.8971413572
121864.1736953987 131323.8971413572
134172.3476317778 131323.8971413572
138967.7400745229 131323.8971413572
123782.3306724967 130681.0872458407
135610.9653646013 130681.0872458407
137369.2759269412 130198.9798242033
128577.7231152418 129716.8724025659
127298.9517971765 129395.4674548077
132254.1906546798 128913.3600331703
137209.4295121830 128431.2526115330
133053.4227284706 127627.7402421374
132414.0370694379 124574.3932384341
127458.7982119346 131002.4921935989
127938.3374562091 133895.1367234231
129217.1087742745 127306.3352943791
132414.0370694379 132448.8144585110
130495.8800923399 126020.7155033462
122343.7129396732 134055.8391973022
132893.5763137124 125699.3105555879
130815.5729218562 130198.9798242033
128897.4159447582 127949.1451898956
134332.1940465360 124574.3932384341
126979.2589676601 133413.0293017857
122183.8665249150 130681.0872458407
131454.9585808889 132127.4095107527
126020.1804791111 130841.7897197198
135770.8117793595 133091.6243540275
134332.1940465360 125377.9056078297
130975.4193366144 131806.0045629945
135451.1189498431 129395.4674548077
118347.5525707190 133252.3268279066
136250.3510236340 124574.3932384341
130336.0336775817 129556.1699286868
139926.8185630719 131966.7070368736
124102.0235020131 131323.8971413572
129536.8016037909 133734.4342495440
132573.8834841961 132288.1119846319
124741.4091610458 133895.1367234231
138008.6615859738 131966.7070368736
125540.6412348366 128913.3600331703
131774.6514104052 127949.1451898956
137688.9687564575 129716.8724025659
118507.3989854771 133413.0293017857
130016.3408480654 129716.8724025659
132254.1906546798 131163.1946674780
134811.7332908105 122806.6660257637
133852.6548022614 128913.3600331703
138008.6615859738 133091.6243540275
136250.3510236340 128913.3600331703
125061.1019905621 132930.9218801483
131454.9585808889 130681.0872458407
123782.3306724967 134216.5416711813
133373.1155579869 131484.5996152362
137049.5830974249 123610.1783951593
136889.7366826667 128109.8476637747
119306.6310592680 133091.6243540275
129536.8016037909 130198.9798242033
139447.2793187974 132288.1119846319
129057.2623595163 132288.1119846319
135770.8117793595 121521.0462347308
135291.2725350850 127145.6328205000
130655.7265070980 132930.9218801483
140885.8970516209 132770.2194062692
131774.6514104052 130198.9798242033
129217.1087742745 132127.4095107527
136090.5046088758 133413.0293017857
125700.4876495948 132127.4095107527
124581.5627462876 130681.0872458407
132094.3442399216 131323.8971413572
134971.5797055686 133091.6243540275
137049.5830974249 124895.7981861923
127139.1053824183 127627.7402421374
128258.0302857255 133252.3268279066
136570.0438531503 128109.8476637747
134492.0404612941 123288.7734474011

125690.6736086818 123443.3744467870
127456.5752216818 121040.6877998426
128098.7212627727 120239.7922508611
124566.9180367727 120079.6131410648
124566.9180367727 118638.0011528981
128098.7212627727 118638.0011528981
127456.5752216818 118157.4638235093
126493.3561600455 117196.3891647315
125209.0640778636 116715.8518353426
126172.2831395000 115114.0607373796
125530.1370984091 114953.8816275833
124406.3815265000 113672.4487492130
123764.2354854091 113191.9114198241
124085.3085059546 113512.2696394167
126653.8926703182 119278.7175920833
124085.3085059546 112391.0158708426
125048.5275675909 125045.1655447500
124887.9910573182 112711.3740904352
125851.2101189546 124724.8073251574
127777.6482422273 121361.0460194352
125209.0640778636 119919.4340312685
124245.8450162273 118317.6429333056
125851.2101189546 119118.5384822870
124887.9910573182 119599.0758116759
117228.6276674118 134377.2441450605
118027.8597412026 134055.8391973022
126180.0268938693 134055.8391973022
128258.0302857255 133895.1367234231
120425.5559625752 133734.4342495440
118347.5525707190 133573.7317756648
118507.3989854771 133413.0293017857
136410.1974383922 133413.0293017857
127778.4910414510 133252.3268279066
131295.1121661307 133252.3268279066
134012.5012170196 133091.6243540275
130975.4193366144 132930.9218801483
134811.7332908105 132930.9218801483
131295.1121661307 132288.1119846319
122663.4057691895 131966.7070368736
126020.1804791111 131966.7070368736
130495.8800923399 131966.7070368736
135291.2725350850 131645.3020891154
136729.8902679085 131645.3020891154
121544.4808658823 131323.8971413572
123942.1770872549 131323.8971413572
134172.3476317778 131323.8971413572
125700.4876495948 130681.0872458407
124261.8699167712 130520.3847719615
133692.8083875033 130198.9798242033
129217.1087742745 129716.8724025659
137688.9687564575 129716.8724025659
135451.1189498431 129395.4674548077
136570.0438531503 128752.6575592912
135770.8117793595 128591.9550854121
126499.7197233856 128431.2526115330
136410.1974383922 128109.8476637747
129376.9551890327 127788.4427160165
132094.3442399216 127788.4427160165
133053.4227284706 127627.7402421374
134172.3476317778 127627.7402421374
136090.5046088758 127467.0377682582
127458.7982119346 127306.3352943791
129696.6480185490 126663.5253988626
132733.7298989542 126342.1204511044
129696.6480185490 125538.6080817088
138008.6615859738 125538.6080817088
135291.2725350850 124735.0957123132
132414.0370694379 124574.3932384341
133852.6548022614 124092.2858167967
133532.9619727451 122967.3684996429
137209.4295121830 122806.6660257637
134971.5797055686 122324.5586041264
124741.4091610458 133895.1367234231
136410.1974383922 129234.7649809286
123782.3306724967 130681.0872458407
133053.4227284706 129074.0625070495
121704.3272806405 131163.1946674780
133053.4227284706 123449.4759212802
133053.4227284706 124413.6907645550
135610.9653646013 121521.0462347308
125540.6412348366 128913.3600331703
134012.5012170196 126824.2278727418
138967.7400745229 131323.8971413572
126819.4125529020 132770.2194062692
122983.0985987059 131002.4921935989
134492.0404612941 130681.0872458407
129376.9551890327 133573.7317756648
132094.3442399216 129556.1699286868
134811.7332908105 126984.9303466209
127298.9517971765 129395.4674548077
136729.8902679085 124413.6907645550
136090.5046088758 131484.5996152362
129696.6480185490 128752.6575592912
131934.4978251634 132127.4095107527
134492.0404612941 123449.4759212802
131774.6514104052 127949.1451898956
131614.8049956471 125538.6080817088
133373.1155579869 131484.5996152362
133053.4227284706 129556.1699286868
130495.8800923399 125860.0130294670
123462.6378429804 130198.9798242033
118986.9382297516 133091.6243540275
127458.7982119346 131002.4921935989
124581.5627462876 131323.8971413572
130016.3408480654 132930.9218801483
138008.6615859738 133091.6243540275

127938.1847525000 118798.1802626944
124727.4545470454 119438.8967018796
125851.2101189546 117196.3891647315
124245.8450162273 125045.1655447500
128419.7942833182 120560.1504704537
125048.5275675909 121361.0460194352
125369.6005881364 126166.4193133241
125690.6736086818 114313.1651883981
124085.3085059546 118638.0011528981
125048.5275675909 118317.6429333056
127456.5752216818 118317.6429333056
128259.2577730455 119759.2549214722
126332.8196497727 119759.2549214722
124406.3815265000 114633.5234079907
127135.5022011364 121841.5833488241
125369.6005881364 114793.7025177870
123603.6989751364 110789.2247728796
127938.1847525000 119919.4340312685
126653.8926703182 122322.1206782130
124566.9180367727 124564.6282153611
124406.3815265000 115594.5980667685
126332.8196497727 122642.4788978055
125690.6736086818 120880.5086900463
126493.3561600455 116555.6727255463
131454.9585808889 125377.9056078297
131135.2657513725 126342.1204511044
140086.6649778300 132770.2194062692
136090.5046088758 122485.2610780055
134492.0404612941 122806.6660257637
136570.0438531503 133252.3268279066
121384.6344511242 131163.1946674780
132733.7298989542 133091.6243540275
131614.8049956471 127788.4427160165
128258.0302857255 126663.5253988626
135131.4261203268 128752.6575592912
125380.7948200784 131002.4921935989
138008.6615859738 128591.9550854121
135451.1189498431 121842.4511824890
136410.1974383922 125217.2031339505
117228.6276674118 134055.8391973022
135770.8117793595 123288.7734474011
118347.5525707190 133573.7317756648
136090.5046088758 131645.3020891154
121224.7880363660 133573.7317756648
137369.2759269412 124895.7981861923
131774.6514104052 127788.4427160165
135930.6581941176 129074.0625070495
129856.4944333072 131484.5996152362
137529.1223416993 123449.4759212802
133053.4227284706 131806.0045629945
132893.5763137124 133091.6243540275
134971.5797055686 133413.0293017857
136570.0438531503 124252.9882906758
132733.7298989542 127627.7402421374
129376.9551890327 126984.9303466209
135930.6581941176 126020.7155033462
131454.9585808889 127306.3352943791
138008.6615859738 122645.9635518846
136090.5046088758 131806.0045629945
135770.8117793595 122003.1536563681
129376.9551890327 131966.7070368736
129057.2623595163 131323.8971413572
126180.0268938693 132930.9218801483
136090.5046088758 124092.2858167967
129217.1087742745 128431.2526115330
133053.4227284706 131163.1946674780
125700.4876495948 128913.3600331703
122503.5593544314 132448.8144585110
136410.1974383922 127306.3352943791
124581.5627462876 131645.3020891154
120585.4023773333 133734.4342495440
130815.5729218562 129395.4674548077
130975.4193366144 126984.9303466209
137529.1223416993 123610.1783951593
125380.7948200784 133413.0293017857
139127.5864892811 131484.5996152362
136090.5046088758 124413.6907645550
133053.4227284706 130841.7897197198
132414.0370694379 129234.7649809286
133532.9619727451 130520.3847719615
137049.5830974249 122485.2610780055
134971.5797055686 124574.3932384341
126979.2589676601 133573.7317756648
138807.8936597647 130841.7897197198
134811.7332908105 133573.7317756648
125061.1019905621 130198.9798242033
123942.1770872549 131966.7070368736
130815.5729218562 132609.5169323901
130655.7265070980 128270.5501376538
136729.8902679085 125860.0130294670
127618.6446266928 128752.6575592912
129217.1087742745 130038.2773503242
125220.9484053203 130520.3847719615
135451.1189498431 122324.5586041264
131454.9585808889 132609.5169323901
137688.9687564575 123449.4759212802
134651.8868760523 124735.0957123132
133053.4227284706 131645.3020891154
131295.1121661307 130841.7897197198
137848.8151712157 121681.7487086099
129057.2623595163 126663.5253988626
136889.7366826667 127306.3352943791
135770.8117793595 130681.0872458407
131614.8049956471 125538.6080817088
137049.5830974249 122003.1536563681
137369.2759269412 121199.6412869725

123924.7719956818 117196.3891647315
126653.8926703182 120079.6131410648
125048.5275675909 121040.6877998426
124085.3085059546 115914.9562863611
124727.4545470454 117837.1056039167
125530.1370984091 123283.1953369907
124406.3815265000 117516.7473843241
127135.5022011364 121200.8669096389
124727.4545470454 113191.9114198241
126172.2831395000 117676.9264941204
126814.4291805909 117997.2847137130
124406.3815265000 121040.6877998426
125369.6005881364 113832.6278590093
124727.4545470454 125846.0610937315
124727.4545470454 118638.0011528981
125209.0640778636 125365.5237643426
125048.5275675909 121200.8669096389
123924.7719956818 111910.4785414537
125369.6005881364 118477.8220431019
124727.4545470454 115114.0607373796
123764.2354854091 112711.3740904352
125048.5275675909 113352.0905296204
126332.8196497727 118958.3593724907
124245.8450162273 124404.4491055648
129057.2623595163 129716.8724025659
127778.4910414510 129716.8724025659
131614.8049956471 125860.0130294670
130495.8800923399 130038.2773503242
139766.9721483137 132448.8144585110
129856.4944333072 126824.2278727418
131934.4978251634 133252.3268279066
137049.5830974249 131645.3020891154
136410.1974383922 125056.5006600714
135131.4261203268 123449.4759212802
128258.0302857255 127145.6328205000
136570.0438531503 125860.0130294670
135610.9653646013 127788.4427160165
136889.7366826667 122163.8561302473
136729.8902679085 127145.6328205000
133532.9619727451 124735.0957123132
129376.9551890327 128109.8476637747
123782.3306724967 133252.3268279066
117708.1669116863 134216.5416711813
135291.2725350850 125056.5006600714
130655.7265070980 133091.6243540275
128897.4159447582 126824.2278727418
123142.9450134641 131806.0045629945
127618.6446266928 132288.1119846319
134332.1940465360 122645.9635518846
138008.6615859738 129074.0625070495
136090.5046088758 121521.0462347308
121384.6344511242 133252.3268279066
121544.4808658823 131484.5996152362
129376.9551890327 130038.2773503242
137049.5830974249 128431.2526115330
135930.6581941176 133252.3268279066
136410.1974383922 121199.6412869725
129217.1087742745 127949.1451898956
121704.3272806405 134055.8391973022
136889.7366826667 132770.2194062692
131295.1121661307 126342.1204511044
138488.2008302484 132448.8144585110
136090.5046088758 124735.0957123132
134172.3476317778 130520.3847719615
137369.2759269412 126181.4179772253
137688.9687564575 127788.4427160165
126659.5661381438 132448.8144585110
121704.3272806405 134216.5416711813
125700.4876495948 131645.3020891154
137848.8151712157 133091.6243540275
127938.3374562091 132448.8144585110
129536.8016037909 132448.8144585110
130655.7265070980 125217.2031339505
127938.3374562091 132930.9218801483
121384.6344511242 133091.6243540275
127298.9517971765 130681.0872458407
134332.1940465360 131966.7070368736
137848.8151712157 126663.5253988626
131934.4978251634 131484.5996152362
130655.7265070980 132930.9218801483
137049.5830974249 121199.6412869725
128897.4159447582 129074.0625070495
130975.4193366144 130520.3847719615
136729.8902679085 123610.1783951593
135610.9653646013 129234.7649809286
138807.8936597647 131484.5996152362
121384.6344511242 134216.5416711813
134492.0404612941 126181.4179772253
135610.9653646013 121842.4511824890
120585.4023773333 133413.0293017857
137688.9687564575 122003.1536563681
135610.9653646013 124092.2858167967
132733.7298989542 129234.7649809286
130975.4193366144 128913.3600331703
132094.3442399216 126502.8229249835
133213.2691432287 132770.2194062692
130975.4193366144 125377.9056078297
134172.3476317778 130841.7897197198
122823.2521839477 133734.4342495440
135451.1189498431 132127.4095107527
138008.6615859738 120556.8313914560
134971.5797055686 133091.6243540275
125860.3340643529 130520.3847719615
134332.1940465360 133091.6243540275
133852.6548022614 131484.5996152362
131774.6514104052 127467.0377682582

125048.5275675909 126486.7775329167
126653.8926703182 123283.1953369907
126011.7466292273 122001.7624586204
127777.6482422273 121361.0460194352
124245.8450162273 120720.3295802500
126974.9656908636 119278.7175920833
125048.5275675909 115754.7771765648
124887.9910573182 119599.0758116759
127456.5752216818 117676.9264941204
127296.0387114091 121200.8669096389
124887.9910573182 112711.3740904352
123924.7719956818 111429.9412120648
124085.3085059546 113352.0905296204
126332.8196497727 118157.4638235093
125530.1370984091 117837.1056039167
127777.6482422273 121040.6877998426
124406.3815265000 122482.2997880093
124406.3815265000 116075.1353961574
125690.6736086818 120720.3295802500
125369.6005881364 118317.6429333056
125369.6005881364 114152.9860786019
126814.4291805909 122161.9415684167
128259.2577730455 119438.8967018796
124887.9910573182 123923.9117761759
123302.7914282222 133895.1367234231
119146.7846445098 133252.3268279066
127778.4910414510 133252.3268279066
139287.4329040392 132930.9218801483
137049.5830974249 132609.5169323901
126339.8733086274 131966.7070368736
133373.1155579869 131484.5996152362
122983.0985987059 131002.4921935989
123302.7914282222 130038.2773503242
128417.8767004837 130038.2773503242
135131.4261203268 129716.8724025659
133532.9619727451 128913.3600331703
129696.6480185490 128752.6575592912
134971.5797055686 128431.2526115330
133532.9619727451 126824.2278727418
133053.4227284706 123449.4759212802
136090.5046088758 121681.7487086099
137049.5830974249 125538.6080817088
135291.2725350850 127467.0377682582
136729.8902679085 125377.9056078297
138328.3544154902 131002.4921935989
128897.4159447582 128591.9550854121
128258.0302857255 127788.4427160165
125380.7948200784 129395.4674548077
135610.9653646013 126020.7155033462
132094.3442399216 124252.9882906758
132893.5763137124 133252.3268279066
125061.1019905621 131484.5996152362
134172.3476317778 133734.4342495440
134651.8868760523 124413.6907645550
121704.3272806405 133734.4342495440
121384.6344511242 131163.1946674780
131774.6514104052 129556.1699286868
129696.6480185490 127467.0377682582
134971.5797055686 130681.0872458407
139926.8185630719 132448.8144585110
130016.3408480654 130038.2773503242
119466.4774740261 132609.5169323901
128897.4159447582 133252.3268279066
134651.8868760523 131645.3020891154
130975.4193366144 129716.8724025659
136250.3510236340 127306.3352943791
137848.8151712157 126824.2278727418
122663.4057691895 133734.4342495440
127139.1053824183 129395.4674548077
130495.8800923399 131966.7070368736
117388.4740821699 134216.5416711813
126659.5661381438 129716.8724025659
127458.7982119346 127306.3352943791
129376.9551890327 134055.8391973022
138168.5080007320 132609.5169323901
123782.3306724967 130520.3847719615
120425.5559625752 132127.4095107527
122663.4057691895 130841.7897197198
131135.2657513725 131002.4921935989
137688.9687564575 120235.4264436978
132573.8834841961 129074.0625070495
128897.4159447582 133091.6243540275
124741.4091610458 132127.4095107527
132733.7298989542 124092.2858167967
137369.2759269412 130198.9798242033
132254.1906546798 126502.8229249835
131454.9585808889 125377.9056078297
137529.1223416993 128913.3600331703
133053.4227284706 131806.0045629945
138648.0472450065 132127.4095107527
125860.3340643529 128270.5501376538
138967.7400745229 131484.5996152362
122024.0201101569 131484.5996152362
136570.0438531503 128752.6575592912
137688.9687564575 126020.7155033462
125860.3340643529 130841.7897197198
127458.7982119346 132448.8144585110
122343.7129396732 134055.8391973022
132094.3442399216 124895.7981861923
137848.8151712157 133252.3268279066
128897.4159447582 133573.7317756648
125860.3340643529 129556.1699286868
135451.1189498431 124252.9882906758
137688.9687564575 126342.1204511044
127298.9517971765 131645.3020891154
133692.8083875033 131484.5996152362

127938.1847525000 120079.6131410648
126974.9656908636 120399.9713606574
127617.1117319545 118317.6429333056
126172.2831395000 123443.3744467870
127135.5022011364 118638.0011528981
124887.9910573182 114152.9860786019
124406.3815265000 119118.5384822870
126011.7466292273 118477.8220431019
127617.1117319545 121681.4042390278
124887.9910573182 120239.7922508611
127456.5752216818 119438.8967018796
126332.8196497727 122001.7624586204
124887.9910573182 121361.0460194352
124887.9910573182 113512.2696394167
127456.5752216818 119599.0758116759
126011.7466292273 117676.9264941204
124566.9180367727 116395.4936157500
125369.6005881364 122322.1206782130
124085.3085059546 113031.7323100278
124566.9180367727 112230.8367610463
126011.7466292273 124884.9864349537
126172.2831395000 115114.0607373796
125851.2101189546 122482.2997880093
124887.9910573182 125685.8819839352
132733.7298989542 124895.7981861923
137049.5830974249 130520.3847719615
122823.2521839477 130841.7897197198
128897.4159447582 128913.3600331703
133852.6548022614 125860.0130294670
118507.3989854771 134216.5416711813
128258.0302857255 129395.4674548077
136889.7366826667 133413.0293017857
121704.3272806405 133734.4342495440
126979.2589676601 130841.7897197198
132573.8834841961 125538.6080817088
130655.7265070980 127788.4427160165
134012.5012170196 130198.9798242033
129696.6480185490 133413.0293017857
129217.1087742745 127627.7402421374
136889.7366826667 129877.5748764451
135770.8117793595 122485.2610780055
134811.7332908105 123449.4759212802
135451.1189498431 133252.3268279066
137369.2759269412 126020.7155033462
131774.6514104052 124413.6907645550
139127.5864892811 130841.7897197198
134332.1940465360 122485.2610780055
132414.0370694379 127949.1451898956
125540.6412348366 131966.7070368736
127458.7982119346 129877.5748764451
133373.1155579869 131806.0045629945
138967.7400745229 130841.7897197198
127618.6446266928 133252.3268279066
132094.3442399216 131484.5996152362
136729.8902679085 123610.1783951593
133213.2691432287 130038.2773503242
136250.3510236340 125699.3105555879
129696.6480185490 132770.2194062692
132893.5763137124 124252.9882906758
137688.9687564575 129234.7649809286
127938.3374562091 130038.2773503242
137848.8151712157 126984.9303466209
130975.4193366144 125860.0130294670
124421.7163315294 132609.5169323901
134492.0404612941 123770.8808690385
128258.0302857255 133573.7317756648
132414.0370694379 131484.5996152362
123142.9450134641 132288.1119846319
119626.3238887843 132609.5169323901
130655.7265070980 133252.3268279066
126499.7197233856 134055.8391973022
130495.8800923399 130681.0872458407
121864.1736953987 132770.2194062692
130016.3408480654 125860.0130294670
137369.2759269412 129556.1699286868
124102.0235020131 133091.6243540275
134012.5012170196 130681.0872458407
137848.8151712157 121842.4511824890
135610.9653646013 129395.4674548077
120425.5559625752 132448.8144585110
130336.0336775817 133734.4342495440
138008.6615859738 121842.4511824890
133053.4227284706 132448.8144585110
132094.3442399216 124252.9882906758
121064.9416216078 132448.8144585110
117708.1669116863 134055.8391973022
137049.5830974249 125699.3105555879
137209.4295121830 121199.6412869725
134492.0404612941 133091.6243540275
128577.7231152418 128270.5501376538
126979.2589676601 133573.7317756648
138488.2008302484 132930.9218801483
135770.8117793595 133252.3268279066
127938.3374562091 133252.3268279066
139447.2793187974 132127.4095107527
139926.8185630719 132930.9218801483
134492.0404612941 127145.6328205000
126180.0268938693 129556.1699286868
126659.5661381438 133413.0293017857
137369.2759269412 130681.0872458407
133852.6548022614 133413.0293017857
127938.3374562091 126984.9303466209
120745.2487920915 134216.5416711813
124741.4091610458 133573.7317756648
136729.8902679085 130520.3847719615
133053.4227284706 125699.3105555879

125690.6736086818 122802.6580076018
124406.3815265000 113191.9114198241
127135.5022011364 122962.8371173981
126814.4291805909 122802.6580076018
125851.2101189546 115914.9562863611
125209.0640778636 118958.3593724907
125530.1370984091 116715.8518353426
127456.5752216818 118157.4638235093
124085.3085059546 115274.2398471759
126332.8196497727 122802.6580076018
123603.6989751364 110629.0456630833
124245.8450162273 120560.1504704537
124245.8450162273 123603.5535565833
125369.6005881364 114473.3442981944
126493.3561600455 117196.3891647315
124085.3085059546 117837.1056039167
124727.4545470454 124404.4491055648
124887.9910573182 117196.3891647315
126172.2831395000 115754.7771765648
126493.3561600455 119919.4340312685
124887.9910573182 119599.0758116759
125048.5275675909 123123.0162271944
125851.2101189546 124884.9864349537
126332.8196497727 117356.5682745278
117228.6276674118 134055.8391973022
117548.3204969281 133895.1367234231
136889.7366826667 133252.3268279066
134012.5012170196 128591.9550854121
133692.8083875033 124252.9882906758
137848.8151712157 124092.2858167967
118667.2454002353 133091.6243540275
127618.6446266928 129074.0625070495
133852.6548022614 123931.5833429176
135930.6581941176 131002.4921935989
133373.1155579869 133252.3268279066
129536.8016037909 133252.3268279066
126339.8733086274 131484.5996152362
135291.2725350850 131806.0045629945
137529.1223416993 123610.1783951593
123302.7914282222 130198.9798242033
130016.3408480654 129395.4674548077
134172.3476317778 122967.3684996429
131774.6514104052 132288.1119846319
134971.5797055686 128913.3600331703
133852.6548022614 128431.2526115330
135291.2725350850 124895.7981861923
129057.2623595163 126824.2278727418
128897.4159447582 128913.3600331703
129217.1087742745 133413.0293017857
139127.5864892811 131484.5996152362
131774.6514104052 124735.0957123132
131614.8049956471 129074.0625070495
139607.1257335556 132288.1119846319
128577.7231152418 133734.4342495440
137688.9687564575 121521.0462347308
128098.1838709673 130038.2773503242
130815.5729218562 127788.4427160165
127778.4910414510 127306.3352943791
119146.7846445098 132770.2194062692
126020.1804791111 128752.6575592912
129856.4944333072 126663.5253988626
137688.9687564575 128591.9550854121
138328.3544154902 131002.4921935989
133213.2691432287 126663.5253988626
134332.1940465360 125699.3105555879
125540.6412348366 131002.4921935989
133053.4227284706 126342.1204511044
134172.3476317778 131966.7070368736
127298.9517971765 128591.9550854121
134492.0404612941 124413.6907645550
136410.1974383922 128913.3600331703
128417.8767004837 131966.7070368736
131295.1121661307 125217.2031339505
135930.6581941176 123128.0709735220
123782.3306724967 132288.1119846319
130815.5729218562 125699.3105555879
129856.4944333072 128913.3600331703
132254.1906546798 130681.0872458407
133053.4227284706 133091.6243540275
127298.9517971765 132770.2194062692
137209.4295121830 122003.1536563681
131135.2657513725 125699.3105555879
118347.5525707190 133413.0293017857
125220.9484053203 128752.6575592912
133053.4227284706 131323.8971413572
130975.4193366144 132930.9218801483
133532.9619727451 128752.6575592912
124581.5627462876 129234.7649809286
137848.8151712157 126342.1204511044
127618.6446266928 132609.5169323901
137369.2759269412 126663.5253988626
122024.0201101569 131966.7070368736
119626.3238887843 132930.9218801483
137848.8151712157 127788.4427160165
129057.2623595163 129395.4674548077
129856.4944333072 127788.4427160165
134971.5797055686 122324.5586041264
125380.7948200784 133091.6243540275
137688.9687564575 130198.9798242033
125061.1019905621 133895.1367234231
120585.4023773333 134055.8391973022
130336.0336775817 127306.3352943791
139127.5864892811 132609.5169323901
134811.7332908105 123449.4759212802
133852.6548022614 130520.3847719615
131774.6514104052 126663.5253988626

126974.9656908636 122322.1206782130
125530.1370984091 121841.5833488241
127777.6482422273 121361.0460194352
125369.6005881364 121200.8669096389
128098.7212627727 120239.7922508611
127617.1117319545 119599.0758116759
126011.7466292273 119118.5384822870
128098.7212627727 119118.5384822870
124566.9180367727 118477.8220431019
124245.8450162273 118317.6429333056
126974.9656908636 117036.2100549352
124887.9910573182 116876.0309451389
126653.8926703182 122001.7624586204
125530.1370984091 114953.8816275833
124566.9180367727 122802.6580076018
127296.0387114091 120079.6131410648
125048.5275675909 115754.7771765648
127135.5022011364 118157.4638235093
125209.0640778636 122322.1206782130
126332.8196497727 118477.8220431019
124566.9180367727 115114.0607373796
125048.5275675909 124724.8073251574
124085.3085059546 120399.9713606574
124566.9180367727 113191.9114198241
118027.8597412026 134055.8391973022
123302.7914282222 133895.1367234231
124741.4091610458 133895.1367234231
117708.1669116863 133734.4342495440
125061.1019905621 133734.4342495440
128577.7231152418 133734.4342495440
129376.9551890327 133573.7317756648
118507.3989854771 133413.0293017857
128897.4159447582 133413.0293017857
136410.1974383922 133413.0293017857
119146.7846445098 133252.3268279066
121064.9416216078 133252.3268279066
131295.1121661307 133252.3268279066
118986.9382297516 133091.6243540275
128417.8767004837 132930.9218801483
123942.1770872549 132770.2194062692
126819.4125529020 132770.2194062692
140566.2042221046 132770.2194062692
129536.8016037909 132609.5169323901
137049.5830974249 132609.5169323901
127458.7982119346 132448.8144585110
119946.0167183007 132288.1119846319
121544.4808658823 132127.4095107527
126020.1804791111 131966.7070368736
136729.8902679085 131966.7070368736
120905.0952068497 131645.3020891154
134332.1940465360 131645.3020891154
136090.5046088758 131484.5996152362
121384.6344511242 131323.8971413572
121864.1736953987 131323.8971413572
121704.3272806405 131163.1946674780
122983.0985987059 131002.4921935989
124741.4091610458 131002.4921935989
127458.7982119346 131002.4921935989
134492.0404612941 130681.0872458407
123942.1770872549 130520.3847719615
124261.8699167712 130520.3847719615
128897.4159447582 129877.5748764451
131454.9585808889 129877.5748764451
128577.7231152418 129716.8724025659
124741.4091610458 129556.1699286868
135770.8117793595 128591.9550854121
126499.7197233856 128270.5501376538
132733.7298989542 128270.5501376538
127938.3374562091 128109.8476637747
129376.9551890327 127788.4427160165
130815.5729218562 127788.4427160165
135291.2725350850 127467.0377682582
135930.6581941176 127467.0377682582
137049.5830974249 127467.0377682582
134811.7332908105 126984.9303466209
133852.6548022614 125699.3105555879
136570.0438531503 125056.5006600714
136090.5046088758 124895.7981861923
133852.6548022614 123931.5833429176
132893.5763137124 123449.4759212802
134492.0404612941 123288.7734474011
136570.0438531503 123288.7734474011
128098.1838709673 133573.7317756648
127458.7982119346 127306.3352943791
137369.2759269412 130198.9798242033
120425.5559625752 133734.4342495440
132414.0370694379 124574.3932384341
132094.3442399216 129556.1699286868
138008.6615859738 125538.6080817088
122503.5593544314 131323.8971413572
135610.9653646013 121521.0462347308
134172.3476317778 124252.9882906758
124421.7163315294 132609.5169323901
137688.9687564575 125056.5006600714
133852.6548022614 133413.0293017857
133532.9619727451 126824.2278727418
133053.4227284706 123449.4759212802
136090.5046088758 121681.7487086099
138807.8936597647 132930.9218801483
130336.0336775817 132448.8144585110
127458.7982119346 133734.4342495440
123302.7914282222 130038.2773503242
138008.6615859738 133091.6243540275
127139.1053824183 130198.9798242033
129217.1087742745 129716.8724025659
133532.9619727451 133413.0293017857

124566.9180367727 125685.8819839352
125048.5275675909 124884.9864349537
125369.6005881364 123763.7326663796
125209.0640778636 122322.1206782130
126653.8926703182 122001.7624586204
128098.7212627727 120239.7922508611
127296.0387114091 120079.6131410648
127135.5022011364 119759.2549214722
126011.7466292273 119438.8967018796
126814.4291805909 119438.8967018796
126332.8196497727 118477.8220431019
124245.8450162273 118317.6429333056
127456.5752216818 118157.4638235093
127777.6482422273 117997.2847137130
124887.9910573182 116876.0309451389
125851.2101189546 115594.5980667685
124566.9180367727 113191.9114198241
123764.2354854091 111750.2994316574
126974.9656908636 122482.2997880093
124566.9180367727 115114.0607373796
125048.5275675909 124724.8073251574
124406.3815265000 124564.6282153611
125530.1370984091 114953.8816275833
123924.7719956818 116876.0309451389
118507.3989854771 134377.2441450605
117068.7812526536 134216.5416711813
118027.8597412026 134055.8391973022
122343.7129396732 134055.8391973022
124741.4091610458 133895.1367234231
117708.1669116863 133734.4342495440
120425.5559625752 133734.4342495440
125700.4876495948 133734.4342495440
128577.7231152418 133734.4342495440
123622.4842577386 133413.0293017857
130336.0336775817 133413.0293017857
136410.1974383922 133413.0293017857
121064.9416216078 133252.3268279066
127778.4910414510 133252.3268279066
118986.9382297516 133091.6243540275
133532.9619727451 133091.6243540275
138807.8936597647 132930.9218801483
126499.7197233856 132770.2194062692
128417.8767004837 132770.2194062692
124421.7163315294 132609.5169323901
129536.8016037909 132609.5169323901
119946.0167183007 132288.1119846319
126979.2589676601 132288.1119846319
120905.0952068497 132127.4095107527
126020.1804791111 131966.7070368736
123622.4842577386 131484.5996152362
136090.5046088758 131484.5996152362
131934.4978251634 131323.8971413572
138967.7400745229 131323.8971413572
121704.3272806405 131163.1946674780
123142.9450134641 131163.1946674780
127458.7982119346 131002.4921935989
123942.1770872549 130520.3847719615
124261.8699167712 130520.3847719615
135131.4261203268 130359.6822980824
129696.6480185490 130038.2773503242
128897.4159447582 129877.5748764451
129217.1087742745 129716.8724025659
134971.5797055686 129074.0625070495
125061.1019905621 128752.6575592912
137049.5830974249 127467.0377682582
136570.0438531503 126502.8229249835
133213.2691432287 125860.0130294670
131614.8049956471 125538.6080817088
138008.6615859738 125538.6080817088
130495.8800923399 125217.2031339505
137688.9687564575 125056.5006600714
131934.4978251634 124574.3932384341
134172.3476317778 124252.9882906758
135610.9653646013 123288.7734474011
133532.9619727451 122967.3684996429
134172.3476317778 122967.3684996429
137688.9687564575 122163.8561302473
135131.4261203268 122003.1536563681
126499.7197233856 133252.3268279066
126499.7197233856 128431.2526115330
133852.6548022614 123931.5833429176
130176.1872628235 128109.8476637747
123462.6378429804 130198.9798242033
119466.4774740261 134055.8391973022
127139.1053824183 127949.1451898956
127139.1053824183 130198.9798242033
133213.2691432287 129877.5748764451
133532.9619727451 125699.3105555879
123302.7914282222 133895.1367234231
138328.3544154902 132448.8144585110
131774.6514104052 127949.1451898956
133053.4227284706 124413.6907645550
130975.4193366144 125538.6080817088
122503.5593544314 131163.1946674780
130815.5729218562 127788.4427160165
126180.0268938693 134055.8391973022
120585.4023773333 132609.5169323901
133053.4227284706 129074.0625070495
132094.3442399216 129556.1699286868
128417.8767004837 129234.7649809286
131295.1121661307 133252.3268279066
128098.1838709673 133252.3268279066
127938.3374562091 128109.8476637747
137529.1223416993 129716.8724025659
121384.6344511242 131323.8971413572
137369.2759269412 130198.9798242033

123764.2354854091 112711.3740904352
125369.6005881364 117036.2100549352
124887.9910573182 115754.7771765648
124727.4545470454 118317.6429333056
124566.9180367727 116876.0309451389
126011.7466292273 114793.7025177870
124887.9910573182 126646.9566427130
128580.3307935909 120239.7922508611
124085.3085059546 117516.7473843241
123603.6989751364 111269.7621022685
128580.3307935909 119599.0758116759
124085.3085059546 116555.6727255463
125048.5275675909 116075.1353961574
124245.8450162273 112551.1949806389
124245.8450162273 122322.1206782130
126974.9656908636 120720.3295802500
125851.2101189546 124724.8073251574
127456.5752216818 117676.9264941204
126493.3561600455 121040.6877998426
124887.9910573182 118317.6429333056
124085.3085059546 116235.3145059537
124887.9910573182 113992.8069688056
124406.3815265000 118958.3593724907
124566.9180367727 125685.8819839352
130336.0336775817 131806.0045629945
131135.2657513725 125217.2031339505
134971.5797055686 130038.2773503242
134172.3476317778 123449.4759212802
130655.7265070980 131002.4921935989
124901.2555758039 129556.1699286868
137529.1223416993 127949.1451898956
130336.0336775817 127306.3352943791
137049.5830974249 130198.9798242033
136889.7366826667 122163.8561302473
130336.0336775817 132127.4095107527
132254.1906546798 129877.5748764451
126979.2589676601 128752.6575592912
125380.7948200784 131002.4921935989
129217.1087742745 131484.5996152362
131934.4978251634 132127.4095107527
123622.4842577386 133413.0293017857
128098.1838709673 127788.4427160165
132893.5763137124 128270.5501376538
128258.0302857255 126663.5253988626
128098.1838709673 133413.0293017857
134012.5012170196 132930.9218801483
136889.7366826667 129074.0625070495
135610.9653646013 131806.0045629945
126819.4125529020 131966.7070368736
138967.7400745229 131966.7070368736
134172.3476317778 126502.8229249835
130176.1872628235 130038.2773503242
129217.1087742745 131645.3020891154
132573.8834841961 133573.7317756648
127618.6446266928 129716.8724025659
127938.3374562091 133734.4342495440
138488.2008302484 130198.9798242033
119146.7846445098 133895.1367234231
134492.0404612941 131966.7070368736
126819.4125529020 128109.8476637747
121064.9416216078 131806.0045629945
128258.0302857255 128431.2526115330
134492.0404612941 132609.5169323901
139607.1257335556 132127.4095107527
128577.7231152418 133413.0293017857
124102.0235020131 133573.7317756648
126819.4125529020 133895.1367234231
135930.6581941176 128752.6575592912
130016.3408480654 129877.5748764451
129696.6480185490 127306.3352943791
134332.1940465360 132930.9218801483
137848.8151712157 125538.6080817088
135451.1189498431 122163.8561302473
137049.5830974249 122003.1536563681
138328.3544154902 131645.3020891154
138807.8936597647 130681.0872458407
132094.3442399216 130038.2773503242
136729.8902679085 133252.3268279066
137369.2759269412 126663.5253988626
133692.8083875033 132930.9218801483
134012.5012170196 124413.6907645550
126819.4125529020 129234.7649809286
130655.7265070980 130038.2773503242
135131.4261203268 122967.3684996429
136889.7366826667 124252.9882906758
138648.0472450065 132448.8144585110
130975.4193366144 124895.7981861923
123142.9450134641 130359.6822980824
131934.4978251634 124735.0957123132
132893.5763137124 132930.9218801483
134492.0404612941 123449.4759212802
134172.3476317778 131163.1946674780
121704.3272806405 131002.4921935989
137848.8151712157 122645.9635518846
132254.1906546798 130198.9798242033
133373.1155579869 133252.3268279066
135770.8117793595 123288.7734474011
136090.5046088758 121199.6412869725
132414.0370694379 127788.4427160165
129376.9551890327 127467.0377682582
137369.2759269412 121681.7487086099
128258.0302857255 133252.3268279066
136410.1974383922 129395.4674548077
135930.6581941176 127145.6328205000
122183.8665249150 131484.5996152362
131454.9585808889 132448.8144585110

126172.2831395000 115274.2398471759
124245.8450162273 113672.4487492130
126814.4291805909 116555.6727255463
125048.5275675909 121200.8669096389
125048.5275675909 116876.0309451389
124406.3815265000 117837.1056039167
124566.9180367727 114473.3442981944
126011.7466292273 116555.6727255463
125690.6736086818 119118.5384822870
127135.5022011364 120399.9713606574
125209.0640778636 118317.6429333056
126011.7466292273 120239.7922508611
126974.9656908636 123123.0162271944
124566.9180367727 120560.1504704537
124887.9910573182 112551.1949806389
124566.9180367727 114152.9860786019
123924.7719956818 112551.1949806389
126332.8196497727 117516.7473843241
124566.9180367727 122001.7624586204
126493.3561600455 121841.5833488241
125369.6005881364 124884.9864349537
125048.5275675909 114152.9860786019
128259.2577730455 119278.7175920833
124887.9910573182 125205.3446545463
133373.1155579869 126824.2278727418
134971.5797055686 131002.4921935989
138488.2008302484 130520.3847719615
130655.7265070980 133573.7317756648
127458.7982119346 131002.4921935989
129536.8016037909 129395.4674548077
136570.0438531503 132930.9218801483
136410.1974383922 121038.9388130934
130815.5729218562 133734.4342495440
135131.4261203268 125056.5006600714
133692.8083875033 131484.5996152362
128417.8767004837 132127.4095107527
121704.3272806405 131484.5996152362
135451.1189498431 130520.3847719615
117068.7812526536 134216.5416711813
120105.8631330588 132930.9218801483
135610.9653646013 122967.3684996429
139607.1257335556 131806.0045629945
135610.9653646013 132448.8144585110
129057.2623595163 131645.3020891154
132573.8834841961 130681.0872458407
135770.8117793595 126020.7155033462
140086.6649778300 132288.1119846319
128577.7231152418 131966.7070368736
132254.1906546798 128431.2526115330
134651.8868760523 126020.7155033462
130655.7265070980 126502.8229249835
135930.6581941176 127306.3352943791
131454.9585808889 132288.1119846319
137369.2759269412 126502.8229249835
127298.9517971765 128752.6575592912
137209.4295121830 128591.9550854121
135291.2725350850 129877.5748764451
131934.4978251634 124574.3932384341
119146.7846445098 133413.0293017857
136570.0438531503 132127.4095107527
130336.0336775817 133413.0293017857
118347.5525707190 133252.3268279066
136889.7366826667 129234.7649809286
120905.0952068497 132288.1119846319
136570.0438531503 128109.8476637747
132573.8834841961 123931.5833429176
122183.8665249150 132288.1119846319
136889.7366826667 130198.9798242033
124421.7163315294 129234.7649809286
126499.7197233856 131002.4921935989
128577.7231152418 127627.7402421374
138008.6615859738 122967.3684996429
136250.3510236340 127627.7402421374
136250.3510236340 125699.3105555879
125860.3340643529 129716.8724025659
128098.1838709673 133895.1367234231
123142.9450134641 133413.0293017857
135451.1189498431 133573.7317756648
128258.0302857255 127467.0377682582
134651.8868760523 124735.0957123132
126499.7197233856 128752.6575592912
133213.2691432287 133413.0293017857
128258.0302857255 129395.4674548077
131774.6514104052 126181.4179772253
137369.2759269412 121199.6412869725
131614.8049956471 125699.3105555879
119466.4774740261 134055.8391973022
138008.6615859738 121360.3437608517
132733.7298989542 133413.0293017857
133692.8083875033 126181.4179772253
133373.1155579869 123288.7734474011
136410.1974383922 126663.5253988626
138807.8936597647 132609.5169323901
131295.1121661307 126502.8229249835
122663.4057691895 131484.5996152362
139447.2793187974 132127.4095107527
136570.0438531503 123931.5833429176
131934.4978251634 131484.5996152362
128897.4159447582 126984.9303466209
130016.3408480654 129074.0625070495
137688.9687564575 127949.1451898956
137049.5830974249 122485.2610780055
133213.2691432287 129074.0625070495
123782.3306724967 132288.1119846319
137688.9687564575 125056.5006600714
137049.5830974249 128431.2526115330

125690.6736086818 125685.8819839352
125048.5275675909 124724.8073251574
125851.2101189546 124724.8073251574
125690.6736086818 123443.3744467870
125048.5275675909 122161.9415684167
125369.6005881364 121200.8669096389
127296.0387114091 120079.6131410648
127617.1117319545 119599.0758116759
126653.8926703182 119278.7175920833
128098.7212627727 119118.5384822870
124566.9180367727 118477.8220431019
126332.8196497727 118477.8220431019
124245.8450162273 118317.6429333056
124566.9180367727 112230.8367610463
125048.5275675909 116555.6727255463
125369.6005881364 117356.5682745278
124406.3815265000 126166.4193133241
123924.7719956818 112551.1949806389
126011.7466292273 119118.5384822870
124887.9910573182 116876.0309451389
127456.5752216818 118157.4638235093
125690.6736086818 120239.7922508611
127135.5022011364 120560.1504704537
127135.5022011364 118157.4638235093
122343.7129396732 134055.8391973022
123302.7914282222 133895.1367234231
128258.0302857255 133895.1367234231
117708.1669116863 133734.4342495440
120425.5559625752 133734.4342495440
125061.1019905621 133734.4342495440
128577.7231152418 133734.4342495440
129376.9551890327 133573.7317756648
136090.5046088758 133573.7317756648
136410.1974383922 133413.0293017857
119946.0167183007 133252.3268279066
121064.9416216078 133252.3268279066
130655.7265070980 133252.3268279066
118986.9382297516 133091.6243540275
138008.6615859738 133091.6243540275
121544.4808658823 132930.9218801483
122024.0201101569 132930.9218801483
130016.3408480654 132930.9218801483
126499.7197233856 132770.2194062692
126819.4125529020 132770.2194062692
129536.8016037909 132609.5169323901
119946.0167183007 132288.1119846319
129057.2623595163 132288.1119846319
130495.8800923399 131966.7070368736
123142.9450134641 131806.0045629945
136090.5046088758 131484.5996152362
136570.0438531503 131163.1946674780
134012.5012170196 131002.4921935989
122663.4057691895 130841.7897197198
122343.7129396732 130681.0872458407
126020.1804791111 130681.0872458407
123942.1770872549 130520.3847719615
130336.0336775817 130198.9798242033
133692.8083875033 130198.9798242033
129217.1087742745 129716.8724025659
137688.9687564575 129716.8724025659
127778.4910414510 129234.7649809286
133852.6548022614 128913.3600331703
127139.1053824183 128270.5501376538
134971.5797055686 128109.8476637747
129376.9551890327 127788.4427160165
127458.7982119346 127306.3352943791
134811.7332908105 126984.9303466209
136250.3510236340 126824.2278727418
138008.6615859738 126663.5253988626
138008.6615859738 125538.6080817088
130975.4193366144 124735.0957123132
131934.4978251634 124574.3932384341
137369.2759269412 123128.0709735220
134012.5012170196 122645.9635518846
137049.5830974249 120878.2363392143
136570.0438531503 124092.2858167967
124421.7163315294 132609.5169323901
135131.4261203268 122485.2610780055
140566.2042221046 132770.2194062692
125700.4876495948 133413.0293017857
137209.4295121830 124252.9882906758
121704.3272806405 133734.4342495440
124741.4091610458 133895.1367234231
132893.5763137124 123449.4759212802
128897.4159447582 129877.5748764451
134651.8868760523 125377.9056078297
127298.9517971765 129395.4674548077
138967.7400745229 131323.8971413572
130975.4193366144 129234.7649809286
137369.2759269412 130198.9798242033
135291.2725350850 131645.3020891154
123782.3306724967 132770.2194062692
132573.8834841961 125538.6080817088
137529.1223416993 127949.1451898956
134012.5012170196 133091.6243540275
118507.3989854771 133413.0293017857
133692.8083875033 130359.6822980824
132733.7298989542 128270.5501376538
135770.8117793595 128752.6575592912
129696.6480185490 126663.5253988626
124421.7163315294 130681.0872458407
132573.8834841961 131323.8971413572
121864.1736953987 131323.8971413572
123462.6378429804 130198.9798242033
131614.8049956471 125699.3105555879
133213.2691432287 125860.0130294670

