104525957.1479813010 124519.5081176758
102307733.3147985339 122510.2673645020
104716456.0441471487 125318.0812988281
102268969.5131360590 122438.1735839844
106136479.2263724059 125380.5740966797
99516801.5728750080 118449.2537231445
102055747.4400519282 121511.4268798828
101354617.7270835340 120471.8515014648
106262733.1406849772 125811.2147521973
102689343.3623375595 124328.5057983398
107667171.5136701465 127299.0566406250
107238524.0333870947 125869.6506958008
100901160.1827206016 119308.4562072754
98927211.7942142636 112207.4378967285
