192458568.3090943396 134735.6285552979
205848072.5384928584 151930.7041168213
205972451.8882605135 152366.1677627563
196877011.9028830826 146503.2544860840
192903076.4202244282 136430.9476776123
191284536.8549826741 111039.6445312500
202678975.1269037426 148708.4826965332
200969212.3223330081 148541.4412994385
194495645.3101264834 144952.1039428711
204594050.0225952864 151165.4432373047
204413804.0312462449 150728.7600097656
203284324.7881939113 149067.3844757080
193968726.8702343106 139765.6110839844
207760361.9408683181 153492.6426239014
193707933.0634072721 138601.1764526367
203655226.8139079809 149425.7598571777
198362253.7680438161 148247.4265136719
191983890.5983764231 130428.7063522339
202937204.6176911891 148809.8761291504
195967843.1104664505 146217.3170471191
