1249549503.1607496738 799233.3439178467
1237191638.4990277290 754092.4105529785
1245999550.4313123226 797917.2837448120
1239201622.1335389614 762496.2550430298
1252384796.1902327538 805806.2746810913
1240596901.1481635571 771263.7671737671
1245009921.3941254616 797577.7191696167
1236687497.4163231850 747967.3559303284
1236488718.5840370655 640735.1824865341
1241883793.5359535217 776652.5660705566
1256166356.2884647846 810965.6419830322
1240790330.3776965141 774226.3893814087
1237600848.5438842773 761701.4728908539
1259388132.1325883865 818477.5995559692
1249640305.6683957577 800944.3811492920
1241900356.9081029892 792400.3467025757
1235973919.7990417480 629316.5405330658
1240343136.6077055931 769027.1265792847
