729231086.5521388054 1715223.9003601074
734195752.2237747908 1780381.8467712402
745848380.8587652445 1803846.3633422852
755522654.6688914299 1841700.7548217773
731889847.7587460279 1725509.4519653320
764478673.4183526039 1845738.5527648926
732050134.0164453983 1740250.0343933105
731446282.5440751314 1720464.4046478271
754412558.7823642492 1830976.7952880859
727372154.5159832239 1681711.4635162354
733173982.6337413788 1760715.6928405762
727203927.9861681461 1671122.5122833252
730086190.6212779284 1715658.8338813782
753158203.2483619452 1823979.2387084961
748879411.3362495899 1809386.8159790039
732804397.1587595940 1748017.7310333252
750826339.8377834558 1810671.3994750977
746345415.9640748501 1803971.1811523438
752759829.1767207384 1818890.3470458984
738979884.9288117886 1781202.9803161621
740052289.0655918121 1793828.0308532715
731151266.8526206017 1716859.4034423828
