489035163.7037594914 5901258.0771484375
473189475.8530270457 5820421.9238281250
471180566.6512013674 5720258.1523437500
471651124.3631623387 5766714.8876953125
474580738.8818874359 5836446.9375000000
482735342.7181828618 5896318.7500000000
475980650.1214646697 5859449.8027343750
479615427.0537359715 5878938.1630859375
471644347.7563347816 5745693.4814453125
489355625.4584625959 5922534.9208984375
478050426.4362532496 5865357.7998046875
484706537.1099414229 5899946.6875000000
471910801.6972575188 5807123.2070312500
471451357.4275694489 5727687.1855468750
473781832.7578668594 5828012.3525390625
472717622.1651472449 5819778.3632812500
488222515.3435388207 5900156.9199218750
480940474.8127495050 5895308.9599609375
475566344.7162241340 5857270.7402343750
