348002991.1313917637 3047.9439668655
337252192.1814253926 2823.5498775244
343710275.6483827233 3020.1211545467
347962004.0596938729 3037.1379778385
336396721.8851588964 2707.0926010013
338083576.4710854292 2837.2279849052
347001451.5193982124 3036.9645566940
336414407.4789608717 2810.3135397434
349040197.4606245756 3084.5860443115
341809547.5195578933 2986.9660830498
334831550.3575668931 2603.3122185469
339989131.7667467594 2966.7509636879
335446204.2883083224 2696.5042461157
338665138.3083934188 2910.8638981581
338493121.4988980293 2883.9161462784
342920471.1493931413 3007.8787393570
