127521.5367563493 142340.0152086976
125127.0094280616 141700.2362738139
121774.6711684589 141540.2915400930
126404.0906698151 141540.2915400930
117624.1571327603 141380.3468063721
109802.0345270206 141060.4573389302
112835.1024761849 140900.5126052093
109003.8587509247 140580.6231377674
118262.6977536370 140580.6231377674
114271.8188731575 140260.7336703256
115708.5352701301 140260.7336703256
108844.2235957055 140100.7889366046
110440.5751478973 140100.7889366046
119699.4141506096 140100.7889366046
117783.7922879795 139940.8442028837
117464.5219775411 139780.8994691628
111877.2915448699 139301.0652680000
119220.5086849521 139301.0652680000
116666.3462014452 139141.1205342790
110280.9399926781 138661.2863331162
111079.1157687740 138501.3415993954
115229.6298044726 137861.5626645116
115389.2649596918 137221.7837296279
115389.2649596918 136741.9495284651
112994.7376314041 136582.0047947442
112196.5618553082 136102.1705935814
116027.8055805685 135782.2811261395
109163.4939061438 134982.5574575349
117304.8868223219 134022.8890552093
117783.7922879795 133063.2206528837
110280.9399926781 132903.2759191628
111877.2915448699 132743.3311854418
113952.5485627192 132743.3311854418
118901.2383745137 132743.3311854418
111398.3860792123 131943.6075168372
118422.3329088562 131943.6075168372
119380.1438401713 131623.7180493953
109323.1290613630 131303.8285819535
115069.9946492534 131303.8285819535
118103.0625984178 131303.8285819535
117624.1571327603 130823.9943807907
113792.9134075000 130664.0496470698
110280.9399926781 130504.1049133488
112515.8321657466 130184.2154459070
113633.2782522808 130184.2154459070
120976.4953923630 130184.2154459070
113473.6430970616 129224.5470435814
120976.4953923630 129224.5470435814
109802.0345270206 128744.7128424186
112356.1970105274 128584.7681086977
113792.9134075000 128424.8233749767
113154.3727866233 126345.5418366047
122732.4820997740 125705.7629017209
110919.4806135548 125545.8181680000
116027.8055805685 125385.8734342791
121774.6711684589 125385.8734342791
117943.4274431986 125225.9287005581
114750.7243388151 124586.1497656744
111717.6563896507 124266.2602982325
113952.5485627192 124106.3155645116
121295.7657028014 123786.4260970698
119699.4141506096 123626.4813633488
118901.2383745137 122666.8129610232
115389.2649596918 122506.8682273023
116825.9813566644 122506.8682273023
120976.4953923630 122346.9234935814
124488.4688071849 122346.9234935814
111717.6563896507 122186.9787598605
115229.6298044726 121707.1445586977
109961.6696822397 121547.1998249767
125286.6445832808 121547.1998249767
123051.7524102123 121387.2550912558
114431.4540283767 121227.3103575349
119380.1438401713 121227.3103575349
112515.8321657466 120907.4208900930
127202.2664459110 120747.4761563721
116347.0758910069 119947.7524877674
112515.8321657466 119627.8630203256
122253.5766341165 119627.8630203256
124807.7391176233 119467.9182866047
116027.8055805685 119307.9735528837
118581.9680640754 119307.9735528837
115229.6298044726 119148.0288191628
109961.6696822397 118988.0840854418
111079.1157687740 118828.1393517209
123211.3875654315 118828.1393517209
121615.0360132397 118668.1946180000
124807.7391176233 118508.2498842791
125925.1852041575 118508.2498842791
112835.1024761849 118348.3051505581
121295.7657028014 118348.3051505581
114591.0891835959 118028.4156831163
111398.3860792123 117708.5262156744
117464.5219775411 117548.5814819535
121774.6711684589 117388.6367482326
124169.1984967466 117228.6920145116
111717.6563896507 116908.8025470698
141942.2752351495 134419.6705108065
141942.2752351495 133778.0272411290
140979.6305135421 130730.2217101613
143707.1238914299 129446.9351708065
145953.2949085140 129446.9351708065
141942.2752351495 129286.5243533871
138733.4594964579 129126.1135359678
139375.2226441963 129126.1135359678
145632.4133346449 129126.1135359678
144028.0054652991 128644.8810837097
138412.5779225888 128484.4702662903
137770.8147748505 127682.4161791935
144669.7686130374 127522.0053617742
145151.0909738411 127201.1837269355
139535.6634311308 127040.7729095161
146113.7356954486 127040.7729095161
145151.0909738411 126719.9512746774
138893.9002833925 126559.5404572581
136005.9661185701 126399.1296398387
137931.2555617851 126238.7188224194
146274.1764823832 125436.6647353226
137449.9332009813 125276.2539179032
146274.1764823832 124634.6106482258
132636.7095929439 124474.1998308065
139054.3410703271 124313.7890133871
136808.1700532430 123992.9673785484
140337.8673658037 123190.9132914516
136808.1700532430 123030.5024740323
135845.5253316355 122870.0916566129
145471.9725477103 122870.0916566129
140337.8673658037 122709.6808391935
146595.0580562523 122549.2700217742
141460.9528743458 122228.4483869355
145471.9725477103 122068.0375695161
140177.4265788692 121907.6267520968
140016.9857919346 121265.9834824193
144509.3278261028 120945.1618475806
148199.4659255981 120463.9293953226
147557.7027778598 119982.6969430645
147878.5843517290 119341.0536733871
144669.7686130374 124313.7890133871
143386.2423175607 125115.8431004839
144669.7686130374 129286.5243533871
142263.1568090187 122870.0916566129

122413.2117893356 118188.3604168372
121295.7657028014 128424.8233749767
125446.2797385000 115629.2446773023
114431.4540283767 136422.0600610232
130075.6992398562 116588.9130796279
112515.8321657466 134662.6679900930
109642.3993718014 129864.3259784651
120657.2250819247 118028.4156831163
113792.9134075000 131783.6627831163
123051.7524102123 125705.7629017209
122093.9414788973 127465.1549726512
120018.6844610480 126025.6523691628
119220.5086849521 121867.0892924186
128319.7125324452 117868.4709493953
113952.5485627192 125065.9839668372
115868.1704253493 116109.0788784651
111717.6563896507 113869.8526063721
115708.5352701301 130184.2154459070
116347.0758910069 120267.6419552093
111877.2915448699 133223.1653866046
110600.2103031165 112270.4052691628
110440.5751478973 136741.9495284651
111717.6563896507 120427.5866889302
115069.9946492534 125705.7629017209
119699.4141506096 141860.1810075348
110440.5751478973 117388.6367482326
115548.9001149110 127465.1549726512
113952.5485627192 118828.1393517209
115229.6298044726 130024.2707121860
113633.2782522808 116269.0236121860
116506.7110462260 123466.5366296279
112356.1970105274 110351.0684645116
112835.1024761849 131943.6075168372
121136.1305475822 116588.9130796279
115548.9001149110 117868.4709493953
113314.0079418425 116428.9683459070
125446.2797385000 119787.8077540465
123211.3875654315 114989.4657424186
127042.6312906918 117388.6367482326
110759.8454583356 116908.8025470698
111079.1157687740 115469.2999435814
116027.8055805685 115789.1894110233
116666.3462014452 139780.8994691628
122892.1172549932 117068.7472807907
125446.2797385000 115469.2999435814
113792.9134075000 115789.1894110233
110280.9399926781 139301.0652680000
114591.0891835959 141860.1810075348
113952.5485627192 129384.4917773023
111398.3860792123 135302.4469249767
112356.1970105274 110511.0131982326
109961.6696822397 135462.3916586977
115708.5352701301 126025.6523691628
113314.0079418425 132423.4417180000
121136.1305475822 126985.3207714884
122572.8469445548 119148.0288191628
113792.9134075000 123946.3708307907
117624.1571327603 119307.9735528837
122413.2117893356 125705.7629017209
120018.6844610480 118028.4156831163
110759.8454583356 136102.1705935814
114112.1837179384 138181.4521319535
112356.1970105274 124266.2602982325
120816.8602371438 125705.7629017209
110280.9399926781 136102.1705935814
111558.0212344315 135622.3363924186
116347.0758910069 117388.6367482326
111558.0212344315 123466.5366296279
110280.9399926781 114989.4657424186
114591.0891835959 131943.6075168372
118422.3329088562 125225.9287005581
119859.0493058288 118028.4156831163
120976.4953923630 116588.9130796279
114271.8188731575 121867.0892924186
120497.5899267055 115469.2999435814
115548.9001149110 137061.8389959070
116027.8055805685 122346.9234935814
124328.8336519658 116748.8578133488
126084.8203593767 141860.1810075348
114750.7243388151 127625.0997063721
114112.1837179384 128424.8233749767
111717.6563896507 137221.7837296279
125127.0094280616 123146.6471621860
113792.9134075000 137861.5626645116
121136.1305475822 126665.4313040465
123211.3875654315 126665.4313040465
113633.2782522808 133862.9443214884
113473.6430970616 129704.3812447442
123849.9281863082 120427.5866889302
109642.3993718014 127944.9891738139
110759.8454583356 125225.9287005581
121295.7657028014 125065.9839668372
110600.2103031165 114669.5762749767
121774.6711684589 115789.1894110233
119699.4141506096 130024.2707121860
112515.8321657466 140740.5678714884
112515.8321657466 131303.8285819535
137289.4924140467 124795.0214656452
144188.4462522336 128644.8810837097
142263.1568090187 125115.8431004839
140016.9857919346 125436.6647353226
144509.3278261028 122870.0916566129
146915.9396301215 128163.6486314516
136487.2884793738 125757.4863701613
143065.3607436916 121105.5726650000
138252.1371356542 122709.6808391935
138412.5779225888 124474.1998308065
133759.7951014860 124955.4322830645
143707.1238914299 120945.1618475806
136005.9661185701 127842.8269966129
144028.0054652991 129767.7568056452
144348.8870391682 129286.5243533871
146434.6172693177 127201.1837269355
135524.6437577663 126719.9512746774
142744.4791698224 120945.1618475806
146434.6172693177 128324.0594488710
145151.0909738411 124474.1998308065
145792.8541215794 121265.9834824193
137931.2555617851 126719.9512746774
143546.6831044953 127361.5945443548
137129.0516271121 123511.7349262903
147557.7027778598 126238.7188224194
142102.7160220841 129286.5243533871
144990.6501869066 129607.3459882258
145953.2949085140 129126.1135359678
140337.8673658037 121747.2159346774
146113.7356954486 120303.5185779032
132315.8280190748 124313.7890133871
138091.6963487196 122228.4483869355
147557.7027778598 121747.2159346774
135043.3213969626 125436.6647353226
136487.2884793738 127842.8269966129
140177.4265788692 132334.3298843548
143386.2423175607 135542.5462327419
133278.4727406822 124955.4322830645
136166.4069055047 124153.3781959677
145311.5317607757 120624.3402127419
140979.6305135421 133136.3839714516
137610.3739879159 126880.3620920968
147236.8212039907 120143.1077604839
137770.8147748505 126559.5404572581

128000.4422220069 142020.1257412558
125446.2797385000 141540.2915400930
122892.1172549932 141380.3468063721
114431.4540283767 141220.4020726512
120816.8602371438 140740.5678714884
116825.9813566644 138821.2310668372
111717.6563896507 137541.6731970698
114271.8188731575 135782.2811261395
111717.6563896507 135622.3363924186
109323.1290613630 131943.6075168372
115069.9946492534 131303.8285819535
120497.5899267055 129864.3259784651
111558.0212344315 129704.3812447442
121295.7657028014 129544.4365110232
110759.8454583356 128264.8786412558
115389.2649596918 127145.2655052093
118741.6032192945 125545.8181680000
120337.9547714863 125545.8181680000
117464.5219775411 124426.2050319535
122572.8469445548 123146.6471621860
116825.9813566644 122506.8682273023
119060.8735297329 122346.9234935814
118103.0625984178 121547.1998249767
109961.6696822397 120107.6972214883
113633.2782522808 117548.5814819535
114431.4540283767 117388.6367482326
121774.6711684589 117388.6367482326
117464.5219775411 115469.2999435814
110600.2103031165 114189.7420738140
118741.6032192945 113549.9631389302
111717.6563896507 111790.5710680000
112994.7376314041 110351.0684645116
118262.6977536370 122346.9234935814
111079.1157687740 121387.2550912558
111877.2915448699 132743.3311854418
110121.3048374589 122186.9787598605
120976.4953923630 129384.4917773023
121136.1305475822 129384.4917773023
115069.9946492534 138341.3968656744
125605.9148937192 115789.1894110233
114750.7243388151 117228.6920145116
113792.9134075000 133063.2206528837
119699.4141506096 125865.7076354419
116187.4407357877 117868.4709493953
110280.9399926781 138661.2863331162
121136.1305475822 123626.4813633488
110440.5751478973 114829.5210086977
111398.3860792123 113230.0736714884
124009.5633415274 121867.0892924186
120497.5899267055 126025.6523691628
119699.4141506096 139780.8994691628
119060.8735297329 120747.4761563721
115708.5352701301 117068.7472807907
111238.7509239932 115469.2999435814
109323.1290613630 137861.5626645116
121136.1305475822 116428.9683459070
129277.5234637603 117228.6920145116
117624.1571327603 119467.9182866047
119380.1438401713 141060.4573389302
116187.4407357877 135302.4469249767
115389.2649596918 113549.9631389302
123051.7524102123 117868.4709493953
112994.7376314041 138501.3415993954
120497.5899267055 124906.0392331163
124328.8336519658 116109.0788784651
108046.0478196096 141380.3468063721
119220.5086849521 120267.6419552093
116506.7110462260 119947.7524877674
118103.0625984178 133063.2206528837
111558.0212344315 114669.5762749767
119859.0493058288 129224.5470435814
117624.1571327603 125865.7076354419
127202.2664459110 142020.1257412558
121615.0360132397 127465.1549726512
117304.8868223219 117708.5262156744
110440.5751478973 140100.7889366046
117624.1571327603 128424.8233749767
122572.8469445548 114189.7420738140
110600.2103031165 141380.3468063721
117624.1571327603 129864.3259784651
117145.2516671027 140580.6231377674
114112.1837179384 134662.6679900930
118422.3329088562 115629.2446773023
109961.6696822397 121547.1998249767
109323.1290613630 135302.4469249767
110919.4806135548 112750.2394703256
116506.7110462260 124266.2602982325
119859.0493058288 131143.8838482326
123371.0227206507 116428.9683459070
126084.8203593767 115949.1341447442
118901.2383745137 125065.9839668372
125286.6445832808 117548.5814819535
110121.3048374589 126665.4313040465
116347.0758910069 118668.1946180000
120018.6844610480 119787.8077540465
121774.6711684589 115469.2999435814
116506.7110462260 119307.9735528837
140979.6305135421 130569.8108927419
138733.4594964579 130088.5784404839
141300.5120874112 129928.1676230645
137449.9332009813 128805.2919011291
137449.9332009813 128484.4702662903
143065.3607436916 127682.4161791935
142102.7160220841 126880.3620920968
134080.6766753552 125115.8431004839
145632.4133346449 124474.1998308065
135685.0845447009 123832.5565611290
148039.0251386635 122388.8592043548
138412.5779225888 122068.0375695161
144669.7686130374 121907.6267520968
146274.1764823832 120624.3402127419
139856.5450050000 129928.1676230645
145792.8541215794 126238.7188224194
143065.3607436916 125436.6647353226
147076.3804170561 119661.8753082258
136808.1700532430 123992.9673785484
139696.1042180654 122870.0916566129
136647.7292663084 123351.3241088710
140337.8673658037 131853.0974320968
138412.5779225888 128644.8810837097
142102.7160220841 130890.6325275806
135203.7621838972 126559.5404572581
144188.4462522336 129286.5243533871
145632.4133346449 122228.4483869355
141942.2752351495 124634.6106482258
146595.0580562523 126399.1296398387
138252.1371356542 125917.8971875806
141460.9528743458 123190.9132914516
143225.8015306262 123030.5024740323
147076.3804170561 119180.6428559677
133118.0319537477 125436.6647353226
131674.0648713364 123832.5565611290
146274.1764823832 125597.0755527419
145632.4133346449 129126.1135359678
146915.9396301215 122228.4483869355
145311.5317607757 125436.6647353226
137449.9332009813 127522.0053617742
142904.9199567570 121265.9834824193
136005.9661185701 124955.4322830645
140337.8673658037 128805.2919011291
140498.3081527383 122228.4483869355

128160.0773772260 142340.0152086976
120178.3196162671 142020.1257412558
124967.3742728425 142020.1257412558
127202.2664459110 142020.1257412558
128000.4422220069 142020.1257412558
127202.2664459110 141700.2362738139
114591.0891835959 141380.3468063721
122892.1172549932 141380.3468063721
108205.6829748288 141060.4573389302
123530.6578758699 141060.4573389302
117624.1571327603 140900.5126052093
120497.5899267055 140260.7336703256
112036.9267000891 136422.0600610232
110121.3048374589 136102.1705935814
115069.9946492534 136102.1705935814
114271.8188731575 135782.2811261395
116985.6165118836 135782.2811261395
113473.6430970616 135462.3916586977
111079.1157687740 132903.2759191628
115868.1704253493 132903.2759191628
109482.7642165822 132263.4969842791
110919.4806135548 132263.4969842791
115708.5352701301 132263.4969842791
116666.3462014452 131943.6075168372
110759.8454583356 131783.6627831163
112835.1024761849 131303.8285819535
115229.6298044726 130664.0496470698
120976.4953923630 129384.4917773023
112356.1970105274 128584.7681086977
109802.0345270206 127625.0997063721
122732.4820997740 127625.0997063721
123051.7524102123 125545.8181680000
116187.4407357877 125385.8734342791
121774.6711684589 125385.8734342791
124009.5633415274 125225.9287005581
113314.0079418425 124266.2602982325
109961.6696822397 123626.4813633488
125127.0094280616 123626.4813633488
120816.8602371438 123466.5366296279
121295.7657028014 123466.5366296279
113952.5485627192 123146.6471621860
112675.4673209658 122986.7024284651
110280.9399926781 122826.7576947442
125925.1852041575 122346.9234935814
122093.9414788973 122027.0340261395
124169.1984967466 121067.3656238139
113154.3727866233 120907.4208900930
111398.3860792123 120747.4761563721
122413.2117893356 120747.4761563721
109961.6696822397 120427.5866889302
112835.1024761849 120267.6419552093
114271.8188731575 120267.6419552093
122253.5766341165 119627.8630203256
122892.1172549932 119627.8630203256
125286.6445832808 119307.9735528837
112675.4673209658 118348.3051505581
121295.7657028014 118348.3051505581
128958.2531533219 118348.3051505581
117304.8868223219 118188.3604168372
128000.4422220069 118188.3604168372
112675.4673209658 118028.4156831163
125446.2797385000 117388.6367482326
121455.4008580206 117228.6920145116
121615.0360132397 116908.8025470698
110440.5751478973 116748.8578133488
128798.6179981028 116748.8578133488
113314.0079418425 116588.9130796279
118103.0625984178 116588.9130796279
118422.3329088562 115629.2446773023
117145.2516671027 115149.4104761395
121774.6711684589 115149.4104761395
114591.0891835959 114829.5210086977
116347.0758910069 114829.5210086977
116985.6165118836 114349.6868075349
111717.6563896507 114189.7420738140
110759.8454583356 113549.9631389302
111717.6563896507 113230.0736714884
113792.9134075000 112430.3500028837
114591.0891835959 111950.5158017209
113154.3727866233 110511.0131982326
112994.7376314041 110351.0684645116
112675.4673209658 110191.1237307907
112675.4673209658 109871.2342633488
118262.6977536370 122346.9234935814
113473.6430970616 141380.3468063721
115069.9946492534 127465.1549726512
109802.0345270206 123946.3708307907
123051.7524102123 140740.5678714884
115389.2649596918 127944.9891738139
108684.5884404863 134022.8890552093
116506.7110462260 129224.5470435814
118262.6977536370 125225.9287005581
117624.1571327603 125865.7076354419
120178.3196162671 122666.8129610232
113633.2782522808 133383.1101203256
115389.2649596918 118028.4156831163
113473.6430970616 138501.3415993954
142744.4791698224 135221.7245979032
141460.9528743458 131371.8649798387
138893.9002833925 130890.6325275806
143546.6831044953 130569.8108927419
145632.4133346449 129126.1135359678
137289.4924140467 127682.4161791935
144830.2093999720 127682.4161791935
139696.1042180654 127201.1837269355
135845.5253316355 127040.7729095161
147236.8212039907 126719.9512746774
142744.4791698224 126559.5404572581
134241.1174622898 125917.8971875806
139214.7818572617 125597.0755527419
136968.6108401776 125436.6647353226
146274.1764823832 125436.6647353226
136647.7292663084 124955.4322830645
137129.0516271121 124955.4322830645
147397.2619909252 124955.4322830645
142102.7160220841 124795.0214656452
132957.5911668131 124634.6106482258
132155.3872321402 124474.1998308065
136808.1700532430 123511.7349262903
142263.1568090187 123511.7349262903
140016.9857919346 122870.0916566129
135685.0845447009 122709.6808391935
145953.2949085140 122068.0375695161
143386.2423175607 120945.1618475806
144348.8870391682 120784.7510301613
145311.5317607757 120463.9293953226
148199.4659255981 120463.9293953226
147397.2619909252 119341.0536733871
148199.4659255981 119180.6428559677
143707.1238914299 122228.4483869355
141460.9528743458 125115.8431004839
135043.3213969626 126719.9512746774
140337.8673658037 129446.9351708065
139214.7818572617 128644.8810837097
143065.3607436916 125436.6647353226
140177.4265788692 125597.0755527419
144188.4462522336 122068.0375695161
145311.5317607757 125276.2539179032
146274.1764823832 119661.8753082258
141140.0713004767 128484.4702662903
133759.7951014860 123190.9132914516

110919.4806135548 137541.6731970698
116027.8055805685 128424.8233749767
120657.2250819247 125865.7076354419
115708.5352701301 132263.4969842791
124488.4688071849 123306.5918959070
123371.0227206507 123946.3708307907
115389.2649596918 120107.6972214883
116985.6165118836 124906.0392331163
112515.8321657466 110191.1237307907
112196.5618553082 119947.7524877674
110919.4806135548 119787.8077540465
120816.8602371438 125385.8734342791
115868.1704253493 120587.5314226511
117624.1571327603 119467.9182866047
125286.6445832808 119627.8630203256
124009.5633415274 121547.1998249767
115708.5352701301 124266.2602982325
109961.6696822397 118508.2498842791
111717.6563896507 127145.2655052093
115708.5352701301 126825.3760377674
110121.3048374589 136422.0600610232
110280.9399926781 130823.9943807907
121455.4008580206 140580.6231377674
117145.2516671027 114349.6868075349
116187.4407357877 135622.3363924186
128000.4422220069 118828.1393517209
110121.3048374589 139620.9547354418
113314.0079418425 122986.7024284651
111398.3860792123 120107.6972214883
116347.0758910069 115629.2446773023
120178.3196162671 141540.2915400930
116027.8055805685 113230.0736714884
118581.9680640754 139620.9547354418
119539.7789953904 114669.5762749767
113154.3727866233 120587.5314226511
111079.1157687740 139940.8442028837
126084.8203593767 116588.9130796279
116825.9813566644 124266.2602982325
119220.5086849521 120427.5866889302
115069.9946492534 128264.8786412558
113952.5485627192 127305.2102389302
111079.1157687740 133063.2206528837
119380.1438401713 140420.6784040465
111079.1157687740 128424.8233749767
111558.0212344315 132583.3864517209
115069.9946492534 122346.9234935814
112515.8321657466 122826.7576947442
117783.7922879795 131783.6627831163
108844.2235957055 141380.3468063721
108365.3181300479 139301.0652680000
124009.5633415274 140740.5678714884
120816.8602371438 130184.2154459070
113952.5485627192 141220.4020726512
111079.1157687740 115629.2446773023
115548.9001149110 115629.2446773023
122572.8469445548 126985.3207714884
112835.1024761849 126985.3207714884
115229.6298044726 140100.7889366046
108844.2235957055 131943.6075168372
120816.8602371438 116428.9683459070
126244.4555145959 121067.3656238139
114750.7243388151 127145.2655052093
115548.9001149110 119787.8077540465
116506.7110462260 115949.1341447442
110121.3048374589 131623.7180493953
110280.9399926781 124426.2050319535
114431.4540283767 114029.7973400930
112196.5618553082 113390.0184052093
112835.1024761849 139620.9547354418
110121.3048374589 126345.5418366047
113952.5485627192 122186.9787598605
110280.9399926781 115789.1894110233
117145.2516671027 116109.0788784651
118901.2383745137 129384.4917773023
120816.8602371438 119787.8077540465
112675.4673209658 115789.1894110233
112994.7376314041 117068.7472807907
110759.8454583356 113230.0736714884
119699.4141506096 142180.0704749767
120497.5899267055 115309.3552098605
113473.6430970616 112430.3500028837
114910.3594940342 119307.9735528837
114431.4540283767 114349.6868075349
127681.1719115685 119307.9735528837
116825.9813566644 118668.1946180000
125925.1852041575 118188.3604168372
115229.6298044726 118508.2498842791
113952.5485627192 124106.3155645116
109163.4939061438 127944.9891738139
111238.7509239932 108911.5658610232
123371.0227206507 118508.2498842791
108365.3181300479 137861.5626645116
116027.8055805685 120107.6972214883
127042.6312906918 121227.3103575349
120816.8602371438 121387.2550912558
118741.6032192945 129864.3259784651
108844.2235957055 135462.3916586977
135043.3213969626 126559.5404572581
143546.6831044953 126399.1296398387
142423.5975959533 124795.0214656452
134401.5582492243 126078.3080050000
142102.7160220841 128644.8810837097
146755.4988431869 121907.6267520968
142584.0383828878 123190.9132914516
139375.2226441963 127040.7729095161
144028.0054652991 122228.4483869355
146595.0580562523 122709.6808391935
136968.6108401776 123672.1457437097
143225.8015306262 124795.0214656452
135845.5253316355 124634.6106482258
140177.4265788692 125436.6647353226
145151.0909738411 127040.7729095161
146595.0580562523 126078.3080050000
143225.8015306262 125276.2539179032
145632.4133346449 126559.5404572581
137289.4924140467 126238.7188224194
138733.4594964579 124313.7890133871
147557.7027778598 119341.0536733871
132315.8280190748 124634.6106482258
136487.2884793738 127361.5945443548
137289.4924140467 128644.8810837097
145151.0909738411 119661.8753082258
139054.3410703271 123832.5565611290
137449.9332009813 125436.6647353226
146595.0580562523 120303.5185779032
144830.2093999720 129767.7568056452
137449.9332009813 124634.6106482258
144990.6501869066 125757.4863701613
134080.6766753552 122870.0916566129
140819.1897266075 129767.7568056452
140337.8673658037 127522.0053617742
141621.3936612804 120624.3402127419
134882.8806100280 125436.6647353226
139856.5450050000 125115.8431004839
140337.8673658037 132655.1515191935
147076.3804170561 127361.5945443548
147397.2619909252 120624.3402127419
140337.8673658037 124313.7890133871
138733.4594964579 126559.5404572581
145311.5317607757 121105.5726650000
139696.1042180654 123030.5024740323

115389.2649596918 141860.1810075348
123849.9281863082 141700.2362738139
109961.6696822397 141380.3468063721
108205.6829748288 141060.4573389302
111717.6563896507 141060.4573389302
122732.4820997740 141060.4573389302
115868.1704253493 139780.8994691628
109802.0345270206 139620.9547354418
110121.3048374589 136102.1705935814
113314.0079418425 135142.5021912558
115229.6298044726 130664.0496470698
114431.4540283767 130184.2154459070
120816.8602371438 126505.4865703256
122093.9414788973 123306.5918959070
119380.1438401713 123146.6471621860
109961.6696822397 122027.0340261395
111398.3860792123 122027.0340261395
123211.3875654315 120427.5866889302
113792.9134075000 118668.1946180000
122732.4820997740 118668.1946180000
125765.5500489384 118348.3051505581
121455.4008580206 118028.4156831163
128479.3476876644 117228.6920145116
126404.0906698151 116428.9683459070
112515.8321657466 114989.4657424186
116347.0758910069 114829.5210086977
111717.6563896507 113230.0736714884
115389.2649596918 113230.0736714884
112196.5618553082 112430.3500028837
112675.4673209658 110191.1237307907
119699.4141506096 126345.5418366047
120337.9547714863 128904.6575761395
121295.7657028014 115629.2446773023
111558.0212344315 131463.7733156744
114910.3594940342 118508.2498842791
113314.0079418425 141380.3468063721
114750.7243388151 114189.7420738140
112036.9267000891 141540.2915400930
122413.2117893356 119627.8630203256
122253.5766341165 118028.4156831163
111079.1157687740 123146.6471621860
111238.7509239932 115469.2999435814
114431.4540283767 138821.2310668372
116825.9813566644 129544.4365110232
127840.8070667877 119787.8077540465
114271.8188731575 118988.0840854418
114112.1837179384 111150.7921331163
111079.1157687740 114349.6868075349
112515.8321657466 127944.9891738139
115548.9001149110 128584.7681086977
119699.4141506096 139620.9547354418
109003.8587509247 132583.3864517209
111079.1157687740 110031.1789970698
118422.3329088562 122027.0340261395
110759.8454583356 111470.6816005581
124488.4688071849 120107.6972214883
115229.6298044726 112430.3500028837
110759.8454583356 141220.4020726512
115389.2649596918 115949.1341447442
127361.9016011301 142340.0152086976
111717.6563896507 120587.5314226511
112036.9267000891 129384.4917773023
111877.2915448699 137701.6179307907
118741.6032192945 116109.0788784651
113314.0079418425 110670.9579319535
119699.4141506096 127305.2102389302
113473.6430970616 132583.3864517209
111398.3860792123 119627.8630203256
119220.5086849521 118508.2498842791
112675.4673209658 134502.7232563721
115389.2649596918 130024.2707121860
117943.4274431986 118668.1946180000
116506.7110462260 116588.9130796279
122253.5766341165 120587.5314226511
116985.6165118836 119787.8077540465
114112.1837179384 124906.0392331163
114271.8188731575 116109.0788784651
109642.3993718014 122666.8129610232
120178.3196162671 122346.9234935814
109642.3993718014 134182.8337889302
122732.4820997740 126505.4865703256
124328.8336519658 116428.9683459070
111877.2915448699 131623.7180493953
125605.9148937192 121707.1445586977
120976.4953923630 140100.7889366046
123849.9281863082 118348.3051505581
124488.4688071849 115469.2999435814
114431.4540283767 133063.2206528837
124009.5633415274 124106.3155645116
112036.9267000891 141220.4020726512
110919.4806135548 120267.6419552093
118581.9680640754 123466.5366296279
115548.9001149110 114349.6868075349
126404.0906698151 122186.9787598605
110121.3048374589 127465.1549726512
117624.1571327603 119787.8077540465
115868.1704253493 127145.2655052093
143386.2423175607 135863.3678675806
143867.5646783645 130730.2217101613
140337.8673658037 129446.9351708065
144188.4462522336 129286.5243533871
142263.1568090187 128324.0594488710
145471.9725477103 123511.7349262903
147557.7027778598 121105.5726650000
148199.4659255981 120463.9293953226
147076.3804170561 127522.0053617742
147397.2619909252 119180.6428559677
144509.3278261028 127522.0053617742
141781.8344482150 129286.5243533871
143707.1238914299 124634.6106482258
143867.5646783645 119982.6969430645
141460.9528743458 121265.9834824193
140177.4265788692 125917.8971875806
138733.4594964579 125436.6647353226
135043.3213969626 126399.1296398387
137610.3739879159 129767.7568056452
143386.2423175607 128805.2919011291
137931.2555617851 123672.1457437097
136005.9661185701 123992.9673785484
144348.8870391682 127201.1837269355
146595.0580562523 120784.7510301613
139535.6634311308 122549.2700217742
137770.8147748505 127682.4161791935
144990.6501869066 130409.4000753226
144348.8870391682 120784.7510301613
143065.3607436916 126559.5404572581
141460.9528743458 131371.8649798387
137289.4924140467 125436.6647353226
135203.7621838972 123030.5024740323
144990.6501869066 125276.2539179032
146755.4988431869 126238.7188224194
137129.0516271121 126078.3080050000
142744.4791698224 134740.4921456452
142584.0383828878 127522.0053617742
138733.4594964579 127842.8269966129
145151.0909738411 121586.8051172580
144509.3278261028 120945.1618475806
136808.1700532430 123030.5024740323
140979.6305135421 122068.0375695161
140177.4265788692 125276.2539179032
136968.6108401776 124795.0214656452

115548.9001149110 138341.3968656744
110759.8454583356 123306.5918959070
118741.6032192945 119947.7524877674
119060.8735297329 126825.3760377674
114271.8188731575 140900.5126052093
123849.9281863082 119947.7524877674
113154.3727866233 116428.9683459070
120178.3196162671 118508.2498842791
112835.1024761849 112430.3500028837
111079.1157687740 130024.2707121860
115389.2649596918 130024.2707121860
116187.4407357877 134662.6679900930
112515.8321657466 116269.0236121860
114431.4540283767 133063.2206528837
116985.6165118836 126345.5418366047
116027.8055805685 126345.5418366047
117145.2516671027 115309.3552098605
118901.2383745137 119947.7524877674
113633.2782522808 114989.4657424186
114271.8188731575 115629.2446773023
120337.9547714863 126505.4865703256
117304.8868223219 114509.6315412558
111558.0212344315 112750.2394703256
115069.9946492534 119787.8077540465
116666.3462014452 113390.0184052093
118262.6977536370 114349.6868075349
110121.3048374589 135942.2258598604
112356.1970105274 119787.8077540465
125765.5500489384 118828.1393517209
110600.2103031165 131943.6075168372
129916.0640846370 142659.9046761395
111558.0212344315 139620.9547354418
123690.2930310891 122027.0340261395
120657.2250819247 121067.3656238139
114271.8188731575 125225.9287005581
124967.3742728425 122666.8129610232
112196.5618553082 124426.2050319535
120657.2250819247 140260.7336703256
124967.3742728425 120267.6419552093
122253.5766341165 122346.9234935814
109323.1290613630 129224.5470435814
113792.9134075000 141860.1810075348
111079.1157687740 114029.7973400930
126563.7258250343 142499.9599424186
115229.6298044726 140900.5126052093
120816.8602371438 114349.6868075349
123530.6578758699 140580.6231377674
110440.5751478973 115469.2999435814
121295.7657028014 125545.8181680000
120337.9547714863 141860.1810075348
111877.2915448699 122186.9787598605
126723.3609802534 141700.2362738139
125765.5500489384 141220.4020726512
126084.8203593767 142499.9599424186
118741.6032192945 116908.8025470698
112356.1970105274 115629.2446773023
114271.8188731575 125545.8181680000
118422.3329088562 129864.3259784651
110280.9399926781 141060.4573389302
111398.3860792123 126345.5418366047
118581.9680640754 124746.0944993953
120018.6844610480 141540.2915400930
117464.5219775411 128744.7128424186
113792.9134075000 133223.1653866046
116506.7110462260 112910.1842040465
121136.1305475822 124586.1497656744
115868.1704253493 128584.7681086977
114910.3594940342 112430.3500028837
118103.0625984178 118188.3604168372
110121.3048374589 132903.2759191628
117304.8868223219 126185.5971028837
111398.3860792123 138981.1758005581
108684.5884404863 138981.1758005581
117464.5219775411 123946.3708307907
118103.0625984178 117228.6920145116
109482.7642165822 134502.7232563721
113633.2782522808 127625.0997063721
113792.9134075000 134662.6679900930
120816.8602371438 129704.3812447442
112994.7376314041 124426.2050319535
109961.6696822397 136582.0047947442
113154.3727866233 131463.7733156744
112196.5618553082 114029.7973400930
109802.0345270206 137061.8389959070
116666.3462014452 119947.7524877674
126723.3609802534 117708.5262156744
109961.6696822397 140740.5678714884
123051.7524102123 120427.5866889302
118103.0625984178 121547.1998249767
113473.6430970616 139780.8994691628
120976.4953923630 119307.9735528837
122413.2117893356 119467.9182866047
123849.9281863082 125065.9839668372
116187.4407357877 127785.0444400930
112835.1024761849 133383.1101203256
110600.2103031165 115789.1894110233
116985.6165118836 134502.7232563721
145311.5317607757 125276.2539179032
141942.2752351495 125436.6647353226
143386.2423175607 126880.3620920968
136487.2884793738 127040.7729095161
138573.0187095234 127361.5945443548
135685.0845447009 127842.8269966129
147397.2619909252 127040.7729095161
141781.8344482150 133938.4380585484
145632.4133346449 128965.7027185484
140498.3081527383 127522.0053617742
134882.8806100280 127040.7729095161
146113.7356954486 119341.0536733871
146434.6172693177 126078.3080050000
144509.3278261028 124474.1998308065
143867.5646783645 130088.5784404839
138733.4594964579 131051.0433450000
140337.8673658037 128484.4702662903
139375.2226441963 124313.7890133871
142904.9199567570 126399.1296398387
146434.6172693177 122228.4483869355
137931.2555617851 125436.6647353226
138252.1371356542 126719.9512746774
142904.9199567570 121747.2159346774
146434.6172693177 120784.7510301613
137931.2555617851 125115.8431004839
134401.5582492243 123511.7349262903
141942.2752351495 121586.8051172580
146595.0580562523 128644.8810837097
134882.8806100280 124955.4322830645
146274.1764823832 119501.4644908065
137289.4924140467 126880.3620920968
143867.5646783645 126880.3620920968
137289.4924140467 125436.6647353226
140016.9857919346 131211.4541624194
136005.9661185701 127201.1837269355
144028.0054652991 125436.6647353226
140177.4265788692 129607.3459882258
142904.9199567570 129607.3459882258
137770.8147748505 128484.4702662903
137770.8147748505 123351.3241088710
140819.1897266075 124474.1998308065
141621.3936612804 122870.0916566129
137449.9332009813 123190.9132914516
141300.5120874112 126559.5404572581

113154.3727866233 110511.0131982326
122892.1172549932 141380.3468063721
110440.5751478973 131463.7733156744
120497.5899267055 117228.6920145116
115389.2649596918 141860.1810075348
127202.2664459110 141700.2362738139
115548.9001149110 136262.1153273023
112835.1024761849 116748.8578133488
114271.8188731575 124906.0392331163
116506.7110462260 124906.0392331163
118581.9680640754 131623.7180493953
112994.7376314041 130024.2707121860
112675.4673209658 109871.2342633488
121136.1305475822 127465.1549726512
122892.1172549932 116269.0236121860
120976.4953923630 125865.7076354419
113314.0079418425 135142.5021912558
118262.6977536370 140260.7336703256
116347.0758910069 114829.5210086977
116666.3462014452 131943.6075168372
111398.3860792123 126665.4313040465
110759.8454583356 131783.6627831163
115229.6298044726 130664.0496470698
121774.6711684589 115149.4104761395
123371.0227206507 116428.9683459070
113792.9134075000 139620.9547354418
125286.6445832808 119307.9735528837
111398.3860792123 130664.0496470698
111238.7509239932 132423.4417180000
112675.4673209658 110191.1237307907
111238.7509239932 131943.6075168372
116506.7110462260 122506.8682273023
111558.0212344315 116908.8025470698
121455.4008580206 140900.5126052093
123849.9281863082 141700.2362738139
111079.1157687740 135782.2811261395
124488.4688071849 120107.6972214883
128479.3476876644 115949.1341447442
119859.0493058288 141220.4020726512
113314.0079418425 120267.6419552093
116985.6165118836 127145.2655052093
111079.1157687740 127944.9891738139
130394.9695502945 142499.9599424186
110440.5751478973 116748.8578133488
121295.7657028014 119307.9735528837
116825.9813566644 131303.8285819535
119539.7789953904 114669.5762749767
123849.9281863082 118348.3051505581
125446.2797385000 117388.6367482326
122413.2117893356 117548.5814819535
125765.5500489384 118348.3051505581
114271.8188731575 126345.5418366047
122253.5766341165 120107.6972214883
113792.9134075000 118668.1946180000
115548.9001149110 126665.4313040465
117943.4274431986 133702.9995877674
125925.1852041575 120267.6419552093
124009.5633415274 120107.6972214883
120178.3196162671 142020.1257412558
118741.6032192945 113549.9631389302
119380.1438401713 122506.8682273023
111398.3860792123 120747.4761563721
114112.1837179384 111150.7921331163
111558.0212344315 129704.3812447442
113314.0079418425 139461.0100017209
120657.2250819247 128584.7681086977
117145.2516671027 141860.1810075348
113154.3727866233 120907.4208900930
111398.3860792123 126185.5971028837
115868.1704253493 122666.8129610232
117783.7922879795 139301.0652680000
113633.2782522808 128584.7681086977
112036.9267000891 121547.1998249767
109961.6696822397 122027.0340261395
128160.0773772260 142340.0152086976
112835.1024761849 134342.7785226511
109642.3993718014 141380.3468063721
129437.1586189795 117708.5262156744
120816.8602371438 126505.4865703256
112515.8321657466 131783.6627831163
118103.0625984178 116588.9130796279
111398.3860792123 116748.8578133488
118422.3329088562 141060.4573389302
115868.1704253493 132903.2759191628
111717.6563896507 116109.0788784651
120018.6844610480 140740.5678714884
112515.8321657466 114989.4657424186
112515.8321657466 138181.4521319535
113952.5485627192 135622.3363924186
126084.8203593767 141380.3468063721
115868.1704253493 139780.8994691628
114271.8188731575 135782.2811261395
121136.1305475822 114029.7973400930
122572.8469445548 123146.6471621860
124967.3742728425 123146.6471621860
114750.7243388151 121227.3103575349
117783.7922879795 134822.6127238139
137931.2555617851 123832.5565611290
142263.1568090187 123511.7349262903
136326.8476924393 127361.5945443548
139696.1042180654 127201.1837269355
143386.2423175607 120945.1618475806
148039.0251386635 122388.8592043548
147878.5843517290 119180.6428559677
135685.0845447009 123832.5565611290
144830.2093999720 127682.4161791935
138252.1371356542 127682.4161791935
135043.3213969626 126719.9512746774
147236.8212039907 126719.9512746774
137129.0516271121 125597.0755527419
133599.3543145514 124474.1998308065
137129.0516271121 124955.4322830645
137289.4924140467 127682.4161791935
139856.5450050000 130248.9892579032
136808.1700532430 126559.5404572581
144348.8870391682 120784.7510301613
142263.1568090187 120945.1618475806
143546.6831044953 130569.8108927419
140819.1897266075 131692.6866146774
148199.4659255981 120463.9293953226
142744.4791698224 135221.7245979032
140979.6305135421 126238.7188224194
145151.0909738411 127040.7729095161
132315.8280190748 124634.6106482258
138412.5779225888 122068.0375695161
140498.3081527383 121265.9834824193
144188.4462522336 124634.6106482258
143546.6831044953 127201.1837269355
137931.2555617851 130248.9892579032
143707.1238914299 122228.4483869355
138412.5779225888 124955.4322830645
139696.1042180654 122388.8592043548
135685.0845447009 122709.6808391935
142263.1568090187 124955.4322830645
140819.1897266075 130890.6325275806
146113.7356954486 127201.1837269355
142904.9199567570 128805.2919011291
147236.8212039907 122549.2700217742
133759.7951014860 123190.9132914516
145792.8541215794 124795.0214656452
136005.9661185701 122228.4483869355

112196.5618553082 136582.0047947442
123849.9281863082 118668.1946180000
120816.8602371438 140260.7336703256
118422.3329088562 117068.7472807907
114591.0891835959 123466.5366296279
113952.5485627192 131943.6075168372
110600.2103031165 113549.9631389302
112196.5618553082 137381.7284633488
124648.1039624041 124106.3155645116
122572.8469445548 126665.4313040465
113154.3727866233 114989.4657424186
113314.0079418425 116748.8578133488
111877.2915448699 125385.8734342791
112675.4673209658 118508.2498842791
128000.4422220069 117868.4709493953
112675.4673209658 116269.0236121860
119060.8735297329 115149.4104761395
121455.4008580206 117068.7472807907
114750.7243388151 123946.3708307907
112835.1024761849 139780.8994691628
120337.9547714863 119307.9735528837
117943.4274431986 122346.9234935814
116347.0758910069 132903.2759191628
119539.7789953904 121707.1445586977
112835.1024761849 139141.1205342790
119699.4141506096 142180.0704749767
120337.9547714863 125545.8181680000
110440.5751478973 138021.5073982326
111238.7509239932 122506.8682273023
120497.5899267055 142180.0704749767
128000.4422220069 116269.0236121860
114112.1837179384 116908.8025470698
112356.1970105274 128744.7128424186
116666.3462014452 130344.1601796279
115389.2649596918 141380.3468063721
110919.4806135548 114669.5762749767
117304.8868223219 131143.8838482326
118741.6032192945 126025.6523691628
123051.7524102123 141700.2362738139
113473.6430970616 138341.3968656744
113792.9134075000 116269.0236121860
116825.9813566644 131303.8285819535
122093.9414788973 126505.4865703256
120816.8602371438 116428.9683459070
121455.4008580206 115309.3552098605
116347.0758910069 123626.4813633488
115708.5352701301 137541.6731970698
112196.5618553082 125385.8734342791
116347.0758910069 125705.7629017209
115868.1704253493 120587.5314226511
125446.2797385000 141700.2362738139
110759.8454583356 126825.3760377674
113952.5485627192 120107.6972214883
112835.1024761849 127305.2102389302
115548.9001149110 122027.0340261395
109003.8587509247 140900.5126052093
108844.2235957055 134982.5574575349
111398.3860792123 138501.3415993954
110759.8454583356 116748.8578133488
116027.8055805685 125225.9287005581
127521.5367563493 116109.0788784651
109323.1290613630 139780.8994691628
113314.0079418425 124906.0392331163
119060.8735297329 119148.0288191628
125127.0094280616 123306.5918959070
110759.8454583356 122027.0340261395
126244.4555145959 121547.1998249767
116666.3462014452 112750.2394703256
122093.9414788973 128104.9339075349
109961.6696822397 139301.0652680000
122892.1172549932 121067.3656238139
115069.9946492534 115789.1894110233
116347.0758910069 119627.8630203256
113314.0079418425 141860.1810075348
124967.3742728425 124266.2602982325
116027.8055805685 129704.3812447442
111717.6563896507 136422.0600610232
118741.6032192945 126665.4313040465
111717.6563896507 138661.2863331162
117624.1571327603 127625.0997063721
125925.1852041575 119627.8630203256
114591.0891835959 120267.6419552093
124967.3742728425 115789.1894110233
117624.1571327603 122826.7576947442
110121.3048374589 136741.9495284651
111717.6563896507 115149.4104761395
125605.9148937192 117868.4709493953
124488.4688071849 116588.9130796279
116506.7110462260 129864.3259784651
119539.7789953904 123626.4813633488
115548.9001149110 121227.3103575349
120018.6844610480 123466.5366296279
119859.0493058288 141860.1810075348
112835.1024761849 139940.8442028837
120337.9547714863 124266.2602982325
116666.3462014452 116588.9130796279
119380.1438401713 113709.9078726512
138091.6963487196 124474.1998308065
134882.8806100280 126078.3080050000
146915.9396301215 123190.9132914516
136487.2884793738 128644.8810837097
145632.4133346449 127201.1837269355
144669.7686130374 127201.1837269355
145311.5317607757 124795.0214656452
140979.6305135421 130569.8108927419
141621.3936612804 129126.1135359678
142102.7160220841 123832.5565611290
137931.2555617851 129767.7568056452
138733.4594964579 127040.7729095161
141621.3936612804 125597.0755527419
146915.9396301215 120784.7510301613
142584.0383828878 131211.4541624194
140979.6305135421 132655.1515191935
143707.1238914299 124955.4322830645
135524.6437577663 124955.4322830645
146595.0580562523 128644.8810837097
141942.2752351495 130730.2217101613
133118.0319537477 123832.5565611290
141942.2752351495 126880.3620920968
134401.5582492243 123030.5024740323
142263.1568090187 129607.3459882258
134241.1174622898 122870.0916566129
142263.1568090187 126559.5404572581
143867.5646783645 120784.7510301613
139856.5450050000 131532.2757972581
139535.6634311308 130730.2217101613
136968.6108401776 124634.6106482258
132155.3872321402 123992.9673785484
133920.2358884206 124634.6106482258
139375.2226441963 127842.8269966129
137129.0516271121 125436.6647353226
140016.9857919346 132334.3298843548
144028.0054652991 136344.6003198387
136487.2884793738 123030.5024740323
146915.9396301215 122388.8592043548
140658.7489396729 128484.4702662903
145311.5317607757 127361.5945443548
137610.3739879159 127201.1837269355
145311.5317607757 129446.9351708065
136968.6108401776 123030.5024740323
145471.9725477103 123832.5565611290

124488.4688071849 142180.0704749767
123051.7524102123 142020.1257412558
127202.2664459110 142020.1257412558
118741.6032192945 141380.3468063721
110759.8454583356 141220.4020726512
120816.8602371438 141060.4573389302
108524.9532852671 138661.2863331162
113792.9134075000 137221.7837296279
109323.1290613630 134982.5574575349
116506.7110462260 134662.6679900930
119220.5086849521 132583.3864517209
115389.2649596918 130504.1049133488
120497.5899267055 129864.3259784651
121615.0360132397 128264.8786412558
117304.8868223219 124266.2602982325
115548.9001149110 124106.3155645116
120178.3196162671 121867.0892924186
123690.2930310891 121867.0892924186
118741.6032192945 121067.3656238139
120976.4953923630 120907.4208900930
112036.9267000891 119787.8077540465
122572.8469445548 119467.9182866047
120018.6844610480 118988.0840854418
121455.4008580206 118988.0840854418
112356.1970105274 117868.4709493953
124967.3742728425 117548.5814819535
128479.3476876644 117228.6920145116
129117.8883085411 116109.0788784651
115389.2649596918 115949.1341447442
114910.3594940342 115469.2999435814
119539.7789953904 114029.7973400930
115389.2649596918 113549.9631389302
112036.9267000891 113390.0184052093
116985.6165118836 113390.0184052093
110919.4806135548 111950.5158017209
114591.0891835959 111950.5158017209
111079.1157687740 111630.6263342791
112675.4673209658 111630.6263342791
111238.7509239932 111150.7921331163
112196.5618553082 110031.1789970698
120178.3196162671 128424.8233749767
115229.6298044726 123946.3708307907
115708.5352701301 141380.3468063721
112515.8321657466 121227.3103575349
119380.1438401713 123626.4813633488
114431.4540283767 128904.6575761395
110121.3048374589 126665.4313040465
122892.1172549932 116748.8578133488
117145.2516671027 114669.5762749767
110280.9399926781 125385.8734342791
117624.1571327603 118508.2498842791
114750.7243388151 116588.9130796279
127681.1719115685 119627.8630203256
120816.8602371438 114989.4657424186
118422.3329088562 116588.9130796279
112994.7376314041 135142.5021912558
116985.6165118836 118668.1946180000
121455.4008580206 124906.0392331163
116825.9813566644 117868.4709493953
127840.8070667877 119787.8077540465
116027.8055805685 140260.7336703256
116347.0758910069 142020.1257412558
115389.2649596918 120107.6972214883
115868.1704253493 123786.4260970698
117464.5219775411 131303.8285819535
112515.8321657466 116748.8578133488
121774.6711684589 122986.7024284651
111558.0212344315 121547.1998249767
113154.3727866233 118188.3604168372
124967.3742728425 141060.4573389302
109961.6696822397 136901.8942621860
108365.3181300479 141540.2915400930
111717.6563896507 132423.4417180000
111079.1157687740 139301.0652680000
120337.9547714863 119627.8630203256
114112.1837179384 135462.3916586977
124009.5633415274 125385.8734342791
112515.8321657466 119947.7524877674
119859.0493058288 142020.1257412558
109802.0345270206 123786.4260970698
120337.9547714863 130344.1601796279
117624.1571327603 134342.7785226511
130235.3343950754 142499.9599424186
114750.7243388151 133543.0548540465
119060.8735297329 129704.3812447442
119859.0493058288 129544.4365110232
116187.4407357877 128584.7681086977
110919.4806135548 135622.3363924186
129916.0640846370 116748.8578133488
119380.1438401713 117068.7472807907
113473.6430970616 119627.8630203256
127042.6312906918 121067.3656238139
112994.7376314041 112110.4605354419
120018.6844610480 127145.2655052093
114112.1837179384 128744.7128424186
113473.6430970616 118348.3051505581
111877.2915448699 111630.6263342791
141300.5120874112 130730.2217101613
137770.8147748505 127682.4161791935
137289.4924140467 127361.5945443548
138252.1371356542 127201.1837269355
141781.8344482150 127201.1837269355
145953.2949085140 126399.1296398387
134080.6766753552 125917.8971875806
137449.9332009813 125917.8971875806
146274.1764823832 125436.6647353226
135845.5253316355 122870.0916566129
145471.9725477103 122870.0916566129
144509.3278261028 120945.1618475806
145632.4133346449 120945.1618475806
146595.0580562523 120945.1618475806
145632.4133346449 120624.3402127419
140658.7489396729 128324.0594488710
142423.5975959533 123030.5024740323
140498.3081527383 124634.6106482258
136326.8476924393 123030.5024740323
141300.5120874112 129767.7568056452
133278.4727406822 123672.1457437097
144990.6501869066 126559.5404572581
146113.7356954486 121747.2159346774
134561.9990361589 126559.5404572581
142263.1568090187 134419.6705108065
143707.1238914299 120945.1618475806
139535.6634311308 131692.6866146774
141621.3936612804 127522.0053617742
140819.1897266075 132815.5623366129
138893.9002833925 122709.6808391935
146113.7356954486 127040.7729095161
146274.1764823832 129446.9351708065
147878.5843517290 125276.2539179032
143867.5646783645 129928.1676230645
147236.8212039907 119501.4644908065
139214.7818572617 127201.1837269355
141300.5120874112 133457.2056062903
138893.9002833925 126238.7188224194
147878.5843517290 124795.0214656452
138893.9002833925 123511.7349262903
145953.2949085140 129446.9351708065
142584.0383828878 125436.6647353226
137610.3739879159 125436.6647353226
145151.0909738411 128805.2919011291

117943.4274431986 116428.9683459070
116666.3462014452 140260.7336703256
116027.8055805685 129704.3812447442
128160.0773772260 118348.3051505581
114750.7243388151 117708.5262156744
110600.2103031165 115469.2999435814
116347.0758910069 140580.6231377674
111558.0212344315 117708.5262156744
109961.6696822397 139141.1205342790
109482.7642165822 125225.9287005581
111079.1157687740 115149.4104761395
112994.7376314041 132743.3311854418
112356.1970105274 139141.1205342790
118103.0625984178 122666.8129610232
117624.1571327603 130184.2154459070
113154.3727866233 117388.6367482326
122732.4820997740 115949.1341447442
113952.5485627192 123626.4813633488
108684.5884404863 133862.9443214884
115548.9001149110 129704.3812447442
119380.1438401713 123946.3708307907
112515.8321657466 124586.1497656744
114112.1837179384 134822.6127238139
118103.0625984178 122027.0340261395
116666.3462014452 128104.9339075349
110600.2103031165 137061.8389959070
114591.0891835959 118668.1946180000
112196.5618553082 111630.6263342791
127042.6312906918 120907.4208900930
124009.5633415274 142180.0704749767
121295.7657028014 118188.3604168372
109163.4939061438 137541.6731970698
112675.4673209658 110031.1789970698
109482.7642165822 138981.1758005581
118741.6032192945 140100.7889366046
119380.1438401713 120267.6419552093
118422.3329088562 120907.4208900930
111717.6563896507 114029.7973400930
124807.7391176233 121707.1445586977
119699.4141506096 119148.0288191628
110919.4806135548 132583.3864517209
113314.0079418425 135462.3916586977
121774.6711684589 128104.9339075349
120657.2250819247 119787.8077540465
127202.2664459110 141860.1810075348
113633.2782522808 116588.9130796279
114910.3594940342 126665.4313040465
124807.7391176233 115149.4104761395
118262.6977536370 118348.3051505581
116027.8055805685 120427.5866889302
113952.5485627192 123146.6471621860
120976.4953923630 140260.7336703256
110600.2103031165 122826.7576947442
112675.4673209658 115309.3552098605
127521.5367563493 116109.0788784651
112036.9267000891 134182.8337889302
114112.1837179384 116109.0788784651
123690.2930310891 118188.3604168372
114271.8188731575 134342.7785226511
112835.1024761849 117388.6367482326
118581.9680640754 126025.6523691628
114112.1837179384 117708.5262156744
123530.6578758699 125065.9839668372
118741.6032192945 124586.1497656744
123371.0227206507 119787.8077540465
113792.9134075000 125545.8181680000
111717.6563896507 136422.0600610232
120976.4953923630 125865.7076354419
121774.6711684589 115309.3552098605
121934.3063236781 116588.9130796279
109482.7642165822 127944.9891738139
110440.5751478973 130504.1049133488
118262.6977536370 124106.3155645116
110600.2103031165 138181.4521319535
110121.3048374589 124746.0944993953
124328.8336519658 124906.0392331163
109482.7642165822 140580.6231377674
112994.7376314041 138501.3415993954
113633.2782522808 115949.1341447442
121295.7657028014 125705.7629017209
128798.6179981028 116269.0236121860
127681.1719115685 142020.1257412558
122093.9414788973 126185.5971028837
118103.0625984178 119307.9735528837
110121.3048374589 135942.2258598604
122572.8469445548 114509.6315412558
113952.5485627192 140260.7336703256
115868.1704253493 118668.1946180000
125925.1852041575 121227.3103575349
123051.7524102123 126825.3760377674
126882.9961354726 121067.3656238139
117624.1571327603 116908.8025470698
116985.6165118836 130344.1601796279
116027.8055805685 129544.4365110232
111079.1157687740 138341.3968656744
117304.8868223219 129064.6023098604
111558.0212344315 131623.7180493953
141781.8344482150 120784.7510301613
140177.4265788692 124795.0214656452
140658.7489396729 124955.4322830645
135524.6437577663 125276.2539179032
139535.6634311308 130569.8108927419
145953.2949085140 127522.0053617742
142263.1568090187 129126.1135359678
139214.7818572617 122549.2700217742
145632.4133346449 126559.5404572581
140498.3081527383 124474.1998308065
145953.2949085140 127361.5945443548
137770.8147748505 123351.3241088710
148199.4659255981 119661.8753082258
141460.9528743458 133296.7947888710
143707.1238914299 127682.4161791935
142584.0383828878 126399.1296398387
142584.0383828878 121426.3942998387
142584.0383828878 128324.0594488710
134241.1174622898 125917.8971875806
139054.3410703271 131051.0433450000
147557.7027778598 123351.3241088710
142102.7160220841 122388.8592043548
142744.4791698224 120303.5185779032
138412.5779225888 124474.1998308065
147076.3804170561 123190.9132914516
143546.6831044953 121747.2159346774
140337.8673658037 121907.6267520968
143386.2423175607 125917.8971875806
140658.7489396729 121426.3942998387
141942.2752351495 125917.8971875806
145151.0909738411 121426.3942998387
145151.0909738411 124313.7890133871
140819.1897266075 125115.8431004839
142584.0383828878 135061.3137804839
146113.7356954486 126078.3080050000
142744.4791698224 127522.0053617742
138893.9002833925 122709.6808391935
144028.0054652991 128484.4702662903
134080.6766753552 126238.7188224194
137289.4924140467 124634.6106482258
136808.1700532430 125436.6647353226
137770.8147748505 128484.4702662903
138733.4594964579 123832.5565611290
139375.2226441963 122549.2700217742

125925.1852041575 142020.1257412558
120018.6844610480 141540.2915400930
108684.5884404863 140740.5678714884
109003.8587509247 140580.6231377674
115389.2649596918 139461.0100017209
117783.7922879795 139301.0652680000
115708.5352701301 135942.2258598604
115868.1704253493 135622.3363924186
112675.4673209658 134982.5574575349
114750.7243388151 133702.9995877674
119699.4141506096 132103.5522505581
109323.1290613630 131783.6627831163
117624.1571327603 129864.3259784651
116666.3462014452 127305.2102389302
122253.5766341165 125545.8181680000
110121.3048374589 124106.3155645116
120976.4953923630 122986.7024284651
121774.6711684589 122986.7024284651
110600.2103031165 121547.1998249767
126404.0906698151 120907.4208900930
113633.2782522808 120107.6972214883
117464.5219775411 119947.7524877674
122253.5766341165 119627.8630203256
128000.4422220069 118988.0840854418
126404.0906698151 118668.1946180000
117464.5219775411 117548.5814819535
116506.7110462260 117228.6920145116
122572.8469445548 117228.6920145116
125286.6445832808 116908.8025470698
119539.7789953904 116269.0236121860
110600.2103031165 116109.0788784651
124488.4688071849 116109.0788784651
113792.9134075000 115789.1894110233
117464.5219775411 115469.2999435814
116825.9813566644 114669.5762749767
112036.9267000891 113390.0184052093
111398.3860792123 111630.6263342791
111717.6563896507 114669.5762749767
115069.9946492534 127465.1549726512
119699.4141506096 128744.7128424186
116187.4407357877 139940.8442028837
110121.3048374589 119787.8077540465
109323.1290613630 136102.1705935814
120497.5899267055 125065.9839668372
122093.9414788973 141700.2362738139
126723.3609802534 117388.6367482326
120976.4953923630 127625.0997063721
123849.9281863082 115789.1894110233
112036.9267000891 113230.0736714884
109642.3993718014 129064.6023098604
111238.7509239932 130184.2154459070
113633.2782522808 140100.7889366046
112835.1024761849 128424.8233749767
119060.8735297329 131143.8838482326
122892.1172549932 127145.2655052093
120497.5899267055 118028.4156831163
120816.8602371438 140740.5678714884
111877.2915448699 124266.2602982325
114271.8188731575 120747.4761563721
111079.1157687740 116428.9683459070
112356.1970105274 134182.8337889302
126084.8203593767 121067.3656238139
117943.4274431986 128424.8233749767
118741.6032192945 126505.4865703256
115069.9946492534 123946.3708307907
111877.2915448699 118348.3051505581
122732.4820997740 124906.0392331163
112515.8321657466 123626.4813633488
110440.5751478973 128264.8786412558
112675.4673209658 124746.0944993953
129596.7937741987 116588.9130796279
110121.3048374589 138021.5073982326
116187.4407357877 130184.2154459070
117624.1571327603 122666.8129610232
108844.2235957055 140420.6784040465
118103.0625984178 133862.9443214884
109802.0345270206 123946.3708307907
116187.4407357877 124106.3155645116
112036.9267000891 134022.8890552093
110919.4806135548 122666.8129610232
118422.3329088562 133223.1653866046
117943.4274431986 125065.9839668372
118741.6032192945 122506.8682273023
117464.5219775411 116908.8025470698
121615.0360132397 122027.0340261395
112515.8321657466 121227.3103575349
111398.3860792123 137861.5626645116
121774.6711684589 128424.8233749767
111238.7509239932 127465.1549726512
124169.1984967466 142020.1257412558
109003.8587509247 140900.5126052093
118581.9680640754 126985.3207714884
123211.3875654315 115309.3552098605
129916.0640846370 116109.0788784651
114431.4540283767 123786.4260970698
115229.6298044726 137861.5626645116
124169.1984967466 118668.1946180000
142263.1568090187 134419.6705108065
142584.0383828878 130890.6325275806
143546.6831044953 130569.8108927419
145953.2949085140 130248.9892579032
141942.2752351495 129286.5243533871
142263.1568090187 127842.8269966129
134080.6766753552 126238.7188224194
134080.6766753552 125115.8431004839
140498.3081527383 124955.4322830645
147076.3804170561 124313.7890133871
144509.3278261028 124153.3781959677
138893.9002833925 123511.7349262903
135364.2029708318 122870.0916566129
138733.4594964579 122709.6808391935
136647.7292663084 122388.8592043548
146595.0580562523 121747.2159346774
147397.2619909252 126238.7188224194
140979.6305135421 131051.0433450000
136326.8476924393 128644.8810837097
145471.9725477103 122388.8592043548
137129.0516271121 123351.3241088710
141460.9528743458 121265.9834824193
147397.2619909252 121426.3942998387
136808.1700532430 125436.6647353226
145311.5317607757 124955.4322830645
136808.1700532430 129126.1135359678
140177.4265788692 132173.9190669355
140658.7489396729 130730.2217101613
140016.9857919346 122549.2700217742
141460.9528743458 133296.7947888710
142904.9199567570 121907.6267520968
145151.0909738411 121907.6267520968
139856.5450050000 124313.7890133871
143225.8015306262 130409.4000753226
146113.7356954486 129607.3459882258
147076.3804170561 123511.7349262903
143386.2423175607 125115.8431004839
143707.1238914299 126078.3080050000
138733.4594964579 127522.0053617742
146595.0580562523 128163.6486314516
145151.0909738411 128484.4702662903
144509.3278261028 136986.2435895161
135685.0845447009 127361.5945443548
144028.0054652991 125597.0755527419

125446.2797385000 141860.1810075348
124328.8336519658 141380.3468063721
112196.5618553082 140900.5126052093
118262.6977536370 140900.5126052093
108844.2235957055 139940.8442028837
112675.4673209658 139461.0100017209
116985.6165118836 135302.4469249767
114112.1837179384 135142.5021912558
109961.6696822397 134822.6127238139
109003.8587509247 131143.8838482326
109163.4939061438 130344.1601796279
119539.7789953904 128904.6575761395
114910.3594940342 128744.7128424186
111238.7509239932 127465.1549726512
122732.4820997740 127145.2655052093
115229.6298044726 125865.7076354419
111238.7509239932 125385.8734342791
116027.8055805685 125065.9839668372
113473.6430970616 124746.0944993953
118901.2383745137 124106.3155645116
121455.4008580206 123626.4813633488
122572.8469445548 123466.5366296279
124807.7391176233 123466.5366296279
115708.5352701301 123306.5918959070
110280.9399926781 123146.6471621860
114591.0891835959 122666.8129610232
117943.4274431986 122506.8682273023
124488.4688071849 122186.9787598605
111558.0212344315 122027.0340261395
121136.1305475822 121707.1445586977
116027.8055805685 119627.8630203256
125605.9148937192 118508.2498842791
113952.5485627192 118188.3604168372
121295.7657028014 118028.4156831163
119699.4141506096 117548.5814819535
113792.9134075000 117068.7472807907
119859.0493058288 116908.8025470698
129437.1586189795 116908.8025470698
119220.5086849521 116269.0236121860
110440.5751478973 115949.1341447442
112835.1024761849 115789.1894110233
113792.9134075000 115789.1894110233
124648.1039624041 123786.4260970698
118901.2383745137 118988.0840854418
114750.7243388151 122186.9787598605
114271.8188731575 139141.1205342790
117464.5219775411 141060.4573389302
114910.3594940342 139141.1205342790
124328.8336519658 121227.3103575349
114431.4540283767 127465.1549726512
111717.6563896507 122666.8129610232
123849.9281863082 123146.6471621860
109961.6696822397 128584.7681086977
113314.0079418425 114669.5762749767
118422.3329088562 141700.2362738139
115389.2649596918 136901.8942621860
119380.1438401713 126825.3760377674
121774.6711684589 120587.5314226511
122572.8469445548 118988.0840854418
118422.3329088562 113549.9631389302
114112.1837179384 136102.1705935814
110759.8454583356 132583.3864517209
116187.4407357877 125385.8734342791
109482.7642165822 135622.3363924186
128319.7125324452 119148.0288191628
113154.3727866233 133862.9443214884
122093.9414788973 128424.8233749767
120337.9547714863 128904.6575761395
110280.9399926781 123946.3708307907
111238.7509239932 113869.8526063721
114910.3594940342 116748.8578133488
113473.6430970616 137061.8389959070
127202.2664459110 115469.2999435814
122572.8469445548 126345.5418366047
113473.6430970616 123946.3708307907
121774.6711684589 116748.8578133488
120018.6844610480 117868.4709493953
115389.2649596918 120747.4761563721
113473.6430970616 122666.8129610232
112036.9267000891 128904.6575761395
126084.8203593767 121867.0892924186
112994.7376314041 114189.7420738140
113633.2782522808 112270.4052691628
117943.4274431986 115469.2999435814
128958.2531533219 116588.9130796279
120657.2250819247 114189.7420738140
113633.2782522808 132903.2759191628
120178.3196162671 115789.1894110233
111877.2915448699 123146.6471621860
115069.9946492534 114989.4657424186
109802.0345270206 141220.4020726512
113314.0079418425 110511.0131982326
109642.3993718014 136741.9495284651
121934.3063236781 116428.9683459070
112356.1970105274 136262.1153273023
113473.6430970616 132103.5522505581
109003.8587509247 140420.6784040465
143386.2423175607 130730.2217101613
145151.0909738411 129446.9351708065
139856.5450050000 128965.7027185484
140819.1897266075 127361.5945443548
143386.2423175607 126238.7188224194
136647.7292663084 124955.4322830645
132957.5911668131 124634.6106482258
144509.3278261028 123190.9132914516
145311.5317607757 123190.9132914516
135364.2029708318 123030.5024740323
136487.2884793738 123030.5024740323
136968.6108401776 122549.2700217742
141460.9528743458 130409.4000753226
142584.0383828878 128805.2919011291
142904.9199567570 126078.3080050000
141140.0713004767 120784.7510301613
145953.2949085140 121426.3942998387
143386.2423175607 127040.7729095161
139696.1042180654 121265.9834824193
140016.9857919346 129126.1135359678
148039.0251386635 121907.6267520968
145953.2949085140 126559.5404572581
147718.1435647944 122388.8592043548
143546.6831044953 123030.5024740323
145311.5317607757 130409.4000753226
135524.6437577663 124634.6106482258
142744.4791698224 121105.5726650000
138893.9002833925 130730.2217101613
134241.1174622898 123511.7349262903
146274.1764823832 129126.1135359678
144990.6501869066 122228.4483869355
140658.7489396729 121586.8051172580
136166.4069055047 124955.4322830645
140979.6305135421 128805.2919011291
137129.0516271121 127361.5945443548
146915.9396301215 126559.5404572581
145953.2949085140 129446.9351708065
147878.5843517290 123832.5565611290
145471.9725477103 120463.9293953226
141781.8344482150 122388.8592043548
142102.7160220841 124955.4322830645
138252.1371356542 127201.1837269355
133118.0319537477 124313.7890133871
144348.8870391682 126399.1296398387

