302730044.1869176030 338.6227115691
296714795.1764393449 309.5494202077
299247497.1749451160 330.4973091781
298018712.1771076918 329.6715991497
311211120.9857688546 348.9905855060
307805377.3784231544 345.5288277864
309688514.7878060341 346.4495962262
300428599.4814721942 336.3641323298
299855168.8619495034 331.3726340532
296835101.8828375340 315.9463161230
314018983.6489293575 350.0175583661
301078694.8675923944 337.2670459747
300525592.8367750049 337.0932933390
296479134.3640965819 263.3628644496
305292982.3492789268 342.3193851113
306269265.6811294556 343.4579759240
303951404.0230568051 340.8812868595
