330810242.3652811646 2833273.5908203125
328164380.7570703626 2774963.5615234375
334344165.1549751163 2869570.0810546875
335202671.8647198081 2884810.3378906250
329788726.5381864905 2806560.8476562500
329565961.5293973684 2780010.4365234375
338535178.0444718599 2893094.5224609375
333421932.3281500340 2860782.1591796875
342278965.9274622202 2928143.7441406250
341950319.9566127658 2912862.9580078125
333784938.1715471148 2861286.5683593750
341854433.5594607592 2894930.6738281250
330147357.0941637158 2821518.1601562500
341929621.0690241456 2898951.4316406250
331595578.0248817801 2852334.3876953125
334908918.2970213890 2871918.0839843750
331400389.1804890633 2850828.0507812500
334078221.7531352639 2862242.1972656250
334174046.2219823599 2868682.5371093750
