108413941.7110769451 7892.0777778625
102385852.1320037842 6958.6477017403
102048436.7977894694 6842.8090076447
103619552.3772496879 7460.8861255646
105973834.7089765817 7702.7383575439
107427902.8529906422 7808.1939392090
104080775.1093729436 7530.1494483948
103352112.1900823265 7372.6817674637
105077110.1863520890 7693.1986274719
104957834.4126636088 7664.5844936371
104190616.1144679487 7530.5215864182
106940021.6648655087 7735.6908340454
106879480.8489663601 7713.3102951050
102445068.3228706717 7355.0967979431
104392654.3756278455 7608.7360553741
103856365.3685424179 7501.0632715225
103273753.6969496012 7372.2904815674
104371001.0829705596 7580.8479881287
