834317735.5759429932 105152.0259380341
827519359.9803509712 99924.3849401474
849800758.5281738043 108247.2782297134
837442198.0570131540 105619.0024585724
826922411.6324560642 98039.6208858490
829570660.9144474268 105078.5483894348
845723554.6892403364 107150.0777778625
828511467.7524279356 103860.3043804169
855729823.4811519384 109096.5722217560
835909676.7320042849 105477.1341247559
827538896.6422561407 101496.2616586685
835601859.9583873749 105228.0934886932
845258930.1492315531 106886.1342525482
826737020.3740888834 82351.6632676125
840264441.0834014416 106307.5653419495
827733884.8478034735 102130.3548736572
839146574.0319986343 106250.5864162445
844504019.3495718241 106649.5155944824
848231608.8084287643 108094.9514827728
837260254.7064681053 105610.8148803711
852822178.6754162312 108685.7292480469
846989433.6710515022 107713.7549705505
827317633.4817243814 99886.6261348724
843735244.7046113014 106431.2113533020
837842497.6846327782 105740.8686065674
826858848.5866060257 82354.0261993408
