483722446.4839081168 3972.3549913168
489460976.7054185867 4288.2202641964
489225027.5694506764 4269.6438819170
485857822.2136351466 4137.9184893370
499122969.1854696274 4442.4468330145
487452767.5869976282 4245.0632366538
489507552.9569395185 4305.7700482607
498265216.8456159830 4437.6031847000
500896444.6604786515 4461.9970391989
488547726.5718255639 4261.3791763783
490490311.8364511132 4341.5113806725
489400403.0831117034 4270.0178699493
495377711.5200992227 4428.1052283049
492273194.0595449805 4415.1495130062
486940923.6325498223 4191.1878170967
485434440.1340538263 4025.1086617112
