403072765.8124429584 7119048.5449218750
403426113.5032654405 7138216.8046875000
415382105.0065814853 7150534.0117187500
397770698.4046393037 7065093.9804687500
412689467.9022226930 7149481.4765625000
397290554.6606981158 7017614.1171875000
398267854.1656306386 7065639.9394531250
401683842.8407083154 7111633.4179687500
397522295.3626657724 7052222.8632812500
403181547.8343960643 7126968.6445312500
398970377.4126330614 7076317.7714843750
399617571.0346735716 7101696.5136718750
410618922.3126099706 7147414.8300781250
400062714.7817916870 7106236.0117187500
398681347.4152941704 7070295.0253906250
408031927.7509610653 7147117.6972656250
407894060.6835330725 7138861.2519531250
397002932.5553818345 6940701.6718750000
402445766.0225569010 7118612.0664062500
