475801158.2669144273 20294514.0273437500
477469226.4133755565 20296817.4609375000
480280135.1777122617 20312214.1914062500
474539398.5973782539 20288038.0820312500
468873389.2096822858 20228303.3789062500
471593216.3047711253 20273510.1523437500
482867860.9816328287 20321136.9296875000
484169816.7664127946 20324346.2460937500
484778479.8727988005 20328375.3281250000
476950790.0129391551 20295617.0625000000
481208235.1932514906 20315653.8398437500
470768383.3011939526 20232206.1210937500
472180377.5899552703 20284107.0312500000
484017017.7900285721 20321784.9882812500
485788674.0581759214 20345412.9335937500
484595736.5851414800 20325851.9179687500
478714440.6650682092 20304398.6367187500
481724215.1138309836 20318846.8437500000
480054202.2293736339 20309324.2070312500
