855305721.1273498535 6501.4510822296
841083191.8053698540 6372.0110635757
837658445.4316990376 6316.3656418324
825760704.7487143278 4848.8993719518
849904893.1187114716 6493.3296852112
835578737.1562759876 6297.3763670921
833209516.1396163702 6295.0702292919
849761298.3670164347 6407.4385268688
838284468.8401031494 6359.5813680887
849013909.9910542965 6396.8241215944
827416490.5442810059 6205.1495544612
826419294.4822685719 6005.3306124210
827130292.7188113928 6173.1839356422
836468276.6680995226 6307.8225068450
837473172.3335841894 6314.2467498779
844145870.7072730064 6389.1023859978
832033570.5521882772 6287.9772721529
830196309.0047223568 6205.2376571894
847144577.4822593927 6392.5122990608
