792182707.9643754959 3239866.3510742188
796899263.2247664928 3247636.6289062500
797388651.2902585268 3252839.3444824219
779274375.9803199768 3200250.6794433594
773861242.6109883785 3122773.7421875000
770056475.9480599165 3041170.7431640625
773974299.1196703911 3146127.0039062500
775794497.1286096573 3153295.6583251953
771373772.4205685854 3094344.7071533203
791278120.0308800936 3232497.8981933594
777144453.6232283115 3171912.1867675781
768299320.8402674198 2965399.4780273438
796323409.1074782610 3246795.3513183594
791925478.3268556595 3237453.5649414062
793639707.0823506117 3243796.6555175781
791877646.7114809752 3233866.0881347656
790212928.4651861191 3218059.3815917969
776795027.8505802155 3159303.0556640625
772152001.9520788193 3097651.4306640625
771300250.6648648977 3054151.5788574219
773398911.2346169949 3112186.6035156250
783914286.7409850359 3205994.1591796875
788765770.2658601999 3216332.6926269531
786477125.8641779423 3208205.8050537109
