583937250.2887216806 179341.1779785156
560753891.4564468861 166090.3533668518
566517554.1948633194 172785.4496994019
566551926.2278250456 175059.4251556396
563501963.1243884563 169183.8541564941
565047243.7462877035 171807.0282440186
563332990.6509324312 169004.4280548096
561663008.4838330746 167318.1819381714
569575214.4969432354 175455.6938934326
581679418.4014055729 178184.9928970337
565748093.0017513037 172764.8392181396
573180898.5002754927 176410.0087585449
579141145.0823575258 177830.7441787720
560307901.9341939688 162710.7392539978
579019277.9297803640 177512.8164672852
572597267.0169221163 176223.9736633301
578373342.6228847504 176960.3999176025
571895047.4884688854 175943.1155776978
564257780.2933233976 170553.6796035767
560479166.3168224096 163364.1796455383
563756770.0167199373 169696.4535064697
