238080982.1190922856 3161620.9775390625
243846261.0088450015 3311213.0722656250
239216026.5594537854 3260033.3398437500
241620069.0172443092 3293055.0214843750
241112975.9172986150 3289958.2871093750
241986029.4813362956 3306047.4882812500
240802565.8803450167 3287495.6542968750
238941991.0477168262 3240413.6601562500
238045713.9397476017 3146644.1191406250
246332587.8084648550 3324134.8730468750
240044739.0719552040 3281731.1328125000
243284015.6301428676 3306411.6132812500
241447147.6406637430 3290901.9335937500
246969618.0615933836 3324329.5390625000
246184923.2032721639 3320265.2656250000
244082121.0501923263 3314420.3593750000
244133020.7099063993 3318376.2324218750
238372814.4375378191 3239233.7919921875
238351358.0116823912 3207129.8925781250
247268542.0338991284 3324371.6269531250
248332461.5591760278 3326618.1152343750
241746490.1478289366 3297638.1054687500
237795132.9934750199 3137690.0615234375
239344290.6685101390 3278128.1171875000
