233285546.7410260141 38618.8869819641
221891028.0338214040 36823.5937423706
230327553.0479778051 37929.6329498291
218708830.3197694719 35900.3835983276
215162788.9198056459 32990.3623161316
233848822.6062527895 38638.7634315491
218122021.9581050277 34962.9103507996
221190669.0736545622 36544.0074348450
217192541.4949719012 33247.8301658630
232018410.7707535326 38318.9875545502
230093527.7839780748 37514.5908508301
235226021.5448276401 38717.2596397400
219229055.9597910345 36109.7948799133
226511598.1342173517 37148.6562309265
226744213.9396939874 37493.7035121918
218456432.8802946508 35216.6256656647
224922190.0238474905 37126.9633407593
217407098.2202322483 34593.9575805664
