1050755583.9034506083 51.0590219731
1042720471.9541289806 49.2726808465
1063209919.3032776117 52.3480071104
1059783029.3215534687 51.8196846137
1041929964.8319256306 48.8712042433
1055748809.2753856182 51.5425691981
1038731036.2209967375 35.9178612993
1046224579.2631807327 49.8881581621
1039187718.1998850107 46.6289499139
1061033971.5824384689 52.2897684367
1060707094.1545317173 52.0095666482
1045891898.5803951025 49.3076439965
1041833553.3104765415 48.7549439471
1048549258.2993335724 50.2043612900
1040613173.9671421051 47.7664894630
1041401699.3029551506 48.1919505196
1058482031.7296438217 51.7243285332
1064447953.2467525005 52.8326095082
1055215260.0525963306 51.1116524137
1041281506.5741099119 48.0341843887
1040578869.2887958288 47.1880342889
1049122303.6514043808 50.2761596323
1049774235.4454529285 50.6717143320
