509545230.9553278685 290486.3073501587
509684847.4730495811 319223.3073883057
514766246.9419212937 336124.6824645996
509166796.2511792183 280230.7917060852
509799211.1640933752 323264.4286346436
511962097.9825702310 335262.4084014893
526450234.6979750991 351835.4717254639
519361615.9896412492 342156.9338989258
509891284.9259258509 327306.9948272705
523981388.5284191966 347958.3815307617
522245066.4373759031 345896.8036804199
518512834.7299978137 341979.3824768066
529392450.1495643854 351987.3592529297
525630366.7177736163 349868.3183288574
515908457.1761868596 337019.8860168457
520770721.5208927989 345821.1148757935
522317816.5108891726 346846.6042633057
510456028.9337320924 330340.8550949097
515173688.1593863368 336831.0944824219
517637972.2667075396 341379.1128540039
516162811.9615347385 338187.2672119141
515477923.8393681645 336946.7496490479
520033621.0233154297 343023.5177764893
