123968.3061620960 123021.7484972379
127152.4083138131 131346.3453026895
131450.9462186313 120460.3340955605
125082.7419151970 127344.1353000686
123809.1010545101 123181.8368973427
128426.0491745000 119499.8036949315
127948.4338517424 124622.6324982863
127630.0236365707 124462.5440981814
125878.7674531263 123181.8368973427
133520.6126172475 116778.3008931492
130018.1002503586 116137.9472927298
128266.8440669141 123181.8368973427
126993.2032062273 127504.2237001734
128426.0491745000 124142.3672979718
128266.8440669141 125583.1628989153
129540.4849276010 118859.4500945121
123172.2806241667 124622.6324982863
124286.7163772677 128304.6657006976
128426.0491745000 116778.3008931492
125560.3572379545 128304.6657006976
128426.0491745000 124622.6324982863
126197.1776682980 131506.4337027943
123490.6908393384 122221.3064967137
130495.7155731161 115657.6820924153
129699.6900351869 123181.8368973427
124764.3317000252 125102.8976986008
126356.3827758838 124622.6324982863
123968.3061620960 121420.8644961895
128107.6389593283 119019.5384946170
124445.9214848535 120940.5992958750
130495.7155731161 120300.2456954556
127948.4338517424 119819.9804951411
128107.6389593283 116938.3892932540
133998.2279400050 116137.9472927298
125082.7419151970 126223.5164993347
127311.6134213990 119659.8920950363
130654.9206807020 117738.8312937782
124445.9214848535 127023.9584998589
131450.9462186313 117258.5660934637
127311.6134213990 117258.5660934637
123649.8959469243 121901.1296965040
124605.1265924394 125743.2512990202
126356.3827758838 120460.3340955605
123649.8959469243 125903.3396991250
127470.8185289848 125102.8976986008
124605.1265924394 127344.1353000686
132406.1768641465 114857.2400918911
123172.2806241667 123181.8368973427
123968.3061620960 126703.7816996492
133998.2279400050 116458.1240929395
127789.2287441566 122541.4832969234
131450.9462186313 118379.1848941976

126356.3827758838 130545.9033021653
124127.5112696818 129745.4613016411
125560.3572379545 129105.1077012218
122694.6653014091 128624.8425009073
125401.1521303687 128624.8425009073
123013.0755165808 127664.3121002782
126356.3827758838 127664.3121002782
124605.1265924394 126543.6932995444
123809.1010545101 125743.2512990202
123013.0755165808 124942.8092984960
122853.8704089949 124302.4556980766
124764.3317000252 123982.2788978669
123172.2806241667 123341.9252974476
127789.2287441566 122861.6600971331
127470.8185289848 122701.5716970282
124605.1265924394 121901.1296965040
130654.9206807020 121580.9528962944
126833.9980986414 121420.8644961895
126674.7929910556 121100.6876959798
125878.7674531263 120940.5992958750
130336.5104655303 120940.5992958750
126674.7929910556 120620.4224956653
126197.1776682980 119339.7152948266
128426.0491745000 118699.3616944073
126674.7929910556 118379.1848941976
125719.5623455404 118219.0964940928
131610.1513262172 117738.8312937782
126993.2032062273 117418.6544935686
132724.5870793182 117098.4776933589
132724.5870793182 116778.3008931492
127311.6134213990 116618.2124930444
134157.4330475909 116137.9472927298
130018.1002503586 115657.6820924153
130814.1257882879 115017.3284919960
135590.2790158636 114216.8864914718
130973.3308958737 115497.5936923105
129381.2798200152 118699.3616944073
132565.3819717323 114537.0632916815
131769.3564338030 120140.1572953508
128266.8440669141 121420.8644961895
134316.6381551767 115817.7704925202
130654.9206807020 116778.3008931492
123809.1010545101 122541.4832969234
130973.3308958737 117898.9196938831
126037.9725607121 119659.8920950363
122376.2550862374 127824.4005003831
124445.9214848535 123181.8368973427
132565.3819717323 118859.4500945121
123649.8959469243 126863.8700997540
125719.5623455404 129745.4613016411
129222.0747124293 117258.5660934637
120943.4091179646 128624.8425009073

129062.8696048434 132947.2293037379
126356.3827758838 130545.9033021653
122376.2550862374 129105.1077012218
125560.3572379545 129105.1077012218
122694.6653014091 128624.8425009073
125401.1521303687 128624.8425009073
121739.4346558939 128304.6657006976
122853.8704089949 128144.5773005927
123013.0755165808 127664.3121002782
125241.9470227828 125262.9860987056
125082.7419151970 124462.5440981814
122853.8704089949 124302.4556980766
124764.3317000252 123982.2788978669
124445.9214848535 123181.8368973427
127311.6134213990 123181.8368973427
127789.2287441566 122861.6600971331
126197.1776682980 122061.2180966089
130654.9206807020 121580.9528962944
125560.3572379545 121260.7760960847
125719.5623455404 121100.6876959798
131450.9462186313 120780.5108957702
126674.7929910556 120620.4224956653
131769.3564338030 120140.1572953508
126037.9725607121 119659.8920950363
131291.7411110454 119499.8036949315
130018.1002503586 118219.0964940928
126993.2032062273 117418.6544935686
132246.9717565606 117418.6544935686
132565.3819717323 117418.6544935686
129381.2798200152 117258.5660934637
132724.5870793182 117098.4776933589
130973.3308958737 116938.3892932540
132724.5870793182 116778.3008931492
130018.1002503586 115657.6820924153
130973.3308958737 115497.5936923105
134794.2534779343 115177.4168921008
131769.3564338030 115017.3284919960
134953.4585855202 114857.2400918911
132565.3819717323 114537.0632916815
121898.6397634798 127824.4005003831
125878.7674531263 120940.5992958750
135590.2790158636 114216.8864914718
134316.6381551767 115817.7704925202
122376.2550862374 125423.0744988105
127789.2287441566 119179.6268947218
124923.5368076111 125903.3396991250
123809.1010545101 122541.4832969234
127789.2287441566 117578.7428936734
122535.4601938232 126383.6048994395
125560.3572379545 121901.1296965040
129062.8696048434 122701.5716970282
126037.9725607121 122701.5716970282

124127.5112696818 129745.4613016411
125719.5623455404 129745.4613016411
122376.2550862374 129425.2845014314
122376.2550862374 129105.1077012218
125560.3572379545 129105.1077012218
120943.4091179646 128624.8425009073
125401.1521303687 128624.8425009073
123013.0755165808 127664.3121002782
126356.3827758838 127664.3121002782
124605.1265924394 126543.6932995444
126197.1776682980 125423.0744988105
123013.0755165808 124942.8092984960
125082.7419151970 124462.5440981814
122853.8704089949 124302.4556980766
126515.5878834697 124142.3672979718
124764.3317000252 123982.2788978669
123172.2806241667 123341.9252974476
124445.9214848535 123181.8368973427
127311.6134213990 123181.8368973427
123809.1010545101 122541.4832969234
126197.1776682980 122061.2180966089
124605.1265924394 121901.1296965040
130654.9206807020 121580.9528962944
125560.3572379545 121260.7760960847
125878.7674531263 120940.5992958750
130336.5104655303 120940.5992958750
131450.9462186313 120780.5108957702
131769.3564338030 120140.1572953508
126037.9725607121 119659.8920950363
126197.1776682980 119339.7152948266
132565.3819717323 118859.4500945121
129381.2798200152 118699.3616944073
126674.7929910556 118379.1848941976
125719.5623455404 118219.0964940928
132246.9717565606 117418.6544935686
132724.5870793182 117098.4776933589
130654.9206807020 116778.3008931492
132724.5870793182 116778.3008931492
127311.6134213990 116618.2124930444
130018.1002503586 115657.6820924153
134794.2534779343 115177.4168921008
131769.3564338030 115017.3284919960
124764.3317000252 125102.8976986008
125719.5623455404 121100.6876959798
126674.7929910556 120620.4224956653
132565.3819717323 114537.0632916815
129062.8696048434 132947.2293037379
134953.4585855202 114857.2400918911
131291.7411110454 119499.8036949315
122694.6653014091 128624.8425009073
126356.3827758838 130545.9033021653
122853.8704089949 128144.5773005927

123331.4857317525 129425.2845014314
122376.2550862374 129105.1077012218
123968.3061620960 129105.1077012218
122694.6653014091 128624.8425009073
125401.1521303687 128624.8425009073
122376.2550862374 127824.4005003831
123013.0755165808 127664.3121002782
127470.8185289848 126703.7816996492
124445.9214848535 126383.6048994395
125241.9470227828 126063.4280992298
125082.7419151970 124942.8092984960
122694.6653014091 124462.5440981814
125082.7419151970 124462.5440981814
128107.6389593283 123662.1020976572
126037.9725607121 123021.7484972379
126515.5878834697 122861.6600971331
124923.5368076111 122701.5716970282
126197.1776682980 122061.2180966089
127311.6134213990 121741.0412963992
127311.6134213990 121420.8644961895
125560.3572379545 121260.7760960847
125719.5623455404 121100.6876959798
125878.7674531263 120940.5992958750
129540.4849276010 120780.5108957702
127630.0236365707 118539.2732943024
132565.3819717323 118539.2732943024
129222.0747124293 118059.0080939879
127152.4083138131 117898.9196938831
130973.3308958737 117898.9196938831
131610.1513262172 117738.8312937782
132087.7666489747 117738.8312937782
126993.2032062273 117418.6544935686
132724.5870793182 117098.4776933589
126356.3827758838 116458.1240929395
130814.1257882879 115017.3284919960
135590.2790158636 114216.8864914718
132246.9717565606 117578.7428936734
125719.5623455404 123502.0136975524
127789.2287441566 117578.7428936734
126037.9725607121 119659.8920950363
129062.8696048434 132947.2293037379
124445.9214848535 125903.3396991250
126037.9725607121 124622.6324982863
132565.3819717323 115337.5052922056
127948.4338517424 122221.3064967137
128266.8440669141 121420.8644961895
127311.6134213990 116618.2124930444
132087.7666489747 116137.9472927298
130018.1002503586 118219.0964940928
123013.0755165808 128784.9309010121
134316.6381551767 115817.7704925202
127152.4083138131 118859.4500945121

124445.9214848535 124462.5440981814
130814.1257882879 117738.8312937782
128107.6389593283 120140.1572953508
124127.5112696818 126703.7816996492
130654.9206807020 121741.0412963992
130018.1002503586 115337.5052922056
131291.7411110454 119819.9804951411
127948.4338517424 122221.3064967137
132246.9717565606 119179.6268947218
126833.9980986414 125743.2512990202
126674.7929910556 121741.0412963992
123331.4857317525 125262.9860987056
128744.4593896717 118219.0964940928
128585.2542820859 117738.8312937782
131291.7411110454 116938.3892932540
128107.6389593283 118699.3616944073
124605.1265924394 126383.6048994395
126674.7929910556 127023.9584998589
131291.7411110454 117418.6544935686
123013.0755165808 123341.9252974476
134475.8432627626 115657.6820924153
131928.5615413889 115977.8588926250
128585.2542820859 125102.8976986008
127470.8185289848 117418.6544935686
128744.4593896717 132787.1409036331
127152.4083138131 122381.3948968186
125560.3572379545 128144.5773005927
129381.2798200152 117738.8312937782
124605.1265924394 122541.4832969234
123331.4857317525 129905.5497017460
123331.4857317525 124942.8092984960
133042.9972944899 113736.6212911573
127152.4083138131 118699.3616944073
124127.5112696818 128464.7541008024
127630.0236365707 124302.4556980766
128744.4593896717 119339.7152948266
126197.1776682980 116298.0356928347
125719.5623455404 128784.9309010121
132406.1768641465 117258.5660934637
128744.4593896717 124142.3672979718
125401.1521303687 128945.0193011169
128266.8440669141 132627.0525035282
121102.6142255505 128304.6657006976
125401.1521303687 126863.8700997540
132883.7921869040 113896.7096912621
124605.1265924394 126703.7816996492
133998.2279400050 116137.9472927298
132565.3819717323 117418.6544935686
128903.6644972576 122541.4832969234
129699.6900351869 117418.6544935686
126993.2032062273 124622.6324982863
130336.5104655303 120460.3340955605

131132.5360034596 119980.0688952460
134316.6381551767 116458.1240929395
124445.9214848535 126543.6932995444
123649.8959469243 126543.6932995444
124445.9214848535 124142.3672979718
129381.2798200152 133267.4061039476
131928.5615413889 114697.1516917863
133202.2024020758 117898.9196938831
128903.6644972576 123982.2788978669
124127.5112696818 127344.1353000686
127789.2287441566 122381.3948968186
131450.9462186313 117738.8312937782
130973.3308958737 115337.5052922056
127470.8185289848 132146.7873032137
123331.4857317525 125423.0744988105
122376.2550862374 125743.2512990202
123649.8959469243 123181.8368973427
129062.8696048434 118699.3616944073
130018.1002503586 115497.5936923105
128426.0491745000 118859.4500945121
127948.4338517424 132466.9641034234
130018.1002503586 117578.7428936734
124764.3317000252 126703.7816996492
126356.3827758838 117258.5660934637
129222.0747124293 121260.7760960847
128426.0491745000 124462.5440981814
132724.5870793182 114216.8864914718
124764.3317000252 124142.3672979718
124764.3317000252 120300.2456954556
128266.8440669141 121580.9528962944
127311.6134213990 117578.7428936734
127152.4083138131 118859.4500945121
123809.1010545101 127184.0468999637
128426.0491745000 121420.8644961895
128266.8440669141 119019.5384946170
132883.7921869040 118539.2732943024
130973.3308958737 114857.2400918911
127152.4083138131 121741.0412963992
124764.3317000252 127344.1353000686
131610.1513262172 119819.9804951411
126833.9980986414 119179.6268947218
124445.9214848535 127984.4889004879
133679.8177248333 117418.6544935686
131769.3564338030 118859.4500945121
132246.9717565606 116137.9472927298
122376.2550862374 125423.0744988105
124286.7163772677 121100.6876959798
124286.7163772677 124462.5440981814
128426.0491745000 120620.4224956653
133839.0228324192 115977.8588926250
127948.4338517424 122061.2180966089
128266.8440669141 119499.8036949315

125241.9470227828 130065.6381018508
122535.4601938232 129425.2845014314
124764.3317000252 129265.1961013266
126515.5878834697 127984.4889004879
123013.0755165808 127664.3121002782
126356.3827758838 127664.3121002782
127470.8185289848 126703.7816996492
123013.0755165808 124942.8092984960
125082.7419151970 124462.5440981814
123649.8959469243 124142.3672979718
123172.2806241667 123341.9252974476
126515.5878834697 123341.9252974476
127789.2287441566 122861.6600971331
126037.9725607121 122701.5716970282
125560.3572379545 121901.1296965040
130654.9206807020 121580.9528962944
125878.7674531263 120940.5992958750
126674.7929910556 120780.5108957702
131769.3564338030 120140.1572953508
126037.9725607121 119659.8920950363
126197.1776682980 119339.7152948266
127152.4083138131 117898.9196938831
129222.0747124293 117258.5660934637
131610.1513262172 116618.2124930444
134157.4330475909 116137.9472927298
130814.1257882879 115017.3284919960
135590.2790158636 114216.8864914718
129062.8696048434 132947.2293037379
122376.2550862374 125423.0744988105
122376.2550862374 128784.9309010121
126197.1776682980 128624.8425009073
131610.1513262172 115817.7704925202
127470.8185289848 117258.5660934637
122853.8704089949 128144.5773005927
131450.9462186313 114697.1516917863
124605.1265924394 126863.8700997540
126993.2032062273 127344.1353000686
130018.1002503586 115657.6820924153
130654.9206807020 115657.6820924153
129699.6900351869 118539.2732943024
132565.3819717323 114537.0632916815
125719.5623455404 121100.6876959798
127789.2287441566 119179.6268947218
126674.7929910556 121100.6876959798
130973.3308958737 118699.3616944073
131610.1513262172 117738.8312937782
127311.6134213990 123181.8368973427
133361.4075096616 116298.0356928347
134316.6381551767 115817.7704925202
122376.2550862374 129105.1077012218
127789.2287441566 117738.8312937782
125401.1521303687 128624.8425009073

127152.4083138131 131346.3453026895
125401.1521303687 128624.8425009073
127470.8185289848 126543.6932995444
126197.1776682980 125423.0744988105
122853.8704089949 124302.4556980766
123331.4857317525 123021.7484972379
126197.1776682980 122061.2180966089
130814.1257882879 121420.8644961895
125878.7674531263 120940.5992958750
132565.3819717323 118859.4500945121
126674.7929910556 118379.1848941976
134316.6381551767 115817.7704925202
134794.2534779343 115177.4168921008
134953.4585855202 114857.2400918911
129062.8696048434 124302.4556980766
128903.6644972576 116938.3892932540
128585.2542820859 116938.3892932540
125560.3572379545 120460.3340955605
123968.3061620960 123021.7484972379
124764.3317000252 128144.5773005927
126833.9980986414 117098.4776933589
124764.3317000252 120780.5108957702
128266.8440669141 120780.5108957702
130018.1002503586 122701.5716970282
129699.6900351869 121260.7760960847
127470.8185289848 131826.6105030040
136227.0994462071 113576.5328910524
127152.4083138131 124622.6324982863
130177.3053579444 118539.2732943024
131610.1513262172 117738.8312937782
131928.5615413889 115497.5936923105
128426.0491745000 123662.1020976572
122376.2550862374 129105.1077012218
129381.2798200152 118859.4500945121
128903.6644972576 123181.8368973427
123649.8959469243 127023.9584998589
126674.7929910556 123021.7484972379
124605.1265924394 130705.9917022702
132724.5870793182 114857.2400918911
128903.6644972576 118859.4500945121
122535.4601938232 124782.7208983911
130336.5104655303 116137.9472927298
122057.8448710657 127344.1353000686
127789.2287441566 116778.3008931492
133042.9972944899 117898.9196938831
126356.3827758838 126383.6048994395
123809.1010545101 123982.2788978669
127630.0236365707 121580.9528962944
124286.7163772677 129265.1961013266
123649.8959469243 122061.2180966089
125878.7674531263 123822.1904977621
128903.6644972576 119980.0688952460

129062.8696048434 132947.2293037379
125241.9470227828 130065.6381018508
124127.5112696818 129745.4613016411
122535.4601938232 129425.2845014314
123968.3061620960 129105.1077012218
122694.6653014091 128624.8425009073
126197.1776682980 128624.8425009073
126515.5878834697 127984.4889004879
123013.0755165808 127664.3121002782
126356.3827758838 127664.3121002782
126993.2032062273 126223.5164993347
123809.1010545101 125743.2512990202
124764.3317000252 125102.8976986008
123013.0755165808 124942.8092984960
125082.7419151970 124462.5440981814
126515.5878834697 124142.3672979718
123172.2806241667 123341.9252974476
126515.5878834697 123341.9252974476
127311.6134213990 123181.8368973427
127789.2287441566 122861.6600971331
125560.3572379545 121901.1296965040
130654.9206807020 121580.9528962944
125719.5623455404 121100.6876959798
126674.7929910556 121100.6876959798
125878.7674531263 120940.5992958750
126037.9725607121 119659.8920950363
131291.7411110454 119499.8036949315
126197.1776682980 119339.7152948266
127789.2287441566 119179.6268947218
125878.7674531263 118859.4500945121
127630.0236365707 118539.2732943024
130973.3308958737 117898.9196938831
131610.1513262172 117738.8312937782
132246.9717565606 117418.6544935686
127311.6134213990 116618.2124930444
134157.4330475909 116137.9472927298
135590.2790158636 114216.8864914718
124764.3317000252 129265.1961013266
126356.3827758838 116778.3008931492
122376.2550862374 128945.0193011169
124764.3317000252 123982.2788978669
127630.0236365707 126063.4280992298
134794.2534779343 115177.4168921008
134316.6381551767 115817.7704925202
130973.3308958737 116938.3892932540
124605.1265924394 128945.0193011169
131610.1513262172 115817.7704925202
130495.7155731161 121901.1296965040
122376.2550862374 125423.0744988105
123809.1010545101 122541.4832969234
132406.1768641465 115817.7704925202
122853.8704089949 124302.4556980766

130336.5104655303 116298.0356928347
132246.9717565606 119339.7152948266
127152.4083138131 126383.6048994395
121261.8193331364 127984.4889004879
128585.2542820859 115977.8588926250
131928.5615413889 118699.3616944073
130654.9206807020 119179.6268947218
122535.4601938232 124302.4556980766
123809.1010545101 126063.4280992298
130495.7155731161 116778.3008931492
135271.8688006919 114537.0632916815
132565.3819717323 115497.5936923105
123809.1010545101 124302.4556980766
122694.6653014091 124142.3672979718
131132.5360034596 115977.8588926250
122694.6653014091 127504.2237001734
127630.0236365707 119339.7152948266
129858.8951427727 118699.3616944073
126037.9725607121 127344.1353000686
127470.8185289848 124782.7208983911
127470.8185289848 121580.9528962944
121739.4346558939 126863.8700997540
130814.1257882879 115817.7704925202
128585.2542820859 116298.0356928347
128903.6644972576 121100.6876959798
131769.3564338030 115497.5936923105
127152.4083138131 123502.0136975524
134953.4585855202 115177.4168921008
125082.7419151970 130385.8149020605
126197.1776682980 126383.6048994395
124286.7163772677 126703.7816996492
129222.0747124293 123822.1904977621
134316.6381551767 115657.6820924153
129062.8696048434 116938.3892932540
132087.7666489747 119659.8920950363
124923.5368076111 128304.6657006976
126993.2032062273 131826.6105030040
126197.1776682980 120460.3340955605
125719.5623455404 118379.1848941976
128426.0491745000 122541.4832969234
126993.2032062273 116778.3008931492
130495.7155731161 119339.7152948266
127152.4083138131 125423.0744988105
127630.0236365707 116618.2124930444
127152.4083138131 126223.5164993347
126515.5878834697 116938.3892932540
121421.0244407222 128945.0193011169
124605.1265924394 127504.2237001734
127152.4083138131 118859.4500945121
133839.0228324192 115977.8588926250
124445.9214848535 120140.1572953508
121102.6142255505 127504.2237001734

129062.8696048434 132947.2293037379
126037.9725607121 131346.3453026895
124127.5112696818 129745.4613016411
123968.3061620960 129105.1077012218
126515.5878834697 127984.4889004879
125082.7419151970 127504.2237001734
127470.8185289848 126703.7816996492
124605.1265924394 126543.6932995444
123968.3061620960 125743.2512990202
126197.1776682980 125423.0744988105
124764.3317000252 125102.8976986008
123013.0755165808 124942.8092984960
126515.5878834697 123341.9252974476
127311.6134213990 123181.8368973427
126037.9725607121 122701.5716970282
123809.1010545101 122541.4832969234
124605.1265924394 121901.1296965040
125560.3572379545 121901.1296965040
130654.9206807020 121580.9528962944
129540.4849276010 121420.8644961895
125560.3572379545 121260.7760960847
125719.5623455404 121100.6876959798
125878.7674531263 120940.5992958750
126674.7929910556 120780.5108957702
131450.9462186313 120780.5108957702
131769.3564338030 120140.1572953508
131291.7411110454 119499.8036949315
129699.6900351869 118539.2732943024
130973.3308958737 117898.9196938831
131610.1513262172 117738.8312937782
132246.9717565606 117418.6544935686
126197.1776682980 117258.5660934637
127470.8185289848 117258.5660934637
129222.0747124293 117258.5660934637
130973.3308958737 116938.3892932540
131610.1513262172 116618.2124930444
134157.4330475909 116137.9472927298
131610.1513262172 115817.7704925202
134316.6381551767 115817.7704925202
130973.3308958737 115497.5936923105
130814.1257882879 115017.3284919960
134953.4585855202 114857.2400918911
132565.3819717323 114537.0632916815
129062.8696048434 120460.3340955605
128903.6644972576 124462.5440981814
126356.3827758838 127664.3121002782
126674.7929910556 121100.6876959798
129540.4849276010 119980.0688952460
130336.5104655303 120940.5992958750
123331.4857317525 123021.7484972379
126197.1776682980 119339.7152948266
122853.8704089949 124302.4556980766

129062.8696048434 132947.2293037379
126037.9725607121 131346.3453026895
123809.1010545101 129425.2845014314
122376.2550862374 129105.1077012218
123968.3061620960 129105.1077012218
122694.6653014091 128624.8425009073
121739.4346558939 128304.6657006976
122853.8704089949 128144.5773005927
124923.5368076111 127184.0468999637
127470.8185289848 126703.7816996492
123968.3061620960 125743.2512990202
123013.0755165808 124942.8092984960
125082.7419151970 124462.5440981814
124764.3317000252 123982.2788978669
124445.9214848535 123181.8368973427
127311.6134213990 123181.8368973427
127789.2287441566 122861.6600971331
124923.5368076111 122701.5716970282
126833.9980986414 121420.8644961895
125560.3572379545 121260.7760960847
126674.7929910556 121100.6876959798
130336.5104655303 120940.5992958750
126674.7929910556 120620.4224956653
126037.9725607121 119659.8920950363
127789.2287441566 119179.6268947218
132565.3819717323 118859.4500945121
129699.6900351869 118539.2732943024
126674.7929910556 118379.1848941976
125719.5623455404 118219.0964940928
131610.1513262172 117738.8312937782
126993.2032062273 117418.6544935686
126197.1776682980 117258.5660934637
130973.3308958737 116938.3892932540
126356.3827758838 116778.3008931492
132724.5870793182 116778.3008931492
131610.1513262172 116618.2124930444
131610.1513262172 115817.7704925202
134316.6381551767 115817.7704925202
134953.4585855202 114857.2400918911
132565.3819717323 114537.0632916815
135590.2790158636 114216.8864914718
125719.5623455404 123502.0136975524
127630.0236365707 123662.1020976572
125401.1521303687 128624.8425009073
131450.9462186313 114697.1516917863
129540.4849276010 121420.8644961895
124127.5112696818 129745.4613016411
130018.1002503586 118219.0964940928
129540.4849276010 120780.5108957702
122376.2550862374 125423.0744988105
133520.6126172475 116618.2124930444
125560.3572379545 129745.4613016411

129062.8696048434 132947.2293037379
127152.4083138131 131826.6105030040
124605.1265924394 130705.9917022702
124127.5112696818 129585.3729015363
124764.3317000252 129265.1961013266
123968.3061620960 129105.1077012218
121739.4346558939 128304.6657006976
123013.0755165808 128144.5773005927
126515.5878834697 127984.4889004879
122376.2550862374 127824.4005003831
123013.0755165808 127664.3121002782
125082.7419151970 127504.2237001734
126993.2032062273 127344.1353000686
123331.4857317525 127023.9584998589
123809.1010545101 125743.2512990202
126197.1776682980 125423.0744988105
123013.0755165808 124942.8092984960
126356.3827758838 123502.0136975524
123172.2806241667 123341.9252974476
127311.6134213990 123181.8368973427
127789.2287441566 122861.6600971331
125878.7674531263 122701.5716970282
125401.1521303687 121901.1296965040
127311.6134213990 121420.8644961895
125560.3572379545 121260.7760960847
125719.5623455404 121100.6876959798
126674.7929910556 120780.5108957702
130973.3308958737 120460.3340955605
132565.3819717323 118859.4500945121
129381.2798200152 118699.3616944073
127789.2287441566 117578.7428936734
126993.2032062273 117418.6544935686
132246.9717565606 117418.6544935686
129858.8951427727 117258.5660934637
132724.5870793182 117098.4776933589
134794.2534779343 115177.4168921008
135590.2790158636 114216.8864914718
128426.0491745000 118699.3616944073
126515.5878834697 126383.6048994395
132565.3819717323 118539.2732943024
128903.6644972576 119819.9804951411
133520.6126172475 116618.2124930444
129062.8696048434 120780.5108957702
123649.8959469243 124142.3672979718
134316.6381551767 115817.7704925202
134953.4585855202 114857.2400918911
126037.9725607121 119659.8920950363
130654.9206807020 116778.3008931492
124923.5368076111 122701.5716970282
130336.5104655303 118539.2732943024
122694.6653014091 127023.9584998589
132724.5870793182 116778.3008931492

125560.3572379545 129905.5497017460
122376.2550862374 129425.2845014314
123331.4857317525 129425.2845014314
125401.1521303687 129265.1961013266
122376.2550862374 129105.1077012218
126993.2032062273 127344.1353000686
124923.5368076111 125102.8976986008
123649.8959469243 124142.3672979718
124764.3317000252 123181.8368973427
127311.6134213990 123181.8368973427
129381.2798200152 122861.6600971331
125719.5623455404 122541.4832969234
126674.7929910556 122381.3948968186
123968.3061620960 122221.3064967137
124445.9214848535 122221.3064967137
129858.8951427727 122061.2180966089
130495.7155731161 122061.2180966089
125719.5623455404 121100.6876959798
124923.5368076111 120940.5992958750
125878.7674531263 120940.5992958750
128426.0491745000 120300.2456954556
127789.2287441566 119499.8036949315
130177.3053579444 119339.7152948266
130973.3308958737 119339.7152948266
125719.5623455404 119019.5384946170
125878.7674531263 118699.3616944073
126356.3827758838 118379.1848941976
131291.7411110454 117578.7428936734
126356.3827758838 116778.3008931492
129858.8951427727 116458.1240929395
128266.8440669141 116137.9472927298
130495.7155731161 115977.8588926250
132406.1768641465 115657.6820924153
130973.3308958737 115497.5936923105
131450.9462186313 114697.1516917863
132724.5870793182 116778.3008931492
128744.4593896717 117258.5660934637
128266.8440669141 119019.5384946170
125082.7419151970 126703.7816996492
124445.9214848535 123662.1020976572
127948.4338517424 126063.4280992298
128903.6644972576 121741.0412963992
132883.7921869040 118539.2732943024
131769.3564338030 118539.2732943024
133520.6126172475 116618.2124930444
122853.8704089949 124142.3672979718
126037.9725607121 124622.6324982863
121421.0244407222 127984.4889004879
124445.9214848535 125583.1628989153
129062.8696048434 120460.3340955605
125082.7419151970 124942.8092984960
126356.3827758838 116458.1240929395

124286.7163772677 130065.6381018508
125082.7419151970 128784.9309010121
126993.2032062273 126223.5164993347
127789.2287441566 125743.2512990202
122217.0499786515 125583.1628989153
125082.7419151970 124462.5440981814
122853.8704089949 124142.3672979718
123013.0755165808 123822.1904977621
127311.6134213990 123181.8368973427
129381.2798200152 122861.6600971331
123968.3061620960 122221.3064967137
124445.9214848535 122221.3064967137
125560.3572379545 122221.3064967137
125719.5623455404 121100.6876959798
125241.9470227828 120300.2456954556
130814.1257882879 120140.1572953508
128266.8440669141 119019.5384946170
127311.6134213990 118699.3616944073
132087.7666489747 118539.2732943024
130018.1002503586 118059.0080939879
127470.8185289848 117418.6544935686
128585.2542820859 116618.2124930444
131450.9462186313 115817.7704925202
127789.2287441566 119499.8036949315
129062.8696048434 132947.2293037379
126674.7929910556 120780.5108957702
125401.1521303687 129265.1961013266
131132.5360034596 118699.3616944073
132406.1768641465 114216.8864914718
125719.5623455404 119019.5384946170
123172.2806241667 126703.7816996492
131928.5615413889 114697.1516917863
126674.7929910556 122381.3948968186
128903.6644972576 121741.0412963992
124923.5368076111 130866.0801023750
125082.7419151970 126703.7816996492
132246.9717565606 114537.0632916815
124923.5368076111 126383.6048994395
124923.5368076111 120940.5992958750
127948.4338517424 122221.3064967137
124127.5112696818 125262.9860987056
132406.1768641465 115657.6820924153
127311.6134213990 117898.9196938831
124923.5368076111 123341.9252974476
126515.5878834697 123341.9252974476
125878.7674531263 120940.5992958750
124923.5368076111 127184.0468999637
123809.1010545101 129425.2845014314
131132.5360034596 116458.1240929395
130495.7155731161 122061.2180966089
131291.7411110454 115177.4168921008
122376.2550862374 127023.9584998589

123968.3061620960 123021.7484972379
123172.2806241667 128304.6657006976
129222.0747124293 120780.5108957702
123490.6908393384 128784.9309010121
128585.2542820859 122061.2180966089
132883.7921869040 113896.7096912621
125719.5623455404 118379.1848941976
125719.5623455404 128945.0193011169
123809.1010545101 128624.8425009073
125719.5623455404 129905.5497017460
125560.3572379545 127504.2237001734
131928.5615413889 115497.5936923105
124605.1265924394 126383.6048994395
124445.9214848535 126383.6048994395
128266.8440669141 117258.5660934637
127152.4083138131 131986.6989031089
127789.2287441566 132306.8757033185
127789.2287441566 121901.1296965040
126356.3827758838 116618.2124930444
130495.7155731161 115657.6820924153
123649.8959469243 126383.6048994395
130654.9206807020 117578.7428936734
127948.4338517424 120140.1572953508
131610.1513262172 119499.8036949315
127948.4338517424 124462.5440981814
130973.3308958737 118539.2732943024
123809.1010545101 127664.3121002782
129540.4849276010 117898.9196938831
130495.7155731161 120300.2456954556
124764.3317000252 127023.9584998589
127152.4083138131 131826.6105030040
129858.8951427727 118539.2732943024
128903.6644972576 118059.0080939879
122853.8704089949 126383.6048994395
128903.6644972576 117258.5660934637
126993.2032062273 125583.1628989153
127311.6134213990 121580.9528962944
123809.1010545101 126543.6932995444
127470.8185289848 121741.0412963992
126197.1776682980 116458.1240929395
127470.8185289848 117418.6544935686
129699.6900351869 116137.9472927298
129858.8951427727 123021.7484972379
126356.3827758838 127184.0468999637
126356.3827758838 120620.4224956653
128903.6644972576 119659.8920950363
127470.8185289848 119499.8036949315
122694.6653014091 123982.2788978669
127470.8185289848 132146.7873032137
127152.4083138131 117418.6544935686
131291.7411110454 116778.3008931492
128585.2542820859 118699.3616944073

