264312302.0929673910 867117.3086853027
261205138.0925505161 863918.3955688477
251852219.5304870903 827002.3192138672
265075418.8611766696 870230.8029785156
255944507.2902077734 847905.6444702148
262724043.9594202638 866591.0527343750
265738115.6239334941 873961.5950927734
250623452.0346150398 783056.2570800781
257734386.3942240477 849359.1860351562
250303938.9834876657 730295.2795982361
262656954.8405218422 865820.0610351562
253328558.6840161681 835634.6800537109
257948554.1017520130 853043.6722412109
259102829.7974606752 853650.5052490234
251038615.2364479005 809151.5623168945
259571699.9562786818 863544.7595214844
254653667.0585090816 836634.6661834717
