229132639.4064593911 735815.6124267578
230535299.1298774183 764192.7026367188
229678197.4703694582 752936.1854248047
229058264.9392376840 734530.5118408203
226670265.3043876290 612894.9927825928
227453422.5324458480 711363.8266601562
229227436.9046187103 742555.1658935547
227002095.6988215446 686566.2857055664
229009066.6966740489 724056.1730957031
227317697.6863132715 697494.3226318359
228398273.0989559591 721810.9014892578
231480552.9380990863 772706.0152587891
235115895.8353187144 785298.6821289062
227416462.9132787585 700856.6994018555
230061762.2545463741 754352.2060546875
