229474547.6607834399 729682.7437744141
228372947.6174599826 707966.7678222656
235115895.8353187144 785298.6821289062
229666181.9574737549 735505.2567138672
232770534.9727079868 755326.6193847656
229357314.8718549311 724331.6092529297
233047055.9964255095 758436.2552490234
228655060.5959964991 710157.3645019531
234449594.5608633161 770544.8077392578
229482222.2276521623 732974.4388427734
229154618.1558707058 715493.4507446289
227416462.9132787585 700856.6994018555
234357927.4487873912 759986.0332031250
230061762.2545463741 754352.2060546875
