421785977.9833791256 4385565.3515625000
421528456.1930307150 4384355.9365234375
408846796.1124193668 4289741.1914062500
410432357.2574438453 4306367.0468750000
409868460.7847756743 4290114.1738281250
422090166.4325015545 4394999.7275390625
420599598.8345192075 4371648.0781250000
407202005.0466282368 4254327.2373046875
418057688.8098809719 4370877.4980468750
418032788.1060205698 4358761.4511718750
411096340.8220205307 4330948.4306640625
417298251.0641024709 4354756.8828125000
416720047.2618898749 4348432.7958984375
409937351.8128598332 4295736.9873046875
414219330.8452473879 4344435.5781250000
410302676.0803073645 4300953.8076171875
410393814.0808717608 4304808.8037109375
408591708.5128671527 4261946.7041015625
414118070.6295421720 4336824.7783203125
