368466038.9157320261 53806.2477149963
365256777.6970960498 53422.2700119019
363169310.9985334873 51437.1843566895
363946928.7087902427 52306.1717643738
369944393.8736848235 54411.3561973572
362506385.2142533064 50459.0104179382
362654653.4002027512 50811.8461036682
368766672.1967502236 54128.2612991333
367928106.5199192166 53681.3884506226
364029084.7418798804 52382.4769744873
365043609.3490753174 52509.9138641357
367859945.5440060496 53486.4143943787
376581783.4812241197 55314.0940628052
360506974.3153674006 49843.9748351574
359844746.6210768223 46587.2939677238
364332537.1441175342 52401.1502342224
