518960007.9060513973 19692.0424051285
514565736.6496658325 19389.8854694366
523580050.1729323864 20109.7045230865
518138233.9219022393 19656.7996912003
525552366.5141057372 20406.4353780746
520915778.3227266073 19923.6980438232
514884196.4136325121 19444.4166440964
514754107.3615664840 19404.6056585312
519200220.1634430885 19706.4901552200
509395653.9242363572 18901.9262056351
518129570.3065157533 19607.0707397461
514016951.1834380031 19378.8502178192
519214607.0287223458 19709.4604074955
512615584.3716725111 19058.6508178711
516792853.6754381657 19605.6829500198
521461582.3753304482 20026.0431404114
512636211.7184672356 19260.1267428398
515821964.2229514718 19603.9347333908
508623744.3089650869 15086.2192565203
520037914.5391004682 19888.9335489273
523840992.2382283211 20192.7441024780
519270782.5035470128 19874.3617076874
