494219704.9840055108 3441732.0297851562
489788865.2211793065 3436560.7744140625
486695279.7188755870 3424338.1665039062
479452726.8969142437 3384521.9951171875
484900087.1342213750 3416763.0253906250
481026197.2806662917 3394405.7412109375
490646786.8980559111 3437236.3085937500
475292718.3929719329 3273662.2363281250
475726636.7218279839 3331983.9086914062
480798589.7786981463 3384707.0312500000
476968300.2200608253 3353229.9135742188
478603186.3754721284 3377751.2207031250
475587698.2230359912 3312728.4946289062
483193172.5429912210 3411878.4921875000
482588527.3269865513 3408476.4667968750
488909839.4603159428 3431936.8115234375
479391967.7848727703 3378121.4291992188
477939211.2000151277 3366176.2924804688
481082348.2618334889 3402286.1274414062
