98765362.5269503146 203904.7726440430
98668702.7328310609 203257.9510498047
100284017.3065757751 210948.6235351562
99150453.9329648614 205689.7132568359
100133777.4346100241 207515.1326904297
99796666.5764995515 207304.2946777344
96798469.9654109031 175974.9127807617
97590455.0523328185 195817.6639404297
97235342.1511549801 192175.3612060547
98933840.0607254505 204132.2480468750
98935021.7597956061 205222.4899902344
97490990.3198510408 193496.5451660156
98435143.0859081149 202736.4936523438
99416454.1069931090 206260.9213867188
99554437.9051679820 206857.9313964844
98086184.0321023166 201958.4388427734
97665900.9460876882 198996.2802734375
