503982630.4923632741 66866.9633007050
520337689.6376711726 69516.6427879333
508277803.7030643821 68409.3771190643
500120524.6585123539 65533.8437538147
499552329.7343020439 64488.3215084076
502821469.9611879587 66790.0698051453
506330608.4785080552 67391.5866088867
507014509.0382792354 67666.8941783905
512547799.6728985906 69227.9752502441
511035471.5113342404 68748.2800254822
501559706.3482367396 66590.9733276367
497435323.2185395956 63881.3747920990
502463973.6755383611 66637.4321689606
504517539.0174484253 67375.5948677063
506575603.4038278461 67434.6507835388
497026357.0956522226 51848.9575428963
