201786863.8456006050 2584.8952646255
209385841.4519160092 2678.3116958141
198371626.6810515821 2214.0008649826
211869259.5719680488 2693.3007135391
204244446.1624469459 2608.2947106361
208075121.3249534965 2671.1010563374
199661904.5434832275 2516.0417151451
207218785.2844871283 2662.6318535805
210324758.1566646099 2690.6910395622
208922250.6191229820 2674.4608819485
199812359.7132956982 2545.6126401424
200306320.1884019673 2548.5646507740
200692563.8751176298 2554.1531636715
201537729.9753144085 2556.7498955727
203103152.2896892428 2608.2244193554
201450324.3824550509 2555.5629725456
204503664.8565221429 2649.6945285797
198510783.5337528884 2250.1430642605
201675578.7437012196 2563.6946423054
198915322.3679641187 2511.3518834114
202134820.4945501983 2605.2491061687
