280957160.9142929912 3670586.1914062500
281675299.5241532922 3672230.2871093750
282404253.9975352883 3685066.0468750000
282136658.4769777656 3674446.1660156250
271323981.9255036116 3599995.3496093750
281490386.9721336961 3670919.1269531250
275786075.2177233100 3650898.2656250000
275423081.0475561619 3642901.7207031250
270799631.1635944247 3580544.2421875000
271802483.8947505355 3608645.8740234375
271251889.8102964163 3590624.5966796875
274166858.3266593814 3625484.5058593750
270156740.6183909178 3556242.1777343750
277521303.9831743240 3653109.2519531250
271175077.6562085152 3582308.7500000000
274690115.8555794358 3635047.2968750000
269966594.6652497649 3550535.4277343750
274522475.0460588932 3632558.0937500000
272436978.6735498905 3617506.5761718750
272939426.3180757761 3621798.3759765625
272081203.0855296254 3613986.6337890625
273745477.1919260621 3623025.6914062500
278243324.4425160289 3665997.3242187500
274763720.7508183122 3641547.9794921875
276093182.9381830692 3652615.4472656250
274168169.8647217155 3626260.1425781250
272203667.7453063726 3617427.0683593750
274317127.4041982889 3627123.6230468750
