160562114.6335124373 7180.9330978394
159854602.2293506563 7179.1606321335
163461393.4692192972 7504.5780153275
158801037.6932239234 7155.2193574905
162624473.0393313468 7455.4792346954
156699305.5288113356 6932.6437091827
157875787.7342867553 7082.8302965164
159199969.8407277465 7164.3670835495
160904699.6742682457 7246.8095436096
156426243.2495453060 6888.6677036285
160593675.6363822818 7245.6573581696
162519997.2449127734 7419.8458557129
156215918.6021579802 6843.5037631989
154555771.3133911788 6534.2024202347
161310974.1123491228 7352.3023004532
163636893.0842325091 7587.4268341064
155511449.1570042074 6771.8531174660
157014532.4107223749 7076.1932306290
157986062.7399701476 7126.6996994019
161258476.4329811335 7275.6929407120
162190194.0616730452 7405.5057830811
154575443.0840082169 6536.9318265915
162334889.9789645374 7418.1904392242
160563617.2261843085 7237.0541400909
