781294100.0802618265 88736.4849090576
769671156.0825316906 87590.1307764053
758606707.5025129318 82465.8967332840
768349525.3483849764 87551.9174108505
759940808.5752861500 83670.5487480164
758038317.4077850580 81077.5723474026
762306385.8986157179 85397.0536041260
760050694.5974793434 84459.8099861145
764465736.0847622156 86121.2121372223
776136180.6987786293 88064.7725410461
755604619.3315509558 79673.3968057632
766750092.4876790047 86733.5018000603
766396844.3897020817 86314.0036697388
765736617.8620252609 86151.0286140442
758562088.9302097559 82346.3697462082
