92652113.1545332372 1547534.3535156250
88096534.3917163163 1513903.5341796875
87605594.7996786833 1493488.4589843750
87883515.2390902936 1503572.6328125000
87591418.7883992344 1450618.4550781250
88621455.0643496364 1521892.1406250000
88137977.8391989022 1521868.6992187500
89004555.8699579835 1535998.5937500000
86999916.6433760077 1444464.6533203125
87945699.2312233448 1511665.3242187500
88689474.2504980564 1523292.0839843750
89791095.6019226015 1539955.3066406250
91664707.7146315873 1543622.6308593750
88905861.7312483191 1528282.8593750000
90266391.5917501003 1542395.6992187500
