946738720.1118688583 3925710.5025634766
923654975.0621113777 3852609.6271972656
941440257.5687359571 3913907.2125244141
920979046.4700151682 3834589.7934570312
933583073.6511164904 3887994.0024414062
929002450.2245341539 3862224.6700439453
918295048.0459088087 3793971.0888671875
929833679.5091538429 3881152.5625000000
917482360.8979549408 3732877.9980468750
944893585.3587554693 3917299.4030761719
926388048.9247542620 3861679.9162597656
937122553.0411300659 3902584.6481933594
916524298.7604173422 3534008.3632812500
940164492.1966985464 3906436.5002441406
