114375.6290662176 123410.0886687552
113418.6841466065 126452.9800663906
119319.8444842083 131097.3932522552
118203.4087446620 129175.5671063802
118841.3720244028 126773.2844240365
116608.5005453102 122929.6321322865
119479.3353041435 132538.7628616615
119319.8444842083 130777.0888946094
115332.5739858287 121808.5668805260
118522.3903845324 133019.2193981302
122350.1700629769 130456.7845369635
122669.1517028472 134620.7411863594
115492.0648057639 127574.0453181511
112142.7575871250 129495.8714640260
118681.8812044676 128695.1105699115
115492.0648057639 123249.9364899323
115970.5372655695 129816.1758216719
113259.1933266713 127253.7409605052
119000.8628443380 125812.3713510990
118681.8812044676 133179.3715769531
119798.3169440139 130456.7845369635
119798.3169440139 132378.6106828385
118841.3720244028 129816.1758216719
120436.2802237546 134460.5890075365
118362.8995645972 126132.6757087448
129844.8668374694 126211.4980905294
132554.7974453470 128767.6771393137
132395.3897625306 126371.2592810784
136380.5818329388 130684.8114259019
140046.9585377143 126531.0204716274
130163.6822031020 124933.4085661373
136539.9895157551 131803.1397597451
133192.4281766122 127170.0652338235
138931.1047580000 127649.3488054706
134786.5050047755 128767.6771393137
129526.0514718367 125732.2145188823
128888.4207405714 127489.5876149216
134786.5050047755 129246.9607109608
138612.2893923674 129566.4830920588
133830.0589078776 127010.3040432745
130163.6822031020 130365.2890448039
128091.3823264898 128607.9159487647
130801.3129343673 123974.8414228431
137655.8432954694 128448.1547582157
135105.3203704082 127809.1099960196
134627.0973219592 126690.7816621765
130482.4975687347 126690.7816621765
129844.8668374694 131164.0949975490
133192.4281766122 133720.2740463333
138612.2893923674 127329.8264243725
127931.9746436735 128448.1547582157
132235.9820797143 130205.5278542549
138612.2893923674 127809.1099960196
133989.4665906939 122217.4683268039
137337.0279298368 129246.9607109608
131917.1667140816 127010.3040432745
133511.2435422449 119821.0504685686
136539.9895157551 126690.7816621765
132554.7974453470 125093.1697566863
137974.6586611021 126690.7816621765
137815.2509782857 126690.7816621765
136380.5818329388 128288.3935676667
132076.5743968980 130684.8114259019
132076.5743968980 123176.0354700980
131917.1667140816 132921.4680935882
129685.4591546531 125732.2145188823
130004.2745202857 132442.1845219412
134786.5050047755 131483.6173786470
133670.6512250612 124613.8861850392
128250.7900093061 129886.0054731569
131598.3513484490 133081.2292841373
134148.8742735102 126051.7368999804
132076.5743968980 124294.3638039412
130801.3129343673 131323.8561880980
132395.3897625306 127329.8264243725

118522.3903845324 134140.2846498906
113737.6657864768 124851.4582781615
119160.3536642731 130937.2410734323
115970.5372655695 121968.7190593490
124104.5690822639 133819.9802922448
115013.5923459583 130616.9367157865
116449.0097253750 124851.4582781615
119319.8444842083 131257.5454310781
115013.5923459583 131738.0019675469
111026.3218475787 130616.9367157865
120117.2985838843 134140.2846498906
111664.2851273194 131577.8497887240
124583.0415420694 133339.5237557761
110866.8310276435 130937.2410734323
117565.4454649213 125812.3713510990
115332.5739858287 133019.2193981302
118681.8812044676 130136.4801793177
119957.8077639491 128214.6540334427
119957.8077639491 130616.9367157865
111664.2851273194 132378.6106828385
120117.2985838843 130296.6323581406
119000.8628443380 129816.1758216719
116608.5005453102 130777.0888946094
123785.5874423935 131898.1541463698
118043.9179247268 125492.0669934531
132395.3897625306 131803.1397597451
131917.1667140816 133720.2740463333
138452.8817095510 125891.9757094314
132873.6128109796 122217.4683268039
137177.6202470204 129886.0054731569
138612.2893923674 126211.4980905294
129047.8284233877 130365.2890448039
133351.8358594286 125252.9309472353
138612.2893923674 128607.9159487647
133989.4665906939 131643.3785691960
132076.5743968980 133240.9904746863
131917.1667140816 126850.5428527255
132076.5743968980 122377.2295173529
133192.4281766122 129566.4830920588
130641.9052515510 123335.7966606471
132076.5743968980 131803.1397597451
134308.2819563265 121738.1847551569
129685.4591546531 125572.4533283333
132554.7974453470 127809.1099960196
133989.4665906939 132122.6621408431
129685.4591546531 124454.1249944902
141481.6276830612 126531.0204716274
135105.3203704082 127170.0652338235
136858.8048813877 127809.1099960196
133830.0589078776 124933.4085661373
133192.4281766122 119182.0057063726
131120.1283000000 131004.3338070000
132076.5743968980 123815.0802322941
139728.1431720816 128767.6771393137
133351.8358594286 129886.0054731569
132554.7974453470 128288.3935676667
134627.0973219592 133720.2740463333
131120.1283000000 133400.7516652353
135902.3587844898 128448.1547582157
134945.9126875918 127329.8264243725
136380.5818329388 131323.8561880980
131917.1667140816 132921.4680935882
133989.4665906939 128288.3935676667
134467.6896391429 123655.3190417451
140525.1815861633 127809.1099960196
133192.4281766122 122696.7518984510
135424.1357360408 129406.7219015098
131757.7590312653 128128.6323771176
134627.0973219592 131643.3785691960
133511.2435422449 119980.8116591176
131757.7590312653 129886.0054731569
131438.9436656327 126531.0204716274
135902.3587844898 131483.6173786470
128729.0130577551 129406.7219015098
134467.6896391429 131164.0949975490

116449.0097253750 130296.6323581406
114216.1382462824 127253.7409605052
115970.5372655695 131417.6976099010
117884.4271047917 129656.0236428489
114056.6474263472 124371.0017416927
113578.1749665417 129015.4149275573
113418.6841466065 125331.9148146302
116289.5189054398 123089.7843111094
117405.9546449861 130136.4801793177
116927.4821851806 130937.2410734323
116289.5189054398 129656.0236428489
119957.8077639491 133019.2193981302
114056.6474263472 132058.3063251927
113578.1749665417 128855.2627487344
110866.8310276435 132218.4585040156
120117.2985838843 133499.6759345990
113418.6841466065 130456.7845369635
120595.7710436898 128695.1105699115
110388.3585678379 131738.0019675469
123626.0966224583 134780.8933651823
116608.5005453102 132698.9150404844
117246.4638250509 128214.6540334427
122509.6608829120 133339.5237557761
114216.1382462824 129015.4149275573
114535.1198861528 126452.9800663906
129685.4591546531 126051.7368999804
134627.0973219592 126690.7816621765
132873.6128109796 127649.3488054706
133033.0204937959 121258.9011835098
133830.0589078776 126531.0204716274
135742.9511016735 127329.8264243725
133033.0204937959 134199.5576179803
133033.0204937959 125252.9309472353
132076.5743968980 124294.3638039412
136221.1741501224 132601.9457124902
132714.2051281633 127170.0652338235
137177.6202470204 130205.5278542549
131917.1667140816 122057.7071362549
138931.1047580000 127649.3488054706
134945.9126875918 124454.1249944902
129047.8284233877 125412.6921377843
132235.9820797143 126371.2592810784
133511.2435422449 128767.6771393137
128888.4207405714 131323.8561880980
132395.3897625306 126051.7368999804
129207.2361062041 127170.0652338235
129047.8284233877 125891.9757094314
131120.1283000000 124294.3638039412
140843.9969517959 126531.0204716274
133033.0204937959 125412.6921377843
140365.7739033470 127968.8711865686
131917.1667140816 133720.2740463333
139568.7354892653 127968.8711865686
132235.9820797143 125891.9757094314
136061.7664673061 129246.9607109608
128091.3823264898 128767.6771393137
135424.1357360408 128927.4383298627
137337.0279298368 128448.1547582157
140046.9585377143 126371.2592810784
130163.6822031020 125093.1697566863
133351.8358594286 125412.6921377843
129047.8284233877 125252.9309472353
132873.6128109796 134039.7964274313
133033.0204937959 124134.6026133922
132873.6128109796 131803.1397597451
132873.6128109796 122217.4683268039
129844.8668374694 130525.0502353529
134467.6896391429 121897.9459457059
132873.6128109796 121578.4235646078
131917.1667140816 133081.2292841373
132873.6128109796 120300.3340402157
134945.9126875918 131643.3785691960
129047.8284233877 128767.6771393137
131438.9436656327 132122.6621408431
132076.5743968980 127489.5876149216

122988.1333427176 134780.8933651823
116767.9913652454 133499.6759345990
122988.1333427176 133499.6759345990
120595.7710436898 133339.5237557761
124264.0599021991 132859.0672193073
118043.9179247268 132538.7628616615
120117.2985838843 132058.3063251927
121233.7343234305 131898.1541463698
123147.6241626528 131898.1541463698
111504.7943073843 131738.0019675469
118043.9179247268 131738.0019675469
115651.5556256991 131577.8497887240
118841.3720244028 131577.8497887240
114535.1198861528 130296.6323581406
116289.5189054398 129816.1758216719
119638.8261240787 129816.1758216719
121871.6976031713 129816.1758216719
119798.3169440139 129495.8714640260
112302.2484070602 128695.1105699115
116449.0097253750 128695.1105699115
120436.2802237546 128695.1105699115
113259.1933266713 128534.9583910885
119638.8261240787 127093.5887816823
116449.0097253750 126452.9800663906
114216.1382462824 126132.6757087448
134148.8742735102 133720.2740463333
134786.5050047755 133400.7516652353
130641.9052515510 133240.9904746863
130960.7206171837 132921.4680935882
135583.5434188572 132921.4680935882
136380.5818329388 132442.1845219412
133192.4281766122 132122.6621408431
134627.0973219592 131803.1397597451
135105.3203704082 131483.6173786470
135742.9511016735 131323.8561880980
130163.6822031020 131164.0949975490
137496.4356126531 130844.5726164510
128250.7900093061 129886.0054731569
134786.5050047755 129886.0054731569
136858.8048813877 129566.4830920588
130801.3129343673 129406.7219015098
130960.7206171837 129246.9607109608
128250.7900093061 128288.3935676667
136699.3971985714 127809.1099960196
139887.5508548979 127649.3488054706
135105.3203704082 127489.5876149216
140206.3662205306 126850.5428527255
134786.5050047755 126690.7816621765
131120.1283000000 126371.2592810784
135264.7280532245 126211.4980905294
138452.8817095510 126211.4980905294
141641.0353658776 126211.4980905294
131279.5359828163 125093.1697566863
130163.6822031020 124933.4085661373
131917.1667140816 124933.4085661373
131917.1667140816 124613.8861850392
134627.0973219592 123815.0802322941
131120.1283000000 122377.2295173529
133033.0204937959 121578.4235646078
133989.4665906939 121578.4235646078
131598.3513484490 121418.6623740588
134308.2819563265 129087.1995204118
132395.3897625306 123815.0802322941
140684.5892689796 127010.3040432745
131598.3513484490 129246.9607109608
134148.8742735102 120619.8564213137
132714.2051281633 133400.7516652353
131279.5359828163 123495.5578511961
131598.3513484490 128448.1547582157
137177.6202470204 129406.7219015098
134467.6896391429 123495.5578511961
131598.3513484490 127809.1099960196
130004.2745202857 123655.3190417451
129844.8668374694 125093.1697566863
130641.9052515510 132442.1845219412

122988.1333427176 134780.8933651823
122988.1333427176 133499.6759345990
111185.8126675139 131898.1541463698
121233.7343234305 131898.1541463698
112461.7392269954 131738.0019675469
115651.5556256991 131577.8497887240
120276.7894038194 130616.9367157865
120436.2802237546 128695.1105699115
113897.1566064120 129656.0236428489
111983.2667671898 128855.2627487344
118203.4087446620 133339.5237557761
119638.8261240787 129816.1758216719
118522.3903845324 125171.7626358073
114216.1382462824 126132.6757087448
123147.6241626528 132218.4585040156
117724.9362848565 125011.6104569844
118522.3903845324 132218.4585040156
123147.6241626528 131898.1541463698
115492.0648057639 129656.0236428489
116608.5005453102 122929.6321322865
119000.8628443380 127253.7409605052
114854.1015260232 128855.2627487344
124742.5323620046 134780.8933651823
118362.8995645972 128534.9583910885
111504.7943073843 131738.0019675469
134148.8742735102 133720.2740463333
134786.5050047755 133400.7516652353
134627.0973219592 133081.2292841373
135583.5434188572 132921.4680935882
130641.9052515510 132442.1845219412
135742.9511016735 131323.8561880980
131279.5359828163 130045.7666637059
130801.3129343673 129406.7219015098
138293.4740267347 129087.1995204118
128250.7900093061 128288.3935676667
131757.7590312653 128128.6323771176
140206.3662205306 126850.5428527255
135424.1357360408 125252.9309472353
131279.5359828163 125093.1697566863
132395.3897625306 124613.8861850392
134467.6896391429 123495.5578511961
133033.0204937959 121578.4235646078
132076.5743968980 120779.6176118627
130004.2745202857 123655.3190417451
131598.3513484490 127809.1099960196
133989.4665906939 122696.7518984510
130641.9052515510 133240.9904746863
135424.1357360408 126690.7816621765
139409.3278064490 129246.9607109608
128729.0130577551 130844.5726164510
131279.5359828163 132761.7069030392
133511.2435422449 133081.2292841373
136061.7664673061 126051.7368999804
134148.8742735102 120619.8564213137
131598.3513484490 122536.9907079019
131757.7590312653 124933.4085661373
131438.9436656327 126051.7368999804
134148.8742735102 134519.0799990784
132554.7974453470 120619.8564213137
135264.7280532245 129726.2442826078
131438.9436656327 126850.5428527255
138452.8817095510 126211.4980905294
136221.1741501224 129566.4830920588
137018.2125642041 129246.9607109608
136699.3971985714 127809.1099960196
130163.6822031020 124454.1249944902
133511.2435422449 129726.2442826078
136061.7664673061 128607.9159487647
139887.5508548979 127649.3488054706
133989.4665906939 131643.3785691960
131917.1667140816 131803.1397597451
130004.2745202857 126371.2592810784
128729.0130577551 129406.7219015098
137974.6586611021 128288.3935676667
127613.1592780408 127170.0652338235

125699.4772816157 134941.0455440052
124742.5323620046 133819.9802922448
117405.9546449861 133499.6759345990
121074.2435034954 132859.0672193073
118681.8812044676 132698.9150404844
116767.9913652454 132378.6106828385
111026.3218475787 131738.0019675469
121393.2251433658 130777.0888946094
119000.8628443380 130136.4801793177
120276.7894038194 129816.1758216719
121074.2435034954 129015.4149275573
114216.1382462824 128695.1105699115
112461.7392269954 127413.8931393281
113259.1933266713 127413.8931393281
115651.5556256991 126933.4366028594
119000.8628443380 126773.2844240365
115173.0831658935 126132.6757087448
117565.4454649213 125652.2191722760
116289.5189054398 125492.0669934531
113578.1749665417 125171.7626358073
113737.6657864768 125011.6104569844
118203.4087446620 125011.6104569844
122669.1517028472 135101.1977228281
117724.9362848565 133339.5237557761
113418.6841466065 127253.7409605052
133351.8358594286 133400.7516652353
133830.0589078776 133081.2292841373
130163.6822031020 132601.9457124902
130323.0898859184 131962.9009502941
129366.6437890204 131643.3785691960
136858.8048813877 131643.3785691960
132395.3897625306 130365.2890448039
131279.5359828163 130205.5278542549
135742.9511016735 129087.1995204118
128091.3823264898 128927.4383298627
131120.1283000000 128448.1547582157
133351.8358594286 128448.1547582157
138931.1047580000 128448.1547582157
140206.3662205306 128128.6323771176
128410.1976921225 127649.3488054706
137974.6586611021 127489.5876149216
131917.1667140816 127329.8264243725
133670.6512250612 127329.8264243725
139887.5508548979 127329.8264243725
129207.2361062041 127010.3040432745
134627.0973219592 126850.5428527255
132076.5743968980 126371.2592810784
128410.1976921225 126051.7368999804
142597.4814627755 125732.2145188823
133351.8358594286 125252.9309472353
130801.3129343673 123016.2742795490
132395.3897625306 121099.1399929608
133830.0589078776 120300.3340402157
133192.4281766122 119341.7668969216
133192.4281766122 120300.3340402157
136699.3971985714 130045.7666637059
133511.2435422449 119341.7668969216
135424.1357360408 129087.1995204118
141959.8507315102 126371.2592810784
132873.6128109796 120140.5728496667
133033.0204937959 122057.7071362549
133989.4665906939 123176.0354700980
131917.1667140816 125252.9309472353
136061.7664673061 127649.3488054706
133670.6512250612 134359.3188085294
135424.1357360408 131962.9009502941
128888.4207405714 128927.4383298627
128569.6053749388 130205.5278542549
132395.3897625306 125252.9309472353
130482.4975687347 131643.3785691960
136221.1741501224 127489.5876149216
138134.0663439184 127170.0652338235
138452.8817095510 129406.7219015098
134627.0973219592 125412.6921377843
130801.3129343673 124933.4085661373

123307.1149825880 134300.4368287135
120117.2985838843 134140.2846498906
116449.0097253750 132058.3063251927
117086.9730051157 130136.4801793177
122350.1700629769 130296.6323581406
116289.5189054398 132859.0672193073
119798.3169440139 132058.3063251927
110866.8310276435 131738.0019675469
117246.4638250509 133019.2193981302
116767.9913652454 123249.9364899323
113578.1749665417 128695.1105699115
112461.7392269954 130296.6323581406
119319.8444842083 134300.4368287135
120436.2802237546 130296.6323581406
114216.1382462824 128054.5018546198
115013.5923459583 126452.9800663906
125221.0048218102 133819.9802922448
111185.8126675139 130616.9367157865
118841.3720244028 128534.9583910885
112940.2116868009 131577.8497887240
118522.3903845324 126773.2844240365
123466.6058025231 134941.0455440052
115651.5556256991 123570.2408475781
112621.2300469305 127253.7409605052
110388.3585678379 131738.0019675469
135583.5434188572 127649.3488054706
133989.4665906939 127489.5876149216
133033.0204937959 126850.5428527255
130801.3129343673 130365.2890448039
134627.0973219592 130365.2890448039
133511.2435422449 122856.5130890000
132235.9820797143 124613.8861850392
131757.7590312653 124773.6473755882
128091.3823264898 129886.0054731569
141162.8123174286 126690.7816621765
133192.4281766122 128448.1547582157
139887.5508548979 128128.6323771176
138771.6970751837 129566.4830920588
138931.1047580000 127170.0652338235
132873.6128109796 126371.2592810784
131917.1667140816 124454.1249944902
132554.7974453470 128448.1547582157
131438.9436656327 133240.9904746863
134467.6896391429 128927.4383298627
129366.6437890204 131004.3338070000
137496.4356126531 126850.5428527255
135742.9511016735 132122.6621408431
132395.3897625306 126211.4980905294
128729.0130577551 126211.4980905294
133033.0204937959 127809.1099960196
129207.2361062041 131323.8561880980
136539.9895157551 131643.3785691960
136858.8048813877 129726.2442826078
133351.8358594286 127649.3488054706
138612.2893923674 129566.4830920588
132235.9820797143 121099.1399929608
139249.9201236326 126531.0204716274
129207.2361062041 127649.3488054706
135264.7280532245 130365.2890448039
141800.4430486939 125732.2145188823
137496.4356126531 129886.0054731569
134308.2819563265 127010.3040432745
135742.9511016735 130365.2890448039
137655.8432954694 126211.4980905294
131279.5359828163 127809.1099960196
134148.8742735102 134998.3635707255
138612.2893923674 128288.3935676667
135264.7280532245 124294.3638039412
132395.3897625306 124294.3638039412
139568.7354892653 127010.3040432745
128250.7900093061 129246.9607109608
138931.1047580000 129246.9607109608
131279.5359828163 133240.9904746863
132554.7974453470 132122.6621408431
140525.1815861633 126051.7368999804

120755.2618636250 132378.6106828385
114375.6290662176 126613.1322452135
122669.1517028472 131898.1541463698
123785.5874423935 134140.2846498906
120117.2985838843 130456.7845369635
119479.3353041435 133179.3715769531
116449.0097253750 123249.9364899323
123785.5874423935 132859.0672193073
116130.0280855046 126933.4366028594
118681.8812044676 126452.9800663906
113259.1933266713 126933.4366028594
118841.3720244028 132538.7628616615
118362.8995645972 130616.9367157865
122509.6608829120 133339.5237557761
115970.5372655695 132859.0672193073
115492.0648057639 133179.3715769531
122350.1700629769 130136.4801793177
112461.7392269954 127253.7409605052
119000.8628443380 133659.8281134219
114535.1198861528 131417.6976099010
119160.3536642731 127574.0453181511
123147.6241626528 133179.3715769531
124423.5507221343 132698.9150404844
112461.7392269954 131898.1541463698
121393.2251433658 134460.5890075365
135264.7280532245 131962.9009502941
128410.1976921225 130684.8114259019
131438.9436656327 125252.9309472353
133989.4665906939 127010.3040432745
130163.6822031020 130525.0502353529
136539.9895157551 130684.8114259019
133989.4665906939 131803.1397597451
128250.7900093061 127489.5876149216
130323.0898859184 125412.6921377843
134945.9126875918 130525.0502353529
132873.6128109796 125252.9309472353
137018.2125642041 130205.5278542549
135902.3587844898 130684.8114259019
132395.3897625306 122217.4683268039
138134.0663439184 127809.1099960196
130801.3129343673 133081.2292841373
140046.9585377143 127170.0652338235
132076.5743968980 130844.5726164510
133830.0589078776 133240.9904746863
131279.5359828163 122536.9907079019
136539.9895157551 130365.2890448039
130004.2745202857 131962.9009502941
138612.2893923674 129087.1995204118
133511.2435422449 134359.3188085294
133511.2435422449 122377.2295173529
129047.8284233877 128767.6771393137
131598.3513484490 130844.5726164510
133033.0204937959 120460.0952307647
138771.6970751837 129087.1995204118
128729.0130577551 127010.3040432745
135105.3203704082 130365.2890448039
129366.6437890204 124773.6473755882
134148.8742735102 121738.1847551569
130482.4975687347 123016.2742795490
136699.3971985714 128927.4383298627
139249.9201236326 127489.5876149216
133192.4281766122 128767.6771393137
133033.0204937959 127649.3488054706
131279.5359828163 123495.5578511961
129047.8284233877 130205.5278542549
130960.7206171837 123655.3190417451
133351.8358594286 121738.1847551569
131917.1667140816 124773.6473755882
128888.4207405714 128288.3935676667
131120.1283000000 133240.9904746863
132395.3897625306 129406.7219015098
128410.1976921225 128767.6771393137
131279.5359828163 126211.4980905294
133033.0204937959 126850.5428527255
130482.4975687347 130205.5278542549

113737.6657864768 124851.4582781615
112940.2116868009 129175.5671063802
117086.9730051157 126292.8278875677
118681.8812044676 126613.1322452135
118681.8812044676 132859.0672193073
119319.8444842083 131738.0019675469
119479.3353041435 129816.1758216719
112302.2484070602 129976.3280004948
118522.3903845324 129495.8714640260
114694.6107060880 123089.7843111094
119319.8444842083 131417.6976099010
114854.1015260232 123890.5452052240
118681.8812044676 133659.8281134219
123307.1149825880 132058.3063251927
120117.2985838843 130937.2410734323
122190.6792430417 134300.4368287135
114694.6107060880 131257.5454310781
115811.0464456342 129495.8714640260
112461.7392269954 129015.4149275573
119160.3536642731 126773.2844240365
121552.7159633009 134140.2846498906
113737.6657864768 130296.6323581406
119000.8628443380 133659.8281134219
121393.2251433658 134620.7411863594
115970.5372655695 128374.8062122656
139249.9201236326 129406.7219015098
132714.2051281633 127170.0652338235
129207.2361062041 129406.7219015098
129207.2361062041 128288.3935676667
128729.0130577551 125572.4533283333
135902.3587844898 128128.6323771176
129366.6437890204 128128.6323771176
132714.2051281633 132761.7069030392
134627.0973219592 126531.0204716274
133670.6512250612 134359.3188085294
128729.0130577551 128448.1547582157
128569.6053749388 126850.5428527255
135424.1357360408 123974.8414228431
137496.4356126531 130525.0502353529
127931.9746436735 127968.8711865686
130641.9052515510 131803.1397597451
133989.4665906939 123335.7966606471
132714.2051281633 123176.0354700980
132873.6128109796 120939.3788024118
133033.0204937959 128448.1547582157
134308.2819563265 128927.4383298627
129047.8284233877 126051.7368999804
130004.2745202857 127489.5876149216
130641.9052515510 129087.1995204118
139409.3278064490 127170.0652338235
135264.7280532245 131803.1397597451
133033.0204937959 124454.1249944902
132076.5743968980 124773.6473755882
135902.3587844898 127489.5876149216
128888.4207405714 126531.0204716274
130004.2745202857 131962.9009502941
133351.8358594286 120619.8564213137
130004.2745202857 124933.4085661373
135742.9511016735 123815.0802322941
130004.2745202857 130365.2890448039
137815.2509782857 129087.1995204118
131757.7590312653 130365.2890448039
133033.0204937959 127649.3488054706
132714.2051281633 132601.9457124902
135105.3203704082 131643.3785691960
132076.5743968980 125572.4533283333
138931.1047580000 127170.0652338235
135264.7280532245 125252.9309472353
133351.8358594286 121897.9459457059
135902.3587844898 129726.2442826078
129047.8284233877 127809.1099960196
136221.1741501224 129087.1995204118
132554.7974453470 134039.7964274313
133511.2435422449 122536.9907079019
139090.5124408163 128128.6323771176

113737.6657864768 124851.4582781615
124104.5690822639 132538.7628616615
117086.9730051157 123410.0886687552
115970.5372655695 130456.7845369635
117405.9546449861 131738.0019675469
118043.9179247268 128695.1105699115
114216.1382462824 124210.8495628698
111504.7943073843 130937.2410734323
120914.7526835602 133339.5237557761
117246.4638250509 130296.6323581406
115173.0831658935 131257.5454310781
119798.3169440139 129175.5671063802
117405.9546449861 132218.4585040156
113897.1566064120 124531.1539205156
122509.6608829120 132698.9150404844
114535.1198861528 125171.7626358073
116130.0280855046 129816.1758216719
113099.7025067361 128374.8062122656
118043.9179247268 125652.2191722760
119319.8444842083 133819.9802922448
120436.2802237546 131417.6976099010
117086.9730051157 128374.8062122656
119000.8628443380 131898.1541463698
116767.9913652454 133659.8281134219
114375.6290662176 128054.5018546198
135902.3587844898 128767.6771393137
138771.6970751837 129087.1995204118
131438.9436656327 129246.9607109608
128250.7900093061 129566.4830920588
129047.8284233877 131803.1397597451
132873.6128109796 121897.9459457059
135424.1357360408 130365.2890448039
133670.6512250612 119661.2892780196
127931.9746436735 127170.0652338235
134627.0973219592 131164.0949975490
133989.4665906939 122217.4683268039
132395.3897625306 126531.0204716274
133192.4281766122 129087.1995204118
133670.6512250612 124933.4085661373
129366.6437890204 125572.4533283333
137337.0279298368 126531.0204716274
131438.9436656327 128128.6323771176
133989.4665906939 131483.6173786470
140525.1815861633 126690.7816621765
133670.6512250612 122536.9907079019
136061.7664673061 131962.9009502941
130960.7206171837 125252.9309472353
140525.1815861633 127968.8711865686
128729.0130577551 131483.6173786470
138134.0663439184 126051.7368999804
137974.6586611021 126531.0204716274
131120.1283000000 123974.8414228431
137815.2509782857 126531.0204716274
135583.5434188572 131164.0949975490
131598.3513484490 127489.5876149216
129207.2361062041 130525.0502353529
132076.5743968980 132921.4680935882
136858.8048813877 127649.3488054706
127931.9746436735 129087.1995204118
129526.0514718367 127170.0652338235
128888.4207405714 130844.5726164510
133192.4281766122 124294.3638039412
132076.5743968980 127329.8264243725
128729.0130577551 131323.8561880980
134308.2819563265 127968.8711865686
129207.2361062041 127649.3488054706
129366.6437890204 129246.9607109608
128569.6053749388 130205.5278542549
134467.6896391429 126850.5428527255
133830.0589078776 128448.1547582157
130641.9052515510 131643.3785691960
133670.6512250612 130365.2890448039
133830.0589078776 134838.6023801765
134786.5050047755 130205.5278542549
129526.0514718367 130844.5726164510

116289.5189054398 131898.1541463698
123785.5874423935 132058.3063251927
113578.1749665417 125331.9148146302
113259.1933266713 125972.5235299219
115970.5372655695 133499.6759345990
118841.3720244028 132218.4585040156
115492.0648057639 126933.4366028594
119479.3353041435 133499.6759345990
116608.5005453102 124210.8495628698
115013.5923459583 122128.8712381719
119798.3169440139 133339.5237557761
120117.2985838843 127413.8931393281
119319.8444842083 130616.9367157865
114056.6474263472 124531.1539205156
113897.1566064120 126933.4366028594
119479.3353041435 130136.4801793177
113418.6841466065 129335.7192852031
115173.0831658935 130616.9367157865
119319.8444842083 133019.2193981302
124423.5507221343 135581.6542592969
118841.3720244028 130136.4801793177
111823.7759472546 129976.3280004948
116767.9913652454 130456.7845369635
114216.1382462824 128054.5018546198
116449.0097253750 130616.9367157865
137815.2509782857 131004.3338070000
141322.2200002449 125732.2145188823
131598.3513484490 122536.9907079019
133511.2435422449 129886.0054731569
130482.4975687347 126690.7816621765
133511.2435422449 120460.0952307647
135583.5434188572 129566.4830920588
131438.9436656327 132921.4680935882
135424.1357360408 127649.3488054706
133830.0589078776 120619.8564213137
132395.3897625306 132601.9457124902
128729.0130577551 129246.9607109608
132554.7974453470 125572.4533283333
133670.6512250612 120300.3340402157
133192.4281766122 127489.5876149216
137177.6202470204 126051.7368999804
129844.8668374694 126211.4980905294
131598.3513484490 131962.9009502941
133830.0589078776 124454.1249944902
129207.2361062041 128767.6771393137
132714.2051281633 129246.9607109608
134148.8742735102 129087.1995204118
133989.4665906939 126371.2592810784
133351.8358594286 128927.4383298627
131757.7590312653 132601.9457124902
136858.8048813877 129246.9607109608
136221.1741501224 126371.2592810784
137496.4356126531 127170.0652338235
132235.9820797143 124454.1249944902
136858.8048813877 126850.5428527255
130482.4975687347 124773.6473755882
132395.3897625306 125572.4533283333
132395.3897625306 122856.5130890000
139568.7354892653 128927.4383298627
132873.6128109796 123974.8414228431
132873.6128109796 133400.7516652353
133192.4281766122 120300.3340402157
130641.9052515510 126850.5428527255
130323.0898859184 123655.3190417451
134148.8742735102 120779.6176118627
128410.1976921225 127968.8711865686
129685.4591546531 127489.5876149216
129047.8284233877 125093.1697566863
134945.9126875918 122856.5130890000
128888.4207405714 131323.8561880980
134786.5050047755 131962.9009502941
135742.9511016735 130525.0502353529
128569.6053749388 128927.4383298627
132714.2051281633 123655.3190417451
133033.0204937959 127809.1099960196

121233.7343234305 134620.7411863594
122509.6608829120 134620.7411863594
118203.4087446620 133659.8281134219
111823.7759472546 131898.1541463698
118203.4087446620 131738.0019675469
120276.7894038194 130616.9367157865
111185.8126675139 129816.1758216719
112142.7575871250 129816.1758216719
120914.7526835602 129816.1758216719
116608.5005453102 128534.9583910885
115651.5556256991 128374.8062122656
116767.9913652454 128374.8062122656
116767.9913652454 128054.5018546198
114216.1382462824 125492.0669934531
117724.9362848565 125492.0669934531
113259.1933266713 125331.9148146302
116608.5005453102 125331.9148146302
114216.1382462824 124371.0017416927
117246.4638250509 123410.0886687552
118522.3903845324 133659.8281134219
111026.3218475787 132058.3063251927
125061.5140018750 134941.0455440052
124583.0415420694 135581.6542592969
115013.5923459583 132378.6106828385
115970.5372655695 123410.0886687552
135583.5434188572 132921.4680935882
134945.9126875918 131004.3338070000
130801.3129343673 129406.7219015098
131917.1667140816 128448.1547582157
130482.4975687347 127649.3488054706
137177.6202470204 127010.3040432745
133830.0589078776 125732.2145188823
132395.3897625306 124613.8861850392
135424.1357360408 124613.8861850392
133033.0204937959 119661.2892780196
133670.6512250612 119661.2892780196
133351.8358594286 131323.8561880980
130163.6822031020 126371.2592810784
131598.3513484490 121418.6623740588
130323.0898859184 128128.6323771176
133830.0589078776 120779.6176118627
134786.5050047755 125891.9757094314
140046.9585377143 127010.3040432745
127613.1592780408 128607.9159487647
139568.7354892653 127809.1099960196
139568.7354892653 127649.3488054706
136221.1741501224 132122.6621408431
131279.5359828163 131004.3338070000
140046.9585377143 125732.2145188823
130482.4975687347 128927.4383298627
130163.6822031020 125572.4533283333
134786.5050047755 129566.4830920588
129207.2361062041 132442.1845219412
133511.2435422449 133240.9904746863
129685.4591546531 124454.1249944902
129685.4591546531 124933.4085661373
131917.1667140816 133081.2292841373
130801.3129343673 131164.0949975490
135583.5434188572 132601.9457124902
132076.5743968980 121418.6623740588
134148.8742735102 121897.9459457059
130163.6822031020 124454.1249944902
139409.3278064490 127329.8264243725
130960.7206171837 132921.4680935882
130163.6822031020 129726.2442826078
133192.4281766122 120140.5728496667
132554.7974453470 124613.8861850392
136699.3971985714 130045.7666637059
133351.8358594286 133400.7516652353
134627.0973219592 124933.4085661373
133989.4665906939 126690.7816621765
130323.0898859184 132921.4680935882
134148.8742735102 127489.5876149216
137496.4356126531 130045.7666637059
134308.2819563265 123016.2742795490

124902.0231819398 134941.0455440052
120755.2618636250 134460.5890075365
119479.3353041435 133339.5237557761
119479.3353041435 133019.2193981302
114375.6290662176 132538.7628616615
112621.2300469305 132218.4585040156
121393.2251433658 132058.3063251927
113737.6657864768 131257.5454310781
121074.2435034954 131097.3932522552
115651.5556256991 130456.7845369635
115970.5372655695 129976.3280004948
119479.3353041435 129335.7192852031
111983.2667671898 128855.2627487344
112621.2300469305 128534.9583910885
114375.6290662176 128214.6540334427
119319.8444842083 127093.5887816823
114535.1198861528 126773.2844240365
118043.9179247268 124851.4582781615
115332.5739858287 124210.8495628698
117565.4454649213 124050.6973840469
114694.6107060880 123089.7843111094
115492.0648057639 121167.9581652344
120117.2985838843 131257.5454310781
119479.3353041435 134140.2846498906
123626.0966224583 133819.9802922448
133830.0589078776 134199.5576179803
134148.8742735102 133720.2740463333
136061.7664673061 132921.4680935882
132395.3897625306 132601.9457124902
134308.2819563265 131323.8561880980
134467.6896391429 131004.3338070000
137177.6202470204 131004.3338070000
134148.8742735102 130045.7666637059
136221.1741501224 129566.4830920588
130163.6822031020 129406.7219015098
133192.4281766122 129087.1995204118
127931.9746436735 128767.6771393137
128410.1976921225 128128.6323771176
138293.4740267347 128128.6323771176
139728.1431720816 128128.6323771176
135105.3203704082 127809.1099960196
130482.4975687347 127649.3488054706
140684.5892689796 127010.3040432745
136539.9895157551 126690.7816621765
137018.2125642041 126531.0204716274
139090.5124408163 126531.0204716274
130641.9052515510 126051.7368999804
140046.9585377143 125732.2145188823
131598.3513484490 125252.9309472353
134627.0973219592 125252.9309472353
130004.2745202857 125093.1697566863
131438.9436656327 124773.6473755882
130641.9052515510 123016.2742795490
132554.7974453470 120779.6176118627
132873.6128109796 120460.0952307647
132873.6128109796 119501.5280874706
131917.1667140816 127649.3488054706
136858.8048813877 129566.4830920588
139249.9201236326 127489.5876149216
141003.4046346123 126371.2592810784
135583.5434188572 123495.5578511961
131598.3513484490 122536.9907079019
128729.0130577551 127010.3040432745
132395.3897625306 131164.0949975490
136380.5818329388 130684.8114259019
136539.9895157551 128128.6323771176
133670.6512250612 127968.8711865686
139568.7354892653 128607.9159487647
132235.9820797143 126690.7816621765
133033.0204937959 132601.9457124902
132714.2051281633 130684.8114259019
135583.5434188572 132921.4680935882
133033.0204937959 131803.1397597451
132714.2051281633 127968.8711865686
132235.9820797143 133880.0352368823

124902.0231819398 134941.0455440052
114535.1198861528 128374.8062122656
118522.3903845324 126773.2844240365
113897.1566064120 126452.9800663906
113737.6657864768 125492.0669934531
115492.0648057639 124851.4582781615
115811.0464456342 124050.6973840469
114375.6290662176 123410.0886687552
116927.4821851806 133019.2193981302
116289.5189054398 129495.8714640260
117086.9730051157 123410.0886687552
114056.6474263472 125331.9148146302
112302.2484070602 130616.9367157865
119957.8077639491 127093.5887816823
117086.9730051157 131257.5454310781
115970.5372655695 123890.5452052240
125061.5140018750 135421.5020804739
119479.3353041435 131738.0019675469
120755.2618636250 130136.4801793177
116449.0097253750 130616.9367157865
116449.0097253750 126933.4366028594
118841.3720244028 132859.0672193073
117405.9546449861 126933.4366028594
112461.7392269954 131577.8497887240
124264.0599021991 133659.8281134219
133830.0589078776 133400.7516652353
132395.3897625306 133240.9904746863
136221.1741501224 131323.8561880980
132395.3897625306 131164.0949975490
130960.7206171837 130684.8114259019
127931.9746436735 128767.6771393137
133351.8358594286 128448.1547582157
127453.7515952245 127968.8711865686
131917.1667140816 127649.3488054706
140046.9585377143 127329.8264243725
140684.5892689796 127010.3040432745
131598.3513484490 125252.9309472353
135742.9511016735 124933.4085661373
130323.0898859184 124773.6473755882
138134.0663439184 128607.9159487647
141322.2200002449 127010.3040432745
128410.1976921225 128128.6323771176
134945.9126875918 123016.2742795490
127931.9746436735 127329.8264243725
133033.0204937959 122536.9907079019
133511.2435422449 128288.3935676667
128250.7900093061 126371.2592810784
140525.1815861633 125732.2145188823
132395.3897625306 121099.1399929608
138293.4740267347 128448.1547582157
133351.8358594286 126850.5428527255
131438.9436656327 127968.8711865686
129844.8668374694 131962.9009502941
133511.2435422449 121418.6623740588
132873.6128109796 126051.7368999804
131279.5359828163 124454.1249944902
138931.1047580000 126371.2592810784
136699.3971985714 131323.8561880980
130482.4975687347 128927.4383298627
136699.3971985714 128767.6771393137
133989.4665906939 123495.5578511961
132235.9820797143 126690.7816621765
133192.4281766122 128767.6771393137
133670.6512250612 127489.5876149216
131917.1667140816 131643.3785691960
132235.9820797143 120779.6176118627
134945.9126875918 122057.7071362549
129844.8668374694 131643.3785691960
128569.6053749388 126850.5428527255
133670.6512250612 127968.8711865686
134308.2819563265 122696.7518984510
135583.5434188572 129087.1995204118
135902.3587844898 127968.8711865686
132076.5743968980 134039.7964274313
131279.5359828163 131323.8561880980

118362.8995645972 131577.8497887240
116289.5189054398 129976.3280004948
119000.8628443380 129816.1758216719
117565.4454649213 127574.0453181511
114694.6107060880 127253.7409605052
118362.8995645972 126292.8278875677
115811.0464456342 123890.5452052240
111983.2667671898 132378.6106828385
115013.5923459583 122929.6321322865
110866.8310276435 131097.3932522552
114854.1015260232 123410.0886687552
115811.0464456342 133179.3715769531
117405.9546449861 133339.5237557761
119479.3353041435 129495.8714640260
116927.4821851806 129015.4149275573
114375.6290662176 123730.3930264010
121393.2251433658 132218.4585040156
114854.1015260232 125011.6104569844
117405.9546449861 132698.9150404844
113737.6657864768 125972.5235299219
116130.0280855046 130937.2410734323
121712.2067832361 130777.0888946094
116927.4821851806 127413.8931393281
115332.5739858287 129175.5671063802
121393.2251433658 134780.8933651823
134148.8742735102 133720.2740463333
132395.3897625306 133240.9904746863
135105.3203704082 132921.4680935882
133192.4281766122 132282.4233313921
132235.9820797143 131323.8561880980
127772.5669608571 128767.6771393137
135105.3203704082 128607.9159487647
131120.1283000000 128448.1547582157
130004.2745202857 126850.5428527255
128410.1976921225 126531.0204716274
131438.9436656327 124773.6473755882
134786.5050047755 123016.2742795490
132554.7974453470 121418.6623740588
131757.7590312653 128448.1547582157
134627.0973219592 129087.1995204118
131279.5359828163 126850.5428527255
129366.6437890204 132601.9457124902
138771.6970751837 129886.0054731569
131120.1283000000 122856.5130890000
131917.1667140816 129726.2442826078
139409.3278064490 127489.5876149216
140684.5892689796 127489.5876149216
131757.7590312653 121578.4235646078
135264.7280532245 130365.2890448039
132235.9820797143 123176.0354700980
129207.2361062041 125732.2145188823
137974.6586611021 127010.3040432745
130641.9052515510 124613.8861850392
129526.0514718367 129246.9607109608
130960.7206171837 131803.1397597451
136061.7664673061 124134.6026133922
130801.3129343673 129406.7219015098
133033.0204937959 124773.6473755882
137496.4356126531 129886.0054731569
135902.3587844898 124294.3638039412
134148.8742735102 124134.6026133922
133989.4665906939 121258.9011835098
141641.0353658776 126211.4980905294
133351.8358594286 121099.1399929608
134308.2819563265 131323.8561880980
140525.1815861633 127968.8711865686
133830.0589078776 119980.8116591176
129844.8668374694 130365.2890448039
134308.2819563265 125252.9309472353
135264.7280532245 127329.8264243725
128410.1976921225 127010.3040432745
135105.3203704082 126531.0204716274
135902.3587844898 132601.9457124902
129047.8284233877 132122.6621408431
130163.6822031020 126051.7368999804

