152241741.8094765246 183.1568879783
154325524.3898839653 199.0360175669
157569871.3866267800 206.9835679829
153233019.3987292051 195.2792208195
153891082.6307900548 197.0130925775
155035540.3952288926 202.6157814264
157287187.5322499573 205.7157142758
152518640.0942723751 185.7749348879
162041522.7053913176 208.3958748877
159980669.2003784776 207.6115132421
152863807.8335020542 193.8787412643
152709100.5352944732 192.6937446594
155027373.4844976366 201.0997908115
158672377.2090595663 207.3346270621
155654447.8800253868 205.4134229422
154694790.3419103026 200.7498349249
154297661.9293277264 197.2872184813
