567759191.1955842972 5451931.6533203125
561371638.5316538811 5390696.2187500000
560775408.3447896242 5365254.8027343750
558853144.1656240225 5333163.6679687500
559948427.7190282345 5342658.5195312500
563373534.7330869436 5422570.9453125000
562054010.3431764841 5400110.8837890625
562345379.3201894760 5413512.6035156250
568307116.5578600168 5466431.2539062500
564541163.9000731707 5444135.1972656250
570732712.7532348633 5487249.8652343750
568121315.0187287331 5459779.0253906250
560740260.5133349895 5344327.9082031250
