207933923.0807541013 1663148.6054687500
202447658.8867805004 1644802.2294921875
201621914.7991964221 1641915.3339843750
196819067.4575745165 1621095.2207031250
200469909.3018902242 1627881.5380859375
209354792.1282939911 1675062.6201171875
196536570.5620984137 1479900.7177734375
199465673.0941484571 1624301.3769531250
209106019.0502983928 1669330.5224609375
200731001.6874778271 1639154.0961914062
202882830.6331120729 1661105.7128906250
201921420.8281426132 1643215.5654296875
202705407.6313254237 1648520.0292968750
205581947.5583438575 1662951.0156250000
200528920.4749419391 1629293.4169921875
