125914.3836016957 123174.9336832195
129412.4280818696 112620.7182999025
127981.4098854348 125573.6189976098
126391.3896671739 116138.7900943415
122257.3370996957 121735.7224945854
126232.3876453478 124933.9695804390
123688.3552961304 117418.0889286829
130366.4402128261 128132.2166662927
124324.3633834348 120936.1607231220
127981.4098854348 119816.7742430732
127504.4038199565 125253.7942890244
129412.4280818696 127652.4796034146
125278.3755143913 121096.0730774146
122734.3431651739 115978.8777400488
129253.4260600435 114219.8418428293
124801.3694489130 120776.2483688293
126709.3937108261 119017.2124716098
131638.4563874348 130211.0772720976
123847.3573179565 119017.2124716098
127504.4038199565 119177.1248259024
127663.4058417826 125253.7942890244
129094.4240382174 125893.4437061951
126232.3876453478 116778.4395115122
129253.4260600435 127012.8301862439
127345.4017981304 123174.9336832195
128617.4179727391 122855.1089746341
124642.3674270870 113420.2800713659
124483.3654052609 119656.8618887805
125596.3795580435 119816.7742430732
129889.4341473478 112460.8059456098
128935.4220163913 112300.8935913171
124960.3714707391 116778.4395115122
125437.3775362174 112780.6306541951
128299.4139290869 114699.5789057073
124324.3633834348 121575.8101402927
126232.3876453478 124134.4078089756
127822.4078636087 116458.6148029268
122734.3431651739 120776.2483688293
128140.4119072609 113260.3677170732
127981.4098854348 113580.1924256585
130207.4381910000 126213.2684147805
127027.3977544783 121096.0730774146
124165.3613616087 125093.8819347317
127027.3977544783 116298.7024486342
127504.4038199565 121735.7224945854
129571.4301036956 111821.1565284390
124006.3593397826 120136.5989516585
122257.3370996957 122855.1089746341
126232.3876453478 115659.0530314634
128935.4220163913 113420.2800713659
124801.3694489130 123974.4954546829
124642.3674270870 120776.2483688293
126391.3896671739 119496.9495344878
127663.4058417826 125733.5313519024
129889.4341473478 126373.1807690732
127186.3997763043 121735.7224945854
127186.3997763043 116298.7024486342
127981.4098854348 112940.5430084878
124006.3593397826 115179.3159685854
128140.4119072609 125573.6189976098
123688.3552961304 118857.3001173171
127822.4078636087 119816.7742430732
125596.3795580435 118377.5630544390
130843.4462783043 112460.8059456098
127822.4078636087 115339.2283228781
126232.3876453478 113580.1924256585
124165.3613616087 119816.7742430732
126709.3937108261 123814.5831003902
126232.3876453478 122695.1966203415
127345.4017981304 124933.9695804390
130525.4422346522 112940.5430084878
126232.3876453478 120776.2483688293
127186.3997763043 123974.4954546829
128935.4220163913 125573.6189976098
130525.4422346522 129571.4278549268
127345.4017981304 114219.8418428293
127027.3977544783 114699.5789057073
127504.4038199565 122695.1966203415
124006.3593397826 122375.3719117561
129730.4321255217 126213.2684147805
129253.4260600435 115019.4036142927
129412.4280818696 127172.7425405366

125437.3775362174 120936.1607231220
128617.4179727391 122055.5472031707
125437.3775362174 114059.9294885366
125278.3755143913 121895.6348488780
124483.3654052609 120616.3360145366
127345.4017981304 114699.5789057073
128776.4199945652 112140.9812370244
125596.3795580435 113100.4553627805
128776.4199945652 122855.1089746341
121144.3229469130 119816.7742430732
122098.3350778696 120616.3360145366
124324.3633834348 117098.2642200976
124324.3633834348 116298.7024486342
121462.3269905652 120936.1607231220
128458.4159509131 112620.7182999025
123847.3573179565 119337.0371801951
124642.3674270870 119177.1248259024
128617.4179727391 114059.9294885366
123211.3492306522 122535.2842660488
129094.4240382174 124933.9695804390
122734.3431651739 115339.2283228781
127981.4098854348 124294.3201632683
127186.3997763043 120936.1607231220
129094.4240382174 128292.1290205854
128935.4220163913 125413.7066433171
128299.4139290869 124614.1448718537
124006.3593397826 120296.5113059512
130048.4361691739 126693.0054776585
122257.3370996957 115659.0530314634
127027.3977544783 116778.4395115122
125914.3836016957 119177.1248259024
125119.3734925652 119816.7742430732
128776.4199945652 113900.0171342439
130207.4381910000 112460.8059456098
122893.3451870000 120296.5113059512
128617.4179727391 114539.6665514146
123211.3492306522 119976.6865973659
127663.4058417826 114699.5789057073
125119.3734925652 120616.3360145366
128299.4139290869 127812.3919577073
123052.3472088261 114379.7541971220
122734.3431651739 119656.8618887805
126391.3896671739 122215.4595574634
128458.4159509131 115978.8777400488
127345.4017981304 112620.7182999025
124324.3633834348 112460.8059456098
129412.4280818696 112940.5430084878
129889.4341473478 114219.8418428293
124642.3674270870 115659.0530314634
127504.4038199565 120136.5989516585
129094.4240382174 127172.7425405366
126232.3876453478 120616.3360145366
130366.4402128261 128132.2166662927
127186.3997763043 112620.7182999025
128458.4159509131 115499.1406771707
123847.3573179565 119177.1248259024
122416.3391215217 117897.8259915610
127027.3977544783 120136.5989516585
127345.4017981304 115019.4036142927
124960.3714707391 119656.8618887805
125278.3755143913 120616.3360145366
127663.4058417826 114379.7541971220
128299.4139290869 128132.2166662927
126709.3937108261 123334.8460375122
127027.3977544783 126373.1807690732
125914.3836016957 118377.5630544390
124960.3714707391 123174.9336832195
121462.3269905652 123015.0213289268
127504.4038199565 120936.1607231220
122893.3451870000 117737.9136372683
127981.4098854348 121895.6348488780
123370.3512524783 120136.5989516585
127027.3977544783 117897.8259915610
130207.4381910000 112620.7182999025
129412.4280818696 126852.9178319512
128299.4139290869 113580.1924256585
125755.3815798696 119656.8618887805
129730.4321255217 113420.2800713659
124801.3694489130 118537.4754087317
125755.3815798696 114539.6665514146
121462.3269905652 120616.3360145366
127981.4098854348 124454.2325175610

123529.3532743043 112300.8935913171
126073.3856235217 119816.7742430732
123370.3512524783 116458.6148029268
127663.4058417826 111821.1565284390
125278.3755143913 116938.3518658049
123052.3472088261 118057.7383458536
130366.4402128261 112460.8059456098
122893.3451870000 117258.1765743903
124801.3694489130 120296.5113059512
127345.4017981304 123974.4954546829
125437.3775362174 119337.0371801951
130207.4381910000 126852.9178319512
129889.4341473478 127652.4796034146
125119.3734925652 112940.5430084878
128776.4199945652 124933.9695804390
126709.3937108261 122375.3719117561
127822.4078636087 127972.3043120000
125278.3755143913 120936.1607231220
122257.3370996957 120776.2483688293
129412.4280818696 127972.3043120000
125437.3775362174 115659.0530314634
127822.4078636087 114699.5789057073
122734.3431651739 114859.4912600000
125755.3815798696 125093.8819347317
127186.3997763043 118217.6507001463
128458.4159509131 125093.8819347317
127186.3997763043 121735.7224945854
130366.4402128261 127972.3043120000
130048.4361691739 113740.1047799512
128617.4179727391 124294.3201632683
128458.4159509131 126213.2684147805
124165.3613616087 118697.3877630244
124960.3714707391 123974.4954546829
124801.3694489130 120936.1607231220
128458.4159509131 123814.5831003902
127345.4017981304 124774.0572261463
123847.3573179565 119816.7742430732
124960.3714707391 121255.9854317073
127345.4017981304 124454.2325175610
127981.4098854348 112620.7182999025
125278.3755143913 124134.4078089756
125596.3795580435 114699.5789057073
123688.3552961304 119337.0371801951
124324.3633834348 113100.4553627805
127186.3997763043 123174.9336832195
127981.4098854348 125733.5313519024
125437.3775362174 121415.8977860000
123688.3552961304 115499.1406771707
127027.3977544783 122695.1966203415
124006.3593397826 118377.5630544390
126709.3937108261 118857.3001173171
128935.4220163913 113100.4553627805
125755.3815798696 112460.8059456098
127186.3997763043 127172.7425405366
126391.3896671739 116138.7900943415
128299.4139290869 126533.0931233658
122734.3431651739 120776.2483688293
121939.3330560435 119656.8618887805
126232.3876453478 120616.3360145366
122575.3411433478 123814.5831003902
126550.3916890000 115339.2283228781
124801.3694489130 123334.8460375122
129412.4280818696 113740.1047799512
128617.4179727391 122535.2842660488
122098.3350778696 115978.8777400488
127027.3977544783 127332.6548948293
122893.3451870000 119976.6865973659
124642.3674270870 117578.0012829756
127027.3977544783 112140.9812370244
127981.4098854348 127172.7425405366
124165.3613616087 122375.3719117561
123529.3532743043 120776.2483688293
128776.4199945652 115659.0530314634
130684.4442564783 111661.2441741463
123052.3472088261 118217.6507001463
127027.3977544783 121575.8101402927
128458.4159509131 115659.0530314634
125437.3775362174 120296.5113059512
131320.4523437826 130690.8143349756
127345.4017981304 118697.3877630244
127663.4058417826 112620.7182999025
124165.3613616087 115499.1406771707

130843.4462783043 129411.5155006342
125437.3775362174 123814.5831003902
125914.3836016957 123814.5831003902
126391.3896671739 120936.1607231220
122575.3411433478 119816.7742430732
121303.3249687391 118697.3877630244
124324.3633834348 118217.6507001463
124642.3674270870 115499.1406771707
126073.3856235217 115339.2283228781
123052.3472088261 113740.1047799512
126232.3876453478 112940.5430084878
126232.3876453478 112300.8935913171
129094.4240382174 128771.8660834634
128299.4139290869 115019.4036142927
123688.3552961304 114219.8418428293
126709.3937108261 120456.4236602439
121780.3310342174 117897.8259915610
128776.4199945652 122055.5472031707
129253.4260600435 124933.9695804390
124006.3593397826 122375.3719117561
126232.3876453478 125573.6189976098
129094.4240382174 125893.4437061951
126709.3937108261 124134.4078089756
123688.3552961304 115499.1406771707
129889.4341473478 114219.8418428293
127981.4098854348 116298.7024486342
130048.4361691739 112140.9812370244
123688.3552961304 118057.7383458536
122893.3451870000 121096.0730774146
123370.3512524783 114539.6665514146
121621.3290123913 119976.6865973659
131320.4523437826 129411.5155006342
124801.3694489130 122215.4595574634
130525.4422346522 127812.3919577073
127186.3997763043 119656.8618887805
126232.3876453478 117418.0889286829
126073.3856235217 120136.5989516585
121939.3330560435 121895.6348488780
124165.3613616087 114859.4912600000
129730.4321255217 111821.1565284390
128299.4139290869 111821.1565284390
123688.3552961304 112940.5430084878
124483.3654052609 120776.2483688293
122893.3451870000 118377.5630544390
127663.4058417826 117098.2642200976
127504.4038199565 118537.4754087317
122734.3431651739 120616.3360145366
123052.3472088261 124134.4078089756
121780.3310342174 119017.2124716098
122098.3350778696 123334.8460375122
123211.3492306522 120616.3360145366
123688.3552961304 119177.1248259024
124960.3714707391 125733.5313519024
122734.3431651739 117897.8259915610
126232.3876453478 114859.4912600000
127981.4098854348 123015.0213289268
122416.3391215217 115499.1406771707
123529.3532743043 115818.9653857561
123847.3573179565 121255.9854317073
127504.4038199565 122055.5472031707
121780.3310342174 122215.4595574634
124642.3674270870 122535.2842660488
126391.3896671739 125893.4437061951
128935.4220163913 122855.1089746341
124324.3633834348 117737.9136372683
131002.4483001304 129891.2525635122
124165.3613616087 116458.6148029268
122416.3391215217 117098.2642200976
125278.3755143913 118537.4754087317
128140.4119072609 115818.9653857561
131638.4563874348 111821.1565284390
123211.3492306522 115339.2283228781
130525.4422346522 127492.5672491220
129889.4341473478 129411.5155006342
121144.3229469130 119656.8618887805
122734.3431651739 123334.8460375122
126232.3876453478 118057.7383458536
127822.4078636087 112620.7182999025
129571.4301036956 127652.4796034146
125119.3734925652 113420.2800713659
124801.3694489130 122855.1089746341
124960.3714707391 112620.7182999025

127027.3977544783 114059.9294885366
127027.3977544783 122535.2842660488
129412.4280818696 114379.7541971220
130048.4361691739 128292.1290205854
127186.3997763043 121096.0730774146
125119.3734925652 119177.1248259024
121462.3269905652 119816.7742430732
128935.4220163913 125253.7942890244
125437.3775362174 119337.0371801951
122893.3451870000 123174.9336832195
129094.4240382174 114059.9294885366
130843.4462783043 112620.7182999025
126391.3896671739 114059.9294885366
123052.3472088261 116298.7024486342
123688.3552961304 111981.0688827317
124642.3674270870 114219.8418428293
122098.3350778696 117418.0889286829
129730.4321255217 113100.4553627805
123211.3492306522 119816.7742430732
130207.4381910000 113420.2800713659
126550.3916890000 120776.2483688293
126550.3916890000 115659.0530314634
125755.3815798696 123974.4954546829
122416.3391215217 121415.8977860000
125437.3775362174 120456.4236602439
130048.4361691739 127012.8301862439
126232.3876453478 125893.4437061951
125755.3815798696 117258.1765743903
123847.3573179565 121575.8101402927
130207.4381910000 126533.0931233658
128140.4119072609 126213.2684147805
130525.4422346522 128132.2166662927
123052.3472088261 123174.9336832195
125914.3836016957 117418.0889286829
127186.3997763043 125893.4437061951
128935.4220163913 115019.4036142927
122416.3391215217 116138.7900943415
128617.4179727391 126373.1807690732
128935.4220163913 122215.4595574634
126391.3896671739 116618.5271572195
122575.3411433478 115179.3159685854
128776.4199945652 114539.6665514146
128935.4220163913 112460.8059456098
128776.4199945652 115179.3159685854
129730.4321255217 112140.9812370244
127504.4038199565 114539.6665514146
131320.4523437826 111661.2441741463
125278.3755143913 118217.6507001463
125914.3836016957 120616.3360145366
125755.3815798696 119496.9495344878
122734.3431651739 119177.1248259024
125437.3775362174 121415.8977860000
128299.4139290869 126693.0054776585
121939.3330560435 121895.6348488780
129412.4280818696 112780.6306541951
127981.4098854348 123015.0213289268
127345.4017981304 119496.9495344878
122893.3451870000 121575.8101402927
126232.3876453478 120136.5989516585
123211.3492306522 123334.8460375122
129094.4240382174 124454.2325175610
127027.3977544783 123974.4954546829
126868.3957326522 113420.2800713659
126709.3937108261 121575.8101402927
124165.3613616087 124294.3201632683
127027.3977544783 112780.6306541951
127822.4078636087 126053.3560604878
124324.3633834348 117418.0889286829
125437.3775362174 116298.7024486342
130843.4462783043 111981.0688827317
126550.3916890000 122055.5472031707
128299.4139290869 127012.8301862439
129889.4341473478 127332.6548948293
122893.3451870000 120456.4236602439
127504.4038199565 120616.3360145366
127345.4017981304 127172.7425405366
129253.4260600435 125733.5313519024
129253.4260600435 112140.9812370244
124642.3674270870 119816.7742430732
122575.3411433478 117897.8259915610
130207.4381910000 113580.1924256585
123370.3512524783 124294.3201632683

131479.4543656087 130530.9019806829
129889.4341473478 129411.5155006342
127663.4058417826 126852.9178319512
127186.3997763043 126693.0054776585
125437.3775362174 123814.5831003902
123370.3512524783 123654.6707460976
122575.3411433478 119177.1248259024
125437.3775362174 117578.0012829756
124483.3654052609 114219.8418428293
125278.3755143913 112620.7182999025
123847.3573179565 112300.8935913171
124801.3694489130 123334.8460375122
124801.3694489130 114379.7541971220
128140.4119072609 113420.2800713659
130366.4402128261 112460.8059456098
127504.4038199565 118057.7383458536
124165.3613616087 117258.1765743903
127663.4058417826 125093.8819347317
124483.3654052609 123015.0213289268
126709.3937108261 114699.5789057073
130048.4361691739 128611.9537291707
127027.3977544783 122855.1089746341
127981.4098854348 125573.6189976098
128776.4199945652 115019.4036142927
123211.3492306522 112940.5430084878
123211.3492306522 114859.4912600000
126868.3957326522 119816.7742430732
123211.3492306522 118057.7383458536
130207.4381910000 127972.3043120000
128458.4159509131 124294.3201632683
125437.3775362174 119816.7742430732
129889.4341473478 127332.6548948293
130207.4381910000 111661.2441741463
121780.3310342174 116938.3518658049
128140.4119072609 127652.4796034146
122257.3370996957 122855.1089746341
126550.3916890000 113100.4553627805
121780.3310342174 122695.1966203415
125914.3836016957 122375.3719117561
122257.3370996957 116138.7900943415
126709.3937108261 119337.0371801951
123688.3552961304 121096.0730774146
123529.3532743043 121415.8977860000
125596.3795580435 122055.5472031707
131320.4523437826 111661.2441741463
127663.4058417826 114859.4912600000
125914.3836016957 125573.6189976098
125914.3836016957 122695.1966203415
127981.4098854348 119816.7742430732
127186.3997763043 119496.9495344878
126550.3916890000 124933.9695804390
125437.3775362174 124454.2325175610
124006.3593397826 119976.6865973659
123847.3573179565 119656.8618887805
125278.3755143913 113100.4553627805
124483.3654052609 117578.0012829756
128617.4179727391 126053.3560604878
127186.3997763043 122055.5472031707
123052.3472088261 123174.9336832195
126550.3916890000 125893.4437061951
121939.3330560435 116618.5271572195
127981.4098854348 123334.8460375122
127981.4098854348 127492.5672491220
122893.3451870000 117578.0012829756
127504.4038199565 112620.7182999025
128935.4220163913 125413.7066433171
122257.3370996957 123334.8460375122
129412.4280818696 127012.8301862439
126232.3876453478 112300.8935913171
127822.4078636087 113260.3677170732
129571.4301036956 128132.2166662927
121462.3269905652 118697.3877630244
125914.3836016957 124294.3201632683
123370.3512524783 117098.2642200976
128458.4159509131 111981.0688827317
128140.4119072609 125253.7942890244
124642.3674270870 113740.1047799512
124642.3674270870 122535.2842660488
121621.3290123913 117737.9136372683
130684.4442564783 129411.5155006342
126709.3937108261 114539.6665514146
122734.3431651739 116138.7900943415

131002.4483001304 129891.2525635122
130843.4462783043 129251.6031463415
129571.4301036956 128771.8660834634
127186.3997763043 127172.7425405366
125119.3734925652 125733.5313519024
129094.4240382174 125733.5313519024
128299.4139290869 125573.6189976098
126391.3896671739 125413.7066433171
124483.3654052609 124774.0572261463
123529.3532743043 124614.1448718537
124324.3633834348 124454.2325175610
128299.4139290869 124294.3201632683
123370.3512524783 123814.5831003902
128617.4179727391 123654.6707460976
125914.3836016957 122215.4595574634
128299.4139290869 122215.4595574634
121780.3310342174 121895.6348488780
121621.3290123913 121415.8977860000
125596.3795580435 119496.9495344878
122575.3411433478 119177.1248259024
122893.3451870000 118377.5630544390
125914.3836016957 118377.5630544390
126550.3916890000 118057.7383458536
123370.3512524783 117897.8259915610
122893.3451870000 117418.0889286829
123847.3573179565 117098.2642200976
126391.3896671739 116618.5271572195
122734.3431651739 116138.7900943415
124960.3714707391 115659.0530314634
126232.3876453478 115659.0530314634
123688.3552961304 115019.4036142927
124165.3613616087 115019.4036142927
123211.3492306522 114699.5789057073
124006.3593397826 113420.2800713659
123052.3472088261 113260.3677170732
125119.3734925652 112780.6306541951
127822.4078636087 112620.7182999025
125119.3734925652 112460.8059456098
123847.3573179565 112300.8935913171
125278.3755143913 112140.9812370244
126073.3856235217 112140.9812370244
124801.3694489130 111981.0688827317
127027.3977544783 111981.0688827317
129412.4280818696 111821.1565284390
127186.3997763043 123654.6707460976
121621.3290123913 121255.9854317073
124165.3613616087 121735.7224945854
122575.3411433478 118857.3001173171
122893.3451870000 113900.0171342439
125278.3755143913 123334.8460375122
128935.4220163913 127972.3043120000
121621.3290123913 120936.1607231220
123529.3532743043 112140.9812370244
126073.3856235217 124614.1448718537
122416.3391215217 119496.9495344878
126550.3916890000 113100.4553627805
122575.3411433478 114699.5789057073
128935.4220163913 123015.0213289268
127822.4078636087 111981.0688827317
124642.3674270870 116778.4395115122
122734.3431651739 117258.1765743903
129730.4321255217 126852.9178319512
124642.3674270870 117418.0889286829
127663.4058417826 113260.3677170732
131320.4523437826 129411.5155006342
121939.3330560435 121255.9854317073
130525.4422346522 112300.8935913171
129094.4240382174 115339.2283228781
123688.3552961304 121096.0730774146
126709.3937108261 118697.3877630244
125437.3775362174 121096.0730774146
122257.3370996957 123494.7583918049
121144.3229469130 118857.3001173171
127981.4098854348 125253.7942890244
128299.4139290869 126693.0054776585
127504.4038199565 118537.4754087317
129889.4341473478 113900.0171342439
128458.4159509131 112780.6306541951
128458.4159509131 121575.8101402927
121939.3330560435 118057.7383458536
125278.3755143913 116938.3518658049
129730.4321255217 127172.7425405366

131956.4604310869 131170.5513978536
128140.4119072609 127972.3043120000
128299.4139290869 127332.6548948293
129571.4301036956 126852.9178319512
126709.3937108261 126533.0931233658
128776.4199945652 126533.0931233658
129253.4260600435 124933.9695804390
125119.3734925652 124774.0572261463
125437.3775362174 124774.0572261463
127345.4017981304 124614.1448718537
125278.3755143913 124134.4078089756
129412.4280818696 124134.4078089756
124483.3654052609 123015.0213289268
125755.3815798696 123015.0213289268
125914.3836016957 120456.4236602439
123688.3552961304 119816.7742430732
126709.3937108261 119017.2124716098
123688.3552961304 118217.6507001463
125596.3795580435 118217.6507001463
121462.3269905652 118057.7383458536
128617.4179727391 114379.7541971220
123847.3573179565 114059.9294885366
124483.3654052609 113100.4553627805
129730.4321255217 112620.7182999025
129571.4301036956 112140.9812370244
125755.3815798696 124134.4078089756
122257.3370996957 117098.2642200976
121939.3330560435 123015.0213289268
127345.4017981304 113100.4553627805
126868.3957326522 112780.6306541951
130843.4462783043 128931.7784377561
121303.3249687391 121735.7224945854
124324.3633834348 123334.8460375122
124483.3654052609 121575.8101402927
126868.3957326522 125093.8819347317
127027.3977544783 119337.0371801951
124165.3613616087 115818.9653857561
123052.3472088261 114859.4912600000
127186.3997763043 125893.4437061951
122734.3431651739 117897.8259915610
123847.3573179565 121096.0730774146
123688.3552961304 115659.0530314634
123211.3492306522 112620.7182999025
126232.3876453478 124614.1448718537
129412.4280818696 128452.0413748780
126868.3957326522 117737.9136372683
127504.4038199565 112300.8935913171
125596.3795580435 122855.1089746341
128458.4159509131 112140.9812370244
128617.4179727391 112780.6306541951
127981.4098854348 116458.6148029268
124324.3633834348 120296.5113059512
123211.3492306522 118857.3001173171
125914.3836016957 114219.8418428293
123529.3532743043 112940.5430084878
127663.4058417826 126533.0931233658
124006.3593397826 117098.2642200976
123847.3573179565 124614.1448718537
125437.3775362174 117578.0012829756
128617.4179727391 114059.9294885366
123052.3472088261 118057.7383458536
122734.3431651739 115978.8777400488
126550.3916890000 125573.6189976098
124801.3694489130 123814.5831003902
129253.4260600435 112620.7182999025
128617.4179727391 126852.9178319512
129253.4260600435 111821.1565284390
128140.4119072609 122855.1089746341
129571.4301036956 112780.6306541951
123529.3532743043 112300.8935913171
121303.3249687391 120776.2483688293
128776.4199945652 112460.8059456098
129253.4260600435 123174.9336832195
127663.4058417826 115339.2283228781
129571.4301036956 114379.7541971220
122893.3451870000 119816.7742430732
124483.3654052609 120456.4236602439
124642.3674270870 115339.2283228781
128776.4199945652 114379.7541971220
128140.4119072609 125893.4437061951
125596.3795580435 122375.3719117561
131002.4483001304 112460.8059456098

128299.4139290869 127012.8301862439
125914.3836016957 120456.4236602439
123688.3552961304 112460.8059456098
126709.3937108261 116618.5271572195
126868.3957326522 120296.5113059512
122257.3370996957 121096.0730774146
128617.4179727391 126373.1807690732
130843.4462783043 127812.3919577073
124960.3714707391 119976.6865973659
125755.3815798696 123334.8460375122
122416.3391215217 117737.9136372683
123211.3492306522 119656.8618887805
130207.4381910000 112620.7182999025
131638.4563874348 130690.8143349756
121462.3269905652 118057.7383458536
126709.3937108261 118057.7383458536
125119.3734925652 114379.7541971220
121621.3290123913 120136.5989516585
124801.3694489130 113260.3677170732
130207.4381910000 128931.7784377561
125914.3836016957 112300.8935913171
129889.4341473478 125413.7066433171
126868.3957326522 118697.3877630244
121939.3330560435 120456.4236602439
126232.3876453478 122695.1966203415
127186.3997763043 117258.1765743903
125755.3815798696 118697.3877630244
127345.4017981304 114379.7541971220
125278.3755143913 115339.2283228781
126391.3896671739 114059.9294885366
128458.4159509131 111821.1565284390
129094.4240382174 112940.5430084878
126550.3916890000 121895.6348488780
126232.3876453478 121735.7224945854
123052.3472088261 114219.8418428293
123847.3573179565 116778.4395115122
129571.4301036956 126053.3560604878
128299.4139290869 112460.8059456098
127663.4058417826 120456.4236602439
126232.3876453478 113420.2800713659
128935.4220163913 122375.3719117561
127663.4058417826 123334.8460375122
126232.3876453478 115818.9653857561
126391.3896671739 125413.7066433171
130684.4442564783 112780.6306541951
127981.4098854348 119976.6865973659
127822.4078636087 113580.1924256585
127504.4038199565 123494.7583918049
128617.4179727391 115818.9653857561
130207.4381910000 126693.0054776585
127504.4038199565 121895.6348488780
128776.4199945652 113420.2800713659
122416.3391215217 120776.2483688293
124801.3694489130 118537.4754087317
128617.4179727391 125253.7942890244
126232.3876453478 122215.4595574634
127981.4098854348 115019.4036142927
122416.3391215217 123494.7583918049
128776.4199945652 123015.0213289268
127345.4017981304 118377.5630544390
128776.4199945652 121895.6348488780
121939.3330560435 119496.9495344878
123370.3512524783 116778.4395115122
128140.4119072609 128132.2166662927
122893.3451870000 121895.6348488780
125596.3795580435 124294.3201632683
129094.4240382174 127972.3043120000
127027.3977544783 125733.5313519024
126868.3957326522 112780.6306541951
125914.3836016957 120936.1607231220
128140.4119072609 115818.9653857561
124006.3593397826 120776.2483688293
124642.3674270870 117578.0012829756
127663.4058417826 122055.5472031707
123211.3492306522 118537.4754087317
128458.4159509131 124454.2325175610
123211.3492306522 122375.3719117561
125278.3755143913 118537.4754087317
127663.4058417826 127812.3919577073
122257.3370996957 118857.3001173171
125119.3734925652 119656.8618887805
128458.4159509131 116138.7900943415

128776.4199945652 125893.4437061951
130048.4361691739 113420.2800713659
129412.4280818696 114219.8418428293
122416.3391215217 116298.7024486342
131479.4543656087 111661.2441741463
124960.3714707391 112620.7182999025
122257.3370996957 120296.5113059512
125119.3734925652 120296.5113059512
130048.4361691739 127812.3919577073
126709.3937108261 117578.0012829756
130366.4402128261 129891.2525635122
126550.3916890000 123015.0213289268
128299.4139290869 127812.3919577073
127027.3977544783 121096.0730774146
127345.4017981304 126373.1807690732
122575.3411433478 120616.3360145366
129412.4280818696 125253.7942890244
130207.4381910000 127492.5672491220
128140.4119072609 112460.8059456098
127186.3997763043 116458.6148029268
125437.3775362174 115179.3159685854
122734.3431651739 123814.5831003902
127345.4017981304 114379.7541971220
129253.4260600435 124774.0572261463
126550.3916890000 113260.3677170732
127345.4017981304 118697.3877630244
128458.4159509131 113740.1047799512
125278.3755143913 116138.7900943415
124324.3633834348 111981.0688827317
130048.4361691739 113260.3677170732
126709.3937108261 121735.7224945854
128617.4179727391 112620.7182999025
130843.4462783043 112140.9812370244
127027.3977544783 125733.5313519024
122098.3350778696 117418.0889286829
123052.3472088261 118537.4754087317
126709.3937108261 125573.6189976098
127345.4017981304 117578.0012829756
126391.3896671739 114219.8418428293
122575.3411433478 120296.5113059512
127027.3977544783 115339.2283228781
128299.4139290869 121255.9854317073
124801.3694489130 113420.2800713659
127663.4058417826 120936.1607231220
123370.3512524783 113260.3677170732
127822.4078636087 116618.5271572195
127345.4017981304 120296.5113059512
130207.4381910000 111661.2441741463
124801.3694489130 120136.5989516585
125596.3795580435 122855.1089746341
126868.3957326522 116458.6148029268
124324.3633834348 124614.1448718537
124165.3613616087 120616.3360145366
124324.3633834348 119337.0371801951
125437.3775362174 120616.3360145366
127822.4078636087 123974.4954546829
130525.4422346522 112780.6306541951
127027.3977544783 115978.8777400488
127186.3997763043 114699.5789057073
126868.3957326522 118377.5630544390
124801.3694489130 120936.1607231220
130366.4402128261 127332.6548948293
124801.3694489130 121096.0730774146
124324.3633834348 122375.3719117561
122257.3370996957 116938.3518658049
126073.3856235217 121735.7224945854
122098.3350778696 116298.7024486342
121621.3290123913 119656.8618887805
125755.3815798696 125413.7066433171
126550.3916890000 122535.2842660488
123211.3492306522 118217.6507001463
130048.4361691739 126373.1807690732
130048.4361691739 128771.8660834634
123370.3512524783 123015.0213289268
121144.3229469130 119017.2124716098
131002.4483001304 129091.6907920488
127504.4038199565 125093.8819347317
124483.3654052609 120776.2483688293
122575.3411433478 116618.5271572195
126550.3916890000 123494.7583918049
127663.4058417826 126373.1807690732
121780.3310342174 123174.9336832195

125278.3755143913 117737.9136372683
128140.4119072609 120776.2483688293
126232.3876453478 113580.1924256585
125119.3734925652 124774.0572261463
122416.3391215217 119017.2124716098
126868.3957326522 118697.3877630244
129571.4301036956 128132.2166662927
125755.3815798696 119337.0371801951
126232.3876453478 114859.4912600000
128140.4119072609 122375.3719117561
127822.4078636087 125093.8819347317
125914.3836016957 124454.2325175610
125914.3836016957 118857.3001173171
126550.3916890000 118057.7383458536
123211.3492306522 116618.5271572195
127981.4098854348 124454.2325175610
121780.3310342174 117737.9136372683
126709.3937108261 121096.0730774146
122416.3391215217 121415.8977860000
123052.3472088261 124134.4078089756
129253.4260600435 114539.6665514146
127504.4038199565 120136.5989516585
129412.4280818696 112780.6306541951
126073.3856235217 112140.9812370244
122893.3451870000 114219.8418428293
125437.3775362174 125093.8819347317
130366.4402128261 128452.0413748780
128617.4179727391 115818.9653857561
127504.4038199565 113260.3677170732
130684.4442564783 111661.2441741463
126073.3856235217 122055.5472031707
122575.3411433478 118697.3877630244
126232.3876453478 125733.5313519024
127822.4078636087 113580.1924256585
125755.3815798696 124294.3201632683
123847.3573179565 119017.2124716098
122575.3411433478 120296.5113059512
123847.3573179565 120936.1607231220
126232.3876453478 120136.5989516585
127663.4058417826 123015.0213289268
123529.3532743043 120296.5113059512
127027.3977544783 115019.4036142927
129253.4260600435 125733.5313519024
126391.3896671739 116778.4395115122
131161.4503219565 129091.6907920488
128299.4139290869 123974.4954546829
126550.3916890000 120296.5113059512
121780.3310342174 118697.3877630244
123052.3472088261 122855.1089746341
125755.3815798696 120776.2483688293
129253.4260600435 113900.0171342439
122893.3451870000 121255.9854317073
129730.4321255217 128771.8660834634
129412.4280818696 112140.9812370244
121462.3269905652 119337.0371801951
129094.4240382174 124933.9695804390
128617.4179727391 115499.1406771707
122893.3451870000 117258.1765743903
124483.3654052609 115179.3159685854
122416.3391215217 118057.7383458536
123688.3552961304 113100.4553627805
129094.4240382174 127492.5672491220
124324.3633834348 114379.7541971220
126391.3896671739 123494.7583918049
127186.3997763043 123814.5831003902
129094.4240382174 127172.7425405366
126709.3937108261 125413.7066433171
127027.3977544783 117098.2642200976
129889.4341473478 126373.1807690732
127822.4078636087 127652.4796034146
124960.3714707391 124134.4078089756
126550.3916890000 120616.3360145366
127027.3977544783 120136.5989516585
129094.4240382174 123974.4954546829
124960.3714707391 118697.3877630244
129889.4341473478 125733.5313519024
128140.4119072609 124933.9695804390
127186.3997763043 113740.1047799512
123370.3512524783 121575.8101402927
127504.4038199565 127332.6548948293
128299.4139290869 114699.5789057073
124324.3633834348 116458.6148029268

131002.4483001304 129891.2525635122
131320.4523437826 129411.5155006342
130366.4402128261 129251.6031463415
128935.4220163913 127972.3043120000
128617.4179727391 126373.1807690732
129094.4240382174 125733.5313519024
125755.3815798696 124134.4078089756
123847.3573179565 123174.9336832195
125119.3734925652 123015.0213289268
121939.3330560435 121255.9854317073
122734.3431651739 119177.1248259024
125119.3734925652 118697.3877630244
126709.3937108261 118697.3877630244
127504.4038199565 118537.4754087317
125437.3775362174 118217.6507001463
126550.3916890000 118217.6507001463
121939.3330560435 118057.7383458536
125437.3775362174 116458.6148029268
122734.3431651739 116138.7900943415
126868.3957326522 115818.9653857561
124642.3674270870 115339.2283228781
123529.3532743043 114859.4912600000
122893.3451870000 114539.6665514146
124483.3654052609 114219.8418428293
128617.4179727391 114059.9294885366
126232.3876453478 112940.5430084878
127504.4038199565 112780.6306541951
124642.3674270870 112460.8059456098
125119.3734925652 112460.8059456098
123847.3573179565 112300.8935913171
127981.4098854348 125733.5313519024
128776.4199945652 128292.1290205854
130048.4361691739 112620.7182999025
128458.4159509131 116138.7900943415
130843.4462783043 112460.8059456098
123211.3492306522 113420.2800713659
129412.4280818696 111821.1565284390
127504.4038199565 121575.8101402927
128458.4159509131 112780.6306541951
122257.3370996957 123334.8460375122
124006.3593397826 111981.0688827317
124642.3674270870 113740.1047799512
129730.4321255217 127172.7425405366
127663.4058417826 123814.5831003902
126391.3896671739 125413.7066433171
131479.4543656087 130530.9019806829
125278.3755143913 112140.9812370244
121780.3310342174 119177.1248259024
129889.4341473478 126852.9178319512
124324.3633834348 124454.2325175610
128776.4199945652 122215.4595574634
122893.3451870000 119656.8618887805
127822.4078636087 114699.5789057073
124801.3694489130 111981.0688827317
127345.4017981304 118057.7383458536
124483.3654052609 124774.0572261463
128299.4139290869 122215.4595574634
124006.3593397826 115339.2283228781
131002.4483001304 128611.9537291707
123529.3532743043 124614.1448718537
121621.3290123913 120936.1607231220
127981.4098854348 113580.1924256585
124801.3694489130 116938.3518658049
122575.3411433478 122535.2842660488
129889.4341473478 113900.0171342439
123211.3492306522 114699.5789057073
129571.4301036956 128771.8660834634
127981.4098854348 125253.7942890244
123529.3532743043 120776.2483688293
122734.3431651739 121895.6348488780
124006.3593397826 113420.2800713659
121780.3310342174 121895.6348488780
127822.4078636087 111981.0688827317
124642.3674270870 112780.6306541951
122893.3451870000 119177.1248259024
126709.3937108261 122855.1089746341
128299.4139290869 115019.4036142927
127186.3997763043 123654.6707460976
125755.3815798696 122375.3719117561
126550.3916890000 113100.4553627805
123052.3472088261 123015.0213289268
127981.4098854348 127652.4796034146

128299.4139290869 123654.6707460976
123370.3512524783 121895.6348488780
126232.3876453478 126533.0931233658
130048.4361691739 127012.8301862439
126868.3957326522 119816.7742430732
129094.4240382174 111981.0688827317
126232.3876453478 122055.5472031707
128458.4159509131 124614.1448718537
128458.4159509131 126533.0931233658
122734.3431651739 114859.4912600000
123529.3532743043 121096.0730774146
125119.3734925652 119656.8618887805
125278.3755143913 121895.6348488780
128458.4159509131 115019.4036142927
125914.3836016957 115339.2283228781
126550.3916890000 125093.8819347317
128776.4199945652 115179.3159685854
129094.4240382174 127812.3919577073
127186.3997763043 123974.4954546829
127981.4098854348 124933.9695804390
123052.3472088261 116618.5271572195
125914.3836016957 126053.3560604878
125914.3836016957 119976.6865973659
122257.3370996957 120776.2483688293
128776.4199945652 124774.0572261463
129889.4341473478 126053.3560604878
125437.3775362174 118697.3877630244
121939.3330560435 121575.8101402927
123211.3492306522 124134.4078089756
124642.3674270870 117897.8259915610
126868.3957326522 127172.7425405366
128935.4220163913 125253.7942890244
129094.4240382174 125893.4437061951
124324.3633834348 118857.3001173171
128935.4220163913 122215.4595574634
127345.4017981304 123654.6707460976
127504.4038199565 127652.4796034146
128776.4199945652 113740.1047799512
125914.3836016957 119656.8618887805
129094.4240382174 112620.7182999025
127027.3977544783 116618.5271572195
126232.3876453478 118857.3001173171
127027.3977544783 126852.9178319512
125596.3795580435 122535.2842660488
123211.3492306522 118217.6507001463
130684.4442564783 112780.6306541951
131638.4563874348 130370.9896263902
124960.3714707391 119816.7742430732
126391.3896671739 116298.7024486342
128935.4220163913 112140.9812370244
123211.3492306522 122375.3719117561
122098.3350778696 118217.6507001463
125278.3755143913 120776.2483688293
127822.4078636087 119976.6865973659
129253.4260600435 113420.2800713659
122734.3431651739 121255.9854317073
124960.3714707391 120296.5113059512
131002.4483001304 128771.8660834634
123529.3532743043 119656.8618887805
126391.3896671739 115019.4036142927
128140.4119072609 113420.2800713659
126709.3937108261 113740.1047799512
128299.4139290869 122375.3719117561
129730.4321255217 127972.3043120000
124483.3654052609 119337.0371801951
122893.3451870000 116138.7900943415
124642.3674270870 119656.8618887805
124801.3694489130 115659.0530314634
124801.3694489130 121415.8977860000
127186.3997763043 124454.2325175610
126709.3937108261 123494.7583918049
122734.3431651739 123654.6707460976
123370.3512524783 112460.8059456098
125119.3734925652 120616.3360145366
127822.4078636087 116458.6148029268
130207.4381910000 112780.6306541951
126868.3957326522 117098.2642200976
122257.3370996957 120296.5113059512
126073.3856235217 124933.9695804390
124642.3674270870 119496.9495344878
121303.3249687391 119816.7742430732
122893.3451870000 121735.7224945854

131002.4483001304 130370.9896263902
130843.4462783043 129251.6031463415
128776.4199945652 128292.1290205854
127186.3997763043 126693.0054776585
123529.3532743043 124614.1448718537
123370.3512524783 123654.6707460976
126868.3957326522 123494.7583918049
124483.3654052609 123015.0213289268
121621.3290123913 122055.5472031707
128299.4139290869 122055.5472031707
128617.4179727391 121415.8977860000
127981.4098854348 120936.1607231220
121939.3330560435 120616.3360145366
123211.3492306522 119496.9495344878
122575.3411433478 118857.3001173171
123529.3532743043 118857.3001173171
125119.3734925652 118697.3877630244
126709.3937108261 118697.3877630244
125278.3755143913 118537.4754087317
122257.3370996957 118377.5630544390
124165.3613616087 118377.5630544390
122734.3431651739 117258.1765743903
123847.3573179565 117098.2642200976
126073.3856235217 117098.2642200976
124960.3714707391 116938.3518658049
125278.3755143913 116938.3518658049
122416.3391215217 115499.1406771707
124006.3593397826 115339.2283228781
126073.3856235217 115339.2283228781
127663.4058417826 115179.3159685854
128458.4159509131 115179.3159685854
124165.3613616087 115019.4036142927
122893.3451870000 114379.7541971220
124642.3674270870 114059.9294885366
123211.3492306522 113420.2800713659
124006.3593397826 113420.2800713659
123052.3472088261 113260.3677170732
127027.3977544783 113260.3677170732
129889.4341473478 113260.3677170732
123688.3552961304 112620.7182999025
125278.3755143913 112620.7182999025
130684.4442564783 112620.7182999025
125278.3755143913 112300.8935913171
130525.4422346522 112300.8935913171
123847.3573179565 111981.0688827317
127822.4078636087 111981.0688827317
124642.3674270870 122535.2842660488
127027.3977544783 115019.4036142927
125755.3815798696 118537.4754087317
121462.3269905652 123015.0213289268
121780.3310342174 119017.2124716098
125278.3755143913 123334.8460375122
125596.3795580435 125253.7942890244
123370.3512524783 117098.2642200976
122893.3451870000 118377.5630544390
126868.3957326522 118057.7383458536
122734.3431651739 123015.0213289268
127027.3977544783 126053.3560604878
128935.4220163913 124614.1448718537
129730.4321255217 127172.7425405366
127345.4017981304 113580.1924256585
126709.3937108261 117098.2642200976
124006.3593397826 124933.9695804390
126232.3876453478 121895.6348488780
124960.3714707391 124134.4078089756
122575.3411433478 116618.5271572195
130048.4361691739 128452.0413748780
130366.4402128261 111981.0688827317
127822.4078636087 119017.2124716098
123847.3573179565 112300.8935913171
124801.3694489130 115339.2283228781
131320.4523437826 129411.5155006342
127981.4098854348 114699.5789057073
128140.4119072609 112300.8935913171
130048.4361691739 129571.4278549268
129571.4301036956 127012.8301862439
122734.3431651739 123334.8460375122
125914.3836016957 124294.3201632683
121303.3249687391 118697.3877630244
123370.3512524783 120776.2483688293
131161.4503219565 130051.1649178049
125914.3836016957 123814.5831003902

125437.3775362174 124294.3201632683
127822.4078636087 113740.1047799512
129253.4260600435 127812.3919577073
128935.4220163913 126373.1807690732
130843.4462783043 129731.3402092195
130843.4462783043 128931.7784377561
126391.3896671739 119976.6865973659
122098.3350778696 123015.0213289268
126391.3896671739 126533.0931233658
127345.4017981304 125253.7942890244
123847.3573179565 120616.3360145366
124165.3613616087 121575.8101402927
125119.3734925652 114059.9294885366
126709.3937108261 116938.3518658049
125437.3775362174 121255.9854317073
127186.3997763043 120616.3360145366
130525.4422346522 127652.4796034146
127504.4038199565 115339.2283228781
125596.3795580435 117098.2642200976
127504.4038199565 127492.5672491220
123847.3573179565 123015.0213289268
126550.3916890000 114379.7541971220
129412.4280818696 127172.7425405366
124801.3694489130 117897.8259915610
124006.3593397826 123814.5831003902
129730.4321255217 125413.7066433171
127027.3977544783 117098.2642200976
126232.3876453478 119017.2124716098
127186.3997763043 123974.4954546829
128458.4159509131 114539.6665514146
123847.3573179565 119017.2124716098
129571.4301036956 126053.3560604878
124960.3714707391 115978.8777400488
128140.4119072609 111981.0688827317
127981.4098854348 126213.2684147805
128617.4179727391 125733.5313519024
127186.3997763043 119816.7742430732
122893.3451870000 116298.7024486342
123211.3492306522 117737.9136372683
124324.3633834348 115978.8777400488
131797.4584092609 130690.8143349756
127186.3997763043 112300.8935913171
128299.4139290869 115339.2283228781
129730.4321255217 112140.9812370244
126391.3896671739 125413.7066433171
128140.4119072609 123174.9336832195
127027.3977544783 114379.7541971220
127822.4078636087 127492.5672491220
124642.3674270870 125253.7942890244
127345.4017981304 123174.9336832195
124642.3674270870 119816.7742430732
124483.3654052609 113100.4553627805
126232.3876453478 123494.7583918049
122734.3431651739 123494.7583918049
127822.4078636087 124933.9695804390
121780.3310342174 117737.9136372683
129730.4321255217 125093.8819347317
126868.3957326522 121096.0730774146
125119.3734925652 120296.5113059512
131161.4503219565 111661.2441741463
128617.4179727391 112460.8059456098
121621.3290123913 118857.3001173171
123688.3552961304 117737.9136372683
123529.3532743043 114859.4912600000
129253.4260600435 126533.0931233658
127822.4078636087 125093.8819347317
127027.3977544783 121735.7224945854
125596.3795580435 118537.4754087317
124324.3633834348 123015.0213289268
128935.4220163913 115019.4036142927
127027.3977544783 121575.8101402927
124801.3694489130 120936.1607231220
126073.3856235217 118697.3877630244
123370.3512524783 121575.8101402927
124642.3674270870 121575.8101402927
128617.4179727391 126852.9178319512
126391.3896671739 120456.4236602439
129412.4280818696 113740.1047799512
124642.3674270870 118057.7383458536
126868.3957326522 122535.2842660488
127663.4058417826 120456.4236602439
128458.4159509131 113100.4553627805

128299.4139290869 126533.0931233658
128776.4199945652 126213.2684147805
125914.3836016957 125413.7066433171
127186.3997763043 119816.7742430732
121621.3290123913 118537.4754087317
126868.3957326522 118217.6507001463
123688.3552961304 113900.0171342439
130684.4442564783 111661.2441741463
124642.3674270870 119177.1248259024
123211.3492306522 123015.0213289268
124165.3613616087 122215.4595574634
128617.4179727391 113100.4553627805
123211.3492306522 117737.9136372683
126073.3856235217 123814.5831003902
128458.4159509131 113420.2800713659
127981.4098854348 114219.8418428293
128299.4139290869 125093.8819347317
127981.4098854348 120776.2483688293
122257.3370996957 118057.7383458536
131320.4523437826 130690.8143349756
121303.3249687391 121415.8977860000
126550.3916890000 115339.2283228781
124801.3694489130 116938.3518658049
121780.3310342174 119017.2124716098
125119.3734925652 125733.5313519024
126073.3856235217 115339.2283228781
128776.4199945652 115499.1406771707
122416.3391215217 118537.4754087317
126391.3896671739 121096.0730774146
125596.3795580435 112300.8935913171
129571.4301036956 112620.7182999025
124324.3633834348 125093.8819347317
129571.4301036956 111981.0688827317
130048.4361691739 128771.8660834634
126073.3856235217 113260.3677170732
125119.3734925652 124774.0572261463
123688.3552961304 115818.9653857561
122416.3391215217 121895.6348488780
127027.3977544783 122535.2842660488
126073.3856235217 120936.1607231220
129412.4280818696 127332.6548948293
126868.3957326522 113580.1924256585
127186.3997763043 116298.7024486342
126391.3896671739 119177.1248259024
126391.3896671739 117258.1765743903
125119.3734925652 114539.6665514146
123052.3472088261 118697.3877630244
125914.3836016957 123654.6707460976
129730.4321255217 128452.0413748780
128299.4139290869 126053.3560604878
125119.3734925652 113580.1924256585
125119.3734925652 119656.8618887805
124165.3613616087 120936.1607231220
130366.4402128261 129891.2525635122
128935.4220163913 122535.2842660488
128776.4199945652 126533.0931233658
128935.4220163913 123015.0213289268
122734.3431651739 115339.2283228781
123847.3573179565 123015.0213289268
123847.3573179565 117098.2642200976
127504.4038199565 125413.7066433171
128458.4159509131 111981.0688827317
122098.3350778696 121575.8101402927
127027.3977544783 111981.0688827317
130525.4422346522 112460.8059456098
125119.3734925652 117578.0012829756
126868.3957326522 120936.1607231220
129730.4321255217 125253.7942890244
128299.4139290869 125733.5313519024
123370.3512524783 112300.8935913171
127504.4038199565 122535.2842660488
124801.3694489130 124294.3201632683
122575.3411433478 120296.5113059512
128776.4199945652 114859.4912600000
127345.4017981304 121575.8101402927
125278.3755143913 122855.1089746341
122575.3411433478 116778.4395115122
123529.3532743043 119017.2124716098
130207.4381910000 113740.1047799512
125596.3795580435 124454.2325175610
123529.3532743043 124134.4078089756
129571.4301036956 127012.8301862439

129571.4301036956 128771.8660834634
127027.3977544783 126693.0054776585
126709.3937108261 125893.4437061951
125914.3836016957 125413.7066433171
123370.3512524783 123814.5831003902
129094.4240382174 123814.5831003902
127186.3997763043 123654.6707460976
124801.3694489130 123334.8460375122
124006.3593397826 123174.9336832195
121621.3290123913 121255.9854317073
123052.3472088261 120776.2483688293
126550.3916890000 120616.3360145366
121780.3310342174 120296.5113059512
122416.3391215217 120296.5113059512
122416.3391215217 119496.9495344878
121462.3269905652 117897.8259915610
124324.3633834348 117897.8259915610
125119.3734925652 117258.1765743903
128140.4119072609 115019.4036142927
127822.4078636087 114699.5789057073
127822.4078636087 113420.2800713659
123211.3492306522 113100.4553627805
125119.3734925652 112780.6306541951
130207.4381910000 112780.6306541951
128776.4199945652 113740.1047799512
122734.3431651739 115179.3159685854
127345.4017981304 125413.7066433171
128935.4220163913 125093.8819347317
125437.3775362174 118217.6507001463
126709.3937108261 123654.6707460976
129730.4321255217 126213.2684147805
126709.3937108261 116138.7900943415
127822.4078636087 111981.0688827317
129412.4280818696 112780.6306541951
125119.3734925652 112460.8059456098
129412.4280818696 127172.7425405366
122575.3411433478 116938.3518658049
126232.3876453478 123334.8460375122
122257.3370996957 123494.7583918049
128935.4220163913 122375.3719117561
126868.3957326522 114539.6665514146
122257.3370996957 118377.5630544390
121303.3249687391 118857.3001173171
123529.3532743043 112140.9812370244
127663.4058417826 113260.3677170732
130684.4442564783 113100.4553627805
123688.3552961304 115499.1406771707
124324.3633834348 114059.9294885366
125755.3815798696 115499.1406771707
125755.3815798696 116458.6148029268
121462.3269905652 122855.1089746341
128776.4199945652 125893.4437061951
124165.3613616087 121255.9854317073
123688.3552961304 115179.3159685854
123370.3512524783 116778.4395115122
122734.3431651739 116458.6148029268
125914.3836016957 122375.3719117561
124801.3694489130 124134.4078089756
124006.3593397826 114059.9294885366
124801.3694489130 112940.5430084878
124165.3613616087 122695.1966203415
123370.3512524783 117418.0889286829
127981.4098854348 125733.5313519024
122893.3451870000 120776.2483688293
122098.3350778696 118377.5630544390
124801.3694489130 113260.3677170732
128935.4220163913 126213.2684147805
126391.3896671739 113420.2800713659
127822.4078636087 126852.9178319512
123688.3552961304 113100.4553627805
124642.3674270870 125413.7066433171
128617.4179727391 115499.1406771707
128299.4139290869 112460.8059456098
126391.3896671739 125413.7066433171
128458.4159509131 121895.6348488780
123052.3472088261 123015.0213289268
121462.3269905652 121575.8101402927
121621.3290123913 119656.8618887805
125437.3775362174 121096.0730774146
125914.3836016957 124933.9695804390
122257.3370996957 122695.1966203415
124642.3674270870 125093.8819347317

