142327082.3743135631 3232987.8291015625
140844667.4712414742 3145864.5556640625
144407092.1209052205 3249272.9267578125
142710389.4192898571 3234276.1337890625
141801696.6214534342 3216537.6025390625
141264736.2811567783 3204718.1181640625
147829837.9798766375 3263410.0634765625
150499495.5699082911 3267019.1455078125
144926262.1463478804 3257354.8369140625
141166057.6690829098 3176960.5673828125
143817381.5841931105 3243849.6767578125
141636582.5940377712 3205378.1337890625
149229611.4136536121 3265260.8642578125
146902228.1760816872 3260843.0126953125
143134275.7682398856 3234478.4384765625
143374075.1257533431 3243608.4970703125
144279654.5457838178 3245281.2587890625
145370118.9074446261 3260143.2470703125
147982419.8403741419 3264154.2548828125
144576177.9541615546 3251498.7470703125
150836880.9607525766 3270922.9345703125
144298399.3259087801 3245960.2353515625
