584074464.1287063360 424116.3415527344
572824892.5628266335 411288.2158203125
566320030.7401278019 392912.8585052490
572645783.8073048592 410191.4894409180
572829861.6315732002 412999.8719329834
566366677.3286942244 395363.4476699829
567604470.8293589354 398752.0002746582
570352793.7162917852 406168.3153686523
578418230.8293988705 419637.6239776611
563864172.2162234783 377304.0273666382
563205016.5388382673 363618.9967269897
571468716.8620259762 407825.5809936523
576234485.7033303976 418104.3568725586
564241985.4242905378 380859.5965881348
566083407.8498243093 391245.0708389282
574097961.5705634356 416519.7924728394
567133952.5034819841 398278.6023864746
563998559.2138381004 380772.5133666992
569067738.8113423586 402426.3018493652
564886181.2048935890 390743.7279663086
570296234.1133675575 402661.2967834473
568419458.6942652464 402200.5429077148
