882871008.2219121456 254424.3823699951
909784815.7982382774 268740.5846595764
902254211.0291182995 267426.7873420715
895388945.2846581936 264773.0950393677
889006893.2392402887 263063.9938068390
883934106.9385701418 257088.2586822510
893661436.4578437805 264070.9770736694
884092049.6492677927 261376.9388313293
880634424.0894397497 252699.0756149292
884227580.8350721598 261554.6615486145
883438370.2214279175 254644.5292778015
882760643.7353237867 253772.2338542938
877690365.7433314323 250072.2350845337
894480102.9588656425 264512.2200813293
883546969.0377061367 255090.3198661804
898596581.9923779964 266142.3519897461
912568948.0370612144 268888.0137519836
894035523.6264489889 264509.7305030823
907992787.4922972918 267978.8170318604
881485954.9471135139 253075.3904590607
895718050.5089206696 265191.9407615662
895560559.3978670835 264931.9856262207
890037620.0095825195 263077.6857194901
