429473663.5327664614 5522488.2128906250
435109007.9092005491 5580302.5000000000
433828708.7298319340 5568285.5605468750
430135708.6372137666 5549347.6523437500
426302208.6266854405 5491730.9941406250
431732116.0761044621 5558884.4179687500
427888053.9848489761 5504987.4863281250
429077494.3973454833 5519327.2363281250
436506063.7827047706 5586972.7285156250
433109862.8649556637 5561004.8769531250
440651704.9277638793 5587013.0410156250
430079544.8312982321 5547886.4433593750
429694159.2605238557 5539863.2871093750
436219323.1907441616 5586621.0761718750
