870959637.1365658045 536792.1438598633
861514348.1449337006 525241.9675216675
863957015.7308992147 530566.9275817871
842117603.8448015451 499945.0016860962
862458676.6403524876 526563.6618881226
860304583.6084690094 524556.0390243530
848134870.7515087128 508992.2885227203
864900492.6512173414 535166.6154632568
843916274.5718902349 503661.8973846436
863434435.3839111328 527329.7689666748
861996791.3879972696 526424.1857604980
849224928.5292658806 520376.1423873901
863306246.8575838804 527045.9546508789
863779471.3824974298 528578.5376052856
860298494.8899427652 522346.3548965454
839249427.2157166004 479304.7788696289
841963795.8324230909 490464.5305099487
846794854.8170255423 504712.8882751465
837630517.9916023016 436047.8377723694
848796690.7221745253 512364.6742763519
857995686.6135486364 521813.3341598511
839891477.6641983986 489594.6592826843
