120692986.1647678316 24936.0814590454
127795282.7427291274 26640.7372665405
123487688.8491683304 26126.4939346313
122346056.5142530352 25670.3522720337
121162962.0583075583 25033.7087574005
124981179.2844869196 26269.5670661926
123072650.8774796575 25889.7221298218
122077063.2578808367 25661.1345672607
127005705.8992542475 26631.1860046387
126338265.3962990642 26533.2197723389
126773441.9845385998 26542.3394126892
123169619.3520111442 25923.1679306030
122804721.7712000906 25822.7522468567
121467391.2037567347 25107.7352218628
121568363.6360535026 25531.9763031006
122404441.1244019121 25712.9719467163
120656321.7539279759 23434.3961067200
125686564.2505265027 26364.2617874146
119929862.4408574551 23329.6546592712
