120565.5264527683 126719.5869548878
120886.7402251098 126719.5869548878
122010.9884283049 126238.0383179346
122171.5953144756 125435.4572563458
128274.6569889634 123830.2951331682
129720.1189645000 123669.7789208505
124580.6986070366 123509.2627085327
127150.4087857683 122706.6816469439
129238.2983059878 122385.6492223084
133253.4704602561 122225.1330099907
133895.8980049390 122225.1330099907
135983.7875251586 122225.1330099907
135341.3599804756 121743.5843730374
137750.4632730366 121743.5843730374
129077.6914198171 121422.5519484019
128114.0501027927 120780.4870991308
137750.4632730366 120780.4870991308
128114.0501027927 119977.9060375421
134056.5048911098 119496.3574005888
129398.9051921585 119014.8087636355
133735.2911187683 117730.6790650935
132450.4360294025 117570.1628527757
134217.1117772805 117570.1628527757
132289.8291432317 117409.6466404579
132932.2566879146 117249.1304281402
131326.1878262073 116928.0980035047
131647.4015985488 116928.0980035047
132450.4360294025 115965.0007295981
134217.1117772805 115643.9683049626
135983.7875251586 113717.7737571495
138874.7114762317 113396.7413325140
137750.4632730366 111470.5467847009
137750.4632730366 113396.7413325140
133092.8635740854 121904.1005853551
137589.8563868659 114038.8061817851
126668.5881272561 121422.5519484019
134538.3255496219 120619.9708868131
137429.2495006951 116286.0331542336
136947.4288421829 112112.6116339720
134377.7186634512 121904.1005853551
136305.0012975000 112754.6764832430
138071.6770453780 113878.2899694673
138392.8908177195 113717.7737571495
121529.1677697927 126077.5221056168
131486.7947123781 121101.5195237664
136947.4288421829 117570.1628527757
124420.0917208659 125756.4896809813
124098.8779485244 124953.9086193925
137108.0357283537 115483.4520926449
130683.7602815244 123348.7464962149

137268.6426145244 119496.3574005888
137589.8563868659 115162.4196680093
128595.8707613049 122064.6167976729
128114.0501027927 124472.3599824393
134538.3255496219 117570.1628527757
120565.5264527683 127040.6193795234
130041.3327368415 120780.4870991308
121850.3815421341 126238.0383179346
126347.3743549146 124953.9086193925
128114.0501027927 123509.2627085327
138714.1045900610 119335.8411882710
134217.1117772805 119977.9060375421
121529.1677697927 125917.0058932991
125865.5536964025 124632.8761947570
128917.0845336463 122225.1330099907
134217.1117772805 122706.6816469439
138232.2839315488 119496.3574005888
134698.9324357927 120619.9708868131
137589.8563868659 116767.5817911869
138874.7114762317 111310.0305723832
138874.7114762317 117891.1952774112
133253.4704602561 119175.3249759533
139195.9252485732 120298.9384621776
134538.3255496219 118372.7439143645
129398.9051921585 122385.6492223084
131326.1878262073 118051.7114897290
136465.6081836707 117891.1952774112
136786.8219560122 112433.6440586075
125865.5536964025 122867.1978592617
133092.8635740854 121422.5519484019
127471.6225581098 121422.5519484019
137429.2495006951 120459.4546744953
125383.7330378902 122706.6816469439
134217.1117772805 117409.6466404579
134859.5393219634 121101.5195237664
137589.8563868659 112112.6116339720
124259.4848346951 123348.7464962149
131165.5809400366 119014.8087636355
134859.5393219634 122546.1654346262
137268.6426145244 119977.9060375421
132129.2222570610 120780.4870991308
132289.8291432317 120138.4222498598
137750.4632730366 114841.3872433738
134538.3255496219 114680.8710310561
133253.4704602561 117730.6790650935
138714.1045900610 110988.9981477477
135983.7875251586 117088.6142158224
122332.2022006463 126398.5545302523
138714.1045900610 120138.4222498598
129559.5120783293 118533.2601266822

122010.9884283049 126238.0383179346
122171.5953144756 125435.4572563458
125865.5536964025 124632.8761947570
129238.2983059878 122385.6492223084
133253.4704602561 122225.1330099907
134217.1117772805 122064.6167976729
134859.5393219634 122064.6167976729
137750.4632730366 121743.5843730374
126829.1950134268 121583.0681607196
126668.5881272561 121422.5519484019
129077.6914198171 121422.5519484019
131486.7947123781 121101.5195237664
135180.7530943049 121101.5195237664
132771.6498017439 120138.4222498598
134056.5048911098 119496.3574005888
137108.0357283537 119496.3574005888
133735.2911187683 117730.6790650935
132450.4360294025 117570.1628527757
131968.6153708902 117409.6466404579
132289.8291432317 117409.6466404579
131326.1878262073 116928.0980035047
137429.2495006951 116286.0331542336
132450.4360294025 115965.0007295981
134217.1117772805 115643.9683049626
135983.7875251586 113717.7737571495
138392.8908177195 113717.7737571495
136786.8219560122 113557.2575448318
137108.0357283537 113396.7413325140
137750.4632730366 111310.0305723832
130683.7602815244 123348.7464962149
124259.4848346951 123509.2627085327
138553.4977038902 112754.6764832430
123617.0572900122 124953.9086193925
133253.4704602561 118372.7439143645
137750.4632730366 120780.4870991308
135341.3599804756 121743.5843730374
139356.5321347439 116607.0655788692
135662.5737528171 118693.7763390000
134056.5048911098 118533.2601266822
123938.2710623537 123669.7789208505
129398.9051921585 119014.8087636355
120565.5264527683 126719.5869548878
135823.1806389878 121904.1005853551
124901.9123793780 123509.2627085327
138874.7114762317 113396.7413325140
130201.9396230122 118693.7763390000
127471.6225581098 123990.8113454860
138553.4977038902 120941.0033114486
128595.8707613049 120780.4870991308
124098.8779485244 124953.9086193925

137108.0357283537 115643.9683049626
132289.8291432317 119014.8087636355
135662.5737528171 118372.7439143645
139035.3183624024 121101.5195237664
136947.4288421829 117570.1628527757
121047.3471112805 126880.1031672056
138874.7114762317 118533.2601266822
127953.4432166219 121583.0681607196
123617.0572900122 124472.3599824393
138714.1045900610 112754.6764832430
124901.9123793780 123830.2951331682
124098.8779485244 124151.3275578037
138392.8908177195 117730.6790650935
134698.9324357927 115804.4845172804
136626.2150698415 121422.5519484019
134217.1117772805 122225.1330099907
134859.5393219634 114680.8710310561
125383.7330378902 123990.8113454860
127311.0156719390 123669.7789208505
124098.8779485244 124793.3924070748
135180.7530943049 114680.8710310561
132771.6498017439 117088.6142158224
135823.1806389878 115965.0007295981
137589.8563868659 118051.7114897290
134377.7186634512 120138.4222498598
139035.3183624024 115804.4845172804
136465.6081836707 121101.5195237664
130362.5465091829 120138.4222498598
134538.3255496219 114359.8386064206
135341.3599804756 114841.3872433738
135501.9668666463 115322.9358803271
126507.9812410854 122546.1654346262
132289.8291432317 121583.0681607196
137589.8563868659 121101.5195237664
135823.1806389878 115001.9034556916
137268.6426145244 117891.1952774112
131165.5809400366 119335.8411882710
127632.2294442805 123669.7789208505
127150.4087857683 124632.8761947570
136465.6081836707 114680.8710310561
136144.3944113293 116767.5817911869
136144.3944113293 114199.3223941028
137911.0701592073 118372.7439143645
136305.0012975000 115804.4845172804
130201.9396230122 122867.1978592617
138874.7114762317 117249.1304281402
124420.0917208659 125435.4572563458
139195.9252485732 114841.3872433738
136626.2150698415 121743.5843730374
135341.3599804756 116125.5169419159

120886.7402251098 126719.5869548878
125865.5536964025 124632.8761947570
128917.0845336463 124472.3599824393
124901.9123793780 123509.2627085327
126026.1605825732 122706.6816469439
129238.2983059878 122385.6492223084
129559.5120783293 122225.1330099907
135983.7875251586 122225.1330099907
134859.5393219634 122064.6167976729
133092.8635740854 121904.1005853551
135823.1806389878 121904.1005853551
128595.8707613049 120941.0033114486
128114.0501027927 119977.9060375421
137108.0357283537 119496.3574005888
134056.5048911098 118533.2601266822
135501.9668666463 117730.6790650935
132932.2566879146 117249.1304281402
134056.5048911098 116767.5817911869
132450.4360294025 115965.0007295981
135823.1806389878 115965.0007295981
134217.1117772805 115643.9683049626
136947.4288421829 114520.3548187383
137589.8563868659 114038.8061817851
138874.7114762317 113396.7413325140
131486.7947123781 121101.5195237664
130201.9396230122 118693.7763390000
126668.5881272561 121422.5519484019
122010.9884283049 126238.0383179346
139356.5321347439 116928.0980035047
138714.1045900610 111952.0954216542
135983.7875251586 113717.7737571495
121529.1677697927 126077.5221056168
138874.7114762317 121422.5519484019
122171.5953144756 125435.4572563458
135501.9668666463 121743.5843730374
130683.7602815244 123348.7464962149
130362.5465091829 119977.9060375421
137429.2495006951 115001.9034556916
120565.5264527683 126719.5869548878
124741.3054932073 125435.4572563458
136305.0012975000 112754.6764832430
129398.9051921585 119014.8087636355
129720.1189645000 123669.7789208505
137750.4632730366 111310.0305723832
122492.8090868171 124953.9086193925
138714.1045900610 110346.9332984766
132129.2222570610 117570.1628527757
125544.3399240610 122706.6816469439
135662.5737528171 119817.3898252243
137750.4632730366 112112.6116339720

122010.9884283049 126238.0383179346
124420.0917208659 125756.4896809813
129720.1189645000 123669.7789208505
124580.6986070366 123509.2627085327
129238.2983059878 122385.6492223084
133253.4704602561 122225.1330099907
134859.5393219634 122064.6167976729
126829.1950134268 121583.0681607196
129077.6914198171 121422.5519484019
128756.4776474756 121101.5195237664
137750.4632730366 120780.4870991308
132771.6498017439 120138.4222498598
128114.0501027927 119977.9060375421
137108.0357283537 119496.3574005888
136465.6081836707 118212.2277020467
132129.2222570610 117570.1628527757
131968.6153708902 117409.6466404579
131326.1878262073 116928.0980035047
131647.4015985488 116928.0980035047
134217.1117772805 115643.9683049626
137589.8563868659 114038.8061817851
135983.7875251586 113717.7737571495
136786.8219560122 113557.2575448318
136305.0012975000 112754.6764832430
122171.5953144756 125435.4572563458
133895.8980049390 121422.5519484019
132450.4360294025 117570.1628527757
137108.0357283537 113396.7413325140
131486.7947123781 121101.5195237664
130683.7602815244 123348.7464962149
139356.5321347439 116928.0980035047
123938.2710623537 123669.7789208505
124259.4848346951 124953.9086193925
126668.5881272561 121422.5519484019
129398.9051921585 119014.8087636355
132932.2566879146 117249.1304281402
134056.5048911098 118533.2601266822
135180.7530943049 121101.5195237664
133414.0773464268 119817.3898252243
134217.1117772805 122064.6167976729
137750.4632730366 121743.5843730374
135020.1462081342 119817.3898252243
120565.5264527683 127040.6193795234
136626.2150698415 121743.5843730374
134217.1117772805 117570.1628527757
124259.4848346951 123509.2627085327
138392.8908177195 113717.7737571495
136465.6081836707 112433.6440586075
136786.8219560122 120459.4546744953
137750.4632730366 111310.0305723832

130362.5465091829 121422.5519484019
125062.5192655488 123509.2627085327
138071.6770453780 120298.9384621776
136144.3944113293 116286.0331542336
137589.8563868659 115965.0007295981
125062.5192655488 124472.3599824393
127150.4087857683 121583.0681607196
128917.0845336463 120459.4546744953
134377.7186634512 115001.9034556916
131486.7947123781 123509.2627085327
134538.3255496219 115643.9683049626
135341.3599804756 118854.2925513178
127953.4432166219 124793.3924070748
129238.2983059878 121743.5843730374
132771.6498017439 117409.6466404579
122653.4159729878 125595.9734686636
136626.2150698415 118854.2925513178
135983.7875251586 114841.3872433738
120726.1333389390 126719.5869548878
131968.6153708902 121422.5519484019
122492.8090868171 126398.5545302523
126347.3743549146 124953.9086193925
122974.6297453293 126077.5221056168
135662.5737528171 116286.0331542336
136947.4288421829 121904.1005853551
122010.9884283049 125917.0058932991
138714.1045900610 118372.7439143645
129880.7258506707 119817.3898252243
136465.6081836707 119977.9060375421
128114.0501027927 122385.6492223084
137268.6426145244 113557.2575448318
131968.6153708902 119496.3574005888
135501.9668666463 120298.9384621776
132932.2566879146 116286.0331542336
132129.2222570610 123348.7464962149
139035.3183624024 118051.7114897290
139195.9252485732 114520.3548187383
131326.1878262073 122385.6492223084
129398.9051921585 122867.1978592617
133253.4704602561 122706.6816469439
137750.4632730366 117730.6790650935
134698.9324357927 121904.1005853551
138553.4977038902 121101.5195237664
134698.9324357927 120941.0033114486
138232.2839315488 117409.6466404579
122492.8090868171 125114.4248317103
135662.5737528171 114841.3872433738
129720.1189645000 123027.7140715794
135341.3599804756 117249.1304281402
138392.8908177195 111952.0954216542

120565.5264527683 126719.5869548878
122010.9884283049 126238.0383179346
124098.8779485244 124953.9086193925
124259.4848346951 124953.9086193925
125865.5536964025 124632.8761947570
129720.1189645000 123669.7789208505
124259.4848346951 123509.2627085327
132450.4360294025 122546.1654346262
133253.4704602561 122225.1330099907
135341.3599804756 121743.5843730374
126829.1950134268 121583.0681607196
126668.5881272561 121422.5519484019
131486.7947123781 121101.5195237664
128114.0501027927 120780.4870991308
137750.4632730366 120780.4870991308
132771.6498017439 120138.4222498598
128114.0501027927 119977.9060375421
134056.5048911098 119496.3574005888
137108.0357283537 119496.3574005888
129398.9051921585 119014.8087636355
132450.4360294025 117570.1628527757
131968.6153708902 117409.6466404579
132932.2566879146 117249.1304281402
131326.1878262073 116928.0980035047
131647.4015985488 116928.0980035047
134217.1117772805 115643.9683049626
136786.8219560122 113557.2575448318
137108.0357283537 113396.7413325140
138392.8908177195 113717.7737571495
130683.7602815244 123348.7464962149
133895.8980049390 121422.5519484019
134056.5048911098 122064.6167976729
122171.5953144756 125435.4572563458
137589.8563868659 114038.8061817851
138874.7114762317 113396.7413325140
134217.1117772805 117570.1628527757
137750.4632730366 121743.5843730374
129077.6914198171 121422.5519484019
133735.2911187683 117730.6790650935
123938.2710623537 123669.7789208505
134056.5048911098 118533.2601266822
132450.4360294025 115965.0007295981
128756.4776474756 121101.5195237664
129238.2983059878 122385.6492223084
135983.7875251586 113717.7737571495
124580.6986070366 123509.2627085327
138553.4977038902 112754.6764832430
134859.5393219634 122064.6167976729
136786.8219560122 120459.4546744953
128114.0501027927 121262.0357360841

135341.3599804756 116446.5493665514
123295.8435176707 125917.0058932991
135180.7530943049 120138.4222498598
138714.1045900610 113396.7413325140
122653.4159729878 125114.4248317103
135662.5737528171 120298.9384621776
136626.2150698415 114841.3872433738
131486.7947123781 121101.5195237664
131486.7947123781 121904.1005853551
122171.5953144756 126077.5221056168
122492.8090868171 126238.0383179346
130201.9396230122 118854.2925513178
135983.7875251586 122225.1330099907
131004.9740538659 123188.2302838972
129238.2983059878 119496.3574005888
122492.8090868171 126077.5221056168
139035.3183624024 119175.3249759533
135823.1806389878 115965.0007295981
136465.6081836707 121904.1005853551
125704.9468102317 123027.7140715794
123295.8435176707 124953.9086193925
134859.5393219634 119175.3249759533
137429.2495006951 118854.2925513178
135823.1806389878 118372.7439143645
136786.8219560122 118372.7439143645
138232.2839315488 112594.1602709252
134859.5393219634 114841.3872433738
137750.4632730366 117891.1952774112
138714.1045900610 113236.2251201963
138392.8908177195 111952.0954216542
138071.6770453780 112594.1602709252
137429.2495006951 115483.4520926449
123135.2366315000 125917.0058932991
135501.9668666463 120298.9384621776
127471.6225581098 123188.2302838972
130683.7602815244 123669.7789208505
123938.2710623537 125595.9734686636
138874.7114762317 120138.4222498598
134859.5393219634 117409.6466404579
128435.2638751342 124632.8761947570
138874.7114762317 118372.7439143645
129398.9051921585 122706.6816469439
138392.8908177195 110828.4819354299
136465.6081836707 121743.5843730374
130201.9396230122 121422.5519484019
139356.5321347439 116286.0331542336
120886.7402251098 126880.1031672056
122171.5953144756 126238.0383179346
130523.1533953537 121904.1005853551
129720.1189645000 119977.9060375421

137268.6426145244 111791.5792093364
137589.8563868659 121422.5519484019
132932.2566879146 118212.2277020467
122492.8090868171 125114.4248317103
131326.1878262073 118212.2277020467
137911.0701592073 121262.0357360841
139035.3183624024 117730.6790650935
135020.1462081342 115643.9683049626
136947.4288421829 113878.2899694673
130362.5465091829 123509.2627085327
132450.4360294025 115965.0007295981
138232.2839315488 112754.6764832430
136465.6081836707 118372.7439143645
139035.3183624024 112594.1602709252
128595.8707613049 120941.0033114486
126989.8018995976 122706.6816469439
134538.3255496219 117730.6790650935
131647.4015985488 123348.7464962149
137911.0701592073 120298.9384621776
130523.1533953537 119656.8736129065
136465.6081836707 117409.6466404579
131808.0084847195 118212.2277020467
135983.7875251586 114199.3223941028
126186.7674687439 124472.3599824393
135020.1462081342 121904.1005853551
135983.7875251586 118693.7763390000
130844.3671676951 117409.6466404579
123295.8435176707 124953.9086193925
129880.7258506707 119977.9060375421
127632.2294442805 122064.6167976729
134377.7186634512 117409.6466404579
136626.2150698415 121743.5843730374
137750.4632730366 112915.1926955607
136786.8219560122 120780.4870991308
138232.2839315488 117249.1304281402
126026.1605825732 122064.6167976729
125865.5536964025 123669.7789208505
131326.1878262073 118693.7763390000
133414.0773464268 116446.5493665514
130201.9396230122 119014.8087636355
131326.1878262073 122546.1654346262
136786.8219560122 111952.0954216542
138714.1045900610 120941.0033114486
129238.2983059878 123830.2951331682
135020.1462081342 117891.1952774112
137429.2495006951 116767.5817911869
135180.7530943049 119496.3574005888
136626.2150698415 119496.3574005888
136626.2150698415 115643.9683049626
127792.8363304512 120941.0033114486

139195.9252485732 117570.1628527757
135020.1462081342 117088.6142158224
136305.0012975000 117570.1628527757
131486.7947123781 118693.7763390000
138874.7114762317 115804.4845172804
136947.4288421829 121262.0357360841
131647.4015985488 122385.6492223084
132932.2566879146 122867.1978592617
125865.5536964025 124311.8437701215
138553.4977038902 120138.4222498598
132289.8291432317 117730.6790650935
136626.2150698415 117570.1628527757
130844.3671676951 123669.7789208505
135662.5737528171 114520.3548187383
138392.8908177195 121101.5195237664
130362.5465091829 119014.8087636355
132450.4360294025 120941.0033114486
133574.6842325976 122225.1330099907
131165.5809400366 121262.0357360841
138553.4977038902 111631.0629970187
138232.2839315488 117891.1952774112
131808.0084847195 123509.2627085327
130201.9396230122 118212.2277020467
135341.3599804756 117088.6142158224
125865.5536964025 124632.8761947570
130844.3671676951 121904.1005853551
136144.3944113293 121743.5843730374
122653.4159729878 126398.5545302523
133574.6842325976 122385.6492223084
121047.3471112805 126559.0707425701
135823.1806389878 119335.8411882710
132129.2222570610 118693.7763390000
138392.8908177195 112112.6116339720
138553.4977038902 117730.6790650935
136626.2150698415 114841.3872433738
126347.3743549146 124472.3599824393
132932.2566879146 117730.6790650935
136465.6081836707 112915.1926955607
132129.2222570610 123348.7464962149
134859.5393219634 114841.3872433738
121047.3471112805 126880.1031672056
128435.2638751342 124311.8437701215
128595.8707613049 122867.1978592617
133574.6842325976 121583.0681607196
137911.0701592073 120138.4222498598
139517.1390209146 117730.6790650935
133414.0773464268 123027.7140715794
131968.6153708902 118372.7439143645
122010.9884283049 125917.0058932991
139356.5321347439 118854.2925513178

138232.2839315488 118051.7114897290
137429.2495006951 112754.6764832430
132611.0429155732 120298.9384621776
139035.3183624024 121262.0357360841
137589.8563868659 121583.0681607196
134538.3255496219 119977.9060375421
138714.1045900610 117088.6142158224
138553.4977038902 118854.2925513178
126186.7674687439 122064.6167976729
138874.7114762317 117730.6790650935
133574.6842325976 117570.1628527757
130844.3671676951 118372.7439143645
139356.5321347439 118533.2601266822
127632.2294442805 122385.6492223084
133092.8635740854 123027.7140715794
134377.7186634512 118693.7763390000
122814.0228591585 125114.4248317103
135662.5737528171 117409.6466404579
134538.3255496219 118533.2601266822
135501.9668666463 122225.1330099907
121368.5608836220 126719.5869548878
122974.6297453293 124953.9086193925
129880.7258506707 121583.0681607196
137589.8563868659 119656.8736129065
134377.7186634512 115322.9358803271
123135.2366315000 125114.4248317103
127471.6225581098 123509.2627085327
130041.3327368415 121904.1005853551
135983.7875251586 119175.3249759533
134217.1117772805 116125.5169419159
138553.4977038902 120780.4870991308
137108.0357283537 116446.5493665514
132129.2222570610 119335.8411882710
130041.3327368415 118372.7439143645
138392.8908177195 120459.4546744953
130844.3671676951 122546.1654346262
131647.4015985488 118693.7763390000
126026.1605825732 122225.1330099907
131165.5809400366 117409.6466404579
135341.3599804756 119175.3249759533
139195.9252485732 119656.8736129065
133895.8980049390 119335.8411882710
131647.4015985488 122706.6816469439
130041.3327368415 121101.5195237664
133253.4704602561 115322.9358803271
122332.2022006463 125595.9734686636
135501.9668666463 117249.1304281402
129720.1189645000 124151.3275578037
135823.1806389878 121262.0357360841
138232.2839315488 120138.4222498598

120565.5264527683 126719.5869548878
120886.7402251098 126719.5869548878
122010.9884283049 126238.0383179346
123617.0572900122 124953.9086193925
126668.5881272561 124632.8761947570
123456.4504038415 124472.3599824393
128917.0845336463 124472.3599824393
128274.6569889634 123830.2951331682
129720.1189645000 123669.7789208505
124580.6986070366 123509.2627085327
129077.6914198171 123509.2627085327
127632.2294442805 123188.2302838972
130362.5465091829 123027.7140715794
125544.3399240610 122706.6816469439
130844.3671676951 122546.1654346262
132932.2566879146 122385.6492223084
132450.4360294025 122225.1330099907
135983.7875251586 122225.1330099907
133574.6842325976 121904.1005853551
134377.7186634512 121904.1005853551
126668.5881272561 121422.5519484019
127150.4087857683 121101.5195237664
131486.7947123781 121101.5195237664
137750.4632730366 120780.4870991308
128114.0501027927 119977.9060375421
133253.4704602561 119817.3898252243
139035.3183624024 118693.7763390000
134056.5048911098 118533.2601266822
137750.4632730366 118372.7439143645
132450.4360294025 117570.1628527757
134377.7186634512 117570.1628527757
131968.6153708902 117409.6466404579
131808.0084847195 116928.0980035047
137429.2495006951 116286.0331542336
132450.4360294025 115965.0007295981
139195.9252485732 115322.9358803271
133735.2911187683 115162.4196680093
136947.4288421829 114520.3548187383
137589.8563868659 114038.8061817851
138874.7114762317 113396.7413325140
135662.5737528171 113075.7089078785
136786.8219560122 113075.7089078785
136305.0012975000 112754.6764832430
136947.4288421829 112112.6116339720
138392.8908177195 111310.0305723832
122171.5953144756 125435.4572563458
136626.2150698415 121743.5843730374
135823.1806389878 115965.0007295981
127471.6225581098 123990.8113454860
129077.6914198171 121422.5519484019

120565.5264527683 126719.5869548878
120886.7402251098 126719.5869548878
122010.9884283049 126238.0383179346
123617.0572900122 124953.9086193925
125865.5536964025 124632.8761947570
123456.4504038415 124472.3599824393
124580.6986070366 124311.8437701215
130683.7602815244 123830.2951331682
124259.4848346951 123509.2627085327
127632.2294442805 123188.2302838972
130362.5465091829 123027.7140715794
132289.8291432317 122706.6816469439
129238.2983059878 122385.6492223084
126186.7674687439 122064.6167976729
135501.9668666463 121743.5843730374
129077.6914198171 121422.5519484019
133895.8980049390 121422.5519484019
128756.4776474756 121101.5195237664
131486.7947123781 121101.5195237664
128114.0501027927 120780.4870991308
131968.6153708902 120780.4870991308
128114.0501027927 119977.9060375421
135020.1462081342 119817.3898252243
131808.0084847195 119656.8736129065
136786.8219560122 118372.7439143645
133735.2911187683 117730.6790650935
136947.4288421829 117570.1628527757
132289.8291432317 117088.6142158224
131647.4015985488 116607.0655788692
134217.1117772805 115643.9683049626
133735.2911187683 115162.4196680093
138874.7114762317 113396.7413325140
136786.8219560122 113075.7089078785
137589.8563868659 114038.8061817851
128595.8707613049 120780.4870991308
131326.1878262073 117570.1628527757
136305.0012975000 112754.6764832430
137911.0701592073 117891.1952774112
138392.8908177195 111310.0305723832
125704.9468102317 123348.7464962149
135662.5737528171 118693.7763390000
136305.0012975000 114680.8710310561
138553.4977038902 112754.6764832430
138714.1045900610 119977.9060375421
136947.4288421829 114520.3548187383
132932.2566879146 117249.1304281402
129720.1189645000 123669.7789208505
135823.1806389878 115965.0007295981
134859.5393219634 118372.7439143645
122492.8090868171 124953.9086193925

121529.1677697927 126077.5221056168
123617.0572900122 124953.9086193925
125223.1261517195 124632.8761947570
125865.5536964025 124632.8761947570
126668.5881272561 124632.8761947570
123456.4504038415 124472.3599824393
129077.6914198171 123509.2627085327
130362.5465091829 123027.7140715794
125383.7330378902 122867.1978592617
132932.2566879146 122385.6492223084
134859.5393219634 122064.6167976729
134377.7186634512 121904.1005853551
135823.1806389878 121904.1005853551
135501.9668666463 121743.5843730374
129077.6914198171 121422.5519484019
136626.2150698415 121422.5519484019
138874.7114762317 121422.5519484019
132932.2566879146 121101.5195237664
134698.9324357927 120619.9708868131
137589.8563868659 120298.9384621776
128114.0501027927 119977.9060375421
132129.2222570610 119656.8736129065
138232.2839315488 119496.3574005888
138553.4977038902 119496.3574005888
135662.5737528171 119175.3249759533
135662.5737528171 118693.7763390000
134056.5048911098 118533.2601266822
136786.8219560122 118372.7439143645
137750.4632730366 118372.7439143645
133735.2911187683 117730.6790650935
135501.9668666463 117730.6790650935
136947.4288421829 117570.1628527757
131968.6153708902 117409.6466404579
138874.7114762317 117088.6142158224
131326.1878262073 116928.0980035047
134217.1117772805 115643.9683049626
136305.0012975000 114680.8710310561
138553.4977038902 114680.8710310561
136947.4288421829 114520.3548187383
137911.0701592073 113878.2899694673
138392.8908177195 113717.7737571495
136305.0012975000 112754.6764832430
137750.4632730366 112112.6116339720
137750.4632730366 111470.5467847009
136947.4288421829 112112.6116339720
131808.0084847195 116607.0655788692
128114.0501027927 120780.4870991308
128274.6569889634 123830.2951331682
131968.6153708902 119496.3574005888
139195.9252485732 116125.5169419159

120886.7402251098 126719.5869548878
122010.9884283049 126238.0383179346
122492.8090868171 126077.5221056168
122171.5953144756 125435.4572563458
123617.0572900122 124953.9086193925
125865.5536964025 124632.8761947570
124580.6986070366 124311.8437701215
130683.7602815244 123830.2951331682
129720.1189645000 123669.7789208505
130683.7602815244 123348.7464962149
127311.0156719390 122064.6167976729
134859.5393219634 122064.6167976729
136626.2150698415 121743.5843730374
126829.1950134268 121583.0681607196
126668.5881272561 121422.5519484019
133895.8980049390 121422.5519484019
128114.0501027927 121262.0357360841
128435.2638751342 121262.0357360841
132932.2566879146 121101.5195237664
133895.8980049390 120780.4870991308
132771.6498017439 119977.9060375421
131808.0084847195 119656.8736129065
139035.3183624024 118693.7763390000
137750.4632730366 118372.7439143645
136786.8219560122 117730.6790650935
131326.1878262073 117570.1628527757
132450.4360294025 117570.1628527757
131968.6153708902 117409.6466404579
132289.8291432317 117409.6466404579
134056.5048911098 116767.5817911869
131647.4015985488 116607.0655788692
137589.8563868659 114038.8061817851
136144.3944113293 113717.7737571495
137750.4632730366 113396.7413325140
138874.7114762317 113396.7413325140
137429.2495006951 113236.2251201963
135662.5737528171 113075.7089078785
136305.0012975000 112754.6764832430
139035.3183624024 112273.1278462897
137911.0701592073 111310.0305723832
128274.6569889634 123830.2951331682
129238.2983059878 122385.6492223084
124259.4848346951 123509.2627085327
131647.4015985488 120941.0033114486
136786.8219560122 118372.7439143645
128756.4776474756 121101.5195237664
128435.2638751342 123188.2302838972
135983.7875251586 120619.9708868131
136144.3944113293 113075.7089078785
138232.2839315488 120619.9708868131

121529.1677697927 126077.5221056168
125865.5536964025 124632.8761947570
123456.4504038415 124472.3599824393
128274.6569889634 123830.2951331682
124259.4848346951 123509.2627085327
129077.6914198171 123509.2627085327
128114.0501027927 123027.7140715794
132289.8291432317 122706.6816469439
133092.8635740854 122706.6816469439
131165.5809400366 122385.6492223084
132932.2566879146 122385.6492223084
126186.7674687439 122064.6167976729
137750.4632730366 121743.5843730374
129077.6914198171 121422.5519484019
136626.2150698415 121422.5519484019
128114.0501027927 121262.0357360841
137750.4632730366 120780.4870991308
132771.6498017439 120138.4222498598
135341.3599804756 119656.8736129065
131968.6153708902 119496.3574005888
135501.9668666463 117730.6790650935
132450.4360294025 117570.1628527757
134377.7186634512 117570.1628527757
136947.4288421829 117570.1628527757
131808.0084847195 116607.0655788692
139195.9252485732 116125.5169419159
132771.6498017439 115804.4845172804
136947.4288421829 114520.3548187383
137589.8563868659 114038.8061817851
138874.7114762317 113396.7413325140
136144.3944113293 113075.7089078785
125383.7330378902 123348.7464962149
137429.2495006951 115001.9034556916
133574.6842325976 117891.1952774112
125383.7330378902 122867.1978592617
130362.5465091829 123027.7140715794
135501.9668666463 121743.5843730374
137750.4632730366 112112.6116339720
130201.9396230122 122706.6816469439
135983.7875251586 114520.3548187383
137750.4632730366 111470.5467847009
137589.8563868659 120298.9384621776
136626.2150698415 118854.2925513178
132932.2566879146 121101.5195237664
134859.5393219634 122064.6167976729
134859.5393219634 117088.6142158224
136305.0012975000 118533.2601266822
132771.6498017439 117891.1952774112
126668.5881272561 124632.8761947570
128114.0501027927 119977.9060375421

125223.1261517195 124632.8761947570
125865.5536964025 124632.8761947570
129077.6914198171 123509.2627085327
132932.2566879146 122385.6492223084
133414.0773464268 119817.3898252243
139517.1390209146 117249.1304281402
137268.6426145244 114359.8386064206
137429.2495006951 113236.2251201963
131808.0084847195 119656.8736129065
124580.6986070366 124632.8761947570
133414.0773464268 117409.6466404579
122332.2022006463 125595.9734686636
128595.8707613049 123027.7140715794
129238.2983059878 119496.3574005888
130523.1533953537 121583.0681607196
126507.9812410854 125114.4248317103
136305.0012975000 116607.0655788692
129238.2983059878 121904.1005853551
133092.8635740854 122706.6816469439
126347.3743549146 123830.2951331682
134698.9324357927 120619.9708868131
134217.1117772805 117570.1628527757
138232.2839315488 119014.8087636355
136947.4288421829 114520.3548187383
132450.4360294025 117570.1628527757
135180.7530943049 114841.3872433738
134698.9324357927 114359.8386064206
134217.1117772805 117088.6142158224
137589.8563868659 112112.6116339720
129238.2983059878 121101.5195237664
137750.4632730366 121422.5519484019
128917.0845336463 123348.7464962149
122171.5953144756 126559.0707425701
131486.7947123781 117088.6142158224
131647.4015985488 117891.1952774112
136947.4288421829 118372.7439143645
138071.6770453780 116125.5169419159
129559.5120783293 123509.2627085327
136626.2150698415 119335.8411882710
135662.5737528171 115322.9358803271
135341.3599804756 122225.1330099907
123456.4504038415 124793.3924070748
138874.7114762317 119817.3898252243
138232.2839315488 118051.7114897290
135983.7875251586 113717.7737571495
138553.4977038902 119175.3249759533
130201.9396230122 120941.0033114486
138874.7114762317 114841.3872433738
126989.8018995976 123830.2951331682
138553.4977038902 112594.1602709252

120565.5264527683 127040.6193795234
126668.5881272561 124632.8761947570
128917.0845336463 124472.3599824393
128274.6569889634 123830.2951331682
129077.6914198171 123509.2627085327
125704.9468102317 123348.7464962149
130362.5465091829 123027.7140715794
125383.7330378902 122867.1978592617
132289.8291432317 122706.6816469439
132932.2566879146 122385.6492223084
134859.5393219634 122064.6167976729
134377.7186634512 121904.1005853551
135501.9668666463 121743.5843730374
129077.6914198171 121422.5519484019
136626.2150698415 121422.5519484019
138874.7114762317 121422.5519484019
137750.4632730366 120780.4870991308
128114.0501027927 119977.9060375421
131968.6153708902 119496.3574005888
136626.2150698415 118854.2925513178
136786.8219560122 118372.7439143645
133735.2911187683 117730.6790650935
135501.9668666463 117730.6790650935
136947.4288421829 117570.1628527757
131968.6153708902 117409.6466404579
132289.8291432317 117409.6466404579
131808.0084847195 116607.0655788692
138553.4977038902 114680.8710310561
137589.8563868659 114038.8061817851
137911.0701592073 113878.2899694673
137429.2495006951 113236.2251201963
137750.4632730366 112112.6116339720
137750.4632730366 111470.5467847009
132771.6498017439 117891.1952774112
138553.4977038902 119496.3574005888
136947.4288421829 114520.3548187383
123456.4504038415 124472.3599824393
136947.4288421829 112112.6116339720
132129.2222570610 119656.8736129065
134538.3255496219 120619.9708868131
137750.4632730366 118372.7439143645
138232.2839315488 119496.3574005888
132932.2566879146 121101.5195237664
125383.7330378902 124472.3599824393
138874.7114762317 113396.7413325140
125865.5536964025 124632.8761947570
135662.5737528171 113075.7089078785
138874.7114762317 117088.6142158224
135341.3599804756 119656.8736129065
125223.1261517195 122546.1654346262

125704.9468102317 125274.9410440280
139035.3183624024 120941.0033114486
135180.7530943049 118372.7439143645
135501.9668666463 116767.5817911869
138232.2839315488 114680.8710310561
135020.1462081342 115162.4196680093
131968.6153708902 119817.3898252243
126186.7674687439 123027.7140715794
136465.6081836707 115965.0007295981
131968.6153708902 123509.2627085327
124901.9123793780 123027.7140715794
121529.1677697927 125756.4896809813
127953.4432166219 123990.8113454860
137108.0357283537 116607.0655788692
132129.2222570610 117570.1628527757
131004.9740538659 123348.7464962149
130683.7602815244 123509.2627085327
134859.5393219634 113878.2899694673
122814.0228591585 124632.8761947570
122010.9884283049 125435.4572563458
133414.0773464268 115483.4520926449
138553.4977038902 118854.2925513178
139195.9252485732 118372.7439143645
129720.1189645000 123027.7140715794
134698.9324357927 115322.9358803271
138714.1045900610 117570.1628527757
125704.9468102317 123509.2627085327
127953.4432166219 122706.6816469439
132932.2566879146 122706.6816469439
139035.3183624024 119496.3574005888
131968.6153708902 121422.5519484019
127792.8363304512 121904.1005853551
132450.4360294025 123027.7140715794
127792.8363304512 123830.2951331682
122653.4159729878 126077.5221056168
137589.8563868659 115804.4845172804
137108.0357283537 115322.9358803271
131968.6153708902 122867.1978592617
135501.9668666463 119175.3249759533
132450.4360294025 119014.8087636355
137429.2495006951 112915.1926955607
130201.9396230122 118693.7763390000
135823.1806389878 115001.9034556916
129720.1189645000 122867.1978592617
129398.9051921585 123188.2302838972
133253.4704602561 118693.7763390000
123777.6641761829 124151.3275578037
132129.2222570610 118372.7439143645
138874.7114762317 115965.0007295981
128114.0501027927 120941.0033114486

120565.5264527683 127040.6193795234
130844.3671676951 123188.2302838972
132450.4360294025 122546.1654346262
126989.8018995976 122064.6167976729
135823.1806389878 121904.1005853551
128114.0501027927 120780.4870991308
137750.4632730366 120780.4870991308
134538.3255496219 120619.9708868131
128114.0501027927 119977.9060375421
132771.6498017439 119977.9060375421
131326.1878262073 117570.1628527757
136144.3944113293 113075.7089078785
138714.1045900610 120298.9384621776
134377.7186634512 119817.3898252243
133414.0773464268 117570.1628527757
123456.4504038415 124472.3599824393
137108.0357283537 118854.2925513178
132932.2566879146 122385.6492223084
132289.8291432317 117088.6142158224
128274.6569889634 121583.0681607196
130844.3671676951 118854.2925513178
131004.9740538659 120298.9384621776
129398.9051921585 120298.9384621776
135983.7875251586 119496.3574005888
138071.6770453780 119817.3898252243
136305.0012975000 113717.7737571495
137589.8563868659 114038.8061817851
136626.2150698415 112915.1926955607
127632.2294442805 123188.2302838972
138232.2839315488 118854.2925513178
137429.2495006951 113236.2251201963
135341.3599804756 114841.3872433738
129077.6914198171 123990.8113454860
138553.4977038902 110828.4819354299
138071.6770453780 115965.0007295981
137589.8563868659 121101.5195237664
137911.0701592073 113878.2899694673
135501.9668666463 119656.8736129065
131647.4015985488 119656.8736129065
137108.0357283537 115804.4845172804
126186.7674687439 121743.5843730374
138874.7114762317 117891.1952774112
137911.0701592073 113075.7089078785
137750.4632730366 117088.6142158224
135020.1462081342 117249.1304281402
124098.8779485244 123990.8113454860
133092.8635740854 119817.3898252243
135020.1462081342 117730.6790650935
139035.3183624024 115804.4845172804
138553.4977038902 117249.1304281402

135180.7530943049 115001.9034556916
138714.1045900610 120298.9384621776
138071.6770453780 117570.1628527757
131165.5809400366 123027.7140715794
138071.6770453780 119977.9060375421
130362.5465091829 121904.1005853551
135823.1806389878 116607.0655788692
128114.0501027927 123830.2951331682
135983.7875251586 113717.7737571495
135020.1462081342 116767.5817911869
139035.3183624024 117730.6790650935
135341.3599804756 118693.7763390000
125223.1261517195 124472.3599824393
134698.9324357927 119496.3574005888
129398.9051921585 122706.6816469439
137268.6426145244 112433.6440586075
135180.7530943049 119817.3898252243
126989.8018995976 123027.7140715794
136947.4288421829 112594.1602709252
130523.1533953537 122064.6167976729
137911.0701592073 117088.6142158224
132129.2222570610 117409.6466404579
135823.1806389878 122225.1330099907
139517.1390209146 117891.1952774112
138553.4977038902 117409.6466404579
136144.3944113293 117730.6790650935
130683.7602815244 123188.2302838972
121689.7746559634 125756.4896809813
122171.5953144756 126077.5221056168
126026.1605825732 125114.4248317103
126668.5881272561 121743.5843730374
135341.3599804756 116286.0331542336
123456.4504038415 124472.3599824393
129077.6914198171 122706.6816469439
135501.9668666463 120138.4222498598
137589.8563868659 115965.0007295981
133895.8980049390 117891.1952774112
131808.0084847195 120138.4222498598
138071.6770453780 117409.6466404579
135501.9668666463 116125.5169419159
132289.8291432317 123188.2302838972
137589.8563868659 112112.6116339720
135180.7530943049 116767.5817911869
139356.5321347439 119014.8087636355
132771.6498017439 116446.5493665514
138071.6770453780 112754.6764832430
122653.4159729878 125756.4896809813
136465.6081836707 119014.8087636355
136947.4288421829 120459.4546744953
136465.6081836707 119496.3574005888

137911.0701592073 119335.8411882710
134056.5048911098 115322.9358803271
138392.8908177195 118051.7114897290
136786.8219560122 118212.2277020467
137750.4632730366 115001.9034556916
138392.8908177195 120619.9708868131
138232.2839315488 119335.8411882710
126829.1950134268 125114.4248317103
131647.4015985488 120619.9708868131
133735.2911187683 115162.4196680093
133092.8635740854 119977.9060375421
136305.0012975000 114038.8061817851
129238.2983059878 122064.6167976729
137911.0701592073 116125.5169419159
137268.6426145244 118533.2601266822
133414.0773464268 119977.9060375421
136626.2150698415 121101.5195237664
134056.5048911098 119335.8411882710
129880.7258506707 122546.1654346262
122653.4159729878 125274.9410440280
131165.5809400366 119656.8736129065
129720.1189645000 121904.1005853551
139356.5321347439 118051.7114897290
133574.6842325976 119335.8411882710
135501.9668666463 118372.7439143645
134056.5048911098 114520.3548187383
135180.7530943049 120298.9384621776
132611.0429155732 123027.7140715794
137589.8563868659 117409.6466404579
137589.8563868659 113396.7413325140
121689.7746559634 126077.5221056168
139195.9252485732 119335.8411882710
136465.6081836707 115643.9683049626
126507.9812410854 124151.3275578037
134698.9324357927 122706.6816469439
124259.4848346951 124953.9086193925
133092.8635740854 123188.2302838972
126347.3743549146 124953.9086193925
123295.8435176707 124953.9086193925
134538.3255496219 115643.9683049626
136305.0012975000 115643.9683049626
133574.6842325976 116125.5169419159
123295.8435176707 125756.4896809813
136947.4288421829 119977.9060375421
138553.4977038902 111791.5792093364
131004.9740538659 122064.6167976729
132611.0429155732 122385.6492223084
135662.5737528171 119014.8087636355
132289.8291432317 119335.8411882710
133895.8980049390 115643.9683049626

134698.9324357927 114841.3872433738
130041.3327368415 120780.4870991308
131968.6153708902 118372.7439143645
138392.8908177195 117570.1628527757
128114.0501027927 122546.1654346262
137589.8563868659 120138.4222498598
135020.1462081342 122225.1330099907
131968.6153708902 121583.0681607196
138874.7114762317 110988.9981477477
122171.5953144756 125274.9410440280
138071.6770453780 111791.5792093364
134859.5393219634 119817.3898252243
135662.5737528171 113557.2575448318
132129.2222570610 121904.1005853551
139195.9252485732 114359.8386064206
130201.9396230122 118051.7114897290
138232.2839315488 114680.8710310561
125544.3399240610 122385.6492223084
131165.5809400366 117730.6790650935
137268.6426145244 112754.6764832430
139517.1390209146 117088.6142158224
122814.0228591585 126077.5221056168
129398.9051921585 123669.7789208505
132932.2566879146 117249.1304281402
136144.3944113293 120941.0033114486
138071.6770453780 120780.4870991308
129559.5120783293 123830.2951331682
132771.6498017439 120298.9384621776
136144.3944113293 118051.7114897290
134217.1117772805 122064.6167976729
135662.5737528171 120459.4546744953
122332.2022006463 125435.4572563458
131808.0084847195 119656.8736129065
137268.6426145244 117891.1952774112
135662.5737528171 114680.8710310561
125704.9468102317 123669.7789208505
125062.5192655488 123830.2951331682
133895.8980049390 118854.2925513178
135823.1806389878 119656.8736129065
135662.5737528171 119977.9060375421
129720.1189645000 120941.0033114486
127150.4087857683 122385.6492223084
135020.1462081342 118212.2277020467
135823.1806389878 121101.5195237664
134056.5048911098 115322.9358803271
137750.4632730366 120941.0033114486
137108.0357283537 113557.2575448318
128435.2638751342 123830.2951331682
131165.5809400366 122546.1654346262
137429.2495006951 115162.4196680093

120565.5264527683 127040.6193795234
122010.9884283049 126238.0383179346
123456.4504038415 125435.4572563458
125223.1261517195 124632.8761947570
125865.5536964025 124632.8761947570
124259.4848346951 123509.2627085327
132771.6498017439 122546.1654346262
135341.3599804756 122064.6167976729
126829.1950134268 121583.0681607196
126668.5881272561 121422.5519484019
134056.5048911098 121262.0357360841
131004.9740538659 120941.0033114486
138714.1045900610 120138.4222498598
128114.0501027927 119977.9060375421
132129.2222570610 119656.8736129065
131968.6153708902 118693.7763390000
137589.8563868659 118372.7439143645
133735.2911187683 117730.6790650935
139517.1390209146 117249.1304281402
135983.7875251586 116928.0980035047
138553.4977038902 115483.4520926449
138553.4977038902 114680.8710310561
135662.5737528171 114359.8386064206
137589.8563868659 114038.8061817851
138071.6770453780 113878.2899694673
135180.7530943049 113557.2575448318
138553.4977038902 113557.2575448318
136144.3944113293 113075.7089078785
133574.6842325976 117249.1304281402
129238.2983059878 121743.5843730374
139195.9252485732 115322.9358803271
128435.2638751342 120459.4546744953
132129.2222570610 122867.1978592617
124259.4848346951 124953.9086193925
130201.9396230122 123188.2302838972
138392.8908177195 121101.5195237664
131486.7947123781 120619.9708868131
139356.5321347439 118533.2601266822
130683.7602815244 119175.3249759533
131968.6153708902 121583.0681607196
136626.2150698415 121262.0357360841
129398.9051921585 121904.1005853551
124901.9123793780 123509.2627085327
135020.1462081342 116928.0980035047
129559.5120783293 118533.2601266822
132450.4360294025 117570.1628527757
131808.0084847195 116607.0655788692
134056.5048911098 122064.6167976729
126186.7674687439 122064.6167976729
127311.0156719390 124953.9086193925

138232.2839315488 119014.8087636355
136305.0012975000 116607.0655788692
129880.7258506707 122546.1654346262
138874.7114762317 113396.7413325140
139035.3183624024 118854.2925513178
137911.0701592073 117249.1304281402
131647.4015985488 122385.6492223084
129559.5120783293 122546.1654346262
135341.3599804756 115483.4520926449
125062.5192655488 124311.8437701215
125865.5536964025 123348.7464962149
137108.0357283537 116446.5493665514
132932.2566879146 123188.2302838972
127792.8363304512 122706.6816469439
133895.8980049390 121583.0681607196
139356.5321347439 115804.4845172804
124901.9123793780 123990.8113454860
134859.5393219634 114359.8386064206
122332.2022006463 126398.5545302523
129720.1189645000 120619.9708868131
138714.1045900610 120941.0033114486
131486.7947123781 121904.1005853551
125865.5536964025 125435.4572563458
137429.2495006951 117570.1628527757
133574.6842325976 122064.6167976729
134056.5048911098 121262.0357360841
130523.1533953537 119656.8736129065
138874.7114762317 119496.3574005888
138392.8908177195 117730.6790650935
134698.9324357927 115162.4196680093
126026.1605825732 121904.1005853551
133092.8635740854 116767.5817911869
122814.0228591585 124632.8761947570
131647.4015985488 119817.3898252243
136305.0012975000 121101.5195237664
129077.6914198171 120298.9384621776
137108.0357283537 112273.1278462897
138553.4977038902 110828.4819354299
139035.3183624024 117891.1952774112
133414.0773464268 119817.3898252243
137268.6426145244 121904.1005853551
126989.8018995976 123348.7464962149
121850.3815421341 125595.9734686636
132611.0429155732 123188.2302838972
130683.7602815244 122385.6492223084
139035.3183624024 120619.9708868131
130041.3327368415 119977.9060375421
134538.3255496219 115162.4196680093
123295.8435176707 124311.8437701215
139035.3183624024 119496.3574005888

