149169100.6804540753 446915.6914062500
150020269.4711907506 458503.8692626953
146660597.2662532032 435239.2337493896
147838277.5563680232 442157.7797851562
143820597.8360634148 425361.1657714844
147265158.2731707096 436870.9399414062
152595978.9646428525 467345.1398925781
153254309.5231163502 476542.3061523438
153120415.0917819440 468426.4431152344
147544124.3692428768 437637.9031982422
148696552.9913935065 444653.2319335938
148238438.9550818503 443913.4964599609
149541164.4649879932 453264.6778564453
151814968.3713680804 465849.3134765625
