644046703.6331559420 75890.4869508743
634081300.0952590704 74583.0726547241
643567478.9611995220 75822.2020425797
627970867.6953735352 71459.4480657578
633207513.1573096514 74046.3401203156
644474287.2055724859 77189.6235790253
637075734.8802425861 74617.5661993027
631299123.6952121258 73955.5919628143
624509817.0696016550 68473.2227535248
627981742.4352660179 72492.4333496094
623065681.0543658733 68273.6915073395
633332609.4938646555 74073.4650917053
626501188.6332093477 69996.8564643860
625041869.0803209543 69369.9993457794
637588688.1461592913 74876.7812566757
627213415.8599990606 71443.1405544281
638123087.4400864840 75426.9299840927
630093384.2666631937 72509.8644776344
643506797.1453964710 75635.4745254517
626788963.0941573381 71127.8529367447
