765152730.0146739483 3347112.1535644531
765747039.4504041672 3352245.4733886719
761162043.3369917870 3314259.5666503906
761656723.0171010494 3315100.9306640625
767349396.5842356682 3384466.9870605469
760133732.8509643078 3308635.2360839844
761840598.0478807688 3325967.1398925781
763382925.0548145771 3342084.9108886719
771997328.5846418142 3392896.5979003906
761963459.9966535568 3331906.6944580078
757163611.8687934875 3273322.3977050781
759289423.5964277983 3286696.6896972656
782715685.6531440020 3442505.9984130859
762004690.6650704145 3334986.6340332031
780299974.9783734083 3408930.6247558594
780921739.8417588472 3417684.4587402344
777264660.1728552580 3394830.2910156250
754566876.6607691050 3245050.7700195312
