298139035.2036798000 102373.2327423096
302695003.8033112884 104330.1074371338
298397663.9548966885 102534.6219177246
291284814.6529355049 96563.4813003540
298767008.3884479403 102908.5436325073
299851601.6158340573 103390.1543273926
289012560.0420150161 90401.2980194092
289511893.0878477097 92527.8206138611
301226352.5201216936 104008.1208038330
288857549.3805063367 81679.9998245239
290008517.4549083710 94580.9647598267
292428909.0178231001 99511.2515640259
295244426.1878334284 100921.7419128418
291628632.1211848259 97290.5348358154
291363169.0759018064 96992.7265396118
302621772.7402422428 104136.0411987305
300847883.3737005591 103984.1795043945
291760695.3273308277 99050.7860107422
304862269.6199710965 104384.7339019775
298597341.2069717050 102734.4385833740
290185804.0834738612 96310.7379989624
293819179.9916288257 99979.6317443848
288238992.0475566983 81335.3713531494
289529587.1192801595 94052.8978652954
297818929.6472551823 101871.3515701294
293868727.9439638257 100671.6234741211
291195272.6992436647 96410.7501068115
293176287.5045121312 99913.5674743652
295504022.3623067141 101705.2611999512
