593038286.2015482187 168019.6792373657
594068624.2418352365 169397.6423835754
602182532.8502159119 185316.0572128296
601713472.6652144194 184540.7358551025
600401119.5083559752 183003.6311950684
600981778.3316600323 183154.2754058838
605207185.5361202955 186098.6897048950
594589938.9158071280 173297.6016120911
606440989.7758529186 187399.7946243286
596530257.6674268246 182959.7708816528
604005002.6530441046 185408.5029678345
600634561.0460741520 183031.0993499756
602020240.8204414845 185119.8124542236
594605307.6309787035 179369.7320137024
