48017302.4988348410 80404.9071044922
50890333.2949750498 90687.8144531250
47232084.3769770712 71021.5177612305
51595800.5579591990 91464.2514648438
48103375.9957068264 85056.1252441406
48078863.6457991973 83224.1209106445
50863191.2180950642 90417.8500976562
47316503.0473770723 74680.2091674805
47926544.9960090294 78229.6987915039
50319435.4772808775 87119.5651855469
46133904.3144556582 61399.3282775879
47683290.5237767249 75458.9949340820
50959627.1120391265 91141.2182617188
47152314.4842677116 67112.4173126221
46906362.6038458347 63001.6009521484
49585211.8879827037 86072.7656250000
49804350.5573167875 86148.5312500000
48924496.4723730609 85629.7489013672
51388081.0929456875 91173.6054687500
50430798.9149542227 89144.7143554688
47291879.6077121124 71736.7438354492
47041283.1084248871 63110.2779541016
50831929.7773687765 90086.2529296875
47076278.8525738865 66937.0971984863
49883644.5434129089 86744.3005371094
47783681.0492307693 77924.8955078125
50301260.7071701512 86798.5278320312
47164562.4993014857 70849.6234130859
