1048576272.2462786436 716639.9137115479
1052119826.3905022144 723743.8563537598
1085882156.6814775467 759248.3684387207
1062556892.8525974751 752749.6445007324
1058801067.0445430279 747190.1875305176
1056854523.5554258823 736971.5306549072
1073825652.5638523102 756135.9839477539
1051249747.3585723639 723399.4048004150
1081401284.8633980751 758459.2778778076
1045602478.0207892656 715014.3945159912
1083844035.5579450130 759069.7298278809
1067594609.9520012140 753659.0167541504
1071107896.0550181866 754328.3747253418
1071071043.7397477627 753872.2929306030
1058134871.3639943600 742653.9647521973
1054542895.0493184328 736815.2382507324
1057598890.2008202076 740432.6006317139
1053237172.4999994040 732555.2951507568
1071279676.3502196074 754528.6449584961
1053213587.7355747223 729072.2045898438
