317031623.4204468131 2316278.5258789062
313879127.7632344365 2290940.1992187500
325772795.9498085976 2353738.3549804688
345525244.1348096132 2374000.8154296875
316939982.6852392554 2292774.0869140625
320670867.1144416928 2328484.2041015625
323754440.1140524745 2342720.8090820312
333184889.3936202526 2363191.9560546875
323950222.6875943542 2349246.2114257812
313328015.0020909309 2258152.0791015625
317863100.7734560966 2324779.8925781250
327728481.2952227592 2358701.8544921875
323002363.3205217123 2336274.7470703125
335282686.0124042630 2373144.1269531250
321289556.1505536437 2333283.8710937500
