735946851.6149334908 5669540.3515625000
739935301.9605127573 5695039.3642578125
738802143.2333203554 5675756.2119140625
735224332.6184513569 5665659.9824218750
732544680.2271522284 5591456.1572265625
731126034.3465219736 5588503.9306640625
749891499.4964647293 5706268.1455078125
757392668.2409684658 5740783.3603515625
745155337.5723594427 5705847.6679687500
734691889.5531202555 5635002.3437500000
750721439.9689004421 5708929.5390625000
738868082.1527664661 5693280.0673828125
732761702.1025263071 5624607.3837890625
731071537.9760687351 5207287.3603515625
750940348.2251582146 5735024.8583984375
