113229339.1441521347 1178130.5683593750
119142508.2507404536 1214088.1621093750
117131403.3529713154 1208672.5000000000
115713577.1946366578 1200429.2148437500
112583658.6751313806 1133249.9433593750
112099960.7700498104 1118831.9052734375
113615920.6211862415 1178531.5996093750
114011293.0948158801 1179111.6953125000
115434233.3908714056 1197901.8808593750
112700601.5460609049 1151439.4013671875
113080140.8335532546 1166411.8281250000
114014901.9955139160 1196060.8808593750
116493078.2517534941 1204867.6679687500
113992274.6242176890 1178850.5302734375
116221172.3826678395 1202926.0273437500
112742958.2957023978 1157517.4248046875
