913507910.4882428646 996991.9492063522
921966739.2037235498 1256430.9583129883
918946012.6663488150 1245113.0528564453
918989818.8180038929 1245321.7920532227
913624650.4729676247 1215505.5807189941
937582863.4504724741 1285816.4819946289
933279177.5844712257 1278369.6578521729
917559794.1683261395 1228916.5491104126
941457102.6795693636 1300691.8601379395
920197735.1495203972 1245901.3740844727
940306254.6735160351 1287777.3289184570
935612650.6828707457 1283564.2076110840
932832336.5366843939 1273267.3554229736
916556870.5335491896 1221022.0230407715
932442399.8541541100 1271020.3156585693
931505529.0451785326 1269360.6902465820
933320609.0218627453 1281708.7195434570
917820222.9428535700 1236194.8995819092
923804972.5965446234 1267573.7266082764
