376812399.0785812736 2024643.4074707031
374074354.2762027979 2017950.2626953125
376712155.8939810395 2024032.5380859375
375959643.6816186309 2022815.2814941406
372733333.5770720840 1955654.8349609375
382339406.6320601106 2051643.1181640625
377505327.9037661552 2047378.0615234375
379476493.6745870113 2048628.5620117188
373014348.5528275967 1980823.7766113281
375798983.6728475690 2021687.9118652344
376938329.4793971181 2032333.4128417969
375613339.4323613048 2019108.2463378906
371889449.5381039381 1947137.8945312500
372803939.0017147660 1977912.3962402344
377228428.8693779707 2037262.5998535156
370833864.3269417286 1942835.9199218750
372684015.0402941704 1952752.1699218750
373089007.4685371518 2008645.8098144531
