465326607.2537286878 19360245.9296875000
460908824.5770099759 19254273.4921875000
471539115.6361810565 19415110.6484375000
464269292.8684605360 19341948.8046875000
458841949.1325269341 19176685.5625000000
464974781.6528983712 19343987.5546875000
461431579.7298137546 19262476.7109375000
481810624.7815908790 19416897.2968750000
461878035.6292237639 19301341.7656250000
459793665.0165922642 19238023.7031250000
461663625.4932327271 19292849.7812500000
463669184.0338964462 19331055.9765625000
468437073.0524528027 19401857.4765625000
462902841.7606755495 19311383.2421875000
466064652.7200000882 19391054.5781250000
