128618.9316178153 128644.1673246667
118977.8426864640 132473.1666740000
126690.7138315450 128803.7089642222
122030.8541813919 135185.3745464445
134242.9001611036 135983.0827442222
131029.2038506531 131356.3751971111
134082.2153455811 137578.4991397778
129100.9860643829 129601.4171620000
126851.3986470676 125931.9594522222
126690.7138315450 130558.6669993333
120424.0060261667 135344.9161860000
133600.1608990135 135823.5411046667
120102.6363951216 130877.7502784445
132475.3671903558 132632.7083135555
120906.0604727342 132792.2499531111
125887.2897539324 126570.1260104444
121870.1693658694 134387.6663486667
123477.0175210946 127208.2925686667
122994.9630745270 131196.8335575555
127012.0834625901 133589.9581508889
121227.4301037793 131675.4584762222
122191.5389969144 138216.6656980000
119138.5275019865 128803.7089642222
129100.9860643829 131835.0001157778
130065.0949575180 132632.7083135555
125244.5504918423 127367.8342082222
127494.1379091577 133909.0414300000
125565.9201228874 134228.1247091111
128940.3012488604 130239.5837202222
124762.4960452748 130558.6669993333
129743.7253264730 129920.5004411111
131671.9431127432 136302.1660233333
131350.5734816982 130877.7502784445
132475.3671903558 137259.4158606667
128940.3012488604 133111.3332322222
119781.2667640766 127846.4591268889
127333.4530936351 135504.4578255556
128458.2468022928 125612.8761731111
122030.8541813919 126091.5010917778
123637.7023366171 127846.4591268889
130868.5190351306 128006.0007664444
121548.7997348243 125453.3345335556
129422.3556954279 133270.8748717778
125884.3600001068 111521.5177051263
124132.7806703398 112002.5848688526
117604.1668048447 112162.9405900947
125725.1255155825 111842.2291476105
119514.9806191359 110559.3833776737
115534.1185060291 115209.6992936947
123495.8427322427 107191.9132315895
117922.6357738932 117294.3236698421
119355.7461346117 112162.9405900947
114260.2426298349 119058.2366035053
119674.2151036602 110719.7390989158
124132.7806703398 113125.0749175474
121744.2634024757 113606.1420812737
119833.4495881845 116011.4778999053
118878.0426810388 113445.7863600316
120948.0909798544 119218.5923247474
117922.6357738932 118577.1694397789
120948.0909798544 114087.2092450000
120470.3875262815 120661.7938159263
116171.0564441262 116332.1893423895
121425.7944334272 119539.3037672316
122381.2013405728 121142.8609796526
124769.7186084369 121303.2167008947
116967.2288667476 112002.5848688526
119674.2151036602 111040.4505414000
122381.2013405728 120180.7266522000
127954.4082989223 109276.5376077368
121585.0289179515 112162.9405900947
123814.3117012913 121463.5724221369
120948.0909798544 111040.4505414000
117604.1668048447 117454.6793910842
125088.1875774854 113445.7863600316
116171.0564441262 116492.5450636316
123973.5461858155 120180.7266522000
123655.0772167670 113285.4306387895
120311.1530417573 109276.5376077368
119196.5116500874 116652.9007848737
123177.3737631942 107191.9132315895
123336.6082477184 111521.5177051263
121107.3254643786 114247.5649662421
126999.0013917767 110880.0948201579
121107.3254643786 115209.6992936947
128272.8772679709 109917.9604927053
122062.7323715243 107672.9803953158
123814.3117012913 108154.0475590421
127635.9393298738 111521.5177051263
124610.4841239126 112804.3634750631
127476.7048453495 111361.1619838842
116807.9943822233 112804.3634750631
121266.5599489029 111361.1619838842
119196.5116500874 116492.5450636316
117444.9323203204 112804.3634750631
123973.5461858155 112323.2963113368

130225.7797730405 128484.6256851111
123316.3327055721 132473.1666740000
119781.2667640766 134866.2912673333
121388.1149193018 135504.4578255556
122994.9630745270 138057.1240584445
125244.5504918423 135025.8329068889
119459.8971330315 128006.0007664444
128297.5619867703 129441.8755224444
130225.7797730405 125134.2512544444
121388.1149193018 133111.3332322222
120745.3756572117 132632.7083135555
131189.8886661757 138216.6656980000
127654.8227246802 133430.4165113333
127976.1923557252 133749.4997904444
127333.4530936351 129122.7922433333
123477.0175210946 132473.1666740000
129583.0405109504 126410.5843708889
122834.2782590045 123219.7515797778
123155.6478900496 133909.0414300000
121388.1149193018 126251.0427313333
133278.7912679685 135344.9161860000
126208.6593849775 125453.3345335556
119138.5275019865 128963.2506037778
127976.1923557252 138216.6656980000
133921.5305300585 134387.6663486667
127815.5075402027 131675.4584762222
120745.3756572117 127367.8342082222
119781.2667640766 128006.0007664444
121066.7452882568 126889.2092895556
130868.5190351306 133111.3332322222
127012.0834625901 132473.1666740000
127654.8227246802 135663.9994651111
125565.9201228874 137099.8742211111
131993.3127437883 131356.3751971111
127494.1379091577 135823.5411046667
118817.1578709414 129601.4171620000
119620.5819485541 133589.9581508889
123959.0719676622 135504.4578255556
128940.3012488604 128325.0840455555
122352.2238124369 138695.2906166666
126530.0290160225 130399.1253597778
130868.5190351306 138216.6656980000
123316.3327055721 136940.3325815556
117285.6978357961 111521.5177051263
116648.7598976990 114087.2092450000
119196.5116500874 117775.3908335684
123177.3737631942 115049.3435724526
115852.5874750777 117454.6793910842
119514.9806191359 111200.8062626421
115852.5874750777 119058.2366035053
127954.4082989223 121142.8609796526
121107.3254643786 107512.6246740737
127635.9393298738 111040.4505414000
120151.9185572330 112804.3634750631
125406.6565465340 121463.5724221369
123495.8427322427 112323.2963113368
119833.4495881845 120661.7938159263
120629.6220108058 117133.9679486000
116967.2288667476 119860.0152097158
118718.8081965146 120180.7266522000
117763.4012893689 115851.1221786632
117126.4633512718 111361.1619838842
118081.8702584175 117454.6793910842
120311.1530417573 110559.3833776737
118878.0426810388 118416.8137185368
124132.7806703398 121303.2167008947
119037.2771655631 110238.6719351895
126521.2979382039 107512.6246740737
123814.3117012913 119860.0152097158
120948.0909798544 112964.7191963053
116330.2909286505 118737.5251610211
118718.8081965146 113125.0749175474
114101.0081453107 119058.2366035053
121585.0289179515 114728.6321299684
121903.4978870000 116011.4778999053
127954.4082989223 109116.1818864947
117922.6357738932 109597.2490502210
128272.8772679709 111040.4505414000
117763.4012893689 118416.8137185368
121744.2634024757 107512.6246740737
123336.6082477184 120020.3709309579
116967.2288667476 112804.3634750631
126202.8289691553 110880.0948201579
122699.6703096214 120501.4380946842
126839.7669072524 121303.2167008947
116330.2909286505 114728.6321299684
125406.6565465340 108474.7590015263
123177.3737631942 113285.4306387895
120788.8564953301 119378.9480459895
123973.5461858155 106710.8460678632
117604.1668048447 112323.2963113368
121266.5599489029 119860.0152097158
122540.4358250971 112002.5848688526
125565.8910310582 121303.2167008947
123495.8427322427 107512.6246740737
119992.6840727087 107833.3361165579

122191.5389969144 134387.6663486667
127815.5075402027 130239.5837202222
127654.8227246802 133749.4997904444
120424.0060261667 126570.1260104444
130547.1494040856 125453.3345335556
126690.7138315450 127208.2925686667
129583.0405109504 136461.7076628889
131511.2582972207 128006.0007664444
124601.8112297523 137897.5824188889
124762.4960452748 126570.1260104444
131511.2582972207 137578.4991397778
129904.4101419955 124017.4597775556
133118.1064524459 132951.7915926667
124441.1264142297 133589.9581508889
118495.7882398964 131994.5417553333
125244.5504918423 131675.4584762222
123959.0719676622 137099.8742211111
130707.8342196081 130399.1253597778
121870.1693658694 131994.5417553333
127494.1379091577 125134.2512544444
132153.9975593108 130239.5837202222
127494.1379091577 131196.8335575555
125887.2897539324 133430.4165113333
133439.4760834910 135504.4578255556
122030.8541813919 135823.5411046667
133439.4760834910 137897.5824188889
129261.6708799054 123857.9181380000
129904.4101419955 128165.5424060000
130386.4645885630 134547.2079882222
125887.2897539324 128006.0007664444
133760.8457145360 136302.1660233333
128458.2468022928 129760.9588015555
132636.0520058784 137578.4991397778
120906.0604727342 136940.3325815556
121548.7997348243 126889.2092895556
129261.6708799054 125931.9594522222
126690.7138315450 133589.9581508889
122834.2782590045 132632.7083135555
122352.2238124369 130877.7502784445
134724.9546076712 136940.3325815556
123798.3871521396 137259.4158606667
131189.8886661757 136940.3325815556
126530.0290160225 127846.4591268889
124769.7186084369 107833.3361165579
122221.9668560486 119539.3037672316
119992.6840727087 109276.5376077368
119037.2771655631 116973.6122273579
120629.6220108058 113766.4978025158
124292.0151548641 112804.3634750631
129228.2841751165 109917.9604927053
119196.5116500874 116332.1893423895
116648.7598976990 112804.3634750631
117604.1668048447 116171.8336211474
125247.4220620097 112002.5848688526
127635.9393298738 108955.8261652526
126202.8289691553 108314.4032802842
118241.1047429417 113926.8535237579
117763.4012893689 112162.9405900947
120788.8564953301 114247.5649662421
125247.4220620097 120341.0823734421
119037.2771655631 113926.8535237579
120151.9185572330 114407.9206874842
123655.0772167670 108314.4032802842
115534.1185060291 116652.9007848737
117126.4633512718 111842.2291476105
115056.4150524563 119218.5923247474
121107.3254643786 108154.0475590421
128113.6427834466 110399.0276564316
122540.4358250971 110719.7390989158
122381.2013405728 107352.2689528316
121107.3254643786 119699.6594884737
127317.4703608252 111842.2291476105
120788.8564953301 109917.9604927053
126680.5324227282 107833.3361165579
120470.3875262815 116492.5450636316
122699.6703096214 107031.5575103474
117444.9323203204 114247.5649662421
113941.7736607864 119699.6594884737
123814.3117012913 120501.4380946842
122540.4358250971 121142.8609796526
121903.4978870000 109116.1818864947
117285.6978357961 113125.0749175474
124769.7186084369 106710.8460678632
125565.8910310582 111040.4505414000
128750.5807215437 110078.3162139474
123495.8427322427 113285.4306387895
127158.2358763010 110719.7390989158
118878.0426810388 118577.1694397789
123018.1392786699 107672.9803953158
122221.9668560486 111842.2291476105
116330.2909286505 118897.8808822632
125565.8910310582 109436.8933289789
119833.4495881845 111521.5177051263
121585.0289179515 110719.7390989158
126839.7669072524 110078.3162139474
122062.7323715243 107352.2689528316

133118.1064524459 137099.8742211111
131189.8886661757 135025.8329068889
120584.6908416892 134068.5830695555
122512.9086279594 127846.4591268889
129422.3556954279 127846.4591268889
122191.5389969144 131356.3751971111
130707.8342196081 136780.7909420000
121066.7452882568 128006.0007664444
125244.5504918423 131835.0001157778
122834.2782590045 138535.7489771111
129743.7253264730 133111.3332322222
124280.4415987072 127686.9174873333
123637.7023366171 134866.2912673333
129422.3556954279 124177.0014171111
121870.1693658694 127686.9174873333
128618.9316178153 127527.3758477778
128940.3012488604 132632.7083135555
135046.3242387162 137578.4991397778
123637.7023366171 130558.6669993333
125726.6049384099 134068.5830695555
127494.1379091577 125134.2512544444
127172.7682781126 134387.6663486667
130386.4645885630 128325.0840455555
132636.0520058784 134547.2079882222
124280.4415987072 130239.5837202222
133118.1064524459 132792.2499531111
128618.9316178153 131196.8335575555
128458.2468022928 138216.6656980000
132796.7368214009 135663.9994651111
121548.7997348243 131515.9168366667
122191.5389969144 124017.4597775556
130547.1494040856 133909.0414300000
131350.5734816982 134228.1247091111
121388.1149193018 134866.2912673333
123155.6478900496 131037.2919180000
128136.8771712477 138216.6656980000
127654.8227246802 134706.7496277778
131511.2582972207 129760.9588015555
126208.6593849775 132632.7083135555
129904.4101419955 137099.8742211111
122191.5389969144 137738.0407793333
123155.6478900496 138695.2906166666
126369.3442005000 129760.9588015555
121107.3254643786 108635.1147227684
125247.4220620097 109436.8933289789
124610.4841239126 112804.3634750631
118718.8081965146 111842.2291476105
122858.9047941456 108154.0475590421
126680.5324227282 110078.3162139474
115374.8840215049 119378.9480459895
119355.7461346117 116011.4778999053
122699.6703096214 120982.5052584105
122540.4358250971 109917.9604927053
124610.4841239126 108314.4032802842
122221.9668560486 120501.4380946842
122540.4358250971 114888.9878512105
121425.7944334272 120661.7938159263
123495.8427322427 120180.7266522000
126680.5324227282 120501.4380946842
116807.9943822233 115690.7664574211
119514.9806191359 118897.8808822632
120470.3875262815 114728.6321299684
128432.1117524951 109276.5376077368
125725.1255155825 120341.0823734421
127317.4703608252 110880.0948201579
126202.8289691553 111681.8734263684
118241.1047429417 116813.2565061158
123973.5461858155 107031.5575103474
114578.7115988835 118096.1022760526
123973.5461858155 107833.3361165579
119992.6840727087 111361.1619838842
117604.1668048447 120341.0823734421
128432.1117524951 121303.2167008947
129228.2841751165 109116.1818864947
119992.6840727087 120341.0823734421
125565.8910310582 109276.5376077368
127954.4082989223 109757.6047714632
119514.9806191359 108154.0475590421
117444.9323203204 116813.2565061158
124610.4841239126 109757.6047714632
120788.8564953301 111842.2291476105
123177.3737631942 121303.2167008947
118878.0426810388 116973.6122273579
124292.0151548641 108314.4032802842
117763.4012893689 119218.5923247474
123973.5461858155 120341.0823734421
123177.3737631942 120180.7266522000
127635.9393298738 109276.5376077368
123814.3117012913 109116.1818864947
115374.8840215049 116652.9007848737
121107.3254643786 114888.9878512105
119514.9806191359 116011.4778999053
117126.4633512718 115049.3435724526
121903.4978870000 114728.6321299684
126362.0634536796 109116.1818864947
121425.7944334272 113606.1420812737

125405.2353073649 138854.8322562222
123959.0719676622 138535.7489771111
123798.3871521396 138376.2073375556
131511.2582972207 138216.6656980000
127333.4530936351 137897.5824188889
126047.9745694550 137578.4991397778
126047.9745694550 137099.8742211111
129261.6708799054 136780.7909420000
120906.0604727342 136621.2493024445
131029.2038506531 136621.2493024445
134564.2697921486 136461.7076628889
123477.0175210946 136302.1660233333
125726.6049384099 135983.0827442222
122352.2238124369 135823.5411046667
126369.3442005000 135823.5411046667
121388.1149193018 135504.4578255556
125244.5504918423 135344.9161860000
126851.3986470676 135025.8329068889
127172.7682781126 134228.1247091111
125726.6049384099 134068.5830695555
120906.0604727342 133749.4997904444
119459.8971330315 133270.8748717778
130065.0949575180 132473.1666740000
132475.3671903558 132473.1666740000
122352.2238124369 131835.0001157778
126851.3986470676 131675.4584762222
128297.5619867703 131515.9168366667
128779.6164333378 131515.9168366667
131350.5734816982 131356.3751971111
123316.3327055721 131196.8335575555
117853.0489778063 130718.2086388889
120424.0060261667 130718.2086388889
126047.9745694550 130718.2086388889
127333.4530936351 130718.2086388889
127654.8227246802 130718.2086388889
129261.6708799054 130718.2086388889
121870.1693658694 130239.5837202222
129743.7253264730 129920.5004411111
126369.3442005000 129760.9588015555
122512.9086279594 129282.3338828889
131832.6279282657 128803.7089642222
127654.8227246802 128484.6256851111
126047.9745694550 128006.0007664444
125088.1875774854 121463.5724221369
127317.4703608252 121142.8609796526
122540.4358250971 120982.5052584105
123495.8427322427 120822.1495371684
124132.7806703398 120661.7938159263
126680.5324227282 120501.4380946842
119355.7461346117 120341.0823734421
116967.2288667476 120020.3709309579
122381.2013405728 119860.0152097158
115534.1185060291 118577.1694397789
115852.5874750777 117935.7465548105
120948.0909798544 116813.2565061158
115374.8840215049 116492.5450636316
116171.0564441262 116492.5450636316
115056.4150524563 116332.1893423895
121585.0289179515 116171.8336211474
120311.1530417573 116011.4778999053
122062.7323715243 115370.0550149369
122381.2013405728 115209.6992936947
115693.3529905534 115049.3435724526
121266.5599489029 114568.2764087263
120629.6220108058 113285.4306387895
118559.5737119903 113125.0749175474
124292.0151548641 113125.0749175474
119674.2151036602 112483.6520325790
125247.4220620097 112162.9405900947
120151.9185572330 112002.5848688526
118878.0426810388 111361.1619838842
124610.4841239126 111361.1619838842
125725.1255155825 111040.4505414000
119196.5116500874 110880.0948201579
117604.1668048447 110719.7390989158
119514.9806191359 110719.7390989158
122858.9047941456 110719.7390989158
127954.4082989223 109917.9604927053
128909.8152060680 109917.9604927053
128272.8772679709 109436.8933289789
123177.3737631942 109276.5376077368
117922.6357738932 109116.1818864947
118241.1047429417 108955.8261652526
125884.3600001068 108635.1147227684
127635.9393298738 108474.7590015263
127317.4703608252 107993.6918378000
121903.4978870000 107352.2689528316
126362.0634536796 107352.2689528316
125088.1875774854 106871.2017891053
118718.8081965146 120501.4380946842
123336.6082477184 113285.4306387895
126999.0013917767 110078.3162139474
123177.3737631942 111040.4505414000
116489.5254131748 120180.7266522000
117285.6978357961 115370.0550149369
121744.2634024757 120822.1495371684

124119.7567831847 138216.6656980000
132636.0520058784 135663.9994651111
131350.5734816982 136461.7076628889
123798.3871521396 130558.6669993333
129422.3556954279 127527.3758477778
121870.1693658694 128963.2506037778
128779.6164333378 138057.1240584445
119941.9515795991 134387.6663486667
121066.7452882568 135663.9994651111
121227.4301037793 125453.3345335556
118495.7882398964 132313.6250344444
132153.9975593108 132473.1666740000
127976.1923557252 132792.2499531111
120424.0060261667 131196.8335575555
129904.4101419955 129441.8755224444
133278.7912679685 136780.7909420000
131189.8886661757 129122.7922433333
130225.7797730405 136621.2493024445
126369.3442005000 129920.5004411111
127494.1379091577 133589.9581508889
134082.2153455811 135663.9994651111
129100.9860643829 124496.0846962222
128779.6164333378 127846.4591268889
122030.8541813919 123857.9181380000
119459.8971330315 134068.5830695555
121066.7452882568 127527.3758477778
130547.1494040856 129601.4171620000
123316.3327055721 134547.2079882222
134564.2697921486 136940.3325815556
120906.0604727342 132313.6250344444
118495.7882398964 129760.9588015555
128940.3012488604 132473.1666740000
122673.5934434820 125612.8761731111
132153.9975593108 137259.4158606667
127012.0834625901 136621.2493024445
125244.5504918423 128484.6256851111
123959.0719676622 128165.5424060000
124601.8112297523 132313.6250344444
122191.5389969144 138057.1240584445
121548.7997348243 125772.4178126667
123316.3327055721 127048.7509291111
126208.6593849775 136142.6243837778
127494.1379091577 134228.1247091111
122540.4358250971 109116.1818864947
118878.0426810388 109276.5376077368
118241.1047429417 119860.0152097158
125247.4220620097 112483.6520325790
118878.0426810388 108635.1147227684
117763.4012893689 116813.2565061158
125406.6565465340 107352.2689528316
119992.6840727087 115370.0550149369
122540.4358250971 107191.9132315895
123973.5461858155 108154.0475590421
119196.5116500874 110078.3162139474
124610.4841239126 112002.5848688526
120151.9185572330 115370.0550149369
125088.1875774854 112644.0077538210
121425.7944334272 113445.7863600316
118559.5737119903 116813.2565061158
124132.7806703398 111681.8734263684
119674.2151036602 110719.7390989158
123495.8427322427 112483.6520325790
121107.3254643786 116813.2565061158
124132.7806703398 107672.9803953158
128272.8772679709 109757.6047714632
118878.0426810388 117454.6793910842
119037.2771655631 111521.5177051263
116171.0564441262 113445.7863600316
122858.9047941456 120822.1495371684
127476.7048453495 111521.5177051263
116489.5254131748 112804.3634750631
114101.0081453107 119699.6594884737
122062.7323715243 115049.3435724526
116967.2288667476 119860.0152097158
120629.6220108058 108154.0475590421
125884.3600001068 120661.7938159263
119833.4495881845 120501.4380946842
120788.8564953301 119699.6594884737
120470.3875262815 116492.5450636316
124451.2496393883 120982.5052584105
117444.9323203204 116973.6122273579
117763.4012893689 111200.8062626421
124928.9530929612 120180.7266522000
116648.7598976990 115049.3435724526
125565.8910310582 111521.5177051263
118081.8702584175 111361.1619838842
123973.5461858155 121142.8609796526
124292.0151548641 112162.9405900947
123018.1392786699 112964.7191963053
118718.8081965146 119539.3037672316
118559.5737119903 112483.6520325790
121744.2634024757 107512.6246740737
123973.5461858155 109757.6047714632
116967.2288667476 112964.7191963053
126680.5324227282 111040.4505414000
123495.8427322427 110880.0948201579

130868.5190351306 132154.0833948889
131029.2038506531 137897.5824188889
123316.3327055721 127686.9174873333
124601.8112297523 129920.5004411111
133439.4760834910 136461.7076628889
126369.3442005000 125293.7928940000
127172.7682781126 127367.8342082222
123477.0175210946 134866.2912673333
127012.0834625901 125612.8761731111
130707.8342196081 135025.8329068889
130547.1494040856 138216.6656980000
126851.3986470676 135663.9994651111
127654.8227246802 133909.0414300000
122834.2782590045 135504.4578255556
122030.8541813919 124974.7096148889
131511.2582972207 130877.7502784445
122512.9086279594 128644.1673246667
121227.4301037793 136621.2493024445
122030.8541813919 123857.9181380000
127815.5075402027 137897.5824188889
128779.6164333378 126889.2092895556
124280.4415987072 134068.5830695555
123477.0175210946 135185.3745464445
119138.5275019865 130718.2086388889
126690.7138315450 135504.4578255556
128297.5619867703 134228.1247091111
124601.8112297523 137578.4991397778
122673.5934434820 129441.8755224444
121870.1693658694 135504.4578255556
128779.6164333378 130080.0420806667
124923.1808607973 129122.7922433333
122191.5389969144 126251.0427313333
126851.3986470676 130080.0420806667
132475.3671903558 131037.2919180000
129100.9860643829 133111.3332322222
122512.9086279594 130080.0420806667
127333.4530936351 132313.6250344444
131350.5734816982 133111.3332322222
122512.9086279594 129920.5004411111
127654.8227246802 135025.8329068889
121870.1693658694 134547.2079882222
130225.7797730405 128165.5424060000
120745.3756572117 132792.2499531111
125088.1875774854 113445.7863600316
118241.1047429417 114728.6321299684
120470.3875262815 107512.6246740737
117604.1668048447 119699.6594884737
117922.6357738932 120020.3709309579
122062.7323715243 120180.7266522000
124610.4841239126 121463.5724221369
119992.6840727087 114888.9878512105
125406.6565465340 110559.3833776737
123814.3117012913 111521.5177051263
118559.5737119903 118416.8137185368
116011.8219596019 117454.6793910842
119355.7461346117 117615.0351123263
120151.9185572330 116171.8336211474
120629.6220108058 109436.8933289789
118718.8081965146 115370.0550149369
121744.2634024757 115690.7664574211
116648.7598976990 117133.9679486000
116011.8219596019 114087.2092450000
119514.9806191359 118897.8808822632
121585.0289179515 113445.7863600316
128113.6427834466 108955.8261652526
125565.8910310582 108314.4032802842
123177.3737631942 120501.4380946842
118400.3392274660 112644.0077538210
127476.7048453495 110238.6719351895
121107.3254643786 115049.3435724526
122221.9668560486 108635.1147227684
117922.6357738932 117935.7465548105
120311.1530417573 107352.2689528316
122540.4358250971 120020.3709309579
120151.9185572330 108795.4704440105
119514.9806191359 117454.6793910842
119196.5116500874 117935.7465548105
127476.7048453495 108154.0475590421
114419.4771143592 118897.8808822632
126839.7669072524 108474.7590015263
119037.2771655631 120501.4380946842
116011.8219596019 117935.7465548105
121585.0289179515 111040.4505414000
128432.1117524951 110559.3833776737
120948.0909798544 111521.5177051263
116330.2909286505 112964.7191963053
120311.1530417573 116011.4778999053
122540.4358250971 115530.4107361790
117604.1668048447 117775.3908335684
124132.7806703398 109276.5376077368
126680.5324227282 112162.9405900947
123495.8427322427 111681.8734263684
117126.4633512718 114407.9206874842
120629.6220108058 120501.4380946842
117604.1668048447 112323.2963113368
124769.7186084369 112804.3634750631

121709.4845503469 132313.6250344444
126690.7138315450 135663.9994651111
132957.4216369234 136302.1660233333
124280.4415987072 137897.5824188889
120906.0604727342 125453.3345335556
125405.2353073649 132473.1666740000
119941.9515795991 130399.1253597778
122352.2238124369 123698.3764984444
126690.7138315450 128803.7089642222
121227.4301037793 124974.7096148889
126047.9745694550 126251.0427313333
122191.5389969144 132154.0833948889
122834.2782590045 135663.9994651111
133439.4760834910 136940.3325815556
122030.8541813919 125453.3345335556
128618.9316178153 136142.6243837778
129100.9860643829 131037.2919180000
130868.5190351306 128165.5424060000
123316.3327055721 136780.7909420000
126369.3442005000 132951.7915926667
124441.1264142297 135504.4578255556
128618.9316178153 128325.0840455555
122673.5934434820 124496.0846962222
127976.1923557252 125612.8761731111
125083.8656763198 131356.3751971111
121227.4301037793 136142.6243837778
133278.7912679685 133749.4997904444
131029.2038506531 133111.3332322222
124923.1808607973 126570.1260104444
124923.1808607973 138216.6656980000
119781.2667640766 127686.9174873333
124280.4415987072 135504.4578255556
118174.4186088514 129601.4171620000
127815.5075402027 135025.8329068889
132636.0520058784 136302.1660233333
126851.3986470676 129282.3338828889
127654.8227246802 124815.1679753333
131671.9431127432 134706.7496277778
122994.9630745270 138535.7489771111
120102.6363951216 132313.6250344444
124119.7567831847 129282.3338828889
118977.8426864640 130080.0420806667
123798.3871521396 136302.1660233333
124451.2496393883 108474.7590015263
128432.1117524951 108795.4704440105
118559.5737119903 112964.7191963053
125406.6565465340 107352.2689528316
125088.1875774854 110880.0948201579
119196.5116500874 113606.1420812737
121744.2634024757 109436.8933289789
118400.3392274660 109597.2490502210
115534.1185060291 117935.7465548105
129387.5186596408 109917.9604927053
123655.0772167670 120341.0823734421
122540.4358250971 107191.9132315895
122381.2013405728 112002.5848688526
119355.7461346117 117775.3908335684
123655.0772167670 111040.4505414000
124769.7186084369 121623.9281433789
127476.7048453495 111361.1619838842
116648.7598976990 117454.6793910842
128750.5807215437 121142.8609796526
118081.8702584175 112964.7191963053
125725.1255155825 109757.6047714632
121425.7944334272 107352.2689528316
121107.3254643786 111842.2291476105
119674.2151036602 118897.8808822632
119514.9806191359 116813.2565061158
119992.6840727087 110559.3833776737
124292.0151548641 107672.9803953158
128909.8152060680 110078.3162139474
118081.8702584175 115851.1221786632
117444.9323203204 120341.0823734421
122699.6703096214 110078.3162139474
122858.9047941456 112964.7191963053
117604.1668048447 109757.6047714632
120948.0909798544 109917.9604927053
120629.6220108058 114728.6321299684
126999.0013917767 109436.8933289789
117604.1668048447 117935.7465548105
120470.3875262815 109597.2490502210
121107.3254643786 120180.7266522000
128591.3462370194 109757.6047714632
119196.5116500874 107512.6246740737
117444.9323203204 112644.0077538210
118878.0426810388 119860.0152097158
119196.5116500874 110078.3162139474
117126.4633512718 111521.5177051263
126680.5324227282 108474.7590015263
118400.3392274660 116652.9007848737
123177.3737631942 112644.0077538210
117922.6357738932 117615.0351123263
120788.8564953301 113445.7863600316
121744.2634024757 120982.5052584105
121903.4978870000 108635.1147227684
116967.2288667476 119378.9480459895

126369.3442005000 125931.9594522222
120906.0604727342 133749.4997904444
129100.9860643829 135344.9161860000
125726.6049384099 125453.3345335556
121870.1693658694 130239.5837202222
124601.8112297523 137418.9575002222
130707.8342196081 132473.1666740000
123959.0719676622 131356.3751971111
130868.5190351306 128006.0007664444
133439.4760834910 136461.7076628889
123477.0175210946 131835.0001157778
127815.5075402027 125931.9594522222
123155.6478900496 122900.6683006667
130225.7797730405 136940.3325815556
122834.2782590045 123379.2932193333
124601.8112297523 131994.5417553333
129422.3556954279 126570.1260104444
125405.2353073649 126251.0427313333
123155.6478900496 129760.9588015555
129743.7253264730 134866.2912673333
131350.5734816982 128644.1673246667
124923.1808607973 132473.1666740000
126047.9745694550 125931.9594522222
128618.9316178153 125931.9594522222
118174.4186088514 129920.5004411111
127976.1923557252 134866.2912673333
126530.0290160225 131356.3751971111
132957.4216369234 133909.0414300000
118817.1578709414 130080.0420806667
122673.5934434820 135823.5411046667
129743.7253264730 132632.7083135555
124441.1264142297 133909.0414300000
123155.6478900496 130718.2086388889
122994.9630745270 133430.4165113333
128297.5619867703 129122.7922433333
129583.0405109504 125134.2512544444
124280.4415987072 130399.1253597778
123155.6478900496 121943.4184633333
131189.8886661757 135185.3745464445
131993.3127437883 135504.4578255556
128297.5619867703 128325.0840455555
130225.7797730405 130080.0420806667
121227.4301037793 134547.2079882222
120470.3875262815 107352.2689528316
118878.0426810388 114247.5649662421
117285.6978357961 114728.6321299684
120311.1530417573 107672.9803953158
121266.5599489029 110238.6719351895
122381.2013405728 114087.2092450000
120629.6220108058 115851.1221786632
123655.0772167670 108635.1147227684
120948.0909798544 113606.1420812737
120788.8564953301 110238.6719351895
115534.1185060291 116011.4778999053
122221.9668560486 114407.9206874842
118718.8081965146 115370.0550149369
117285.6978357961 112483.6520325790
127158.2358763010 111200.8062626421
123814.3117012913 107512.6246740737
120470.3875262815 120341.0823734421
124292.0151548641 112483.6520325790
121266.5599489029 112804.3634750631
118878.0426810388 117615.0351123263
124928.9530929612 106710.8460678632
129865.2221132136 109597.2490502210
119674.2151036602 110078.3162139474
125884.3600001068 121303.2167008947
120151.9185572330 113445.7863600316
121903.4978870000 112804.3634750631
123495.8427322427 107512.6246740737
120311.1530417573 110399.0276564316
125884.3600001068 109917.9604927053
120151.9185572330 117133.9679486000
123814.3117012913 113285.4306387895
121266.5599489029 108154.0475590421
115534.1185060291 118577.1694397789
126680.5324227282 107672.9803953158
115693.3529905534 116973.6122273579
119196.5116500874 114888.9878512105
119833.4495881845 110880.0948201579
119992.6840727087 120020.3709309579
122381.2013405728 111521.5177051263
118400.3392274660 116813.2565061158
127795.1738143981 110238.6719351895
116330.2909286505 116171.8336211474
119037.2771655631 120180.7266522000
119355.7461346117 110559.3833776737
118400.3392274660 117775.3908335684
124451.2496393883 112964.7191963053
120948.0909798544 113125.0749175474
117763.4012893689 111842.2291476105
117922.6357738932 114087.2092450000
124292.0151548641 109276.5376077368
119355.7461346117 120341.0823734421
116648.7598976990 113285.4306387895
117285.6978357961 117133.9679486000

121388.1149193018 137578.4991397778
126530.0290160225 137578.4991397778
123155.6478900496 136940.3325815556
129261.6708799054 136780.7909420000
133118.1064524459 136461.7076628889
132475.3671903558 135344.9161860000
121709.4845503469 135025.8329068889
131511.2582972207 135025.8329068889
133760.8457145360 135025.8329068889
120584.6908416892 132473.1666740000
123959.0719676622 132154.0833948889
131350.5734816982 131356.3751971111
127333.4530936351 130877.7502784445
132153.9975593108 130399.1253597778
129743.7253264730 129920.5004411111
130868.5190351306 129760.9588015555
122512.9086279594 129282.3338828889
126369.3442005000 129282.3338828889
119781.2667640766 128963.2506037778
124119.7567831847 127846.4591268889
125244.5504918423 127208.2925686667
122352.2238124369 126729.6676500000
123798.3871521396 126729.6676500000
121388.1149193018 128006.0007664444
125887.2897539324 135983.0827442222
130868.5190351306 130558.6669993333
128136.8771712477 127527.3758477778
121388.1149193018 126729.6676500000
130065.0949575180 126729.6676500000
129261.6708799054 130239.5837202222
126369.3442005000 125134.2512544444
127333.4530936351 128644.1673246667
130707.8342196081 126091.5010917778
131832.6279282657 137578.4991397778
127012.0834625901 131675.4584762222
123155.6478900496 123060.2099402222
118495.7882398964 128963.2506037778
122191.5389969144 133749.4997904444
123155.6478900496 129920.5004411111
125565.9201228874 131515.9168366667
128779.6164333378 129441.8755224444
122030.8541813919 126729.6676500000
122994.9630745270 132792.2499531111
128432.1117524951 121303.2167008947
127317.4703608252 121142.8609796526
118718.8081965146 120341.0823734421
116489.5254131748 120180.7266522000
119674.2151036602 118096.1022760526
115374.8840215049 116492.5450636316
119355.7461346117 114087.2092450000
121903.4978870000 113926.8535237579
120311.1530417573 112644.0077538210
119674.2151036602 112483.6520325790
126680.5324227282 112002.5848688526
122540.4358250971 111361.1619838842
127476.7048453495 111040.4505414000
121585.0289179515 110399.0276564316
125725.1255155825 110399.0276564316
123177.3737631942 110238.6719351895
124132.7806703398 110078.3162139474
117604.1668048447 109917.9604927053
119037.2771655631 109116.1818864947
118559.5737119903 108474.7590015263
122221.9668560486 108154.0475590421
125406.6565465340 107672.9803953158
115374.8840215049 119699.6594884737
117922.6357738932 109116.1818864947
116489.5254131748 114888.9878512105
121585.0289179515 119539.3037672316
124451.2496393883 108474.7590015263
120470.3875262815 120020.3709309579
117604.1668048447 117294.3236698421
125884.3600001068 111842.2291476105
116807.9943822233 119860.0152097158
117444.9323203204 115530.4107361790
121744.2634024757 115690.7664574211
120788.8564953301 107993.6918378000
120629.6220108058 110399.0276564316
126043.5944846311 110078.3162139474
120311.1530417573 116011.4778999053
126999.0013917767 121463.5724221369
128113.6427834466 108635.1147227684
124132.7806703398 120020.3709309579
119037.2771655631 111521.5177051263
121107.3254643786 112002.5848688526
123814.3117012913 110719.7390989158
118559.5737119903 113125.0749175474
115693.3529905534 115370.0550149369
120629.6220108058 116813.2565061158
124928.9530929612 112964.7191963053
121903.4978870000 111040.4505414000
120311.1530417573 108635.1147227684
123177.3737631942 107672.9803953158
122699.6703096214 107191.9132315895
129546.7531441650 109276.5376077368
122540.4358250971 110238.6719351895

128297.5619867703 134387.6663486667
129743.7253264730 138376.2073375556
122352.2238124369 132154.0833948889
122030.8541813919 124177.0014171111
127654.8227246802 126889.2092895556
131189.8886661757 130080.0420806667
121548.7997348243 131515.9168366667
123477.0175210946 129122.7922433333
127012.0834625901 125612.8761731111
131671.9431127432 136940.3325815556
125887.2897539324 137738.0407793333
134082.2153455811 136621.2493024445
123798.3871521396 130718.2086388889
123477.0175210946 136302.1660233333
129422.3556954279 127048.7509291111
122352.2238124369 126251.0427313333
123798.3871521396 126570.1260104444
129583.0405109504 126570.1260104444
130386.4645885630 137738.0407793333
124280.4415987072 138376.2073375556
129904.4101419955 130080.0420806667
125083.8656763198 138854.8322562222
124923.1808607973 134068.5830695555
128297.5619867703 134706.7496277778
122512.9086279594 133749.4997904444
124441.1264142297 126570.1260104444
131993.3127437883 135185.3745464445
126208.6593849775 126251.0427313333
123316.3327055721 131037.2919180000
133600.1608990135 136461.7076628889
129100.9860643829 127527.3758477778
131350.5734816982 131037.2919180000
131029.2038506531 135185.3745464445
126851.3986470676 127846.4591268889
119459.8971330315 132473.1666740000
129583.0405109504 124496.0846962222
131993.3127437883 130399.1253597778
131671.9431127432 132473.1666740000
126530.0290160225 137738.0407793333
130386.4645885630 132951.7915926667
124762.4960452748 138535.7489771111
121870.1693658694 126091.5010917778
127815.5075402027 135504.4578255556
118559.5737119903 118096.1022760526
116171.0564441262 115209.6992936947
123177.3737631942 111521.5177051263
119514.9806191359 117454.6793910842
127476.7048453495 110880.0948201579
127317.4703608252 108314.4032802842
114260.2426298349 118897.8808822632
115852.5874750777 115690.7664574211
120470.3875262815 109436.8933289789
126999.0013917767 108314.4032802842
123177.3737631942 119860.0152097158
120151.9185572330 109917.9604927053
123655.0772167670 107672.9803953158
122381.2013405728 113926.8535237579
120151.9185572330 116813.2565061158
120151.9185572330 113125.0749175474
117922.6357738932 117615.0351123263
122381.2013405728 107191.9132315895
125247.4220620097 111040.4505414000
122540.4358250971 115209.6992936947
121585.0289179515 114888.9878512105
118878.0426810388 116973.6122273579
124451.2496393883 121142.8609796526
117444.9323203204 118256.4579972947
124132.7806703398 120020.3709309579
117763.4012893689 115851.1221786632
121744.2634024757 108474.7590015263
124451.2496393883 108314.4032802842
126839.7669072524 108314.4032802842
116648.7598976990 113125.0749175474
126521.2979382039 110719.7390989158
121107.3254643786 107993.6918378000
129228.2841751165 109436.8933289789
121425.7944334272 107993.6918378000
120629.6220108058 120020.3709309579
126202.8289691553 112323.2963113368
120948.0909798544 108474.7590015263
118081.8702584175 112644.0077538210
118878.0426810388 111681.8734263684
124769.7186084369 108635.1147227684
121744.2634024757 107512.6246740737
120948.0909798544 112002.5848688526
118400.3392274660 116332.1893423895
123814.3117012913 121463.5724221369
126839.7669072524 111842.2291476105
119833.4495881845 108955.8261652526
115056.4150524563 116652.9007848737
120948.0909798544 112804.3634750631
117285.6978357961 113766.4978025158
120948.0909798544 113285.4306387895
126202.8289691553 120822.1495371684
122062.7323715243 107191.9132315895
115215.6495369806 118256.4579972947

125887.2897539324 136461.7076628889
128779.6164333378 138057.1240584445
124601.8112297523 133749.4997904444
128297.5619867703 131356.3751971111
126851.3986470676 126570.1260104444
121388.1149193018 133111.3332322222
130547.1494040856 132313.6250344444
122673.5934434820 124815.1679753333
126047.9745694550 133270.8748717778
121388.1149193018 132792.2499531111
123637.7023366171 129122.7922433333
129100.9860643829 125772.4178126667
128297.5619867703 129601.4171620000
134403.5849766261 137099.8742211111
122834.2782590045 138216.6656980000
131189.8886661757 131515.9168366667
123798.3871521396 132313.6250344444
124441.1264142297 131515.9168366667
129422.3556954279 130718.2086388889
131350.5734816982 134387.6663486667
131029.2038506531 133270.8748717778
131832.6279282657 132154.0833948889
125083.8656763198 129760.9588015555
122352.2238124369 127527.3758477778
131350.5734816982 133749.4997904444
130707.8342196081 129122.7922433333
127654.8227246802 133909.0414300000
123316.3327055721 128006.0007664444
125083.8656763198 130399.1253597778
131350.5734816982 134547.2079882222
132796.7368214009 131994.5417553333
125244.5504918423 127686.9174873333
121227.4301037793 137099.8742211111
131189.8886661757 128644.1673246667
131993.3127437883 129920.5004411111
117692.3641622838 130877.7502784445
121227.4301037793 136142.6243837778
131511.2582972207 133749.4997904444
132475.3671903558 134547.2079882222
121709.4845503469 137259.4158606667
122994.9630745270 133749.4997904444
119459.8971330315 129282.3338828889
133760.8457145360 135823.5411046667
125884.3600001068 107191.9132315895
124928.9530929612 108314.4032802842
122858.9047941456 120501.4380946842
118718.8081965146 114728.6321299684
123973.5461858155 108795.4704440105
117604.1668048447 117294.3236698421
118718.8081965146 115370.0550149369
119355.7461346117 117615.0351123263
125406.6565465340 112002.5848688526
119037.2771655631 118577.1694397789
126202.8289691553 121142.8609796526
118559.5737119903 116332.1893423895
119992.6840727087 110719.7390989158
120470.3875262815 109917.9604927053
117444.9323203204 116492.5450636316
128113.6427834466 108474.7590015263
126999.0013917767 120822.1495371684
119355.7461346117 117294.3236698421
117126.4633512718 117133.9679486000
120948.0909798544 110399.0276564316
119992.6840727087 114888.9878512105
118081.8702584175 117133.9679486000
122221.9668560486 107833.3361165579
121744.2634024757 119860.0152097158
117763.4012893689 116171.8336211474
118718.8081965146 109757.6047714632
120151.9185572330 110719.7390989158
127476.7048453495 110559.3833776737
123655.0772167670 121303.2167008947
128750.5807215437 109917.9604927053
125884.3600001068 110078.3162139474
121266.5599489029 112964.7191963053
123495.8427322427 109276.5376077368
124610.4841239126 112162.9405900947
120151.9185572330 109597.2490502210
126839.7669072524 111040.4505414000
123973.5461858155 106871.2017891053
117604.1668048447 116813.2565061158
121425.7944334272 107512.6246740737
121425.7944334272 108795.4704440105
117922.6357738932 119058.2366035053
123814.3117012913 107031.5575103474
123655.0772167670 111681.8734263684
125406.6565465340 112483.6520325790
125565.8910310582 110078.3162139474
119514.9806191359 120180.7266522000
119674.2151036602 120020.3709309579
119355.7461346117 120341.0823734421
127635.9393298738 110559.3833776737
118718.8081965146 117775.3908335684
123336.6082477184 113125.0749175474
129546.7531441650 109597.2490502210
127317.4703608252 108795.4704440105

124441.1264142297 135823.5411046667
132475.3671903558 135025.8329068889
133439.4760834910 135344.9161860000
121548.7997348243 126570.1260104444
120584.6908416892 130239.5837202222
126530.0290160225 133909.0414300000
129904.4101419955 134387.6663486667
125405.2353073649 138854.8322562222
125083.8656763198 133589.9581508889
122994.9630745270 124655.6263357778
126851.3986470676 124974.7096148889
130868.5190351306 127367.8342082222
123155.6478900496 135185.3745464445
124441.1264142297 127846.4591268889
131671.9431127432 128644.1673246667
122673.5934434820 124336.5430566667
121227.4301037793 137418.9575002222
132957.4216369234 132632.7083135555
121709.4845503469 131835.0001157778
122512.9086279594 130877.7502784445
121388.1149193018 127208.2925686667
124762.4960452748 127048.7509291111
127333.4530936351 125453.3345335556
131511.2582972207 137897.5824188889
119620.5819485541 131835.0001157778
122352.2238124369 126570.1260104444
129261.6708799054 127527.3758477778
121066.7452882568 125931.9594522222
129743.7253264730 137897.5824188889
126530.0290160225 129122.7922433333
121870.1693658694 136142.6243837778
124601.8112297523 137738.0407793333
121227.4301037793 132632.7083135555
124762.4960452748 131675.4584762222
121709.4845503469 138535.7489771111
120584.6908416892 128325.0840455555
128779.6164333378 135025.8329068889
126047.9745694550 127208.2925686667
131993.3127437883 136142.6243837778
122352.2238124369 127367.8342082222
131671.9431127432 133270.8748717778
125405.2353073649 132473.1666740000
120745.3756572117 127686.9174873333
124928.9530929612 112804.3634750631
120788.8564953301 109276.5376077368
121425.7944334272 119539.3037672316
118718.8081965146 111521.5177051263
122540.4358250971 112002.5848688526
123336.6082477184 107031.5575103474
117126.4633512718 112644.0077538210
117922.6357738932 115049.3435724526
124132.7806703398 112644.0077538210
120311.1530417573 112002.5848688526
119355.7461346117 119218.5923247474
120151.9185572330 115530.4107361790
118559.5737119903 110399.0276564316
122699.6703096214 120180.7266522000
118400.3392274660 120341.0823734421
118718.8081965146 120501.4380946842
120151.9185572330 112162.9405900947
123814.3117012913 120982.5052584105
125088.1875774854 107993.6918378000
120629.6220108058 107833.3361165579
123177.3737631942 111681.8734263684
125406.6565465340 111200.8062626421
126999.0013917767 120982.5052584105
117126.4633512718 117454.6793910842
126362.0634536796 110399.0276564316
120151.9185572330 115690.7664574211
124610.4841239126 108474.7590015263
119355.7461346117 111842.2291476105
124292.0151548641 107352.2689528316
116171.0564441262 119058.2366035053
119355.7461346117 116652.9007848737
122381.2013405728 120180.7266522000
116648.7598976990 113926.8535237579
124451.2496393883 111361.1619838842
120629.6220108058 109757.6047714632
118559.5737119903 118096.1022760526
119674.2151036602 110559.3833776737
117126.4633512718 116011.4778999053
117922.6357738932 109917.9604927053
126202.8289691553 112483.6520325790
125884.3600001068 120661.7938159263
122381.2013405728 120982.5052584105
120311.1530417573 112644.0077538210
122221.9668560486 120982.5052584105
120948.0909798544 109276.5376077368
123336.6082477184 112483.6520325790
121266.5599489029 108154.0475590421
125884.3600001068 110238.6719351895
121107.3254643786 116011.4778999053
118081.8702584175 112964.7191963053
123655.0772167670 107672.9803953158
119037.2771655631 107672.9803953158
117444.9323203204 118897.8808822632

123959.0719676622 134068.5830695555
122673.5934434820 127846.4591268889
132636.0520058784 134706.7496277778
126851.3986470676 137259.4158606667
129422.3556954279 128963.2506037778
127012.0834625901 135344.9161860000
130868.5190351306 127208.2925686667
126208.6593849775 126410.5843708889
126047.9745694550 134228.1247091111
128940.3012488604 127527.3758477778
128779.6164333378 130239.5837202222
120584.6908416892 133270.8748717778
121388.1149193018 133111.3332322222
120906.0604727342 134866.2912673333
128136.8771712477 132473.1666740000
133760.8457145360 135823.5411046667
127654.8227246802 133909.0414300000
131189.8886661757 136142.6243837778
126851.3986470676 133430.4165113333
122191.5389969144 125772.4178126667
122673.5934434820 138057.1240584445
129904.4101419955 126729.6676500000
119941.9515795991 132473.1666740000
123316.3327055721 133430.4165113333
130065.0949575180 126410.5843708889
125726.6049384099 138057.1240584445
119620.5819485541 130558.6669993333
131993.3127437883 130877.7502784445
131993.3127437883 135823.5411046667
130386.4645885630 131835.0001157778
125565.9201228874 134387.6663486667
122191.5389969144 135504.4578255556
122673.5934434820 130239.5837202222
131511.2582972207 131515.9168366667
126047.9745694550 137738.0407793333
120906.0604727342 130877.7502784445
125244.5504918423 125612.8761731111
122673.5934434820 123538.8348588889
131511.2582972207 130399.1253597778
121709.4845503469 137738.0407793333
121388.1149193018 129760.9588015555
134082.2153455811 136780.7909420000
122191.5389969144 125134.2512544444
122221.9668560486 111361.1619838842
129865.2221132136 109597.2490502210
119514.9806191359 120020.3709309579
120311.1530417573 107993.6918378000
120151.9185572330 111361.1619838842
123814.3117012913 111842.2291476105
119833.4495881845 116171.8336211474
122381.2013405728 113766.4978025158
120948.0909798544 116813.2565061158
120948.0909798544 114888.9878512105
122540.4358250971 111521.5177051263
128750.5807215437 108795.4704440105
119355.7461346117 117133.9679486000
120151.9185572330 108795.4704440105
123177.3737631942 113285.4306387895
121585.0289179515 116171.8336211474
128113.6427834466 121303.2167008947
127158.2358763010 110880.0948201579
126202.8289691553 112323.2963113368
120948.0909798544 109436.8933289789
117604.1668048447 117133.9679486000
119833.4495881845 112483.6520325790
119037.2771655631 115049.3435724526
119674.2151036602 114568.2764087263
126521.2979382039 110719.7390989158
129228.2841751165 109116.1818864947
124769.7186084369 108154.0475590421
125088.1875774854 112804.3634750631
126521.2979382039 110559.3833776737
127954.4082989223 110719.7390989158
120948.0909798544 111681.8734263684
119196.5116500874 118897.8808822632
118559.5737119903 110078.3162139474
119992.6840727087 108635.1147227684
125725.1255155825 112162.9405900947
123177.3737631942 107512.6246740737
116967.2288667476 117454.6793910842
125088.1875774854 107512.6246740737
117604.1668048447 115370.0550149369
119992.6840727087 115690.7664574211
117604.1668048447 114888.9878512105
118718.8081965146 114888.9878512105
122699.6703096214 108955.8261652526
119674.2151036602 116171.8336211474
118400.3392274660 107993.6918378000
117444.9323203204 118577.1694397789
121266.5599489029 108154.0475590421
126839.7669072524 111040.4505414000
119833.4495881845 108635.1147227684
122540.4358250971 113926.8535237579
117444.9323203204 113766.4978025158
123655.0772167670 106710.8460678632
117763.4012893689 117133.9679486000

