1068697910.2288661003 30539.9399510324
1065960733.8490780592 29313.9865214825
1092835611.9275209904 36019.3771581650
1069988270.7119076252 34302.6582677364
1073817772.7270689011 35312.8132016659
1071837445.7216272354 34462.7262637615
1071933500.8935586214 34486.6248278618
1088808226.2930395603 35782.1326959133
1068609996.9175740480 29990.1994474530
1089377931.1468861103 35821.9920005798
1100696135.8177993298 36580.2399220467
1068848528.8750215769 33804.7445278168
1099058853.3006803989 36130.6278529167
1092124072.1748526096 35867.8295311928
1086650121.4895994663 35716.2939982414
1072054990.3269317150 35288.9117383957
1096483890.4307410717 36121.2663722038
1076344160.6123673916 35695.8709688187
