889466128.9397646189 112680.2016620636
861059330.5074657202 105376.0757007599
858082507.7857640982 89418.3448266983
873845232.2052754164 111360.2221031189
862028444.2288765907 107289.5063514709
860661673.1729738712 104077.5818195343
886301924.3469033241 111809.2798404694
862972504.2996227741 107330.9386386871
883561630.7474470139 111540.0776882172
864233076.9710747004 109393.2867317200
872178667.6748120785 109896.0766258240
883761787.5537712574 111598.5774536133
870004345.6438714266 109477.3776874542
859279884.7926065922 103585.0247373581
857187500.1200478077 88814.0191044807
871242178.7151764631 109866.9787826538
890805957.3663880825 112727.2150382996
