565403691.1712491512 1520049.0024414062
559993242.8639414310 1469512.9256439209
562919039.9263554811 1501232.1694641113
578124913.6605602503 1555155.3249511719
560029710.2435108423 1475408.9885864258
563872629.4703179598 1513149.9734497070
566246641.4043040276 1541968.8153991699
557526085.7011173964 1427748.0390014648
558877671.8416345119 1446709.4038696289
560264654.2495208979 1500502.2967529297
563215622.6966249943 1503546.4824829102
565972276.2166005373 1533816.8999023438
570417052.9103089571 1551647.7427978516
558918022.8889385462 1466070.5068359375
563873086.9491446018 1514980.4274291992
