145696229.7716726959 2124952.4863281250
147390184.3207757771 2161554.5136718750
145931594.5367173254 2138019.4902343750
146367124.3948975503 2152364.9492187500
154488826.0732495487 2195340.6562500000
153042201.2326552272 2194075.8828125000
145809951.6947778165 2131636.0781250000
151762255.4962871075 2182838.0683593750
148027183.9674235582 2163819.7851562500
145186409.7974775434 2119764.5117187500
146881966.6372773349 2154152.9335937500
147352357.3956559300 2159147.1582031250
152425492.2391939163 2193060.5703125000
148435770.1948787272 2168187.2343750000
149229199.0534692407 2174777.0781250000
147621863.3129542768 2162373.5449218750
148345310.4351175427 2165278.7656250000
146036633.2243969142 2144704.7011718750
149347299.3880927861 2178225.7402343750
145125869.7984814048 2061805.3554687500
