379651684.9947785735 48235.3042182922
373280214.5599990487 44948.6550331116
384493888.6574990749 49553.4950790405
377222169.2315300703 47182.7729492188
379350963.3362702131 48088.9679775238
377418005.9143219590 47218.2147483826
379430929.0916544795 48205.8358001709
373877169.0004484057 45182.8220310211
375936608.0368465185 46787.7567710876
376481931.6937901974 47098.9788093567
374051851.2376146913 45699.0265007019
372999837.3481398225 38700.9013824463
376877854.1566272974 47141.8251533508
375461667.6209244728 46200.1168136597
377463478.7757694125 47559.3793325424
374362805.3286014199 45786.3122501373
378567389.1804981828 47860.9485530853
380380286.9730408788 48936.2009849548
373087709.0153495669 44519.7483997345
377529818.9808574915 47648.5133476257
384164573.0144795179 48936.2848434448
376102683.6822186112 47031.9809827805
