1385511653.2696571350 3103787.0953979492
1372329767.3349277973 2960323.9632263184
1376487907.4233787060 3033260.7108154297
1413331646.9680855274 3163599.5761718750
1375760343.7073135376 3014083.5343627930
1373769097.8541409969 2960471.5535430908
1379408013.2893214226 3036237.8092041016
1370796956.4096429348 2918958.8648681641
1381820739.8999340534 3042633.1549015045
1375688837.5333759785 3005307.3463134766
1379810795.7109758854 3041105.0946655273
1409389475.4485340118 3149525.4899291992
1404766580.5532901287 3134203.9346618652
1385146782.7617399693 3090028.1790466309
1397225745.5181641579 3121505.2884216309
1382776550.9727523327 3069956.5366210938
1384859069.3622534275 3082044.5540161133
1375689241.6166248322 3006967.6330566406
1383775072.3171060085 3081343.1826171875
