679219739.7210674286 613.3673615456
686175753.7300015688 618.4354302585
672198649.9971812963 596.4020998105
685911248.1370621920 615.1879298389
667439156.2346767187 502.6396045387
669369161.1319403648 583.9965293705
672126854.2305397987 596.1450913996
671110875.9997862577 593.6343728453
692084119.7736495733 630.9959377646
687653988.0181810856 624.7346930504
668595379.1036158800 571.1370141506
675710856.3516526222 608.4144521877
681390167.5288275480 615.1700633541
670038382.7594784498 589.9985345453
673902843.0454878807 605.8080563694
692809199.5200831890 632.5606728643
675466816.4048731327 607.9312870800
672246431.2722880840 604.5977163166
686175991.4872990847 619.3647303283
676835565.7319768667 611.3364808410
671711669.6641706228 594.8433563411
669577776.6160041094 585.2631977648
