448070083.1825066209 17120.6280040741
448195447.1217308640 17237.3979358673
457829729.8221620917 18485.2055101395
448466862.1584249139 17467.3283567429
445124960.5148688555 17107.4043555260
455740594.7693066001 18340.2302350998
460072705.3611649871 18525.8195109367
444325777.8668480515 13881.7008125782
461544587.6160922050 18583.1535387039
453101085.6772747040 18189.1827812195
453378521.7521983385 18301.1804151535
449548002.7574345469 17811.8632397652
459767276.3959860802 18490.5689258575
457130430.8656423688 18364.3500947952
449845280.8358060718 18155.7220134735
