129495.6440807975 133437.2867951097
136850.3647760886 140345.1676773293
116864.7107127975 134561.8255433781
130614.8407083418 136007.6610768658
119742.6448979114 133597.9351877195
121981.0381530000 136007.6610768658
134292.2010559874 139059.9805364512
126617.7098956835 135204.4191138171
118783.3335028734 133758.5835803293
129335.7588482911 137774.7933955732
129335.7588482911 138899.3321438415
129815.4145458101 135043.7707212073
129655.5293133038 132955.3416172805
135571.2829160380 138417.3869660122
117184.4811778101 135525.7158990366
124699.0871056076 136650.2546473049
133812.5453584684 136007.6610768658
130135.1850108228 128778.4834094268
134452.0862884937 139220.6289290610
133652.6601259620 131027.5609059634
124059.5461755823 131670.1544764024
130614.8407083418 134561.8255433781
121341.4972229747 131188.2092985732
124219.4314080886 134240.5287581585
129335.7588482911 130384.9673355244
132533.4634984177 137292.8482177439
126617.7098956835 136328.9578620854
123100.2347805443 130706.2641207439
125178.7428031266 133597.9351877195
133173.0044284431 130706.2641207439
126297.9394306709 135365.0675064268
130934.6111733545 139702.5741068902
127417.1360582152 125244.2187720122
134292.2010559874 140184.5192847195
120861.8415254557 136650.2546473049
138449.2171011519 139541.9257142805
136050.9386135570 139220.6289290610
133812.5453584684 135525.7158990366
131414.2668708734 138578.0353586219
128056.6769882405 131670.1544764024
131254.3816383671 137132.1998251342
136050.9386135570 139863.2224995000
132373.5782659114 133919.2319729390
129495.6440807975 133919.2319729390
139568.4137286962 142112.2999960366
129175.8736157848 129581.7253724756
119262.9892003924 133758.5835803293
135091.6272185190 139702.5741068902
126297.9394306709 136810.9030399146
140207.9546587215 142272.9483886463
122140.9233855063 133276.6384025000
137969.5614036329 141951.6516034268
119103.1039678861 136007.6610768658
139568.4137286962 141148.4096403781
125658.3985006456 131670.1544764024
131574.1521033797 133115.9900098902
133013.1191959367 132634.0448320610
131254.3816383671 134240.5287581585
131574.1521033797 129581.7253724756
121181.6119904684 135204.4191138171
123899.6609430760 127975.2414463780
129015.9883832785 125083.5703794024
139568.4137286962 141791.0032108171
124059.5461755823 131027.5609059634
125338.6280356329 136489.6062546951
122300.8086180127 136650.2546473049
127896.7917557342 136007.6610768658
129015.9883832785 126368.7575202805
124059.5461755823 132473.3964394512
139088.7580311772 141630.3548182073
137170.1352411013 137292.8482177439
129495.6440807975 129903.0221576951
130774.7259408481 132634.0448320610
135251.5124510253 140827.1128551585
136370.7090785696 138738.6837512317
125818.2837331519 135686.3642916463
131734.0373358861 134561.8255433781
134132.3158234810 135847.0126842561
127577.0212907215 124922.9219867927
129175.8736157848 131509.5060837927
131893.9225683924 135043.7707212073
128216.5622207468 134561.8255433781
127417.1360582152 131991.4512616220
130454.9554758354 132794.6932246707
125658.3985006456 135525.7158990366
130614.8407083418 139863.2224995000
131734.0373358861 140184.5192847195
125498.5132681392 133597.9351877195
133013.1191959367 139541.9257142805
121181.6119904684 132634.0448320610
118943.2187353798 134240.5287581585
130454.9554758354 134883.1223285976
123260.1200130506 131188.2092985732
131574.1521033797 139541.9257142805
136850.3647760886 139541.9257142805
125818.2837331519 128457.1866242073
129175.8736157848 126850.7026981097

139408.5284961899 142594.2451738659
139088.7580311772 142272.9483886463
137649.7909386203 141791.0032108171
137170.1352411013 141469.7064255976
138768.9875661646 141148.4096403781
135251.5124510253 140827.1128551585
133972.4305909747 139541.9257142805
133812.5453584684 139059.9805364512
126937.4803606962 137935.4417881829
129015.9883832785 137774.7933955732
131893.9225683924 137453.4966103537
133173.0044284431 137132.1998251342
124059.5461755823 136971.5514325244
122140.9233855063 136810.9030399146
131893.9225683924 136489.6062546951
123260.1200130506 136328.9578620854
131574.1521033797 136328.9578620854
134292.2010559874 136168.3094694756
131254.3816383671 135847.0126842561
135251.5124510253 135847.0126842561
131734.0373358861 135525.7158990366
119902.5301304177 135365.0675064268
124219.4314080886 135365.0675064268
126138.0541981646 135365.0675064268
125178.7428031266 135204.4191138171
119262.9892003924 134883.1223285976
120701.9562929494 134883.1223285976
130614.8407083418 134883.1223285976
135411.3976835317 134722.4739359878
122780.4643155316 134561.8255433781
129175.8736157848 134561.8255433781
125338.6280356329 134401.1771507683
118463.5630378608 134240.5287581585
119103.1039678861 134240.5287581585
120382.1858279367 134240.5287581585
129175.8736157848 134079.8803655488
134931.7419860127 134079.8803655488
121021.7267579620 133919.2319729390
132533.4634984177 133919.2319729390
124539.2018731013 133758.5835803293
122940.3495480380 133276.6384025000
118623.4482703671 133115.9900098902
122300.8086180127 132955.3416172805
123420.0052455570 132955.3416172805
124219.4314080886 132955.3416172805
124539.2018731013 132794.6932246707
128216.5622207468 132634.0448320610
120382.1858279367 132473.3964394512
131574.1521033797 132473.3964394512
133492.7748934557 132473.3964394512
130934.6111733545 132152.0996542317
131254.3816383671 131991.4512616220
122940.3495480380 131348.8576911829
128056.6769882405 131348.8576911829
125498.5132681392 130866.9125133537
129655.5293133038 130866.9125133537
133013.1191959367 130384.9673355244
132533.4634984177 130224.3189429146
127257.2508257089 130063.6705503049
125498.5132681392 129581.7253724756
127257.2508257089 129581.7253724756
132213.6930334051 129421.0769798659
128376.4474532532 129099.7801946463
127097.3655932025 128939.1318020366
129175.8736157848 128778.4834094268
125178.7428031266 128617.8350168171
124699.0871056076 128296.5382315976
126777.5951281899 128296.5382315976
128216.5622207468 127975.2414463780
125658.3985006456 127332.6478759390
127736.9065232279 127332.6478759390
125018.8575706203 127171.9994833293
126777.5951281899 126529.4059128902
128696.2179182658 126047.4607350610
120542.0710604430 131509.5060837927
134132.3158234810 140666.4644625488
136050.9386135570 141309.0580329878
124539.2018731013 135365.0675064268
128216.5622207468 138417.3869660122
124539.2018731013 127171.9994833293
129815.4145458101 129260.4285872561
128536.3326857595 139059.9805364512
132213.6930334051 128617.8350168171
128856.1031507722 128778.4834094268
118463.5630378608 134883.1223285976
134931.7419860127 133437.2867951097
129495.6440807975 126368.7575202805
129815.4145458101 131670.1544764024
137969.5614036329 139863.2224995000
132533.4634984177 129260.4285872561
129655.5293133038 129903.0221576951
121821.1529204937 135847.0126842561
127736.9065232279 136007.6610768658
129655.5293133038 134883.1223285976
118943.2187353798 132312.7480468414
119582.7596654051 135525.7158990366
132213.6930334051 130224.3189429146

128536.3326857595 125083.5703794024
129175.8736157848 124601.6252015732
130135.1850108228 133758.5835803293
132213.6930334051 136168.3094694756
121981.0381530000 134079.8803655488
127417.1360582152 137292.8482177439
133173.0044284431 140505.8160699390
134132.3158234810 136810.9030399146
137649.7909386203 140505.8160699390
133173.0044284431 140666.4644625488
139568.4137286962 141309.0580329878
124219.4314080886 129421.0769798659
125018.8575706203 136168.3094694756
133972.4305909747 132955.3416172805
134931.7419860127 134240.5287581585
138449.2171011519 140505.8160699390
127577.0212907215 130866.9125133537
135731.1681485443 140987.7612477683
123260.1200130506 132634.0448320610
138289.3318686456 142272.9483886463
118303.6778053544 134401.1771507683
116544.9402477848 134561.8255433781
133652.6601259620 137292.8482177439
138768.9875661646 142112.2999960366
133492.7748934557 131509.5060837927
127577.0212907215 127975.2414463780
129975.2997783165 132955.3416172805
124539.2018731013 137614.1450029634
120701.9562929494 132634.0448320610
128376.4474532532 125404.8671646220
122940.3495480380 131027.5609059634
128216.5622207468 134561.8255433781
132213.6930334051 139702.5741068902
118783.3335028734 135043.7707212073
121821.1529204937 130545.6157281341
131414.2668708734 137935.4417881829
129655.5293133038 138578.0353586219
128536.3326857595 134883.1223285976
128696.2179182658 131188.2092985732
123260.1200130506 128457.1866242073
129655.5293133038 133597.9351877195
128856.1031507722 139220.6289290610
133332.8896609494 139381.2773216707
125178.7428031266 135525.7158990366
126777.5951281899 137292.8482177439
137649.7909386203 139702.5741068902
135091.6272185190 136168.3094694756
124219.4314080886 135365.0675064268
120701.9562929494 132312.7480468414
119103.1039678861 134079.8803655488
124699.0871056076 135525.7158990366
130295.0702433291 126850.7026981097
131574.1521033797 134079.8803655488
136690.4795435823 138578.0353586219
131094.4964058608 128778.4834094268
125018.8575706203 128457.1866242073
117184.4811778101 134401.1771507683
135731.1681485443 135204.4191138171
130774.7259408481 130866.9125133537
127577.0212907215 138578.0353586219
125978.1689656582 131188.2092985732
120701.9562929494 135043.7707212073
130135.1850108228 138738.6837512317
120222.3005954304 131670.1544764024
121021.7267579620 136328.9578620854
129175.8736157848 128617.8350168171
117983.9073403418 134079.8803655488
122140.9233855063 135847.0126842561
130295.0702433291 131348.8576911829
131254.3816383671 136971.5514325244
138609.1023336582 139863.2224995000
137170.1352411013 138899.3321438415
128536.3326857595 132312.7480468414
129815.4145458101 125726.1639498415
129655.5293133038 139220.6289290610
132853.2339634304 130866.9125133537
128536.3326857595 136328.9578620854
127896.7917557342 129099.7801946463
125818.2837331519 133758.5835803293
125178.7428031266 129099.7801946463
124219.4314080886 129260.4285872561
130295.0702433291 137132.1998251342
134132.3158234810 132152.0996542317
127417.1360582152 136328.9578620854
136850.3647760886 138738.6837512317
120701.9562929494 136328.9578620854
131574.1521033797 139220.6289290610
125658.3985006456 130224.3189429146
139728.2989612025 141469.7064255976
135891.0533810506 136810.9030399146
139728.2989612025 142112.2999960366
129175.8736157848 126047.4607350610
133332.8896609494 138899.3321438415
124699.0871056076 136328.9578620854
127097.3655932025 134079.8803655488
128536.3326857595 131027.5609059634
127097.3655932025 132955.3416172805

139408.5284961899 142594.2451738659
140207.9546587215 142594.2451738659
138928.8727986709 142112.2999960366
137170.1352411013 141469.7064255976
138768.9875661646 141469.7064255976
139088.7580311772 141469.7064255976
136050.9386135570 141309.0580329878
136370.7090785696 140987.7612477683
135251.5124510253 140827.1128551585
133972.4305909747 140184.5192847195
136210.8238460633 139702.5741068902
133492.7748934557 139541.9257142805
128536.3326857595 139059.9805364512
137170.1352411013 138578.0353586219
125338.6280356329 138096.0901807927
125978.1689656582 138096.0901807927
126937.4803606962 137935.4417881829
136050.9386135570 137935.4417881829
136530.5943110760 137935.4417881829
136370.7090785696 137774.7933955732
125498.5132681392 137453.4966103537
129015.9883832785 137132.1998251342
122140.9233855063 136810.9030399146
133173.0044284431 136810.9030399146
122460.6938505190 136650.2546473049
124858.9723381139 136328.9578620854
132533.4634984177 136328.9578620854
132373.5782659114 136168.3094694756
123420.0052455570 135847.0126842561
131254.3816383671 135847.0126842561
122780.4643155316 135525.7158990366
119902.5301304177 135365.0675064268
124219.4314080886 135365.0675064268
129015.9883832785 135365.0675064268
125178.7428031266 135204.4191138171
117184.4811778101 135043.7707212073
122780.4643155316 135043.7707212073
127736.9065232279 135043.7707212073
133652.6601259620 135043.7707212073
130614.8407083418 134883.1223285976
117983.9073403418 134722.4739359878
129175.8736157848 134561.8255433781
123739.7757105696 134401.1771507683
125338.6280356329 134401.1771507683
128536.3326857595 134401.1771507683
130614.8407083418 134401.1771507683
117344.3664103165 134240.5287581585
119103.1039678861 134240.5287581585
135571.2829160380 134240.5287581585
124699.0871056076 134079.8803655488
134931.7419860127 134079.8803655488
121021.7267579620 133919.2319729390
129175.8736157848 133758.5835803293
122300.8086180127 133597.9351877195
122940.3495480380 133276.6384025000
118623.4482703671 133115.9900098902
124219.4314080886 132955.3416172805
122940.3495480380 132634.0448320610
126297.9394306709 131830.8028690122
121981.0381530000 131670.1544764024
119902.5301304177 131509.5060837927
120542.0710604430 131509.5060837927
122940.3495480380 131348.8576911829
128696.2179182658 130545.6157281341
132213.6930334051 130224.3189429146
125978.1689656582 129581.7253724756
132213.6930334051 129421.0769798659
124219.4314080886 129260.4285872561
129815.4145458101 129260.4285872561
132053.8078008987 129099.7801946463
129015.9883832785 128778.4834094268
126617.7098956835 128135.8898389878
123739.7757105696 127975.2414463780
126937.4803606962 127975.2414463780
124699.0871056076 127493.2962685488
125658.3985006456 127332.6478759390
131414.2668708734 127332.6478759390
125178.7428031266 126850.7026981097
127097.3655932025 126850.7026981097
126617.7098956835 126368.7575202805
127417.1360582152 125886.8123424512
136210.8238460633 135365.0675064268
133013.1191959367 130384.9673355244
134931.7419860127 137935.4417881829
131094.4964058608 126850.7026981097
132533.4634984177 130224.3189429146
124539.2018731013 135365.0675064268
118783.3335028734 134079.8803655488
123260.1200130506 136328.9578620854
135251.5124510253 135847.0126842561
119262.9892003924 134883.1223285976
127097.3655932025 131188.2092985732
132533.4634984177 129260.4285872561
130614.8407083418 134561.8255433781
129975.2997783165 139220.6289290610
128216.5622207468 132634.0448320610
116704.8254802911 134561.8255433781

124858.9723381139 136971.5514325244
135731.1681485443 136007.6610768658
117504.2516428228 133758.5835803293
130135.1850108228 126047.4607350610
119902.5301304177 131348.8576911829
137010.2500085949 141791.0032108171
126297.9394306709 137774.7933955732
123100.2347805443 131027.5609059634
128856.1031507722 126529.4059128902
124059.5461755823 136328.9578620854
128376.4474532532 135043.7707212073
125338.6280356329 137614.1450029634
134611.9715210000 137292.8482177439
123100.2347805443 130866.9125133537
120542.0710604430 136489.6062546951
117504.2516428228 134722.4739359878
130454.9554758354 128617.8350168171
128856.1031507722 134079.8803655488
125498.5132681392 136810.9030399146
129335.7588482911 130545.6157281341
129335.7588482911 131991.4512616220
130934.6111733545 134401.1771507683
120701.9562929494 136650.2546473049
128856.1031507722 128617.8350168171
139568.4137286962 141148.4096403781
131094.4964058608 128778.4834094268
132213.6930334051 134561.8255433781
123579.8904780633 129260.4285872561
128056.6769882405 124119.6800237439
136530.5943110760 139863.2224995000
125338.6280356329 132312.7480468414
135251.5124510253 138738.6837512317
129815.4145458101 135686.3642916463
122140.9233855063 129421.0769798659
125338.6280356329 136168.3094694756
132053.8078008987 139059.9805364512
134611.9715210000 136007.6610768658
125818.2837331519 128296.5382315976
130295.0702433291 133758.5835803293
128856.1031507722 129099.7801946463
138449.2171011519 140987.7612477683
133173.0044284431 134561.8255433781
125658.3985006456 137935.4417881829
120701.9562929494 135365.0675064268
123739.7757105696 132634.0448320610
134292.2010559874 140987.7612477683
129495.6440807975 134079.8803655488
124699.0871056076 136810.9030399146
117664.1368753291 134883.1223285976
125658.3985006456 126850.7026981097
122300.8086180127 130224.3189429146
135731.1681485443 141148.4096403781
129495.6440807975 137614.1450029634
128856.1031507722 125726.1639498415
133173.0044284431 138578.0353586219
131094.4964058608 134240.5287581585
137330.0204736076 138899.3321438415
129015.9883832785 130706.2641207439
130135.1850108228 134561.8255433781
121501.3824554810 135043.7707212073
136690.4795435823 140505.8160699390
120222.3005954304 132794.6932246707
130614.8407083418 135525.7158990366
134931.7419860127 139059.9805364512
122140.9233855063 134401.1771507683
135411.3976835317 136971.5514325244
125818.2837331519 135365.0675064268
135571.2829160380 140505.8160699390
121661.2676879873 136810.9030399146
130774.7259408481 132152.0996542317
129495.6440807975 126850.7026981097
125178.7428031266 131027.5609059634
121981.0381530000 136810.9030399146
134452.0862884937 138578.0353586219
129015.9883832785 133276.6384025000
131893.9225683924 131509.5060837927
128056.6769882405 131188.2092985732
133173.0044284431 139541.9257142805
128536.3326857595 138578.0353586219
132373.5782659114 132312.7480468414
116385.0550152785 134561.8255433781
127896.7917557342 129421.0769798659
127896.7917557342 137292.8482177439
139568.4137286962 142433.5967812561
128056.6769882405 124762.2735941829
116704.8254802911 135043.7707212073
127417.1360582152 136650.2546473049
132693.3487309240 139541.9257142805
127577.0212907215 134561.8255433781
128696.2179182658 134240.5287581585
139568.4137286962 142272.9483886463
122140.9233855063 136971.5514325244
131893.9225683924 130224.3189429146
117504.2516428228 135365.0675064268
136530.5943110760 138578.0353586219
136690.4795435823 137453.4966103537
129495.6440807975 128135.8898389878

137969.5614036329 142112.2999960366
139248.6432636836 141630.3548182073
137809.6761711266 141469.7064255976
133332.8896609494 139702.5741068902
132693.3487309240 139220.6289290610
134771.8567535063 139059.9805364512
129975.2997783165 138899.3321438415
133013.1191959367 138096.0901807927
136850.3647760886 138096.0901807927
128216.5622207468 137935.4417881829
124539.2018731013 137774.7933955732
129975.2997783165 137453.4966103537
123739.7757105696 137292.8482177439
124059.5461755823 137132.1998251342
126777.5951281899 136971.5514325244
134292.2010559874 136971.5514325244
130934.6111733545 136810.9030399146
132533.4634984177 136650.2546473049
132373.5782659114 136328.9578620854
131254.3816383671 136168.3094694756
127736.9065232279 136007.6610768658
135571.2829160380 136007.6610768658
124059.5461755823 135686.3642916463
122780.4643155316 135525.7158990366
135091.6272185190 135204.4191138171
133972.4305909747 135043.7707212073
127577.0212907215 133919.2319729390
133173.0044284431 133919.2319729390
124379.3166405949 133597.9351877195
119582.7596654051 133276.6384025000
134132.3158234810 133115.9900098902
124539.2018731013 132794.6932246707
130135.1850108228 132794.6932246707
133332.8896609494 132634.0448320610
126777.5951281899 131670.1544764024
120542.0710604430 131509.5060837927
123100.2347805443 131509.5060837927
128696.2179182658 131348.8576911829
129335.7588482911 130706.2641207439
133013.1191959367 130706.2641207439
129015.9883832785 130384.9673355244
124539.2018731013 129903.0221576951
125178.7428031266 129421.0769798659
126617.7098956835 128617.8350168171
126937.4803606962 128617.8350168171
124059.5461755823 128135.8898389878
128536.3326857595 127171.9994833293
126777.5951281899 126529.4059128902
129015.9883832785 126047.4607350610
129015.9883832785 125244.2187720122
127896.7917557342 125083.5703794024
127417.1360582152 124762.2735941829
127736.9065232279 124601.6252015732
128696.2179182658 124119.6800237439
126617.7098956835 134722.4739359878
133972.4305909747 140184.5192847195
127896.7917557342 138899.3321438415
129655.5293133038 136007.6610768658
119422.8744328987 135686.3642916463
126138.0541981646 135365.0675064268
119262.9892003924 132152.0996542317
135571.2829160380 135365.0675064268
134452.0862884937 138578.0353586219
135571.2829160380 138417.3869660122
132533.4634984177 132634.0448320610
130774.7259408481 139863.2224995000
133972.4305909747 137132.1998251342
122620.5790830253 134240.5287581585
130135.1850108228 136650.2546473049
127097.3655932025 137292.8482177439
127896.7917557342 128778.4834094268
137969.5614036329 139702.5741068902
135091.6272185190 134722.4739359878
128376.4474532532 134883.1223285976
116864.7107127975 134079.8803655488
125018.8575706203 136489.6062546951
130774.7259408481 132955.3416172805
136050.9386135570 141309.0580329878
123739.7757105696 133115.9900098902
124699.0871056076 129581.7253724756
124219.4314080886 135847.0126842561
137969.5614036329 141630.3548182073
140048.0694262152 141951.6516034268
125818.2837331519 136650.2546473049
125818.2837331519 133276.6384025000
128856.1031507722 126047.4607350610
128856.1031507722 128778.4834094268
120701.9562929494 134883.1223285976
134931.7419860127 134079.8803655488
129175.8736157848 128778.4834094268
122940.3495480380 136007.6610768658
128536.3326857595 130545.6157281341
117344.3664103165 134722.4739359878
123420.0052455570 135847.0126842561
127417.1360582152 133437.2867951097
136850.3647760886 140666.4644625488
132213.6930334051 135043.7707212073

129975.2997783165 132794.6932246707
130774.7259408481 131188.2092985732
132533.4634984177 129260.4285872561
132853.2339634304 138256.7385734025
123899.6609430760 136007.6610768658
131094.4964058608 130384.9673355244
129815.4145458101 133437.2867951097
118143.7925728481 133437.2867951097
127417.1360582152 128778.4834094268
137330.0204736076 141791.0032108171
134452.0862884937 139863.2224995000
131574.1521033797 139381.2773216707
126297.9394306709 138096.0901807927
132693.3487309240 136810.9030399146
137809.6761711266 139702.5741068902
126937.4803606962 130706.2641207439
121821.1529204937 136328.9578620854
125498.5132681392 136168.3094694756
118303.6778053544 134722.4739359878
126937.4803606962 129581.7253724756
131254.3816383671 135043.7707212073
125658.3985006456 129421.0769798659
135411.3976835317 139381.2773216707
128696.2179182658 138096.0901807927
126777.5951281899 136168.3094694756
121981.0381530000 132955.3416172805
132053.8078008987 134561.8255433781
116385.0550152785 134883.1223285976
127736.9065232279 131027.5609059634
130934.6111733545 132312.7480468414
125818.2837331519 136328.9578620854
122300.8086180127 130545.6157281341
137809.6761711266 140505.8160699390
122300.8086180127 135847.0126842561
123100.2347805443 134561.8255433781
128056.6769882405 136489.6062546951
116544.9402477848 135204.4191138171
128856.1031507722 136971.5514325244
124379.3166405949 130224.3189429146
135571.2829160380 135686.3642916463
118143.7925728481 135525.7158990366
131254.3816383671 132955.3416172805
135891.0533810506 139863.2224995000
119582.7596654051 132473.3964394512
133332.8896609494 139059.9805364512
128696.2179182658 130545.6157281341
128856.1031507722 132634.0448320610
129655.5293133038 133437.2867951097
125818.2837331519 138256.7385734025
123899.6609430760 134401.1771507683
119742.6448979114 136007.6610768658
130614.8407083418 133919.2319729390
129655.5293133038 130384.9673355244
124219.4314080886 137132.1998251342
131574.1521033797 127814.5930537683
130614.8407083418 133437.2867951097
117983.9073403418 134401.1771507683
136050.9386135570 139863.2224995000
124699.0871056076 136971.5514325244
122140.9233855063 129742.3737650854
126777.5951281899 135525.7158990366
127257.2508257089 135204.4191138171
131574.1521033797 135043.7707212073
118463.5630378608 133115.9900098902
131734.0373358861 137935.4417881829
136210.8238460633 140987.7612477683
136530.5943110760 141469.7064255976
137010.2500085949 138899.3321438415
127736.9065232279 131188.2092985732
122620.5790830253 131188.2092985732
125978.1689656582 136328.9578620854
125658.3985006456 134883.1223285976
130135.1850108228 132473.3964394512
134132.3158234810 139381.2773216707
116704.8254802911 134722.4739359878
125018.8575706203 128135.8898389878
140367.8398912279 142272.9483886463
139408.5284961899 141630.3548182073
131254.3816383671 137453.4966103537
120382.1858279367 134079.8803655488
135731.1681485443 138096.0901807927
130774.7259408481 134079.8803655488
135571.2829160380 137774.7933955732
132853.2339634304 130866.9125133537
123420.0052455570 128457.1866242073
123260.1200130506 130384.9673355244
121661.2676879873 135686.3642916463
137969.5614036329 140184.5192847195
123899.6609430760 135686.3642916463
131254.3816383671 136328.9578620854
130614.8407083418 134240.5287581585
123100.2347805443 129581.7253724756
137330.0204736076 140666.4644625488
129015.9883832785 129742.3737650854
120222.3005954304 132955.3416172805
130454.9554758354 139541.9257142805
125658.3985006456 136489.6062546951

119582.7596654051 134883.1223285976
118463.5630378608 135204.4191138171
130614.8407083418 137292.8482177439
130135.1850108228 126690.0543055000
122620.5790830253 137132.1998251342
125978.1689656582 136168.3094694756
133652.6601259620 140184.5192847195
118463.5630378608 134883.1223285976
121181.6119904684 134561.8255433781
125978.1689656582 134401.1771507683
134771.8567535063 136489.6062546951
119742.6448979114 135525.7158990366
131574.1521033797 139220.6289290610
132373.5782659114 139059.9805364512
123739.7757105696 127975.2414463780
133652.6601259620 136971.5514325244
127736.9065232279 125244.2187720122
121821.1529204937 130866.9125133537
124379.3166405949 127332.6478759390
121661.2676879873 134722.4739359878
125658.3985006456 137774.7933955732
132693.3487309240 131830.8028690122
122780.4643155316 131027.5609059634
132213.6930334051 139863.2224995000
131574.1521033797 135525.7158990366
128216.5622207468 131991.4512616220
130295.0702433291 126690.0543055000
130295.0702433291 131670.1544764024
130614.8407083418 139059.9805364512
125178.7428031266 129260.4285872561
128376.4474532532 130866.9125133537
130135.1850108228 132634.0448320610
125018.8575706203 131830.8028690122
125338.6280356329 135847.0126842561
128536.3326857595 133437.2867951097
126297.9394306709 138096.0901807927
123260.1200130506 136971.5514325244
126777.5951281899 126529.4059128902
128536.3326857595 126368.7575202805
117344.3664103165 133919.2319729390
128056.6769882405 130063.6705503049
120062.4153629241 134401.1771507683
125978.1689656582 135365.0675064268
134771.8567535063 134401.1771507683
130614.8407083418 133919.2319729390
119262.9892003924 133437.2867951097
131094.4964058608 139381.2773216707
130135.1850108228 128296.5382315976
130135.1850108228 134079.8803655488
129655.5293133038 137935.4417881829
128056.6769882405 129421.0769798659
129175.8736157848 126690.0543055000
125978.1689656582 138096.0901807927
129015.9883832785 131830.8028690122
135251.5124510253 136328.9578620854
127577.0212907215 132634.0448320610
123579.8904780633 128296.5382315976
124219.4314080886 131027.5609059634
139888.1841937089 141951.6516034268
124379.3166405949 131188.2092985732
129975.2997783165 138738.6837512317
129335.7588482911 135043.7707212073
137969.5614036329 138417.3869660122
130614.8407083418 132473.3964394512
138768.9875661646 142112.2999960366
131893.9225683924 129581.7253724756
136530.5943110760 139702.5741068902
134931.7419860127 138578.0353586219
118943.2187353798 133115.9900098902
131254.3816383671 128617.8350168171
127577.0212907215 136650.2546473049
122620.5790830253 129903.0221576951
132853.2339634304 134883.1223285976
139408.5284961899 140987.7612477683
128696.2179182658 133597.9351877195
131734.0373358861 135686.3642916463
130774.7259408481 132955.3416172805
127896.7917557342 128457.1866242073
126297.9394306709 136328.9578620854
131574.1521033797 139541.9257142805
126297.9394306709 133437.2867951097
131254.3816383671 127171.9994833293
129015.9883832785 124280.3284163536
138449.2171011519 140987.7612477683
130135.1850108228 131027.5609059634
130135.1850108228 133115.9900098902
128376.4474532532 125886.8123424512
135091.6272185190 138578.0353586219
134771.8567535063 137614.1450029634
129655.5293133038 138096.0901807927
124539.2018731013 136650.2546473049
131734.0373358861 133597.9351877195
116704.8254802911 134401.1771507683
135571.2829160380 134722.4739359878
125978.1689656582 135043.7707212073
123579.8904780633 135204.4191138171
129175.8736157848 125726.1639498415

134132.3158234810 140345.1676773293
124539.2018731013 137935.4417881829
129015.9883832785 128617.8350168171
117824.0221078354 133597.9351877195
124699.0871056076 131348.8576911829
124059.5461755823 131188.2092985732
135411.3976835317 136971.5514325244
133652.6601259620 131509.5060837927
135251.5124510253 138738.6837512317
135411.3976835317 139059.9805364512
130135.1850108228 131188.2092985732
125338.6280356329 129421.0769798659
126937.4803606962 136007.6610768658
131254.3816383671 134401.1771507683
131893.9225683924 136810.9030399146
120382.1858279367 134883.1223285976
132853.2339634304 132473.3964394512
125658.3985006456 128296.5382315976
128056.6769882405 132955.3416172805
131254.3816383671 130545.6157281341
129175.8736157848 130866.9125133537
119742.6448979114 131830.8028690122
133332.8896609494 133919.2319729390
124699.0871056076 132152.0996542317
126937.4803606962 130545.6157281341
132533.4634984177 139059.9805364512
125018.8575706203 137614.1450029634
125498.5132681392 134561.8255433781
136050.9386135570 137453.4966103537
120542.0710604430 132473.3964394512
130774.7259408481 131348.8576911829
130135.1850108228 132955.3416172805
129655.5293133038 138096.0901807927
117184.4811778101 134561.8255433781
125658.3985006456 131348.8576911829
136210.8238460633 139541.9257142805
131094.4964058608 130545.6157281341
129015.9883832785 133758.5835803293
131893.9225683924 132152.0996542317
131734.0373358861 135525.7158990366
118623.4482703671 134079.8803655488
131254.3816383671 134240.5287581585
138129.4466361392 141309.0580329878
135411.3976835317 138256.7385734025
135571.2829160380 134401.1771507683
122620.5790830253 130706.2641207439
132533.4634984177 132473.3964394512
127577.0212907215 136328.9578620854
121661.2676879873 130224.3189429146
137489.9057061139 139702.5741068902
130135.1850108228 133437.2867951097
132853.2339634304 132634.0448320610
129015.9883832785 132955.3416172805
118143.7925728481 132955.3416172805
135411.3976835317 135043.7707212073
133013.1191959367 138417.3869660122
124539.2018731013 127171.9994833293
128856.1031507722 131348.8576911829
126937.4803606962 127011.3510907195
119582.7596654051 133437.2867951097
129175.8736157848 131509.5060837927
132533.4634984177 133276.6384025000
120062.4153629241 131188.2092985732
124059.5461755823 130384.9673355244
128856.1031507722 128939.1318020366
134132.3158234810 131830.8028690122
123899.6609430760 130866.9125133537
126617.7098956835 135365.0675064268
124699.0871056076 129903.0221576951
126937.4803606962 136489.6062546951
125658.3985006456 135365.0675064268
127736.9065232279 132955.3416172805
129815.4145458101 129421.0769798659
124858.9723381139 130224.3189429146
124539.2018731013 128617.8350168171
132373.5782659114 134079.8803655488
132373.5782659114 133276.6384025000
137330.0204736076 139863.2224995000
130135.1850108228 137292.8482177439
130135.1850108228 139702.5741068902
130614.8407083418 128457.1866242073
125658.3985006456 132152.0996542317
125498.5132681392 132794.6932246707
131734.0373358861 133919.2319729390
139248.6432636836 140666.4644625488
128536.3326857595 133597.9351877195
129175.8736157848 125404.8671646220
123899.6609430760 135204.4191138171
117664.1368753291 133597.9351877195
130454.9554758354 136971.5514325244
128856.1031507722 132634.0448320610
131574.1521033797 131830.8028690122
126457.8246631772 136328.9578620854
124219.4314080886 131509.5060837927
127736.9065232279 133919.2319729390
126777.5951281899 138096.0901807927
129495.6440807975 125726.1639498415

135091.6272185190 140184.5192847195
132373.5782659114 135204.4191138171
133013.1191959367 130224.3189429146
139568.4137286962 142433.5967812561
124699.0871056076 133919.2319729390
130614.8407083418 139863.2224995000
132533.4634984177 137774.7933955732
136850.3647760886 140987.7612477683
125178.7428031266 129421.0769798659
129175.8736157848 129903.0221576951
135251.5124510253 134561.8255433781
129495.6440807975 136007.6610768658
121821.1529204937 133758.5835803293
117504.2516428228 134240.5287581585
132693.3487309240 133597.9351877195
129655.5293133038 130063.6705503049
135251.5124510253 136168.3094694756
137010.2500085949 141791.0032108171
124699.0871056076 128296.5382315976
121501.3824554810 136650.2546473049
128376.4474532532 136971.5514325244
121181.6119904684 132473.3964394512
133812.5453584684 137614.1450029634
132373.5782659114 134079.8803655488
128856.1031507722 124762.2735941829
130135.1850108228 125886.8123424512
131094.4964058608 138578.0353586219
127097.3655932025 134561.8255433781
130934.6111733545 131830.8028690122
122140.9233855063 134561.8255433781
132533.4634984177 130545.6157281341
129175.8736157848 134561.8255433781
125498.5132681392 137774.7933955732
125658.3985006456 137935.4417881829
123899.6609430760 131509.5060837927
119103.1039678861 132634.0448320610
125818.2837331519 129581.7253724756
127736.9065232279 125726.1639498415
137969.5614036329 139541.9257142805
118623.4482703671 133276.6384025000
121501.3824554810 133919.2319729390
134611.9715210000 139220.6289290610
131094.4964058608 128296.5382315976
125018.8575706203 129421.0769798659
132053.8078008987 132634.0448320610
129655.5293133038 132634.0448320610
132533.4634984177 138256.7385734025
131414.2668708734 139541.9257142805
127577.0212907215 137453.4966103537
121341.4972229747 134883.1223285976
138129.4466361392 141309.0580329878
129495.6440807975 135043.7707212073
125978.1689656582 138256.7385734025
127577.0212907215 132152.0996542317
123739.7757105696 131509.5060837927
127577.0212907215 134561.8255433781
137489.9057061139 141148.4096403781
128056.6769882405 134401.1771507683
130135.1850108228 134883.1223285976
127257.2508257089 128457.1866242073
125338.6280356329 135204.4191138171
123100.2347805443 129581.7253724756
123899.6609430760 131027.5609059634
139248.6432636836 141148.4096403781
129815.4145458101 137935.4417881829
125658.3985006456 129260.4285872561
124858.9723381139 127171.9994833293
121181.6119904684 131027.5609059634
127736.9065232279 136007.6610768658
130454.9554758354 138738.6837512317
122780.4643155316 135525.7158990366
139248.6432636836 142594.2451738659
130934.6111733545 129421.0769798659
117504.2516428228 134722.4739359878
131574.1521033797 136007.6610768658
122780.4643155316 131830.8028690122
118303.6778053544 134240.5287581585
134132.3158234810 135525.7158990366
131094.4964058608 130866.9125133537
121821.1529204937 136489.6062546951
131893.9225683924 134401.1771507683
120701.9562929494 130866.9125133537
128056.6769882405 139059.9805364512
118783.3335028734 135204.4191138171
133173.0044284431 138899.3321438415
137170.1352411013 139702.5741068902
134452.0862884937 140023.8708921098
129975.2997783165 138578.0353586219
133812.5453584684 133597.9351877195
127736.9065232279 128617.8350168171
127097.3655932025 130384.9673355244
125018.8575706203 128457.1866242073
123739.7757105696 137132.1998251342
133972.4305909747 138899.3321438415
126937.4803606962 135847.0126842561
126937.4803606962 137935.4417881829
137969.5614036329 141148.4096403781

131094.4964058608 139702.5741068902
134771.8567535063 139059.9805364512
135411.3976835317 139059.9805364512
122460.6938505190 136810.9030399146
132533.4634984177 136489.6062546951
132373.5782659114 136328.9578620854
123420.0052455570 135847.0126842561
134132.3158234810 135365.0675064268
116864.7107127975 134079.8803655488
125818.2837331519 133276.6384025000
122620.5790830253 132955.3416172805
124539.2018731013 132794.6932246707
128856.1031507722 128778.4834094268
131254.3816383671 128778.4834094268
123739.7757105696 127975.2414463780
125018.8575706203 127814.5930537683
129655.5293133038 126529.4059128902
118623.4482703671 133919.2319729390
128696.2179182658 131348.8576911829
129335.7588482911 130706.2641207439
122940.3495480380 135525.7158990366
128856.1031507722 130224.3189429146
134611.9715210000 134883.1223285976
131254.3816383671 129421.0769798659
132053.8078008987 136328.9578620854
129335.7588482911 131509.5060837927
131254.3816383671 136168.3094694756
129975.2997783165 134401.1771507683
136210.8238460633 139702.5741068902
128376.4474532532 134883.1223285976
123739.7757105696 132152.0996542317
129335.7588482911 130545.6157281341
126777.5951281899 127814.5930537683
134292.2010559874 136971.5514325244
124699.0871056076 134722.4739359878
135571.2829160380 135365.0675064268
129015.9883832785 125244.2187720122
126777.5951281899 136810.9030399146
140048.0694262152 141951.6516034268
132693.3487309240 139220.6289290610
139248.6432636836 141630.3548182073
129975.2997783165 137453.4966103537
130135.1850108228 136650.2546473049
133332.8896609494 132634.0448320610
136050.9386135570 141309.0580329878
136050.9386135570 138578.0353586219
129015.9883832785 126047.4607350610
119582.7596654051 133276.6384025000
128376.4474532532 127814.5930537683
124539.2018731013 137774.7933955732
129175.8736157848 128778.4834094268
128856.1031507722 136007.6610768658
118943.2187353798 136007.6610768658
125818.2837331519 130866.9125133537
137170.1352411013 141469.7064255976
119422.8744328987 135686.3642916463
123739.7757105696 137292.8482177439
133332.8896609494 139702.5741068902
129655.5293133038 136007.6610768658
131734.0373358861 132794.6932246707
125818.2837331519 136650.2546473049
133332.8896609494 139541.9257142805
124059.5461755823 135686.3642916463
133173.0044284431 135847.0126842561
137809.6761711266 141469.7064255976
127577.0212907215 133919.2319729390
138449.2171011519 142112.2999960366
126617.7098956835 134722.4739359878
135571.2829160380 136007.6610768658
133492.7748934557 135043.7707212073
129015.9883832785 130384.9673355244
124539.2018731013 129903.0221576951
127736.9065232279 124601.6252015732
129815.4145458101 134401.1771507683
130135.1850108228 130063.6705503049
125498.5132681392 138096.0901807927
124219.4314080886 135847.0126842561
136530.5943110760 136810.9030399146
128696.2179182658 124119.6800237439
120861.8415254557 136650.2546473049
134611.9715210000 134079.8803655488
127736.9065232279 131188.2092985732
133173.0044284431 133919.2319729390
133013.1191959367 138096.0901807927
122780.4643155316 129903.0221576951
131893.9225683924 139220.6289290610
127896.7917557342 128135.8898389878
137969.5614036329 142112.2999960366
127417.1360582152 124762.2735941829
129015.9883832785 135043.7707212073
123739.7757105696 133115.9900098902
122940.3495480380 136007.6610768658
132533.4634984177 140184.5192847195
132213.6930334051 135043.7707212073
116065.2845502658 135043.7707212073
122940.3495480380 134561.8255433781
120542.0710604430 135525.7158990366

132693.3487309240 136168.3094694756
124539.2018731013 127653.9446611585
128056.6769882405 133597.9351877195
135891.0533810506 136650.2546473049
127736.9065232279 134401.1771507683
123420.0052455570 131348.8576911829
136530.5943110760 137453.4966103537
128536.3326857595 123959.0316311342
135411.3976835317 138738.6837512317
129015.9883832785 125726.1639498415
127736.9065232279 136328.9578620854
127257.2508257089 134722.4739359878
117824.0221078354 133919.2319729390
128056.6769882405 138417.3869660122
125178.7428031266 131188.2092985732
131254.3816383671 132634.0448320610
128376.4474532532 131348.8576911829
132373.5782659114 137614.1450029634
124858.9723381139 129903.0221576951
137809.6761711266 140987.7612477683
124059.5461755823 128617.8350168171
125338.6280356329 135847.0126842561
124858.9723381139 134722.4739359878
122940.3495480380 131188.2092985732
134452.0862884937 135365.0675064268
130934.6111733545 127653.9446611585
125818.2837331519 128296.5382315976
135891.0533810506 140184.5192847195
128376.4474532532 133919.2319729390
124858.9723381139 135365.0675064268
125338.6280356329 136971.5514325244
129015.9883832785 129260.4285872561
119902.5301304177 131509.5060837927
127417.1360582152 130384.9673355244
126457.8246631772 126850.7026981097
127896.7917557342 130063.6705503049
121181.6119904684 136007.6610768658
122780.4643155316 129742.3737650854
121661.2676879873 135525.7158990366
136050.9386135570 140184.5192847195
137969.5614036329 140666.4644625488
128536.3326857595 136168.3094694756
132853.2339634304 139702.5741068902
140207.9546587215 142433.5967812561
126297.9394306709 136168.3094694756
129495.6440807975 137774.7933955732
138928.8727986709 140345.1676773293
126297.9394306709 135365.0675064268
129975.2997783165 132473.3964394512
131414.2668708734 133919.2319729390
118943.2187353798 133758.5835803293
124858.9723381139 127332.6478759390
131094.4964058608 130384.9673355244
132853.2339634304 137774.7933955732
139248.6432636836 141148.4096403781
133332.8896609494 130545.6157281341
126937.4803606962 134883.1223285976
134771.8567535063 141148.4096403781
122780.4643155316 134561.8255433781
126937.4803606962 138578.0353586219
135571.2829160380 135525.7158990366
130934.6111733545 129260.4285872561
130454.9554758354 132152.0996542317
128856.1031507722 126208.1091276707
134132.3158234810 138417.3869660122
136370.7090785696 140184.5192847195
136850.3647760886 140505.8160699390
134452.0862884937 136489.6062546951
117824.0221078354 134079.8803655488
136850.3647760886 137774.7933955732
130135.1850108228 131509.5060837927
131094.4964058608 127814.5930537683
130295.0702433291 133437.2867951097
129815.4145458101 136971.5514325244
127736.9065232279 126368.7575202805
121501.3824554810 135043.7707212073
122940.3495480380 136810.9030399146
131734.0373358861 137292.8482177439
128216.5622207468 130545.6157281341
133492.7748934557 133758.5835803293
136370.7090785696 136810.9030399146
131574.1521033797 133276.6384025000
120701.9562929494 133437.2867951097
134292.2010559874 136007.6610768658
119103.1039678861 133597.9351877195
125498.5132681392 131348.8576911829
127257.2508257089 133758.5835803293
139568.4137286962 141951.6516034268
126297.9394306709 133437.2867951097
132853.2339634304 133597.9351877195
138928.8727986709 142112.2999960366
122620.5790830253 132312.7480468414
125338.6280356329 129581.7253724756
127417.1360582152 131670.1544764024
137809.6761711266 138096.0901807927
132533.4634984177 131830.8028690122
116704.8254802911 134883.1223285976

127417.1360582152 133758.5835803293
127417.1360582152 134561.8255433781
121021.7267579620 133919.2319729390
134611.9715210000 134561.8255433781
129975.2997783165 134079.8803655488
133972.4305909747 140345.1676773293
128696.2179182658 134401.1771507683
129655.5293133038 131188.2092985732
136370.7090785696 136971.5514325244
124699.0871056076 130866.9125133537
131254.3816383671 134561.8255433781
125498.5132681392 137453.4966103537
120062.4153629241 132955.3416172805
130614.8407083418 127171.9994833293
129815.4145458101 134883.1223285976
137809.6761711266 141791.0032108171
137330.0204736076 140505.8160699390
121501.3824554810 135525.7158990366
117504.2516428228 135204.4191138171
131254.3816383671 134401.1771507683
135251.5124510253 136650.2546473049
126297.9394306709 132794.6932246707
126617.7098956835 137132.1998251342
124219.4314080886 131348.8576911829
119262.9892003924 134722.4739359878
127097.3655932025 128778.4834094268
122140.9233855063 133276.6384025000
133173.0044284431 131188.2092985732
118623.4482703671 135847.0126842561
123260.1200130506 131027.5609059634
131094.4964058608 132794.6932246707
128376.4474532532 132955.3416172805
132853.2339634304 133758.5835803293
134132.3158234810 133276.6384025000
127257.2508257089 136007.6610768658
136850.3647760886 137132.1998251342
126457.8246631772 135043.7707212073
133972.4305909747 136971.5514325244
120542.0710604430 135204.4191138171
123100.2347805443 130384.9673355244
126937.4803606962 135204.4191138171
129975.2997783165 131670.1544764024
134771.8567535063 135686.3642916463
131574.1521033797 132312.7480468414
118783.3335028734 134079.8803655488
130454.9554758354 137132.1998251342
122940.3495480380 130545.6157281341
127736.9065232279 137453.4966103537
125978.1689656582 137774.7933955732
119902.5301304177 136168.3094694756
126777.5951281899 130063.6705503049
130774.7259408481 136007.6610768658
134771.8567535063 135847.0126842561
125658.3985006456 127011.3510907195
133652.6601259620 138578.0353586219
123420.0052455570 135847.0126842561
131094.4964058608 127653.9446611585
118623.4482703671 132955.3416172805
127417.1360582152 138417.3869660122
125338.6280356329 135043.7707212073
134931.7419860127 140023.8708921098
121181.6119904684 135525.7158990366
125178.7428031266 126850.7026981097
128056.6769882405 130545.6157281341
133173.0044284431 133276.6384025000
119582.7596654051 136007.6610768658
132373.5782659114 133115.9900098902
121661.2676879873 136328.9578620854
118143.7925728481 133758.5835803293
118143.7925728481 135204.4191138171
124379.3166405949 127975.2414463780
122460.6938505190 129742.3737650854
131414.2668708734 132152.0996542317
131414.2668708734 139863.2224995000
126457.8246631772 136971.5514325244
123739.7757105696 131188.2092985732
128376.4474532532 134883.1223285976
129015.9883832785 126690.0543055000
134771.8567535063 133276.6384025000
130135.1850108228 127814.5930537683
124858.9723381139 128939.1318020366
116864.7107127975 134561.8255433781
133972.4305909747 139863.2224995000
129335.7588482911 139059.9805364512
129015.9883832785 136489.6062546951
129335.7588482911 125404.8671646220
134132.3158234810 138899.3321438415
128056.6769882405 135043.7707212073
130135.1850108228 133115.9900098902
132053.8078008987 140184.5192847195
127736.9065232279 133437.2867951097
120861.8415254557 135525.7158990366
131094.4964058608 139541.9257142805
135251.5124510253 140987.7612477683
130135.1850108228 130384.9673355244
127736.9065232279 131830.8028690122
118623.4482703671 134883.1223285976

125018.8575706203 130866.9125133537
121981.0381530000 136007.6610768658
130614.8407083418 130545.6157281341
126138.0541981646 130706.2641207439
125498.5132681392 134240.5287581585
126617.7098956835 136650.2546473049
124858.9723381139 128135.8898389878
130454.9554758354 139220.6289290610
128536.3326857595 126047.4607350610
136530.5943110760 138096.0901807927
123260.1200130506 130384.9673355244
131414.2668708734 129903.0221576951
140527.7251237342 142594.2451738659
132693.3487309240 134722.4739359878
119742.6448979114 136168.3094694756
132373.5782659114 140184.5192847195
118143.7925728481 135204.4191138171
127417.1360582152 136007.6610768658
121181.6119904684 136810.9030399146
133812.5453584684 131509.5060837927
126937.4803606962 136650.2546473049
121981.0381530000 130866.9125133537
125818.2837331519 130706.2641207439
123739.7757105696 130384.9673355244
126297.9394306709 136168.3094694756
129655.5293133038 138899.3321438415
130454.9554758354 127493.2962685488
122940.3495480380 134561.8255433781
119582.7596654051 136328.9578620854
129335.7588482911 136971.5514325244
124219.4314080886 127814.5930537683
130295.0702433291 127653.9446611585
131414.2668708734 134722.4739359878
127896.7917557342 126529.4059128902
126617.7098956835 137132.1998251342
128376.4474532532 130866.9125133537
131094.4964058608 133276.6384025000
137489.9057061139 137774.7933955732
129655.5293133038 126047.4607350610
122940.3495480380 132955.3416172805
131094.4964058608 134883.1223285976
121821.1529204937 134883.1223285976
131254.3816383671 131188.2092985732
118783.3335028734 135847.0126842561
128536.3326857595 132634.0448320610
120222.3005954304 134240.5287581585
136530.5943110760 141148.4096403781
121341.4972229747 135204.4191138171
129015.9883832785 132473.3964394512
135891.0533810506 136971.5514325244
121341.4972229747 131991.4512616220
136850.3647760886 141148.4096403781
132693.3487309240 140184.5192847195
133972.4305909747 135686.3642916463
135571.2829160380 138578.0353586219
121341.4972229747 130706.2641207439
124059.5461755823 133758.5835803293
125818.2837331519 129581.7253724756
135731.1681485443 139059.9805364512
132693.3487309240 133758.5835803293
120222.3005954304 131509.5060837927
139088.7580311772 142433.5967812561
128536.3326857595 134561.8255433781
126297.9394306709 137132.1998251342
133013.1191959367 134079.8803655488
126138.0541981646 136328.9578620854
120062.4153629241 134722.4739359878
133332.8896609494 140505.8160699390
137969.5614036329 140827.1128551585
124858.9723381139 128939.1318020366
125178.7428031266 136971.5514325244
138449.2171011519 139702.5741068902
124379.3166405949 135525.7158990366
130295.0702433291 127011.3510907195
132213.6930334051 133758.5835803293
124858.9723381139 130384.9673355244
128056.6769882405 135365.0675064268
127896.7917557342 130866.9125133537
127736.9065232279 132312.7480468414
121821.1529204937 130545.6157281341
135571.2829160380 138096.0901807927
126777.5951281899 130706.2641207439
118463.5630378608 135204.4191138171
134931.7419860127 137935.4417881829
131094.4964058608 135043.7707212073
124219.4314080886 134240.5287581585
128056.6769882405 129903.0221576951
140048.0694262152 142754.8935664756
130774.7259408481 127975.2414463780
125818.2837331519 134883.1223285976
126138.0541981646 138256.7385734025
118303.6778053544 133919.2319729390
134292.2010559874 134561.8255433781
123899.6609430760 137292.8482177439
132693.3487309240 139220.6289290610
134132.3158234810 140345.1676773293
128856.1031507722 135525.7158990366

129975.2997783165 128617.8350168171
135091.6272185190 141148.4096403781
119902.5301304177 132634.0448320610
132693.3487309240 139381.2773216707
137649.7909386203 140023.8708921098
117824.0221078354 135043.7707212073
132533.4634984177 134722.4739359878
137969.5614036329 141469.7064255976
130295.0702433291 130224.3189429146
122460.6938505190 129581.7253724756
133013.1191959367 133437.2867951097
124379.3166405949 130224.3189429146
122460.6938505190 131348.8576911829
131893.9225683924 135365.0675064268
139248.6432636836 141951.6516034268
127257.2508257089 133437.2867951097
124539.2018731013 130545.6157281341
135571.2829160380 140505.8160699390
128056.6769882405 135365.0675064268
123260.1200130506 130545.6157281341
129495.6440807975 133597.9351877195
127097.3655932025 136650.2546473049
123899.6609430760 130706.2641207439
126457.8246631772 135365.0675064268
128536.3326857595 124762.2735941829
136050.9386135570 137132.1998251342
124858.9723381139 128296.5382315976
130614.8407083418 127332.6478759390
125018.8575706203 128135.8898389878
125178.7428031266 128296.5382315976
127736.9065232279 135043.7707212073
116864.7107127975 134883.1223285976
130135.1850108228 130063.6705503049
125178.7428031266 135525.7158990366
126617.7098956835 134722.4739359878
128696.2179182658 129099.7801946463
122620.5790830253 129581.7253724756
116544.9402477848 135043.7707212073
124059.5461755823 127814.5930537683
122940.3495480380 131027.5609059634
136210.8238460633 140345.1676773293
128216.5622207468 138899.3321438415
135251.5124510253 137774.7933955732
139568.4137286962 140987.7612477683
130454.9554758354 126690.0543055000
132213.6930334051 132473.3964394512
126777.5951281899 136168.3094694756
128536.3326857595 130706.2641207439
134931.7419860127 136810.9030399146
131893.9225683924 133919.2319729390
126138.0541981646 135686.3642916463
131254.3816383671 138256.7385734025
127736.9065232279 135525.7158990366
121341.4972229747 134079.8803655488
120062.4153629241 134561.8255433781
120701.9562929494 131830.8028690122
126937.4803606962 132473.3964394512
130454.9554758354 131348.8576911829
130614.8407083418 126850.7026981097
128696.2179182658 131830.8028690122
128856.1031507722 129742.3737650854
132853.2339634304 139059.9805364512
130454.9554758354 137453.4966103537
125818.2837331519 136007.6610768658
124539.2018731013 129581.7253724756
125818.2837331519 134561.8255433781
123260.1200130506 128939.1318020366
129815.4145458101 139541.9257142805
130295.0702433291 137292.8482177439
133652.6601259620 137132.1998251342
127896.7917557342 128778.4834094268
132533.4634984177 129260.4285872561
136530.5943110760 136810.9030399146
139728.2989612025 142754.8935664756
136210.8238460633 136810.9030399146
130774.7259408481 134240.5287581585
129175.8736157848 130224.3189429146
121181.6119904684 136007.6610768658
136850.3647760886 138899.3321438415
123260.1200130506 129099.7801946463
122140.9233855063 133115.9900098902
127736.9065232279 136650.2546473049
125018.8575706203 127171.9994833293
134931.7419860127 136971.5514325244
136370.7090785696 139702.5741068902
121181.6119904684 135686.3642916463
131094.4964058608 128296.5382315976
131574.1521033797 132152.0996542317
118303.6778053544 134883.1223285976
125178.7428031266 137132.1998251342
128536.3326857595 126368.7575202805
126777.5951281899 131670.1544764024
134292.2010559874 136168.3094694756
121501.3824554810 132794.6932246707
136530.5943110760 138738.6837512317
132213.6930334051 133115.9900098902
128216.5622207468 127975.2414463780

122300.8086180127 132955.3416172805
134771.8567535063 137453.4966103537
129015.9883832785 127332.6478759390
133332.8896609494 131348.8576911829
136210.8238460633 136810.9030399146
123739.7757105696 136489.6062546951
131254.3816383671 132152.0996542317
123739.7757105696 128617.8350168171
125338.6280356329 129742.3737650854
121021.7267579620 132312.7480468414
121021.7267579620 133919.2319729390
125978.1689656582 133919.2319729390
124219.4314080886 127493.2962685488
121341.4972229747 130706.2641207439
129815.4145458101 134079.8803655488
128216.5622207468 137453.4966103537
119742.6448979114 134240.5287581585
128856.1031507722 123637.7348459146
124539.2018731013 130063.6705503049
135411.3976835317 140987.7612477683
127417.1360582152 134079.8803655488
121661.2676879873 135365.0675064268
122300.8086180127 130224.3189429146
127417.1360582152 135847.0126842561
126138.0541981646 136168.3094694756
137330.0204736076 139863.2224995000
137809.6761711266 138417.3869660122
134292.2010559874 133437.2867951097
119103.1039678861 136007.6610768658
130454.9554758354 127975.2414463780
137489.9057061139 138417.3869660122
137170.1352411013 138899.3321438415
124219.4314080886 128617.8350168171
129175.8736157848 130063.6705503049
127257.2508257089 133115.9900098902
123739.7757105696 137132.1998251342
128376.4474532532 135204.4191138171
124699.0871056076 135686.3642916463
125338.6280356329 136810.9030399146
131734.0373358861 132955.3416172805
130774.7259408481 131670.1544764024
135411.3976835317 139863.2224995000
126138.0541981646 135204.4191138171
125658.3985006456 136007.6610768658
118463.5630378608 134240.5287581585
123100.2347805443 128617.8350168171
129655.5293133038 134079.8803655488
127097.3655932025 129742.3737650854
120222.3005954304 135204.4191138171
117824.0221078354 135043.7707212073
130934.6111733545 127332.6478759390
133812.5453584684 136007.6610768658
128856.1031507722 124601.6252015732
125498.5132681392 126368.7575202805
124059.5461755823 137614.1450029634
126777.5951281899 125244.2187720122
135571.2829160380 139059.9805364512
125658.3985006456 127171.9994833293
131254.3816383671 128457.1866242073
134452.0862884937 137453.4966103537
127896.7917557342 134079.8803655488
123899.6609430760 127814.5930537683
131574.1521033797 128296.5382315976
121021.7267579620 130545.6157281341
127417.1360582152 134401.1771507683
137330.0204736076 138899.3321438415
128056.6769882405 134079.8803655488
120861.8415254557 130545.6157281341
130614.8407083418 139220.6289290610
129335.7588482911 126850.7026981097
129495.6440807975 133758.5835803293
124379.3166405949 129903.0221576951
137649.7909386203 141469.7064255976
128216.5622207468 137935.4417881829
131734.0373358861 128617.8350168171
119422.8744328987 132152.0996542317
126297.9394306709 135365.0675064268
128696.2179182658 132634.0448320610
135411.3976835317 141148.4096403781
122140.9233855063 136810.9030399146
124858.9723381139 131188.2092985732
131254.3816383671 133276.6384025000
136530.5943110760 137292.8482177439
129015.9883832785 123959.0316311342
132533.4634984177 138096.0901807927
125818.2837331519 138096.0901807927
131254.3816383671 137935.4417881829
137330.0204736076 141791.0032108171
131254.3816383671 129099.7801946463
127896.7917557342 125726.1639498415
127097.3655932025 137453.4966103537
138609.1023336582 141469.7064255976
131414.2668708734 131830.8028690122
122780.4643155316 136489.6062546951
124699.0871056076 131027.5609059634
124858.9723381139 129260.4285872561
126777.5951281899 128296.5382315976

