721362817.0654035807 88220.5626068115
710664250.8020551205 82544.5550203323
711595390.2541921139 84374.7083158493
714576715.4594291449 85779.9486007690
712768444.5649554729 84900.0967626572
718879791.2235275507 87661.0017261505
714740181.2247996330 86028.5940876007
713212575.9746320248 85346.9457063675
722144185.7957913876 89264.0076637268
710203510.5324407816 82438.4868917465
709908637.4695925713 70354.5349028111
714941137.3032736778 87369.0743236542
711352726.4999033213 84105.5319766998
707705052.0931249857 70314.5143461227
