531750703.4591081738 2652572.9963378906
523199631.0365819931 2609783.4980468750
530920120.1182116270 2650526.9318847656
518053377.4534318447 2574840.3918457031
524098139.8829465508 2627325.3903808594
531236080.3776516914 2651662.9492187500
530173375.6063689590 2647225.1098632812
529859556.7039564848 2645710.2231445312
525510708.8464210033 2645189.8608398438
533941591.2558698654 2660727.2084960938
531864487.3883824348 2652710.1564941406
527691006.3794169426 2645329.3242187500
532346220.1394328475 2655248.8369140625
535316246.7251838446 2671109.9843750000
524146233.9770668149 2637369.4843750000
521485230.0098687410 2600194.2683105469
