171978848.6012603939 1593968.9345703125
173400599.0136493742 1598091.8217773438
167889212.7192357779 1512701.9785156250
169970916.2211577594 1574113.5493164062
174888837.2461375296 1613912.6308593750
175163623.0375051796 1619514.3999023438
173725802.5077966750 1600682.9887695312
169019488.4949317276 1567805.8608398438
170001894.3603114188 1587615.4355468750
176264143.0976978540 1621733.7421875000
168458231.8265710771 1566508.9453125000
174137571.6277669966 1611119.9326171875
167985370.0304388106 1547415.2358398438
167768882.1135206521 1443946.3315429688
