124983.8404842113 130031.2618592988
121946.4637488895 123639.4350673455
132337.4894223585 136423.0886512522
138891.8286933159 147928.3768767682
124664.1166173353 128752.8965009082
133296.6610229865 142495.3241036079
121147.1540816996 123319.8437277478
142408.7912289516 150964.4946029461
123704.9450167074 125876.5744445291
134095.9706901764 141216.9587452172
121147.1540816996 122840.4567183513
133776.2468233004 139619.0020472289
132976.9371561105 141216.9587452172
127221.9075523430 132907.5839156778
132017.7655554826 136103.4973116545
134095.9706901764 139778.7977170277
120987.2921482616 123479.6393975466
132177.6274889206 141376.7544150160
134895.2803573663 142015.9370942113
142568.6531623896 150165.5162539519
109317.3710072887 106221.7070592726
144327.1344302074 152402.6556311356
108677.9232735368 105262.9330404796
125303.5643510872 130510.6488686953
135694.5900245562 142175.7327640102
123385.2211498314 127154.9398029198
124664.1166173353 128433.3051613105
120987.2921482616 122680.6610485525
121147.1540816996 122361.0697089548
132657.2132892345 140417.9803962230
133776.2468233004 142974.7111130044
146725.0634317771 155758.3646969111
135374.8661576803 140897.3674056196
125783.1501514012 131149.8315478907
136174.1758248702 145052.0548203892
111075.8522751066 108139.2550968586
131538.1797551686 140577.7760660218
145126.4440973973 154320.2036687216
111075.8522751066 108458.8464364563
122585.9114826415 123799.2307371443
129459.9746204748 134665.3362834650
130259.2842876647 134345.7449438673
144486.9963636454 153361.4296499286
115232.2625444942 115330.0602378061
126262.7359517151 130830.2402082930
122426.0495492035 123959.0264069431
140810.1718945717 148247.9682163659
144646.8582970834 152882.0426405321
131218.4558882926 136582.8843210510
110756.1284082306 108458.8464364563
131857.9036220446 137381.8626700452
132017.7655554826 136742.6799908498
128660.6649532849 131789.0142270860
127062.0456189050 131789.0142270860
111235.7142085446 109257.8247854504
124504.2546838973 126835.3484633221
121466.8779485756 123479.6393975466
132017.7655554826 140577.7760660218
128820.5268867229 133866.3579344708
132657.2132892345 140258.1847264242
136334.0377583081 141856.1414244125
124184.5308170213 127794.1224821152
134735.4184239283 143134.5067828032
113154.0574098004 111175.3728230364
122905.6353495175 124598.2090861385
138092.5190261260 146010.8288391822
126902.1836854671 132428.1969062813
126262.7359517151 129711.6705197012
127861.3552860950 132428.1969062813

120987.2921482616 122520.8653787536
133136.7990895485 139778.7977170277
139531.2764270678 148567.5595559636
133936.1087567384 143134.5067828032
123864.8069501453 125237.3917653338
136334.0377583081 144412.8721411939
143527.8247630175 151763.4729519402
124664.1166173353 129711.6705197012
118749.2250801299 119484.7476525758
126582.4598185911 129072.4878405058
129939.5604207888 134665.3362834650
135215.0042242423 142814.9154432055
133136.7990895485 138979.8193680335
120987.2921482616 123479.6393975466
124983.8404842113 126675.5527935233
109637.0948741647 106221.7070592726
117150.6057457500 118046.5866243863
123545.0830832694 128273.5094915117
139531.2764270678 148247.9682163659
110116.6806744787 106860.8897384679
129619.8365539128 136103.4973116545
142408.7912289516 151124.2902727449
134415.6945570523 141376.7544150160
135854.4519579942 144253.0764713951
112674.4716094864 110376.3944740423
137453.0712923741 146490.2158485787
130099.4223542268 135464.3146324592
124344.3927504593 127314.7354727186
141769.3434951996 150165.5162539519
133776.2468233004 140098.3890566254
126102.8740182771 131629.2185572872
143208.1008961415 151124.2902727449
132017.7655554826 138340.6366888382
137612.9332258120 146490.2158485787
124504.2546838973 127794.1224821152
138891.8286933159 147768.5812069694
139371.4144936299 146809.8071881764
132657.2132892345 137541.6583398440
111715.3000088585 109098.0291156516
123385.2211498314 126036.3701143280
119388.6728138818 121721.8870297595
120187.9824810717 120603.3173411676
108358.1994066609 104783.5460310831
121147.1540816996 124278.6177465408
119708.3966807578 120922.9086807653
128820.5268867229 134185.9492740685
135694.5900245562 141057.1630754184
131698.0416886066 139938.5933868265
136493.8996917461 142335.5284338090
123864.8069501453 127953.9181519140
131058.5939548546 138500.4323586370
130898.7320214167 134505.5406136662
132976.9371561105 138021.0453492405
111235.7142085446 108618.6421062551
126902.1836854671 129232.2835103047
122426.0495492035 123479.6393975466
122585.9114826415 123479.6393975466
131857.9036220446 137701.4540096429
142888.3770292655 151763.4729519402
135534.7280911182 141696.3457546137
131218.4558882926 140098.3890566254
114592.8148107423 113572.3078700190
142568.6531623896 150964.4946029461
140650.3099611338 149686.1292445554
121626.7398820136 123479.6393975466
132657.2132892345 140098.3890566254
130259.2842876647 135144.7232928615
120507.7063479477 120922.9086807653
129140.2507535989 133866.3579344708

127541.6314192190 130031.2618592988
121786.6018154516 123160.0480579490
139531.2764270678 147448.9898673717
110596.2664747926 107819.6637572609
132817.0752226725 140098.3890566254
136014.3138914322 144572.6678109927
121466.8779485756 122680.6610485525
140810.1718945717 148567.5595559636
125783.1501514012 127794.1224821152
133296.6610229865 138021.0453492405
126102.8740182771 131149.8315478907
126902.1836854671 130510.6488686953
126902.1836854671 129711.6705197012
130579.0081545407 134026.1536042697
128340.9410864089 133067.3795854767
128660.6649532849 136103.4973116545
124184.5308170213 126995.1441331210
140010.8622273818 147608.7855371706
120827.4302148237 121402.2956901618
120187.9824810717 122201.2740391560
127221.9075523430 131629.2185572872
118589.3631466919 119484.7476525758
131378.3178217306 139299.4107076312
123385.2211498314 124598.2090861385
123065.4972829554 124598.2090861385
136813.6235586221 145851.0331693834
139051.6906267539 147608.7855371706
142089.0673620756 150485.1075935496
121626.7398820136 123479.6393975466
121147.1540816996 123639.4350673455
130898.7320214167 139619.0020472289
132817.0752226725 142015.9370942113
110116.6806744787 107020.6854082668
134255.8326236143 140258.1847264242
141769.3434951996 149366.5379049577
121946.4637488895 125397.1874351327
138572.1048264399 147608.7855371706
110116.6806744787 107500.0724176633
126422.5978851531 129871.4661895000
111235.7142085446 108618.6421062551
137772.7951592500 146650.0115183775
124504.2546838973 129711.6705197012
125623.2882179632 127794.1224821152
143687.6866964554 152242.8599613367
117470.3296126260 117247.6082753921
144007.4105633314 152083.0642915379
136334.0377583081 144732.4634807915
132657.2132892345 138021.0453492405
118269.6392798159 118046.5866243863
118909.0870135678 118525.9736337828
138891.8286933159 147289.1941975729
144486.9963636454 153681.0209895263
131857.9036220446 138979.8193680335
124983.8404842113 128113.7138217128
133936.1087567384 139778.7977170277
133616.3848898624 139619.0020472289
127541.6314192190 134345.7449438673
118589.3631466919 120603.3173411676
129300.1126870368 135624.1103022580
123864.8069501453 128433.3051613105
125303.5643510872 127634.3268123163
123385.2211498314 126675.5527935233
119388.6728138818 119165.1563129781
136014.3138914322 145211.8504901881
128980.3888201609 132108.6055666837
124823.9785507733 127474.5311425175
134575.5564904903 139938.5933868265
130419.1462211027 138340.6366888382
117150.6057457500 116288.8342565991

135534.7280911182 144732.4634807915
124664.1166173353 126355.9614539257
129459.9746204748 135304.5189626603
123385.2211498314 125716.7787747303
141129.8957614477 148407.7638861647
132337.4894223585 141376.7544150160
112035.0238757345 110376.3944740423
129140.2507535989 133227.1752552755
109317.3710072887 105902.1157196749
119868.2586141957 120763.1130109665
124344.3927504593 127953.9181519140
143687.6866964554 152562.4513009344
131698.0416886066 139938.5933868265
129300.1126870368 133067.3795854767
135374.8661576803 140737.5717358207
111715.3000088585 109098.0291156516
127541.6314192190 134345.7449438673
134255.8326236143 139619.0020472289
121946.4637488895 122680.6610485525
142568.6531623896 150485.1075935496
146245.4776314632 155438.7733573134
141609.4815617616 149366.5379049577
121786.6018154516 124917.8004257361
138252.3809595640 144412.8721411939
125943.0120848392 128752.8965009082
134895.2803573663 141696.3457546137
128021.2172195330 135144.7232928615
123065.4972829554 127314.7354727186
110436.4045413547 107340.2767478644
133456.5229564244 138021.0453492405
126742.3217520291 129232.2835103047
133616.3848898624 140897.3674056196
132017.7655554826 136263.2929814534
139211.5525601919 147448.9898673717
113313.9193432384 111654.7598324329
132337.4894223585 139619.0020472289
127221.9075523430 132268.4012364825
119068.9489470058 120283.7260015700
123545.0830832694 126355.9614539257
118749.2250801299 118366.1779639840
120827.4302148237 121402.2956901618
131378.3178217306 139139.6150378324
123545.0830832694 125876.5744445291
145765.8918311492 154479.9993385204
129459.9746204748 134345.7449438673
125143.7024176492 129072.4878405058
144007.4105633314 152722.2469707332
139211.5525601919 147608.7855371706
119388.6728138818 120123.9303317711
138891.8286933159 146969.6028579752
131857.9036220446 138979.8193680335
114912.5386776182 113732.1035398178
144007.4105633314 152083.0642915379
144486.9963636454 152562.4513009344
132657.2132892345 139299.4107076312
135694.5900245562 141216.9587452172
135215.0042242423 144093.2808015962
136174.1758248702 144253.0764713951
118429.5012132539 118685.7693035816
121147.1540816996 121881.6826995583
120667.5682813857 122201.2740391560
136334.0377583081 144732.4634807915
133776.2468233004 142015.9370942113
132976.9371561105 139299.4107076312
134095.9706901764 139778.7977170277
120987.2921482616 124118.8220767420
128340.9410864089 131309.6272176895
122106.3256823275 123000.2523881502
120507.7063479477 122361.0697089548

143048.2389627035 150804.6989331472
141289.7576948857 150165.5162539519
141929.2054286376 149686.1292445554
139691.1383605058 146650.0115183775
136334.0377583081 142335.5284338090
136014.3138914322 141696.3457546137
133136.7990895485 139619.0020472289
131378.3178217306 137381.8626700452
132017.7655554826 136423.0886512522
129619.8365539128 136103.4973116545
129300.1126870368 135304.5189626603
129939.5604207888 134825.1319532639
128181.0791529709 133386.9709250743
126102.8740182771 131469.4228874884
126902.1836854671 130191.0575290977
124184.5308170213 128433.3051613105
123864.8069501453 126835.3484633221
122426.0495492035 126355.9614539257
121786.6018154516 125556.9831049315
122905.6353495175 124917.8004257361
120987.2921482616 121881.6826995583
119388.6728138818 119804.3389921735
118909.0870135678 119165.1563129781
118909.0870135678 119005.3606431793
117470.3296126260 118366.1779639840
116830.8818788740 117726.9952847886
117790.0534795019 117087.8126055933
116191.4341451221 115010.4688982084
115072.4006110562 113891.8992096166
114273.0909438663 113572.3078700190
113313.9193432384 111974.3511720306
127861.3552860950 134185.9492740685
128500.8030198469 135144.7232928615
134575.5564904903 139778.7977170277
140170.7241608198 147448.9898673717
109637.0948741647 106221.7070592726
124823.9785507733 129871.4661895000
111075.8522751066 108458.8464364563
127541.6314192190 131309.6272176895
131857.9036220446 140258.1847264242
147204.6492320911 156397.5473761064
113793.5051435523 113092.9208606224
108677.9232735368 105103.1373706808
114592.8148107423 113572.3078700190
122266.1876157655 123000.2523881502
108997.6471404128 105422.7287102784
124504.2546838973 129392.0791801035
120507.7063479477 120763.1130109665
126582.4598185911 130350.8531988965
126262.7359517151 130191.0575290977
115551.9864113702 115809.4472472026
139211.5525601919 145851.0331693834
135215.0042242423 142335.5284338090
134255.8326236143 142495.3241036079
130259.2842876647 135624.1103022580
128980.3888201609 132108.6055666837
144966.5821639593 153201.6339801297
137133.3474254981 143294.3024526020
116511.1580119981 116608.4255961968
140970.0338280097 149526.3335747565
144327.1344302074 152722.2469707332
125463.4262845252 130990.0358780918
126262.7359517151 130031.2618592988
127381.7694857810 134185.9492740685
117310.4676791880 116448.6299263980
128820.5268867229 136263.2929814534
132657.2132892345 138021.0453492405
122106.3256823275 125556.9831049315
131058.5939548546 138180.8410190394

132817.0752226725 141536.5500848149
132337.4894223585 139778.7977170277
128181.0791529709 135304.5189626603
145286.3060308353 154160.4079989227
138572.1048264399 146330.4201787799
116031.5722116841 114850.6732284096
139851.0002939438 147768.5812069694
126742.3217520291 130510.6488686953
133136.7990895485 142335.5284338090
124983.8404842113 128752.8965009082
143847.5486298934 152562.4513009344
124664.1166173353 126675.5527935233
116830.8818788740 117087.8126055933
118109.7773463779 118845.5649733805
122266.1876157655 123319.8437277478
142888.3770292655 151124.2902727449
132337.4894223585 137381.8626700452
129300.1126870368 133386.9709250743
138252.3809595640 146330.4201787799
127701.4933526570 130830.2402082930
130898.7320214167 137701.4540096429
143208.1008961415 151763.4729519402
130099.4223542268 134665.3362834650
132497.3513557965 137062.2713304475
122106.3256823275 125556.9831049315
131538.1797551686 138660.2280284358
147844.0969658431 157036.7300553018
141129.8957614477 149046.9465653601
123864.8069501453 125397.1874351327
131378.3178217306 135464.3146324592
140650.3099611338 148247.9682163659
122905.6353495175 126835.3484633221
124344.3927504593 126036.3701143280
143527.8247630175 152402.6556311356
119708.3966807578 119964.1346619723
130898.7320214167 137861.2496794417
137293.2093589361 143294.3024526020
113473.7812766764 111974.3511720306
137293.2093589361 146490.2158485787
123545.0830832694 125237.3917653338
139051.6906267539 147448.9898673717
120347.8444145097 122361.0697089548
110756.1284082306 107979.4594270597
112514.6096760485 111175.3728230364
111235.7142085446 109098.0291156516
123225.3592163934 124278.6177465408
129619.8365539128 136902.4756606487
119708.3966807578 120123.9303317711
139691.1383605058 146809.8071881764
138412.2428930019 144572.6678109927
133616.3848898624 139139.6150378324
120987.2921482616 122840.4567183513
139371.4144936299 148247.9682163659
118749.2250801299 118845.5649733805
134095.9706901764 138979.8193680335
108038.4755397849 104144.3633518877
126582.4598185911 129711.6705197012
136813.6235586221 145691.2374995845
145925.7537645872 155119.1820177157
121147.1540816996 121562.0913599606
127221.9075523430 132907.5839156778
120028.1205476337 122520.8653787536
124664.1166173353 128752.8965009082
135374.8661576803 143613.8937921997
128980.3888201609 136582.8843210510
112194.8858091725 109737.2117948469
127062.0456189050 129392.0791801035
116351.2960785601 116608.4255961968
142248.9292955136 149526.3335747565

134735.4184239283 142974.7111130044
133616.3848898624 142335.5284338090
132817.0752226725 142015.9370942113
116830.8818788740 117247.6082753921
135854.4519579942 144093.2808015962
132497.3513557965 141536.5500848149
123385.2211498314 124758.0047559373
132657.2132892345 138500.4323586370
119708.3966807578 120123.9303317711
109956.8187410407 107020.6854082668
135215.0042242423 141376.7544150160
132337.4894223585 137861.2496794417
126902.1836854671 131309.6272176895
124024.6688835833 126036.3701143280
143687.6866964554 152402.6556311356
130259.2842876647 134185.9492740685
121307.0160151376 121721.8870297595
110915.9903416686 108139.2550968586
113953.3670769903 111974.3511720306
122266.1876157655 123639.4350673455
114432.9528773043 113252.7165304213
128340.9410864089 132587.9925760802
124664.1166173353 126995.1441331210
135854.4519579942 141216.9587452172
137453.0712923741 143454.0981224009
134255.8326236143 142015.9370942113
134575.5564904903 139619.0020472289
138092.5190261260 145851.0331693834
125143.7024176492 130031.2618592988
131538.1797551686 135464.3146324592
124344.3927504593 126835.3484633221
126422.5978851531 130031.2618592988
123385.2211498314 126355.9614539257
112514.6096760485 110536.1901438411
126102.8740182771 130670.4445384942
136014.3138914322 144732.4634807915
111395.5761419826 109098.0291156516
140490.4480276958 149206.7422351589
141769.3434951996 149845.9249143542
125143.7024176492 128752.8965009082
128340.9410864089 134345.7449438673
108677.9232735368 105262.9330404796
140650.3099611338 147928.3768767682
126102.8740182771 130830.2402082930
137612.9332258120 146330.4201787799
132817.0752226725 141057.1630754184
136813.6235586221 142974.7111130044
113313.9193432384 112293.9425116283
121147.1540816996 123799.2307371443
123065.4972829554 126675.5527935233
133936.1087567384 140258.1847264242
136493.8996917461 145371.6461599869
131538.1797551686 139938.5933868265
133616.3848898624 141057.1630754184
109317.3710072887 106221.7070592726
113154.0574098004 111335.1684928353
113154.0574098004 111974.3511720306
134575.5564904903 141696.3457546137
127381.7694857810 130510.6488686953
124504.2546838973 129711.6705197012
132017.7655554826 140737.5717358207
139211.5525601919 146170.6245089810
139691.1383605058 146330.4201787799
120187.9824810717 122201.2740391560
125783.1501514012 130670.4445384942
139691.1383605058 146809.8071881764
121307.0160151376 122680.6610485525
142248.9292955136 150165.5162539519
119228.8108804438 119484.7476525758

145286.3060308353 153840.8166593251
143048.2389627035 150804.6989331472
141929.2054286376 150325.3119237507
138572.1048264399 146809.8071881764
138731.9667598779 146490.2158485787
135694.5900245562 143933.4851317974
133936.1087567384 142974.7111130044
134255.8326236143 140258.1847264242
131857.9036220446 140098.3890566254
132497.3513557965 138979.8193680335
132817.0752226725 137381.8626700452
130738.8700879787 134825.1319532639
127381.7694857810 134185.9492740685
129459.9746204748 133386.9709250743
128021.2172195330 133227.1752552755
125943.0120848392 130990.0358780918
125943.0120848392 130830.2402082930
126582.4598185911 129551.8748499023
125143.7024176492 129392.0791801035
125623.2882179632 127953.9181519140
123545.0830832694 126515.7571237245
121786.6018154516 125556.9831049315
122426.0495492035 123319.8437277478
118109.7773463779 118845.5649733805
116511.1580119981 116608.4255961968
117310.4676791880 116448.6299263980
115551.9864113702 115809.4472472026
115392.1244779322 115170.2645680073
114273.0909438663 113572.3078700190
113473.7812766764 112453.7381814271
112674.4716094864 111175.3728230364
112354.7477426105 110536.1901438411
111875.1619422965 109897.0074646458
111715.3000088585 109577.4161250481
110596.2664747926 108139.2550968586
109956.8187410407 107020.6854082668
121786.6018154516 122361.0697089548
141289.7576948857 150165.5162539519
134735.4184239283 142015.9370942113
118429.5012132539 118366.1779639840
118429.5012132539 120283.7260015700
116031.5722116841 116288.8342565991
124024.6688835833 125716.7787747303
133456.5229564244 139139.6150378324
126262.7359517151 131469.4228874884
137772.7951592500 146809.8071881764
114592.8148107423 113572.3078700190
121147.1540816996 122520.8653787536
135374.8661576803 144253.0764713951
144327.1344302074 152722.2469707332
140010.8622273818 148088.1725465670
147204.6492320911 156397.5473761064
122106.3256823275 125556.9831049315
131698.0416886066 135943.7016418557
139531.2764270678 148727.3552257624
143527.8247630175 152722.2469707332
128820.5268867229 134665.3362834650
132337.4894223585 140897.3674056196
128340.9410864089 134665.3362834650
119388.6728138818 119804.3389921735
129140.2507535989 136742.6799908498
142728.5150958275 150325.3119237507
115392.1244779322 114371.2862190131
117630.1915460640 117247.6082753921
141609.4815617616 150005.7205841531
132017.7655554826 139459.2063774300
136014.3138914322 141696.3457546137
130099.4223542268 136582.8843210510
123065.4972829554 127314.7354727186

146245.4776314632 155278.9776875146
145286.3060308353 153840.8166593251
142568.6531623896 150644.9032633484
141929.2054286376 150325.3119237507
139531.2764270678 148727.3552257624
138731.9667598779 147928.3768767682
140810.1718945717 147928.3768767682
139211.5525601919 147129.3985277740
137772.7951592500 146809.8071881764
139691.1383605058 146650.0115183775
138731.9667598779 146490.2158485787
138252.3809595640 146330.4201787799
136813.6235586221 146010.8288391822
136014.3138914322 141696.3457546137
134255.8326236143 140258.1847264242
132817.0752226725 137381.8626700452
129140.2507535989 136742.6799908498
129619.8365539128 136263.2929814534
128980.3888201609 135464.3146324592
130738.8700879787 134825.1319532639
127381.7694857810 134185.9492740685
127861.3552860950 134185.9492740685
126902.1836854671 132428.1969062813
126902.1836854671 131629.2185572872
127861.3552860950 131469.4228874884
125943.0120848392 130990.0358780918
124344.3927504593 128593.1008311093
124823.9785507733 127953.9181519140
125623.2882179632 127953.9181519140
123864.8069501453 127634.3268123163
121786.6018154516 125556.9831049315
121147.1540816996 122520.8653787536
119388.6728138818 121402.2956901618
118909.0870135678 119165.1563129781
118429.5012132539 118366.1779639840
118269.6392798159 117726.9952847886
116511.1580119981 116608.4255961968
117310.4676791880 116448.6299263980
116031.5722116841 116288.8342565991
114592.8148107423 113572.3078700190
113793.5051435523 113092.9208606224
112674.4716094864 111175.3728230364
111875.1619422965 109897.0074646458
110596.2664747926 108139.2550968586
109956.8187410407 107020.6854082668
122426.0495492035 126355.9614539257
141609.4815617616 150005.7205841531
136014.3138914322 142495.3241036079
122905.6353495175 124917.8004257361
132017.7655554826 140417.9803962230
126262.7359517151 131469.4228874884
108038.4755397849 104144.3633518877
143048.2389627035 150804.6989331472
135534.7280911182 140737.5717358207
147204.6492320911 156397.5473761064
114912.5386776182 113572.3078700190
125623.2882179632 130670.4445384942
130419.1462211027 134345.7449438673
131378.3178217306 137381.8626700452
134735.4184239283 142015.9370942113
132337.4894223585 137062.2713304475
122426.0495492035 123319.8437277478
143527.8247630175 152722.2469707332
128980.3888201609 132108.6055666837
141289.7576948857 150165.5162539519
122106.3256823275 125556.9831049315
140010.8622273818 148088.1725465670
126262.7359517151 130670.4445384942
114273.0909438663 113572.3078700190

146245.4776314632 155278.9776875146
145286.3060308353 153840.8166593251
141929.2054286376 150325.3119237507
141609.4815617616 150005.7205841531
141929.2054286376 149686.1292445554
139531.2764270678 148727.3552257624
140010.8622273818 148088.1725465670
137772.7951592500 146809.8071881764
136813.6235586221 146010.8288391822
134735.4184239283 142015.9370942113
136014.3138914322 141696.3457546137
132017.7655554826 140417.9803962230
132497.3513557965 138979.8193680335
131378.3178217306 137381.8626700452
129619.8365539128 136103.4973116545
131698.0416886066 135943.7016418557
128500.8030198469 135144.7232928615
130738.8700879787 134825.1319532639
128820.5268867229 134665.3362834650
129459.9746204748 133386.9709250743
128021.2172195330 133227.1752552755
127861.3552860950 131469.4228874884
126582.4598185911 129551.8748499023
125143.7024176492 129392.0791801035
124344.3927504593 128593.1008311093
125623.2882179632 127953.9181519140
123864.8069501453 127634.3268123163
123545.0830832694 126515.7571237245
121786.6018154516 125556.9831049315
122426.0495492035 123319.8437277478
122266.1876157655 123000.2523881502
119868.2586141957 120123.9303317711
118909.0870135678 119165.1563129781
118269.6392798159 117726.9952847886
117790.0534795019 117087.8126055933
117310.4676791880 116448.6299263980
116031.5722116841 116288.8342565991
115551.9864113702 115809.4472472026
114592.8148107423 113572.3078700190
113793.5051435523 113092.9208606224
111715.3000088585 109577.4161250481
109956.8187410407 107020.6854082668
108038.4755397849 104144.3633518877
132337.4894223585 140897.3674056196
126902.1836854671 132428.1969062813
139851.0002939438 147768.5812069694
135055.1422908043 142335.5284338090
127381.7694857810 134185.9492740685
129140.2507535989 134026.1536042697
143048.2389627035 150804.6989331472
122106.3256823275 125556.9831049315
124823.9785507733 127953.9181519140
142248.9292955136 150644.9032633484
139211.5525601919 145851.0331693834
132017.7655554826 136423.0886512522
112354.7477426105 110536.1901438411
110596.2664747926 108139.2550968586
142728.5150958275 150325.3119237507
124024.6688835833 125716.7787747303
127541.6314192190 131309.6272176895
129779.6984873508 137062.2713304475
121147.1540816996 122520.8653787536
134255.8326236143 140258.1847264242
138731.9667598779 144892.2591505904
113473.7812766764 112453.7381814271
133456.5229564244 139139.6150378324
117150.6057457500 117567.1996149898
116671.0199454360 117247.6082753921
133456.5229564244 141376.7544150160

127541.6314192190 130990.0358780918
129779.6984873508 136582.8843210510
126582.4598185911 128912.6921707070
114752.6767441802 114690.8775586108
130419.1462211027 137701.4540096429
134895.2803573663 144093.2808015962
145286.3060308353 154000.6123291239
133456.5229564244 141057.1630754184
138412.2428930019 146809.8071881764
141129.8957614477 148567.5595559636
141609.4815617616 150644.9032633484
133936.1087567384 139778.7977170277
145286.3060308353 154160.4079989227
123704.9450167074 125876.5744445291
127701.4933526570 131948.8098968848
134735.4184239283 141696.3457546137
128181.0791529709 134026.1536042697
132497.3513557965 140737.5717358207
130738.8700879787 134505.5406136662
131378.3178217306 137222.0670002463
135854.4519579942 141216.9587452172
145126.4440973973 153521.2253197274
132817.0752226725 138979.8193680335
118909.0870135678 119005.3606431793
132497.3513557965 139619.0020472289
122266.1876157655 123639.4350673455
109157.5090738508 105902.1157196749
132017.7655554826 136263.2929814534
121466.8779485756 122201.2740391560
134575.5564904903 141536.5500848149
142089.0673620756 149845.9249143542
139051.6906267539 147928.3768767682
118269.6392798159 119804.3389921735
143367.9628295795 151443.8816123425
143527.8247630175 152402.6556311356
112194.8858091725 110056.8031344446
121147.1540816996 123799.2307371443
134255.8326236143 143454.0981224009
137133.3474254981 145851.0331693834
120667.5682813857 122680.6610485525
109477.2329407267 106221.7070592726
137612.9332258120 144093.2808015962
114273.0909438663 113572.3078700190
117790.0534795019 119324.9519827770
121626.7398820136 124917.8004257361
122905.6353495175 124118.8220767420
111555.4380754205 109098.0291156516
135854.4519579942 141856.1414244125
125943.0120848392 128113.7138217128
131698.0416886066 137062.2713304475
132017.7655554826 139299.4107076312
134575.5564904903 139619.0020472289
133296.6610229865 141696.3457546137
118429.5012132539 120283.7260015700
142888.3770292655 151603.6772821414
121307.0160151376 124598.2090861385
123704.9450167074 127794.1224821152
132177.6274889206 137701.4540096429
120187.9824810717 123000.2523881502
124664.1166173353 129392.0791801035
131058.5939548546 136263.2929814534
121147.1540816996 122520.8653787536
136813.6235586221 142974.7111130044
133776.2468233004 142814.9154432055
125303.5643510872 127154.9398029198
121307.0160151376 124758.0047559373
110436.4045413547 107500.0724176633
121786.6018154516 123319.8437277478
132177.6274889206 137381.8626700452

144327.1344302074 152722.2469707332
143048.2389627035 150804.6989331472
141929.2054286376 149686.1292445554
138252.3809595640 146330.4201787799
137772.7951592500 146170.6245089810
137133.3474254981 146010.8288391822
132337.4894223585 141376.7544150160
135534.7280911182 140737.5717358207
132017.7655554826 139778.7977170277
131698.0416886066 139619.0020472289
130738.8700879787 137381.8626700452
131218.4558882926 137222.0670002463
128500.8030198469 135144.7232928615
130579.0081545407 134984.9276230627
127861.3552860950 134185.9492740685
128181.0791529709 133386.9709250743
126262.7359517151 131469.4228874884
127861.3552860950 131469.4228874884
127221.9075523430 130031.2618592988
124823.9785507733 127953.9181519140
123864.8069501453 126835.3484633221
119388.6728138818 119804.3389921735
117470.3296126260 118366.1779639840
116671.0199454360 117567.1996149898
117150.6057457500 116768.2212659956
115711.8483448082 115489.8559076050
115392.1244779322 115330.0602378061
116191.4341451221 115010.4688982084
115072.4006110562 113891.8992096166
114273.0909438663 113572.3078700190
112994.1954763624 111335.1684928353
109956.8187410407 107020.6854082668
109637.0948741647 106221.7070592726
108677.9232735368 105103.1373706808
114592.8148107423 113572.3078700190
118429.5012132539 120283.7260015700
132017.7655554826 136423.0886512522
118109.7773463779 119165.1563129781
136174.1758248702 142175.7327640102
125623.2882179632 127953.9181519140
113633.6432101143 112134.1468418294
122426.0495492035 126355.9614539257
115392.1244779322 114371.2862190131
124184.5308170213 128433.3051613105
126902.1836854671 132428.1969062813
147364.5111655291 156397.5473761064
112514.6096760485 110695.9858136399
108038.4755397849 104144.3633518877
119868.2586141957 120123.9303317711
113154.0574098004 111015.5771532376
139851.0002939438 147768.5812069694
120827.4302148237 121242.5000203630
139211.5525601919 147129.3985277740
130259.2842876647 135624.1103022580
122106.3256823275 125556.9831049315
112354.7477426105 110536.1901438411
135694.5900245562 143933.4851317974
133296.6610229865 138500.4323586370
129939.5604207888 134825.1319532639
117790.0534795019 117087.8126055933
142408.7912289516 150005.7205841531
134895.2803573663 141057.1630754184
140810.1718945717 147928.3768767682
147684.2350324051 156876.9343855029
118909.0870135678 119165.1563129781
122266.1876157655 123000.2523881502
130259.2842876647 134185.9492740685
145286.3060308353 153840.8166593251
129619.8365539128 136103.4973116545

141609.4815617616 150005.7205841531
141929.2054286376 149686.1292445554
139211.5525601919 147129.3985277740
137772.7951592500 146809.8071881764
136813.6235586221 146010.8288391822
134415.6945570523 142495.3241036079
134735.4184239283 142015.9370942113
132017.7655554826 140417.9803962230
133776.2468233004 140258.1847264242
134255.8326236143 140258.1847264242
132497.3513557965 138979.8193680335
133296.6610229865 138500.4323586370
131218.4558882926 137861.2496794417
131698.0416886066 135943.7016418557
130259.2842876647 134185.9492740685
129459.9746204748 133386.9709250743
125943.0120848392 130830.2402082930
126582.4598185911 130510.6488686953
125303.5643510872 130191.0575290977
125143.7024176492 129392.0791801035
124823.9785507733 127953.9181519140
121786.6018154516 125556.9831049315
122106.3256823275 125556.9831049315
122426.0495492035 123319.8437277478
121147.1540816996 122520.8653787536
121786.6018154516 122361.0697089548
118429.5012132539 120283.7260015700
118909.0870135678 119165.1563129781
117150.6057457500 117567.1996149898
116671.0199454360 117247.6082753921
115551.9864113702 115809.4472472026
114273.0909438663 113572.3078700190
114912.5386776182 113572.3078700190
113953.3670769903 112933.1251908236
113473.7812766764 112453.7381814271
112674.4716094864 111175.3728230364
112354.7477426105 110536.1901438411
111875.1619422965 109897.0074646458
110596.2664747926 108139.2550968586
109956.8187410407 107020.6854082668
109637.0948741647 106221.7070592726
147204.6492320911 156397.5473761064
118429.5012132539 118366.1779639840
120507.7063479477 120763.1130109665
128980.3888201609 132108.6055666837
139531.2764270678 148727.3552257624
141289.7576948857 150165.5162539519
127381.7694857810 134026.1536042697
142408.7912289516 150005.7205841531
143048.2389627035 150804.6989331472
115392.1244779322 114371.2862190131
130738.8700879787 134825.1319532639
132337.4894223585 140897.3674056196
131698.0416886066 139619.0020472289
137133.3474254981 143294.3024526020
128980.3888201609 135464.3146324592
126262.7359517151 131469.4228874884
140010.8622273818 148088.1725465670
130419.1462211027 135464.3146324592
123545.0830832694 126515.7571237245
129779.6984873508 137062.2713304475
133456.5229564244 139139.6150378324
119388.6728138818 120763.1130109665
116511.1580119981 116608.4255961968
132017.7655554826 136423.0886512522
118109.7773463779 118845.5649733805
143367.9628295795 152242.8599613367
144327.1344302074 152722.2469707332
117310.4676791880 116448.6299263980

145286.3060308353 153840.8166593251
144966.5821639593 153361.4296499286
144327.1344302074 152722.2469707332
142408.7912289516 150005.7205841531
139531.2764270678 148727.3552257624
137772.7951592500 146809.8071881764
138252.3809595640 146330.4201787799
138731.9667598779 144892.2591505904
137133.3474254981 143294.3024526020
135055.1422908043 142335.5284338090
132337.4894223585 141376.7544150160
133136.7990895485 139619.0020472289
130419.1462211027 138021.0453492405
131378.3178217306 137381.8626700452
131698.0416886066 135943.7016418557
130579.0081545407 134984.9276230627
127861.3552860950 134026.1536042697
125623.2882179632 130990.0358780918
125943.0120848392 130830.2402082930
126582.4598185911 129871.4661895000
124823.9785507733 127953.9181519140
123545.0830832694 126515.7571237245
122905.6353495175 124917.8004257361
120507.7063479477 120763.1130109665
118429.5012132539 120283.7260015700
118109.7773463779 119804.3389921735
117470.3296126260 118366.1779639840
116830.8818788740 117407.4039451909
117790.0534795019 117087.8126055933
117150.6057457500 116768.2212659956
116511.1580119981 116608.4255961968
116031.5722116841 116288.8342565991
115072.4006110562 114531.0818888119
115392.1244779322 114371.2862190131
113633.6432101143 112134.1468418294
112674.4716094864 111175.3728230364
119868.2586141957 120123.9303317711
130898.7320214167 136582.8843210510
119388.6728138818 120763.1130109665
110596.2664747926 108139.2550968586
113313.9193432384 111974.3511720306
129939.5604207888 134825.1319532639
143847.5486298934 152083.0642915379
135534.7280911182 140737.5717358207
118909.0870135678 118685.7693035816
126102.8740182771 131469.4228874884
127541.6314192190 131309.6272176895
115392.1244779322 115330.0602378061
121147.1540816996 122520.8653787536
124823.9785507733 129871.4661895000
138731.9667598779 145211.8504901881
128820.5268867229 136263.2929814534
118749.2250801299 120443.5216713688
134735.4184239283 142015.9370942113
122106.3256823275 125556.9831049315
135055.1422908043 140098.3890566254
129140.2507535989 136742.6799908498
134095.9706901764 140897.3674056196
126582.4598185911 130510.6488686953
147204.6492320911 156397.5473761064
128181.0791529709 133386.9709250743
129459.9746204748 133386.9709250743
112994.1954763624 111335.1684928353
108038.4755397849 104144.3633518877
127062.0456189050 132428.1969062813
139851.0002939438 147768.5812069694
111875.1619422965 109897.0074646458
137133.3474254981 146010.8288391822
143048.2389627035 150804.6989331472

129619.8365539128 137222.0670002463
124983.8404842113 127634.3268123163
127701.4933526570 131469.4228874884
131538.1797551686 136423.0886512522
132017.7655554826 137222.0670002463
130898.7320214167 137222.0670002463
141289.7576948857 148407.7638861647
119868.2586141957 121082.7043505641
126742.3217520291 132907.5839156778
143208.1008961415 151284.0859425437
110276.5426079167 107659.8680874621
122106.3256823275 123160.0480579490
136174.1758248702 142015.9370942113
120667.5682813857 122201.2740391560
132497.3513557965 138979.8193680335
133776.2468233004 141216.9587452172
121307.0160151376 124598.2090861385
124664.1166173353 127794.1224821152
113313.9193432384 112293.9425116283
131857.9036220446 138340.6366888382
135215.0042242423 142655.1197734067
124024.6688835833 127794.1224821152
133136.7990895485 138021.0453492405
119708.3966807578 119644.5433223746
126102.8740182771 131149.8315478907
131218.4558882926 139778.7977170277
111395.5761419826 108778.4377760539
135694.5900245562 140897.3674056196
112035.0238757345 109737.2117948469
134735.4184239283 142335.5284338090
132817.0752226725 139938.5933868265
143367.9628295795 151603.6772821414
131538.1797551686 137861.2496794417
109796.9568076027 106701.0940686691
135694.5900245562 141696.3457546137
120507.7063479477 122520.8653787536
120987.2921482616 123479.6393975466
134895.2803573663 143613.8937921997
121626.7398820136 122840.4567183513
133456.5229564244 138021.0453492405
133616.3848898624 139299.4107076312
135854.4519579942 145052.0548203892
135055.1422908043 142495.3241036079
132017.7655554826 135943.7016418557
145765.8918311492 154320.2036687216
131698.0416886066 140737.5717358207
123385.2211498314 125077.5960955350
111235.7142085446 108458.8464364563
136493.8996917461 145211.8504901881
137612.9332258120 143613.8937921997
134095.9706901764 139139.6150378324
142728.5150958275 151923.2686217391
119548.5347473198 120123.9303317711
115392.1244779322 114211.4905492143
122426.0495492035 126355.9614539257
109637.0948741647 106381.5027290714
145606.0298977112 154000.6123291239
143847.5486298934 152242.8599613367
120987.2921482616 123799.2307371443
142728.5150958275 151603.6772821414
125623.2882179632 129232.2835103047
131857.9036220446 136742.6799908498
143367.9628295795 152562.4513009344
110436.4045413547 107340.2767478644
131058.5939548546 138180.8410190394
130419.1462211027 138021.0453492405
134255.8326236143 143134.5067828032
145126.4440973973 153840.8166593251
125783.1501514012 129232.2835103047

124823.9785507733 127953.9181519140
123545.0830832694 126515.7571237245
129140.2507535989 136742.6799908498
122426.0495492035 123319.8437277478
132017.7655554826 140417.9803962230
116511.1580119981 116608.4255961968
115551.9864113702 115809.4472472026
128980.3888201609 132108.6055666837
109956.8187410407 107020.6854082668
122106.3256823275 125556.9831049315
130419.1462211027 135464.3146324592
111875.1619422965 109897.0074646458
134735.4184239283 142015.9370942113
128021.2172195330 133227.1752552755
126262.7359517151 130670.4445384942
143527.8247630175 152722.2469707332
135374.8661576803 144253.0764713951
118269.6392798159 117726.9952847886
117790.0534795019 117087.8126055933
141929.2054286376 149686.1292445554
132817.0752226725 137381.8626700452
125943.0120848392 130990.0358780918
112674.4716094864 111175.3728230364
142408.7912289516 150005.7205841531
141609.4815617616 150005.7205841531
131698.0416886066 135943.7016418557
121147.1540816996 122520.8653787536
145286.3060308353 153840.8166593251
141929.2054286376 150325.3119237507
125623.2882179632 130670.4445384942
108038.4755397849 104144.3633518877
117310.4676791880 116448.6299263980
121786.6018154516 125556.9831049315
114592.8148107423 113572.3078700190
124344.3927504593 128593.1008311093
139211.5525601919 147129.3985277740
126582.4598185911 129551.8748499023
116031.5722116841 116288.8342565991
138731.9667598779 147928.3768767682
127861.3552860950 131469.4228874884
144327.1344302074 152722.2469707332
113793.5051435523 113092.9208606224
123864.8069501453 127634.3268123163
146245.4776314632 155278.9776875146
119388.6728138818 119804.3389921735
140010.8622273818 148088.1725465670
132337.4894223585 140897.3674056196
130099.4223542268 136582.8843210510
138252.3809595640 146330.4201787799
142568.6531623896 150644.9032633484
139211.5525601919 145851.0331693834
128820.5268867229 135464.3146324592
114273.0909438663 113572.3078700190
130738.8700879787 134825.1319532639
110596.2664747926 108139.2550968586
133456.5229564244 139139.6150378324
124024.6688835833 125716.7787747303
138731.9667598779 146490.2158485787
132497.3513557965 138979.8193680335
125943.0120848392 130830.2402082930
139531.2764270678 148727.3552257624
119388.6728138818 121402.2956901618
129459.9746204748 133386.9709250743
135694.5900245562 143933.4851317974
134255.8326236143 140258.1847264242
125303.5643510872 130191.0575290977
120987.2921482616 121562.0913599606
127062.0456189050 132428.1969062813
141289.7576948857 150165.5162539519

147204.6492320911 156397.5473761064
145286.3060308353 153840.8166593251
141929.2054286376 150325.3119237507
141609.4815617616 150005.7205841531
139531.2764270678 148727.3552257624
139211.5525601919 147129.3985277740
137772.7951592500 146809.8071881764
138252.3809595640 146330.4201787799
136813.6235586221 146010.8288391822
132497.3513557965 138979.8193680335
130099.4223542268 136582.8843210510
130738.8700879787 134825.1319532639
127381.7694857810 134185.9492740685
129459.9746204748 133386.9709250743
128021.2172195330 133227.1752552755
126902.1836854671 132428.1969062813
125943.0120848392 130830.2402082930
126262.7359517151 130670.4445384942
125143.7024176492 129392.0791801035
125623.2882179632 127953.9181519140
123864.8069501453 127634.3268123163
123545.0830832694 126515.7571237245
121786.6018154516 125556.9831049315
122106.3256823275 125556.9831049315
122426.0495492035 123319.8437277478
121786.6018154516 122361.0697089548
118269.6392798159 117726.9952847886
117310.4676791880 116448.6299263980
115551.9864113702 115809.4472472026
115392.1244779322 114371.2862190131
114273.0909438663 113572.3078700190
114592.8148107423 113572.3078700190
113793.5051435523 113092.9208606224
113473.7812766764 112453.7381814271
112674.4716094864 111175.3728230364
110596.2664747926 108139.2550968586
109956.8187410407 107020.6854082668
117790.0534795019 117087.8126055933
134255.8326236143 140258.1847264242
112354.7477426105 110536.1901438411
128500.8030198469 135144.7232928615
126582.4598185911 129551.8748499023
118429.5012132539 118366.1779639840
125943.0120848392 130990.0358780918
130419.1462211027 135464.3146324592
138731.9667598779 147928.3768767682
116511.1580119981 116608.4255961968
134735.4184239283 142015.9370942113
124823.9785507733 127953.9181519140
128980.3888201609 132108.6055666837
136014.3138914322 141696.3457546137
119868.2586141957 120123.9303317711
135374.8661576803 144253.0764713951
144327.1344302074 152722.2469707332
111875.1619422965 109897.0074646458
121147.1540816996 122520.8653787536
139211.5525601919 145851.0331693834
141289.7576948857 150165.5162539519
138731.9667598779 146490.2158485787
132017.7655554826 140417.9803962230
118909.0870135678 119165.1563129781
143527.8247630175 152722.2469707332
129140.2507535989 136742.6799908498
122266.1876157655 123000.2523881502
124344.3927504593 128593.1008311093
118429.5012132539 120283.7260015700
132817.0752226725 137381.8626700452
140010.8622273818 148088.1725465670
142408.7912289516 150005.7205841531

136014.3138914322 141376.7544150160
125943.0120848392 130350.8531988965
122426.0495492035 123319.8437277478
110915.9903416686 108299.0507666574
135534.7280911182 143773.6894619985
121626.7398820136 122361.0697089548
144966.5821639593 153681.0209895263
122106.3256823275 125556.9831049315
128181.0791529709 131629.2185572872
138572.1048264399 146650.0115183775
133456.5229564244 138340.6366888382
142568.6531623896 151443.8816123425
122106.3256823275 123319.8437277478
134575.5564904903 142974.7111130044
119228.8108804438 120922.9086807653
134575.5564904903 140417.9803962230
145925.7537645872 154959.3863479169
138092.5190261260 146170.6245089810
118269.6392798159 119484.7476525758
122905.6353495175 124598.2090861385
120667.5682813857 121881.6826995583
120827.4302148237 123479.6393975466
139211.5525601919 147129.3985277740
144007.4105633314 152882.0426405321
140970.0338280097 148887.1508955612
117150.6057457500 117567.1996149898
130579.0081545407 138979.8193680335
125303.5643510872 129551.8748499023
115392.1244779322 114371.2862190131
120347.8444145097 123000.2523881502
109956.8187410407 107020.6854082668
126902.1836854671 130990.0358780918
142888.3770292655 151603.6772821414
117790.0534795019 119324.9519827770
143687.6866964554 152083.0642915379
134575.5564904903 142495.3241036079
135215.0042242423 141216.9587452172
129300.1126870368 133067.3795854767
121147.1540816996 122520.8653787536
124024.6688835833 125397.1874351327
128980.3888201609 136103.4973116545
132017.7655554826 140417.9803962230
121786.6018154516 125556.9831049315
124823.9785507733 129551.8748499023
139211.5525601919 148407.7638861647
127541.6314192190 133067.3795854767
133616.3848898624 140098.3890566254
129619.8365539128 136263.2929814534
120028.1205476337 122840.4567183513
131218.4558882926 136742.6799908498
138572.1048264399 146809.8071881764
134415.6945570523 139299.4107076312
128500.8030198469 134665.3362834650
113953.3670769903 112613.5338512259
135215.0042242423 142015.9370942113
133296.6610229865 139778.7977170277
128181.0791529709 133386.9709250743
111715.3000088585 109098.0291156516
130898.7320214167 137381.8626700452
138412.2428930019 145851.0331693834
143847.5486298934 151923.2686217391
128980.3888201609 132587.9925760802
140810.1718945717 149046.9465653601
139691.1383605058 148088.1725465670
144486.9963636454 153361.4296499286
125623.2882179632 130510.6488686953
134735.4184239283 139619.0020472289
133136.7990895485 138180.8410190394
109317.3710072887 106061.9113894738

111875.1619422965 110216.5988042435
111235.7142085446 108938.2334458528
124344.3927504593 129232.2835103047
137453.0712923741 143613.8937921997
134255.8326236143 139938.5933868265
135534.7280911182 141536.5500848149
125303.5643510872 127953.9181519140
108677.9232735368 105103.1373706808
131378.3178217306 139299.4107076312
142089.0673620756 150005.7205841531
141929.2054286376 151124.2902727449
120028.1205476337 122680.6610485525
133936.1087567384 138660.2280284358
141449.6196283236 150325.3119237507
143048.2389627035 150644.9032633484
134255.8326236143 142175.7327640102
117150.6057457500 117407.4039451909
110116.6806744787 106860.8897384679
113633.6432101143 111654.7598324329
141129.8957614477 148887.1508955612
121946.4637488895 122680.6610485525
117310.4676791880 116768.2212659956
117150.6057457500 116448.6299263980
145126.4440973973 153521.2253197274
133136.7990895485 142335.5284338090
125943.0120848392 128433.3051613105
110596.2664747926 107500.0724176633
129300.1126870368 134185.9492740685
143847.5486298934 152083.0642915379
130579.0081545407 137222.0670002463
135854.4519579942 141376.7544150160
111555.4380754205 108938.2334458528
134735.4184239283 143134.5067828032
135215.0042242423 143454.0981224009
118909.0870135678 120123.9303317711
136493.8996917461 144732.4634807915
138252.3809595640 146969.6028579752
132177.6274889206 141216.9587452172
131698.0416886066 138660.2280284358
122585.9114826415 123959.0264069431
138412.2428930019 146010.8288391822
130259.2842876647 136263.2929814534
119548.5347473198 121082.7043505641
131857.9036220446 137062.2713304475
129619.8365539128 137222.0670002463
117630.1915460640 117087.8126055933
112194.8858091725 110695.9858136399
136334.0377583081 144412.8721411939
122266.1876157655 125716.7787747303
125143.7024176492 130350.8531988965
129619.8365539128 135624.1103022580
127221.9075523430 130510.6488686953
145126.4440973973 153681.0209895263
132657.2132892345 141856.1414244125
120667.5682813857 123639.4350673455
130099.4223542268 138021.0453492405
122585.9114826415 123479.6393975466
128181.0791529709 132108.6055666837
109796.9568076027 106541.2983988703
132177.6274889206 139299.4107076312
121466.8779485756 123000.2523881502
114113.2290104283 112293.9425116283
123225.3592163934 126675.5527935233
135694.5900245562 144253.0764713951
114113.2290104283 113252.7165304213
116351.2960785601 116129.0385868003
119228.8108804438 121402.2956901618
139851.0002939438 148407.7638861647
138092.5190261260 146170.6245089810

