129427.9539760000 104747.7634938924
129266.2162440000 103789.2609736646
129589.6917080000 106025.7668541962
129913.1671720000 108741.5239948418
127972.3143880000 102830.7584534367
129104.4785120000 108581.7735748038
129266.2162440000 102830.7584534367
129913.1671720000 112415.7836557152
130074.9049040000 111457.2811354873
129913.1671720000 105386.7651740443
130236.6426360000 108581.7735748038
130236.6426360000 108741.5239948418
128457.5275840000 103469.7601335886
129427.9539760000 104907.5139139304
129751.4294400000 102990.5088734747
126261.9886300455 125073.8189842135
127547.6530414394 125394.3758283594
118869.4182645303 117701.0115688594
126904.8208357424 114335.1647053281
120155.0826759242 119303.7957895885
130601.1060185000 115617.3920819115
125779.8644757727 124913.5405621406
124333.4920129545 121707.9721206823
126261.9886300455 114655.7215494740
120797.9148816212 117059.8978805677
123690.6598072576 115777.6705039844
121922.8712415909 115777.6705039844
120155.0826759242 118502.4036792240
127065.5288871667 116098.2273481302
124333.4920129545 122028.5289648281
127547.6530414394 115296.8352377656
119994.3746245000 116258.5057702031
129958.2738128030 114655.7215494740
130922.5221213485 124592.9837179948
127547.6530414394 125875.2110945781
119512.2504702273 116739.3410364219
124333.4920129545 115937.9489260573
126583.4047328939 127317.7168932344
128190.4852471364 126356.0463607969
123208.5356529849 120105.1878999531
120797.9148816212 118822.9605233698
124172.7839615303 121227.1368544635
127708.3610928636 123791.5916076302
124494.2000643788 116579.0626143490
130440.3979670758 114976.2783936198
127869.0691442879 115617.3920819115
123690.6598072576 115617.3920819115
121762.1631901667 117380.4547247135
114217.8115849254 136906.2884110190
113256.3099876716 131633.7048113861
113576.8105200896 136746.5131504240
103961.7945475522 133071.6821567405
106045.0480082687 132752.1316355506
102359.2918854627 129237.0759024620
115980.5645132239 139143.1420593481
113096.0597214627 133071.6821567405
103000.2929502985 129077.3006418671
114378.0618511343 135468.3110656645
110211.5549297015 136906.2884110190
113096.0597214627 129237.0759024620
107647.5506703582 132432.5811143607
114057.5613187164 131154.3790296013
112775.5591890448 129396.8511630570
105404.0469434328 130994.6037690063
105884.7977420597 130834.8285084114
108128.3014689851 130355.5027266266
104442.5453461791 132113.0305931709
106686.0490731045 129237.0759024620
114538.3121173433 138184.4904957785
112615.3089228358 135787.8615868544
114057.5613187164 130195.7274660316
102038.7913530448 129716.4016842468
102679.7924178806 128917.5253812721
110371.8051959104 129396.8511630570
115499.8137145970 137864.9399745886
112134.5581242090 133710.7831991202
114217.8115849254 131633.7048113861
116942.0661104776 139622.4678411329
111493.5570593731 135148.7605444747
100115.7881585373 130355.5027266266
106846.2993393134 130994.6037690063
107647.5506703582 131314.1542901962
108769.3025338209 131314.1542901962

130398.3803680000 104108.7618137405
130721.8558320000 101393.0046730949
130560.1181000000 102351.5071933228
129913.1671720000 105706.2660141203
129913.1671720000 110019.5273551456
128295.7898520000 106664.7685343481
129589.6917080000 108741.5239948418
129913.1671720000 108262.2727347278
128295.7898520000 102990.5088734747
129751.4294400000 105386.7651740443
128781.0030480000 103310.0097135506
129589.6917080000 102032.0063532468
130074.9049040000 102511.2576133608
130074.9049040000 102032.0063532468
130236.6426360000 109061.0248349177
124654.9081158030 121227.1368544635
120958.6229330455 116739.3410364219
119030.1263159546 117220.1763026406
125779.8644757727 116418.7841922760
127226.2369385909 123951.8700297031
131404.6462756212 115777.6705039844
122083.5792930152 120586.0231661719
127386.9449900152 124753.2621400677
131565.3543270454 124913.5405621406
124172.7839615303 121868.2505427552
124012.0759101061 120906.5800103177
128029.7771957121 115136.5568156927
121601.4551387424 121066.8584323906
120476.4987787727 120265.4663220261
129154.7335556818 116098.2273481302
128672.6094014091 124272.4268738490
124654.9081158030 122188.8073869010
130761.8140699243 125394.3758283594
119672.9585216515 118021.5684130052
124815.6161672273 124432.7052959219
121922.8712415909 115777.6705039844
122565.7034472879 116739.3410364219
125458.4483729242 121547.6936986094
124976.3242186515 121547.6936986094
123369.2437044091 119784.6310558073
128351.1932985606 114655.7215494740
127869.0691442879 123471.0347634844
129154.7335556818 124913.5405621406
126904.8208357424 115136.5568156927
127226.2369385909 125714.9326725052
129476.1496585303 114655.7215494740
126583.4047328939 122349.0858089740
125779.8644757727 126516.3247828698
111012.8062607463 134190.1089809051
103481.0437489254 128757.7501206772
100756.7892233731 128597.9748600823
108128.3014689851 129716.4016842468
104602.7956123881 133870.5584597152
112775.5591890448 130834.8285084114
115019.0629159701 137545.3894533987
97872.2844316119 128757.7501206772
109891.0543972836 136426.9626292342
107006.5496055224 130834.8285084114
110051.3046634925 133071.6821567405
112294.8083904179 134030.3337203101
114057.5613187164 138024.7152351835
111653.8073255821 132432.5811143607
109891.0543972836 136746.5131504240
101878.5410868358 129396.8511630570
110852.5559945373 131314.1542901962
114698.5623835522 136586.7378898291
113737.0607862985 129716.4016842468
106045.0480082687 131793.4800719810
103160.5432165075 128597.9748600823
113576.8105200896 135308.5358050696
109891.0543972836 135148.7605444747
99955.5378923284 129396.8511630570
112935.8094552537 130195.7274660316
113737.0607862985 131953.2553325759
98994.0362950746 129396.8511630570
115660.0639808060 138663.8162775633
105404.0469434328 132911.9068961456
106205.2982744776 134349.8842415000
114538.3121173433 137225.8389322089
114698.5623835522 134829.2100232848
111653.8073255821 129077.3006418671
99474.7870937015 130834.8285084114
115339.5634483881 136107.4121080443

129266.2162440000 109859.7769351076
127810.5766560000 103789.2609736646
128942.7407800000 103310.0097135506
129589.6917080000 106984.2693744241
127648.8389240000 102351.5071933228
129589.6917080000 101872.2559332089
130074.9049040000 105546.5155940823
128457.5275840000 105866.0164341582
129913.1671720000 110658.5290352975
130398.3803680000 103310.0097135506
129751.4294400000 109859.7769351076
128781.0030480000 104108.7618137405
129913.1671720000 109540.2760950316
129266.2162440000 109061.0248349177
128457.5275840000 102990.5088734747
129636.8577099546 114655.7215494740
118869.4182645303 117701.0115688594
123851.3678586818 115457.1136598385
126583.4047328939 125073.8189842135
120797.9148816212 119464.0742116614
130922.5221213485 114976.2783936198
127065.5288871667 122509.3642310469
123851.3678586818 123150.4779193385
129797.5657613788 125073.8189842135
125297.7403215000 122509.3642310469
124172.7839615303 115136.5568156927
125779.8644757727 114976.2783936198
119351.5424188030 118342.1252571510
128994.0255042576 123150.4779193385
122887.1195501364 120105.1878999531
120958.6229330455 120746.3015882448
129154.7335556818 125875.2110945781
125458.4483729242 121547.6936986094
132208.1865327424 125394.3758283594
127386.9449900152 114014.6078611823
120797.9148816212 116098.2273481302
125458.4483729242 125875.2110945781
129315.4416071061 123951.8700297031
125137.0322700758 125073.8189842135
128190.4852471364 115617.3920819115
128511.9013499849 115136.5568156927
119351.5424188030 117380.4547247135
125619.1564243485 116418.7841922760
127065.5288871667 122028.5289648281
120958.6229330455 116739.3410364219
120637.2068301970 116418.7841922760
122244.2873444394 121227.1368544635
124494.2000643788 123471.0347634844
101237.5400220000 132113.0305931709
114538.3121173433 130675.0532478165
99314.5368274925 130675.0532478165
115179.3131821791 136746.5131504240
113576.8105200896 135787.8615868544
101397.7902882090 130195.7274660316
106846.2993393134 133551.0079385253
110371.8051959104 134829.2100232848
112455.0586566269 132752.1316355506
105083.5464110149 131793.4800719810
108288.5517351940 132752.1316355506
107006.5496055224 130355.5027266266
111333.3067931642 132432.5811143607
107647.5506703582 129876.1769448418
112775.5591890448 133231.4574173354
106525.7988068955 134190.1089809051
100596.5389571642 131154.3790296013
99795.2876261194 129716.4016842468
104763.0458785970 133071.6821567405
101878.5410868358 132113.0305931709
104282.2950799702 130994.6037690063
111974.3078580000 133710.7831991202
111012.8062607463 136107.4121080443
101397.7902882090 130035.9522054367
115019.0629159701 134190.1089809051
98192.7849640299 128917.5253812721
110532.0554621194 134190.1089809051
110051.3046634925 131633.7048113861
98513.2854964478 129237.0759024620
102679.7924178806 133071.6821567405
106846.2993393134 134669.4347626899
115499.8137145970 135308.5358050696
99154.2865612836 128438.1995994874
105404.0469434328 133231.4574173354
107647.5506703582 133231.4574173354

129589.6917080000 106345.2676942722
128942.7407800000 106025.7668541962
128619.2653160000 102990.5088734747
128295.7898520000 104268.5122337785
129427.9539760000 103629.5105536266
129266.2162440000 108741.5239948418
129104.4785120000 104907.5139139304
127487.1011920000 102351.5071933228
130398.3803680000 104588.0130738544
127810.5766560000 102990.5088734747
130560.1181000000 101872.2559332089
129104.4785120000 104268.5122337785
129589.6917080000 103469.7601335886
129751.4294400000 105546.5155940823
129589.6917080000 102351.5071933228
119672.9585216515 116739.3410364219
126422.6966814697 116098.2273481302
124172.7839615303 115457.1136598385
124815.6161672273 121066.8584323906
127547.6530414394 116418.7841922760
125940.5725271970 122509.3642310469
121280.0390358939 120586.0231661719
124494.2000643788 116579.0626143490
131565.3543270454 115136.5568156927
124815.6161672273 122188.8073869010
127547.6530414394 126356.0463607969
122244.2873444394 115937.9489260573
124494.2000643788 121707.9721206823
130118.9818642273 114655.7215494740
121762.1631901667 117380.4547247135
124815.6161672273 116418.7841922760
120958.6229330455 117059.8978805677
120155.0826759242 119303.7957895885
120155.0826759242 119464.0742116614
128511.9013499849 123310.7563414115
119512.2504702273 118181.8468350781
126904.8208357424 125394.3758283594
124333.4920129545 120906.5800103177
126904.8208357424 127477.9953153073
130761.8140699243 115457.1136598385
126583.4047328939 124592.9837179948
124494.2000643788 121868.2505427552
119994.3746245000 118822.9605233698
130440.3979670758 115136.5568156927
124654.9081158030 122829.9210751927
124494.2000643788 125073.8189842135
120476.4987787727 116258.5057702031
121922.8712415909 120586.0231661719
114057.5613187164 129556.6264236519
113576.8105200896 137066.0636716139
104923.2961448060 128597.9748600823
100115.7881585373 130994.6037690063
111012.8062607463 134509.6595020950
115019.0629159701 138184.4904957785
109730.8041310746 135148.7605444747
112775.5591890448 130515.2779872215
116461.3153118507 139143.1420593481
113897.3110525075 129876.1769448418
114057.5613187164 130994.6037690063
97391.5336329851 128917.5253812721
113737.0607862985 137705.1647139937
108769.3025338209 135468.3110656645
114217.8115849254 129237.0759024620
102359.2918854627 130035.9522054367
110051.3046634925 131314.1542901962
115980.5645132239 136426.9626292342
111493.5570593731 132432.5811143607
108288.5517351940 134349.8842415000
113096.0597214627 134988.9852838797
104602.7956123881 129396.8511630570
113737.0607862985 129077.3006418671
111493.5570593731 129237.0759024620
107968.0512027761 130355.5027266266
112294.8083904179 132911.9068961456
100917.0394895821 131314.1542901962
106846.2993393134 133551.0079385253
98192.7849640299 130355.5027266266
103320.7934827164 133071.6821567405
110532.0554621194 133551.0079385253
104763.0458785970 132113.0305931709
108448.8020014030 130834.8285084114
100436.2886909552 129237.0759024620
106686.0490731045 131154.3790296013

129427.9539760000 105067.2643339683
128781.0030480000 103949.0113937025
130236.6426360000 102990.5088734747
129913.1671720000 105227.0147540063
129427.9539760000 108422.0231547658
128781.0030480000 102511.2576133608
129104.4785120000 109220.7752549557
127972.3143880000 104747.7634938924
130074.9049040000 111297.5307154494
128619.2653160000 104108.7618137405
130236.6426360000 106824.5189543861
129427.9539760000 108901.2744148797
130560.1181000000 101872.2559332089
128781.0030480000 105386.7651740443
128942.7407800000 104428.2626538164
121762.1631901667 121547.6936986094
124494.2000643788 121707.9721206823
127386.9449900152 125234.0974062865
128994.0255042576 124112.1484517760
124012.0759101061 123631.3131855573
123529.9517558333 123150.4779193385
119672.9585216515 118502.4036792240
130118.9818642273 126035.4895166510
131243.9382241970 124913.5405621406
128994.0255042576 123951.8700297031
131886.7704298939 115617.3920819115
127547.6530414394 127958.8305815261
126904.8208357424 126516.3247828698
120155.0826759242 117540.7331467865
128672.6094014091 126195.7679387240
132690.3106870152 126195.7679387240
122244.2873444394 121227.1368544635
129315.4416071061 124592.9837179948
122726.4114987121 117059.8978805677
124976.3242186515 115296.8352377656
128029.7771957121 115777.6705039844
120797.9148816212 116739.3410364219
128351.1932985606 122509.3642310469
127226.2369385909 126356.0463607969
118387.2941102576 118181.8468350781
120958.6229330455 120586.0231661719
127065.5288871667 115136.5568156927
126583.4047328939 114815.9999715469
128190.4852471364 114014.6078611823
123208.5356529849 122829.9210751927
123208.5356529849 116739.3410364219
125297.7403215000 122188.8073869010
122083.5792930152 119143.5173675156
114057.5613187164 131154.3790296013
97551.7838991940 128278.4243388924
105404.0469434328 133391.2326779304
109250.0533324478 130994.6037690063
98833.7860288657 129876.1769448418
116301.0650456418 139942.0183623228
114858.8126497612 131473.9295507912
100115.7881585373 131633.7048113861
109891.0543972836 134509.6595020950
106686.0490731045 129876.1769448418
115499.8137145970 135148.7605444747
110371.8051959104 130195.7274660316
113737.0607862985 131473.9295507912
112134.5581242090 133231.4574173354
113256.3099876716 135308.5358050696
109891.0543972836 134829.2100232848
109250.0533324478 135628.0863262595
114217.8115849254 129396.8511630570
113096.0597214627 131953.2553325759
112775.5591890448 136906.2884110190
112134.5581242090 133710.7831991202
108609.0522676119 133391.2326779304
102840.0426840895 128757.7501206772
103961.7945475522 131953.2553325759
109570.5538648657 129077.3006418671
106205.2982744776 129077.3006418671
106686.0490731045 131314.1542901962
98833.7860288657 128917.5253812721
112775.5591890448 136426.9626292342
108769.3025338209 129556.6264236519
114698.5623835522 137385.6141928038
105884.7977420597 133710.7831991202
110051.3046634925 131793.4800719810
105724.5474758507 130675.0532478165
116942.0661104776 140261.5688835126

128942.7407800000 108262.2727347278
128781.0030480000 106345.2676942722
128781.0030480000 108422.0231547658
129913.1671720000 110179.2777751836
130074.9049040000 103789.2609736646
129913.1671720000 110498.7786152595
129589.6917080000 101712.5055131709
127972.3143880000 102830.7584534367
129913.1671720000 111936.5323956013
130236.6426360000 108581.7735748038
130560.1181000000 102830.7584534367
129913.1671720000 110339.0281952215
130560.1181000000 102511.2576133608
130236.6426360000 107783.0214746139
129104.4785120000 109220.7752549557
121762.1631901667 121066.8584323906
128672.6094014091 126195.7679387240
129315.4416071061 114335.1647053281
123208.5356529849 123631.3131855573
120637.2068301970 120105.1878999531
132208.1865327424 126195.7679387240
125297.7403215000 121707.9721206823
128029.7771957121 123791.5916076302
121601.4551387424 115777.6705039844
125619.1564243485 114655.7215494740
126422.6966814697 126195.7679387240
127869.0691442879 122509.3642310469
120315.7907273485 120425.7447440989
128029.7771957121 113854.3294391094
120958.6229330455 117380.4547247135
126583.4047328939 122829.9210751927
127065.5288871667 116418.7841922760
120637.2068301970 118181.8468350781
123690.6598072576 122990.1994972656
128994.0255042576 123791.5916076302
129154.7335556818 124913.5405621406
132208.1865327424 125394.3758283594
130601.1060185000 124913.5405621406
122083.5792930152 120746.3015882448
128351.1932985606 125875.2110945781
131404.6462756212 115296.8352377656
125779.8644757727 122028.5289648281
126261.9886300455 123150.4779193385
125940.5725271970 116418.7841922760
126101.2805786212 126676.6032049427
124815.6161672273 116098.2273481302
124976.3242186515 125073.8189842135
126904.8208357424 127477.9953153073
99635.0373599104 128438.1995994874
114858.8126497612 139302.9173199430
102038.7913530448 131154.3790296013
116301.0650456418 137864.9399745886
113897.3110525075 131473.9295507912
108288.5517351940 133231.4574173354
111012.8062607463 132113.0305931709
100596.5389571642 131633.7048113861
105083.5464110149 128757.7501206772
103481.0437489254 133071.6821567405
104923.2961448060 132432.5811143607
98994.0362950746 128438.1995994874
101397.7902882090 129396.8511630570
109089.8030662388 134349.8842415000
101718.2908206269 129876.1769448418
111333.3067931642 137385.6141928038
99955.5378923284 129396.8511630570
114378.0618511343 138344.2657563734
110211.5549297015 135628.0863262595
105404.0469434328 132911.9068961456
113737.0607862985 135947.6368474494
115499.8137145970 134349.8842415000
115179.3131821791 133231.4574173354
114698.5623835522 132911.9068961456
112615.3089228358 130834.8285084114
113897.3110525075 135148.7605444747
108128.3014689851 129716.4016842468
104763.0458785970 133231.4574173354
105564.2972096418 132113.0305931709
115019.0629159701 131953.2553325759
104442.5453461791 131953.2553325759
97551.7838991940 129077.3006418671
112935.8094552537 130355.5027266266
115339.5634483881 136586.7378898291
103801.5442813433 132752.1316355506

130398.3803680000 103789.2609736646
129266.2162440000 106984.2693744241
129913.1671720000 104588.0130738544
130236.6426360000 106664.7685343481
130398.3803680000 102511.2576133608
129913.1671720000 103629.5105536266
128295.7898520000 103150.2592935127
129104.4785120000 109859.7769351076
127648.8389240000 102671.0080333987
130721.8558320000 101712.5055131709
130074.9049040000 105706.2660141203
128781.0030480000 105546.5155940823
129427.9539760000 102351.5071933228
129427.9539760000 111297.5307154494
129266.2162440000 110339.0281952215
130601.1060185000 115777.6705039844
126101.2805786212 116579.0626143490
125940.5725271970 115617.3920819115
124654.9081158030 124753.2621400677
130279.6899156515 115617.3920819115
120797.9148816212 119303.7957895885
129154.7335556818 114335.1647053281
124815.6161672273 122829.9210751927
128029.7771957121 125554.6542504323
125940.5725271970 124432.7052959219
127226.2369385909 115457.1136598385
127226.2369385909 125073.8189842135
124654.9081158030 121707.9721206823
122404.9953958636 120105.1878999531
123851.3678586818 115136.5568156927
124654.9081158030 125234.0974062865
124333.4920129545 123150.4779193385
121922.8712415909 116739.3410364219
128672.6094014091 125234.0974062865
126101.2805786212 125875.2110945781
130761.8140699243 115457.1136598385
125458.4483729242 125073.8189842135
128511.9013499849 115136.5568156927
126261.9886300455 122509.3642310469
126583.4047328939 121387.4152765365
130440.3979670758 114655.7215494740
127708.3610928636 116258.5057702031
124815.6161672273 121227.1368544635
129154.7335556818 126035.4895166510
122404.9953958636 121066.8584323906
121601.4551387424 121066.8584323906
130279.6899156515 115136.5568156927
127065.5288871667 116418.7841922760
106365.5485406866 130994.6037690063
101718.2908206269 129077.3006418671
115980.5645132239 138024.7152351835
108288.5517351940 131953.2553325759
111333.3067931642 134509.6595020950
108128.3014689851 135628.0863262595
105884.7977420597 132272.8058537658
107487.3004041493 130675.0532478165
106205.2982744776 134669.4347626899
107487.3004041493 129556.6264236519
101397.7902882090 129876.1769448418
114858.8126497612 138504.0410169683
112294.8083904179 131314.1542901962
100115.7881585373 128757.7501206772
111493.5570593731 134030.3337203101
114698.5623835522 130994.6037690063
108448.8020014030 133710.7831991202
111173.0565269552 133551.0079385253
109570.5538648657 130515.2779872215
113416.5602538806 130195.7274660316
105404.0469434328 133231.4574173354
112455.0586566269 129077.3006418671
107487.3004041493 134030.3337203101
101077.2897557910 129716.4016842468
106365.5485406866 130675.0532478165
97231.2833667761 128917.5253812721
97872.2844316119 128438.1995994874
109089.8030662388 135947.6368474494
116301.0650456418 137545.3894533987
115179.3131821791 134988.9852838797
108609.0522676119 133231.4574173354
107968.0512027761 131314.1542901962
110211.5549297015 134030.3337203101
113576.8105200896 129077.3006418671
107807.8009365672 131314.1542901962

129427.9539760000 111137.7802954114
128942.7407800000 108741.5239948418
128781.0030480000 108262.2727347278
128781.0030480000 108102.5223146899
128942.7407800000 106824.5189543861
130236.6426360000 101712.5055131709
128457.5275840000 102191.7567732848
127972.3143880000 102671.0080333987
130721.8558320000 102032.0063532468
130236.6426360000 106505.0181143101
128781.0030480000 108422.0231547658
128457.5275840000 105227.0147540063
128295.7898520000 106025.7668541962
129913.1671720000 107623.2710545759
128457.5275840000 107144.0197944620
126261.9886300455 126997.1600490885
131726.0623784697 126195.7679387240
129154.7335556818 125875.2110945781
130761.8140699243 125073.8189842135
123690.6598072576 124272.4268738490
124012.0759101061 123951.8700297031
124012.0759101061 123791.5916076302
129797.5657613788 123791.5916076302
128672.6094014091 123471.0347634844
129476.1496585303 123150.4779193385
128351.1932985606 122829.9210751927
125297.7403215000 122509.3642310469
120476.4987787727 120586.0231661719
119994.3746245000 118822.9605233698
128029.7771957121 116098.2273481302
125458.4483729242 115617.3920819115
128994.0255042576 115617.3920819115
123369.2437044091 115296.8352377656
130279.6899156515 115296.8352377656
128029.7771957121 114976.2783936198
126583.4047328939 114495.4431274010
129958.2738128030 114495.4431274010
127226.2369385909 114014.6078611823
122565.7034472879 122990.1994972656
118869.4182645303 116739.3410364219
122083.5792930152 119303.7957895885
124012.0759101061 116899.6194584948
131404.6462756212 115937.9489260573
127547.6530414394 113854.3294391094
120958.6229330455 121066.8584323906
122244.2873444394 120105.1878999531
124494.2000643788 121707.9721206823
128672.6094014091 124753.2621400677
113897.3110525075 138823.5915381582
115980.5645132239 138823.5915381582
113096.0597214627 137545.3894533987
110852.5559945373 137225.8389322089
111173.0565269552 136906.2884110190
108448.8020014030 135468.3110656645
113897.3110525075 134988.9852838797
107166.7998717313 134509.6595020950
107166.7998717313 134349.8842415000
107647.5506703582 134030.3337203101
111012.8062607463 133870.5584597152
114538.3121173433 133710.7831991202
113576.8105200896 132911.9068961456
105564.2972096418 132752.1316355506
103160.5432165075 132592.3563749557
113256.3099876716 132432.5811143607
105564.2972096418 132272.8058537658
108609.0522676119 131633.7048113861
114698.5623835522 131633.7048113861
103320.7934827164 131154.3790296013
103481.0437489254 130515.2779872215
110852.5559945373 130355.5027266266
106365.5485406866 130195.7274660316
113576.8105200896 130195.7274660316
113576.8105200896 130035.9522054367
109891.0543972836 129876.1769448418
97391.5336329851 129716.4016842468
103801.5442813433 129716.4016842468
113737.0607862985 129396.8511630570
108929.5528000299 129237.0759024620
98353.0352302388 129077.3006418671
101558.0405544179 129077.3006418671
111493.5570593731 128917.5253812721
100596.5389571642 128757.7501206772
101237.5400220000 128597.9748600823

127648.8389240000 103310.0097135506
130721.8558320000 102032.0063532468
128781.0030480000 105546.5155940823
129589.6917080000 105866.0164341582
129427.9539760000 109700.0265150696
129913.1671720000 113214.5357559051
128295.7898520000 104907.5139139304
128781.0030480000 103629.5105536266
129104.4785120000 107303.7702145000
129913.1671720000 110179.2777751836
130074.9049040000 101712.5055131709
130074.9049040000 108901.2744148797
128942.7407800000 102830.7584534367
129913.1671720000 110019.5273551456
129427.9539760000 107463.5206345380
121922.8712415909 115617.3920819115
130440.3979670758 115296.8352377656
124333.4920129545 115136.5568156927
125619.1564243485 116258.5057702031
121762.1631901667 121227.1368544635
129636.8577099546 114335.1647053281
125940.5725271970 122028.5289648281
130440.3979670758 126035.4895166510
126904.8208357424 124592.9837179948
118387.2941102576 117701.0115688594
124494.2000643788 122990.1994972656
128511.9013499849 124753.2621400677
126583.4047328939 114976.2783936198
131243.9382241970 115296.8352377656
121440.7470873182 116418.7841922760
125458.4483729242 124592.9837179948
130279.6899156515 125234.0974062865
129958.2738128030 125714.9326725052
125458.4483729242 114495.4431274010
122404.9953958636 122829.9210751927
128029.7771957121 122349.0858089740
127708.3610928636 114495.4431274010
126101.2805786212 121707.9721206823
127065.5288871667 116579.0626143490
126904.8208357424 126997.1600490885
126261.9886300455 115457.1136598385
127226.2369385909 116258.5057702031
130761.8140699243 114815.9999715469
128511.9013499849 126035.4895166510
130118.9818642273 126035.4895166510
125137.0322700758 121868.2505427552
125940.5725271970 126676.6032049427
120476.4987787727 118342.1252571510
114538.3121173433 137864.9399745886
99154.2865612836 129876.1769448418
116301.0650456418 140101.7936229177
105404.0469434328 130035.9522054367
112294.8083904179 136746.5131504240
105724.5474758507 132272.8058537658
97231.2833667761 128917.5253812721
101397.7902882090 130834.8285084114
100596.5389571642 130355.5027266266
106846.2993393134 130834.8285084114
105884.7977420597 131154.3790296013
106205.2982744776 131793.4800719810
103961.7945475522 132911.9068961456
113897.3110525075 131154.3790296013
107487.3004041493 132272.8058537658
115019.0629159701 136267.1873686392
104763.0458785970 131473.9295507912
113897.3110525075 134669.4347626899
103961.7945475522 131793.4800719810
105404.0469434328 134349.8842415000
106045.0480082687 130195.7274660316
113576.8105200896 138024.7152351835
102679.7924178806 128757.7501206772
113416.5602538806 129077.3006418671
115179.3131821791 134829.2100232848
104122.0448137612 129077.3006418671
107647.5506703582 131154.3790296013
112775.5591890448 131793.4800719810
105564.2972096418 134030.3337203101
100436.2886909552 130035.9522054367
106205.2982744776 131633.7048113861
114698.5623835522 135148.7605444747
115499.8137145970 134349.8842415000
115179.3131821791 135468.3110656645
99474.7870937015 130675.0532478165

129589.6917080000 106185.5172742342
130074.9049040000 103310.0097135506
128134.0521200000 103789.2609736646
130398.3803680000 105227.0147540063
129913.1671720000 113374.2861759430
129913.1671720000 105706.2660141203
129427.9539760000 102511.2576133608
129751.4294400000 110818.2794553354
130074.9049040000 109540.2760950316
129751.4294400000 102990.5088734747
130074.9049040000 107303.7702145000
130721.8558320000 101233.2542530569
128781.0030480000 102032.0063532468
129913.1671720000 112735.2844957911
128781.0030480000 104588.0130738544
119994.3746245000 117701.0115688594
119994.3746245000 117861.2899909323
128190.4852471364 114014.6078611823
124815.6161672273 116739.3410364219
125619.1564243485 115777.6705039844
119190.8343673788 118502.4036792240
127869.0691442879 125073.8189842135
130761.8140699243 115457.1136598385
130440.3979670758 115937.9489260573
121440.7470873182 121066.8584323906
128351.1932985606 122990.1994972656
132368.8945841667 126195.7679387240
127708.3610928636 128760.2226918906
124494.2000643788 121387.4152765365
127226.2369385909 127958.8305815261
127708.3610928636 114174.8862832552
125137.0322700758 125714.9326725052
129958.2738128030 126356.0463607969
119994.3746245000 119303.7957895885
127708.3610928636 124272.4268738490
126583.4047328939 114976.2783936198
126422.6966814697 125234.0974062865
121601.4551387424 115937.9489260573
119994.3746245000 118021.5684130052
124494.2000643788 121707.9721206823
126261.9886300455 115617.3920819115
121119.3309844697 117380.4547247135
124815.6161672273 115136.5568156927
127226.2369385909 114335.1647053281
128994.0255042576 114655.7215494740
124012.0759101061 122669.6426531198
120315.7907273485 118822.9605233698
129636.8577099546 124432.7052959219
105083.5464110149 131314.1542901962
106686.0490731045 132911.9068961456
110211.5549297015 133231.4574173354
112455.0586566269 130035.9522054367
113737.0607862985 137545.3894533987
103000.2929502985 128438.1995994874
115499.8137145970 136906.2884110190
99635.0373599104 130834.8285084114
105724.5474758507 133391.2326779304
108448.8020014030 131793.4800719810
109730.8041310746 135468.3110656645
114057.5613187164 136906.2884110190
97872.2844316119 129396.8511630570
115339.5634483881 136426.9626292342
109730.8041310746 129077.3006418671
107647.5506703582 132592.3563749557
102038.7913530448 132272.8058537658
106686.0490731045 128917.5253812721
104923.2961448060 131793.4800719810
105724.5474758507 128757.7501206772
113737.0607862985 135308.5358050696
112134.5581242090 132113.0305931709
110852.5559945373 136267.1873686392
96430.0320357313 128278.4243388924
108769.3025338209 129876.1769448418
110692.3057283284 130994.6037690063
99474.7870937015 130994.6037690063
115499.8137145970 135947.6368474494
108448.8020014030 132752.1316355506
114538.3121173433 134509.6595020950
99795.2876261194 128438.1995994874
111173.0565269552 130195.7274660316
115339.5634483881 137545.3894533987
99955.5378923284 129077.3006418671
115339.5634483881 139462.6925805380

130074.9049040000 108901.2744148797
130074.9049040000 102351.5071933228
130398.3803680000 103789.2609736646
129589.6917080000 103469.7601335886
128457.5275840000 106345.2676942722
129751.4294400000 110179.2777751836
130398.3803680000 104108.7618137405
130398.3803680000 103629.5105536266
129589.6917080000 108581.7735748038
129913.1671720000 104108.7618137405
129589.6917080000 105386.7651740443
129751.4294400000 103949.0113937025
130398.3803680000 106345.2676942722
128942.7407800000 107783.0214746139
130074.9049040000 105227.0147540063
130279.6899156515 125875.2110945781
119994.3746245000 117861.2899909323
126101.2805786212 114335.1647053281
126101.2805786212 114495.4431274010
119512.2504702273 117380.4547247135
126744.1127843182 126676.6032049427
129315.4416071061 115777.6705039844
129636.8577099546 115777.6705039844
119351.5424188030 116739.3410364219
131083.2301727727 115136.5568156927
127065.5288871667 126356.0463607969
128190.4852471364 114014.6078611823
124815.6161672273 114815.9999715469
128029.7771957121 115457.1136598385
127547.6530414394 123310.7563414115
129315.4416071061 115937.9489260573
127226.2369385909 123791.5916076302
126261.9886300455 127157.4384711615
127708.3610928636 125234.0974062865
126101.2805786212 114815.9999715469
120958.6229330455 121066.8584323906
126101.2805786212 116098.2273481302
130440.3979670758 125554.6542504323
125779.8644757727 126516.3247828698
119994.3746245000 117059.8978805677
125297.7403215000 125394.3758283594
129154.7335556818 123471.0347634844
132368.8945841667 115617.3920819115
124654.9081158030 116258.5057702031
127386.9449900152 122829.9210751927
124654.9081158030 116739.3410364219
127547.6530414394 116418.7841922760
126583.4047328939 127157.4384711615
101718.2908206269 129237.0759024620
113096.0597214627 129876.1769448418
101718.2908206269 131633.7048113861
105404.0469434328 133551.0079385253
115339.5634483881 136267.1873686392
114057.5613187164 136906.2884110190
102038.7913530448 128757.7501206772
110051.3046634925 135148.7605444747
113576.8105200896 129077.3006418671
108448.8020014030 135148.7605444747
108128.3014689851 130355.5027266266
99635.0373599104 128757.7501206772
111333.3067931642 137545.3894533987
113737.0607862985 136426.9626292342
110051.3046634925 132113.0305931709
116140.8147794328 137864.9399745886
102359.2918854627 129716.4016842468
111173.0565269552 130195.7274660316
103481.0437489254 129077.3006418671
111653.8073255821 134988.9852838797
101237.5400220000 129716.4016842468
114538.3121173433 131154.3790296013
115980.5645132239 136107.4121080443
113737.0607862985 131154.3790296013
114378.0618511343 134190.1089809051
113897.3110525075 136586.7378898291
109891.0543972836 134509.6595020950
102679.7924178806 132272.8058537658
110852.5559945373 128917.5253812721
106846.2993393134 129237.0759024620
103801.5442813433 132911.9068961456
104442.5453461791 131314.1542901962
107968.0512027761 130355.5027266266
101237.5400220000 130675.0532478165
115499.8137145970 138184.4904957785

129266.2162440000 102351.5071933228
130074.9049040000 104268.5122337785
130236.6426360000 102830.7584534367
129913.1671720000 103469.7601335886
128134.0521200000 103150.2592935127
129266.2162440000 107463.5206345380
129266.2162440000 103629.5105536266
130074.9049040000 108422.0231547658
130074.9049040000 102511.2576133608
129266.2162440000 101872.2559332089
129104.4785120000 107942.7718946519
130074.9049040000 106185.5172742342
128457.5275840000 103949.0113937025
129913.1671720000 112256.0332356772
129104.4785120000 104907.5139139304
121922.8712415909 116418.7841922760
128511.9013499849 115457.1136598385
128351.1932985606 115136.5568156927
127226.2369385909 125714.9326725052
127869.0691442879 122829.9210751927
125458.4483729242 115617.3920819115
124494.2000643788 122509.3642310469
126583.4047328939 127477.9953153073
120155.0826759242 118822.9605233698
119833.6665730758 117380.4547247135
124012.0759101061 123631.3131855573
130440.3979670758 124272.4268738490
126583.4047328939 124432.7052959219
128833.3174528333 125394.3758283594
122726.4114987121 116739.3410364219
129154.7335556818 116098.2273481302
122887.1195501364 116098.2273481302
122404.9953958636 116098.2273481302
126904.8208357424 124913.5405621406
124815.6161672273 115457.1136598385
119672.9585216515 116579.0626143490
122887.1195501364 120906.5800103177
125779.8644757727 116739.3410364219
121440.7470873182 119303.7957895885
131083.2301727727 114976.2783936198
128994.0255042576 123951.8700297031
127386.9449900152 116418.7841922760
128994.0255042576 115937.9489260573
128833.3174528333 126356.0463607969
124654.9081158030 123150.4779193385
127386.9449900152 114495.4431274010
125940.5725271970 122188.8073869010
120958.6229330455 118662.6821012969
105243.7966772239 128757.7501206772
115019.0629159701 137864.9399745886
113897.3110525075 137545.3894533987
114378.0618511343 131793.4800719810
105564.2972096418 129237.0759024620
111974.3078580000 133071.6821567405
112134.5581242090 129077.3006418671
111653.8073255821 131633.7048113861
103961.7945475522 132113.0305931709
100917.0394895821 130515.2779872215
112775.5591890448 132432.5811143607
112935.8094552537 130675.0532478165
109250.0533324478 134669.4347626899
110211.5549297015 129716.4016842468
100276.0384247463 128917.5253812721
108929.5528000299 135308.5358050696
104763.0458785970 133071.6821567405
111333.3067931642 129556.6264236519
111333.3067931642 133391.2326779304
108929.5528000299 130035.9522054367
111173.0565269552 132272.8058537658
105884.7977420597 129396.8511630570
110051.3046634925 135947.6368474494
105564.2972096418 131633.7048113861
99314.5368274925 130994.6037690063
113096.0597214627 136267.1873686392
99314.5368274925 130195.7274660316
107166.7998717313 130355.5027266266
114538.3121173433 138504.0410169683
106045.0480082687 132911.9068961456
105724.5474758507 130994.6037690063
111653.8073255821 135148.7605444747
114538.3121173433 134669.4347626899
109891.0543972836 134988.9852838797
100917.0394895821 129556.6264236519

128134.0521200000 102990.5088734747
129751.4294400000 101552.7550931329
130074.9049040000 110498.7786152595
128295.7898520000 106505.0181143101
129104.4785120000 109540.2760950316
128619.2653160000 105546.5155940823
129913.1671720000 108901.2744148797
128619.2653160000 105386.7651740443
129427.9539760000 110179.2777751836
128457.5275840000 103789.2609736646
127487.1011920000 102671.0080333987
128134.0521200000 105706.2660141203
130236.6426360000 102830.7584534367
129104.4785120000 106185.5172742342
129104.4785120000 102830.7584534367
127708.3610928636 128599.9442698177
126261.9886300455 126676.6032049427
124012.0759101061 116418.7841922760
130761.8140699243 125234.0974062865
132208.1865327424 125554.6542504323
121119.3309844697 116418.7841922760
127065.5288871667 123791.5916076302
130118.9818642273 115457.1136598385
126583.4047328939 126676.6032049427
117744.4619045606 117220.1763026406
127065.5288871667 123471.0347634844
129958.2738128030 114976.2783936198
119994.3746245000 118983.2389454427
129476.1496585303 115937.9489260573
126744.1127843182 127638.2737373802
126422.6966814697 115777.6705039844
125940.5725271970 116418.7841922760
122083.5792930152 120746.3015882448
126101.2805786212 125234.0974062865
122565.7034472879 121066.8584323906
121440.7470873182 118662.6821012969
127547.6530414394 116098.2273481302
119994.3746245000 117701.0115688594
126583.4047328939 121387.4152765365
122404.9953958636 122829.9210751927
125619.1564243485 125875.2110945781
119351.5424188030 118342.1252571510
124172.7839615303 115136.5568156927
128351.1932985606 123791.5916076302
132047.4784813182 115457.1136598385
120476.4987787727 117380.4547247135
122565.7034472879 119303.7957895885
126261.9886300455 122829.9210751927
110211.5549297015 131793.4800719810
108288.5517351940 134349.8842415000
105884.7977420597 133071.6821567405
110211.5549297015 130994.6037690063
102359.2918854627 132432.5811143607
113576.8105200896 136426.9626292342
105404.0469434328 132592.3563749557
115499.8137145970 135148.7605444747
115339.5634483881 137705.1647139937
110692.3057283284 136267.1873686392
100596.5389571642 128597.9748600823
108769.3025338209 133870.5584597152
105083.5464110149 132911.9068961456
103961.7945475522 131793.4800719810
114057.5613187164 129396.8511630570
103641.2940151343 128917.5253812721
99635.0373599104 129237.0759024620
115499.8137145970 138184.4904957785
115980.5645132239 136107.4121080443
98192.7849640299 130195.7274660316
102679.7924178806 131314.1542901962
114057.5613187164 131473.9295507912
113897.3110525075 134030.3337203101
114378.0618511343 138024.7152351835
113096.0597214627 129077.3006418671
110532.0554621194 133710.7831991202
100276.0384247463 130355.5027266266
113416.5602538806 137545.3894533987
114698.5623835522 133710.7831991202
107166.7998717313 129876.1769448418
111653.8073255821 132592.3563749557
108929.5528000299 130195.7274660316
109250.0533324478 134669.4347626899
112134.5581242090 137864.9399745886
110532.0554621194 135787.8615868544

128134.0521200000 103949.0113937025
129104.4785120000 108741.5239948418
129104.4785120000 102191.7567732848
129427.9539760000 107144.0197944620
129104.4785120000 109380.5256749937
129266.2162440000 107783.0214746139
129104.4785120000 105386.7651740443
129751.4294400000 111776.7819755633
129589.6917080000 108102.5223146899
129266.2162440000 103310.0097135506
128134.0521200000 104428.2626538164
129589.6917080000 104747.7634938924
129589.6917080000 105866.0164341582
129589.6917080000 106345.2676942722
128619.2653160000 103150.2592935127
126904.8208357424 124753.2621400677
125779.8644757727 114495.4431274010
128672.6094014091 123631.3131855573
124976.3242186515 124432.7052959219
121762.1631901667 115777.6705039844
118869.4182645303 117701.0115688594
119190.8343673788 118662.6821012969
118548.0021616818 117380.4547247135
128029.7771957121 122669.6426531198
126583.4047328939 122349.0858089740
126261.9886300455 125394.3758283594
120797.9148816212 120265.4663220261
121119.3309844697 117059.8978805677
131565.3543270454 125394.3758283594
126101.2805786212 121387.4152765365
124494.2000643788 115296.8352377656
125458.4483729242 122669.6426531198
129154.7335556818 126356.0463607969
121280.0390358939 121227.1368544635
128029.7771957121 123150.4779193385
129315.4416071061 115136.5568156927
119994.3746245000 116258.5057702031
120958.6229330455 116739.3410364219
124815.6161672273 114655.7215494740
127708.3610928636 114174.8862832552
131404.6462756212 125875.2110945781
125779.8644757727 116739.3410364219
125297.7403215000 120746.3015882448
132047.4784813182 115617.3920819115
124012.0759101061 121707.9721206823
128672.6094014091 114495.4431274010
119351.5424188030 119143.5173675156
126101.2805786212 124592.9837179948
111974.3078580000 129876.1769448418
107166.7998717313 133870.5584597152
102519.5421516716 129077.3006418671
101077.2897557910 130834.8285084114
102038.7913530448 131633.7048113861
108769.3025338209 131473.9295507912
111012.8062607463 137385.6141928038
113576.8105200896 130515.2779872215
111814.0575917911 135947.6368474494
109250.0533324478 135628.0863262595
109410.3035986567 135787.8615868544
115179.3131821791 134030.3337203101
108448.8020014030 131953.2553325759
107327.0501379403 130994.6037690063
98192.7849640299 128917.5253812721
98994.0362950746 129876.1769448418
115499.8137145970 136267.1873686392
111814.0575917911 133231.4574173354
99154.2865612836 131154.3790296013
103481.0437489254 132272.8058537658
97712.0341654030 129237.0759024620
107487.3004041493 134669.4347626899
107647.5506703582 130195.7274660316
105724.5474758507 133231.4574173354
99955.5378923284 129077.3006418671
114217.8115849254 132592.3563749557
112615.3089228358 138184.4904957785
106686.0490731045 132911.9068961456
109570.5538648657 134988.9852838797
114057.5613187164 136906.2884110190
107006.5496055224 133710.7831991202
112294.8083904179 132752.1316355506
109410.3035986567 135308.5358050696
110371.8051959104 134669.4347626899
115019.0629159701 138504.0410169683

129913.1671720000 111457.2811354873
129427.9539760000 111137.7802954114
128781.0030480000 107463.5206345380
129266.2162440000 104907.5139139304
130236.6426360000 104108.7618137405
130560.1181000000 103629.5105536266
129427.9539760000 102830.7584534367
129104.4785120000 101872.2559332089
128457.5275840000 107144.0197944620
129427.9539760000 102351.5071933228
130236.6426360000 101233.2542530569
128295.7898520000 106025.7668541962
129266.2162440000 109220.7752549557
129266.2162440000 105546.5155940823
130236.6426360000 106505.0181143101
127386.9449900152 128439.6658477448
126744.1127843182 126035.4895166510
129636.8577099546 126035.4895166510
131726.0623784697 125875.2110945781
129154.7335556818 125394.3758283594
130922.5221213485 125073.8189842135
126904.8208357424 124112.1484517760
124012.0759101061 123471.0347634844
129636.8577099546 123471.0347634844
122887.1195501364 123150.4779193385
120958.6229330455 121066.8584323906
119672.9585216515 119624.3526337344
122083.5792930152 119303.7957895885
119994.3746245000 118983.2389454427
117744.4619045606 117540.7331467865
125779.8644757727 116579.0626143490
122083.5792930152 116418.7841922760
123690.6598072576 116098.2273481302
125940.5725271970 115937.9489260573
126583.4047328939 115617.3920819115
132529.6026355909 115617.3920819115
132047.4784813182 115296.8352377656
129636.8577099546 114815.9999715469
125619.1564243485 114495.4431274010
127547.6530414394 114174.8862832552
120637.2068301970 118181.8468350781
127708.3610928636 124753.2621400677
129154.7335556818 123310.7563414115
124815.6161672273 114655.7215494740
125297.7403215000 121227.1368544635
127386.9449900152 123631.3131855573
123690.6598072576 124272.4268738490
120155.0826759242 118822.9605233698
116621.5655780597 140101.7936229177
115980.5645132239 138823.5915381582
116140.8147794328 138504.0410169683
114538.3121173433 137864.9399745886
113737.0607862985 137385.6141928038
115820.3142470149 136746.5131504240
110371.8051959104 135787.8615868544
112294.8083904179 135787.8615868544
107327.0501379403 134988.9852838797
113897.3110525075 134988.9852838797
107327.0501379403 134829.2100232848
107006.5496055224 134509.6595020950
111173.0565269552 134349.8842415000
105884.7977420597 134190.1089809051
113416.5602538806 134190.1089809051
107968.0512027761 133710.7831991202
108288.5517351940 133231.4574173354
103160.5432165075 132592.3563749557
102840.0426840895 132113.0305931709
110211.5549297015 131953.2553325759
107968.0512027761 131793.4800719810
99955.5378923284 131473.9295507912
99154.2865612836 130834.8285084114
108609.0522676119 130834.8285084114
103481.0437489254 130515.2779872215
108929.5528000299 130515.2779872215
107647.5506703582 130355.5027266266
101077.2897557910 130195.7274660316
107006.5496055224 130035.9522054367
97872.2844316119 129876.1769448418
103801.5442813433 129716.4016842468
107647.5506703582 129716.4016842468
113737.0607862985 129396.8511630570
100436.2886909552 129237.0759024620
101558.0405544179 128757.7501206772

129913.1671720000 111457.2811354873
129427.9539760000 111137.7802954114
130074.9049040000 110179.2777751836
129266.2162440000 109220.7752549557
128295.7898520000 105866.0164341582
129427.9539760000 104747.7634938924
130560.1181000000 104268.5122337785
130560.1181000000 103629.5105536266
128295.7898520000 103310.0097135506
128781.0030480000 105386.7651740443
130721.8558320000 102032.0063532468
128781.0030480000 108262.2727347278
128942.7407800000 106824.5189543861
128457.5275840000 107144.0197944620
127810.5766560000 102830.7584534367
127386.9449900152 128439.6658477448
126744.1127843182 126035.4895166510
127869.0691442879 124913.5405621406
128351.1932985606 124112.1484517760
129476.1496585303 123471.0347634844
129797.5657613788 123471.0347634844
123047.8276015606 123150.4779193385
125458.4483729242 122829.9210751927
128351.1932985606 122829.9210751927
124494.2000643788 122349.0858089740
125297.7403215000 122028.5289648281
126261.9886300455 121387.4152765365
120958.6229330455 121066.8584323906
122244.2873444394 119303.7957895885
117744.4619045606 117540.7331467865
122887.1195501364 116899.6194584948
122726.4114987121 116258.5057702031
125940.5725271970 115937.9489260573
123529.9517558333 115777.6705039844
126583.4047328939 115617.3920819115
123369.2437044091 115296.8352377656
132047.4784813182 115296.8352377656
128511.9013499849 115136.5568156927
125940.5725271970 114815.9999715469
119672.9585216515 119464.0742116614
127226.2369385909 114495.4431274010
127547.6530414394 114174.8862832552
126101.2805786212 116258.5057702031
123208.5356529849 115777.6705039844
132690.3106870152 126195.7679387240
131404.6462756212 125394.3758283594
119030.1263159546 118822.9605233698
124976.3242186515 123471.0347634844
113897.3110525075 138823.5915381582
114057.5613187164 138504.0410169683
113576.8105200896 138184.4904957785
113416.5602538806 137705.1647139937
111173.0565269552 136746.5131504240
114698.5623835522 136746.5131504240
111974.3078580000 136426.9626292342
112775.5591890448 136107.4121080443
114378.0618511343 135148.7605444747
107327.0501379403 134988.9852838797
107327.0501379403 134829.2100232848
107006.5496055224 134509.6595020950
108128.3014689851 134349.8842415000
113416.5602538806 134190.1089809051
114538.3121173433 134030.3337203101
104442.5453461791 133710.7831991202
109891.0543972836 133710.7831991202
113897.3110525075 133391.2326779304
114698.5623835522 132911.9068961456
111173.0565269552 132272.8058537658
102840.0426840895 132113.0305931709
100596.5389571642 131633.7048113861
104602.7956123881 131314.1542901962
113737.0607862985 130994.6037690063
99154.2865612836 130834.8285084114
107647.5506703582 130355.5027266266
105884.7977420597 130035.9522054367
97872.2844316119 129876.1769448418
100917.0394895821 129237.0759024620
106846.2993393134 129237.0759024620
100756.7892233731 128757.7501206772
104923.2961448060 128757.7501206772
107807.8009365672 128757.7501206772
98994.0362950746 128597.9748600823
105564.2972096418 132752.1316355506

130236.6426360000 106505.0181143101
128942.7407800000 104907.5139139304
129427.9539760000 102830.7584534367
130721.8558320000 102032.0063532468
128295.7898520000 106025.7668541962
128942.7407800000 106824.5189543861
128781.0030480000 105386.7651740443
129427.9539760000 110818.2794553354
129427.9539760000 102351.5071933228
129589.6917080000 112096.2828156392
128781.0030480000 108262.2727347278
128781.0030480000 108102.5223146899
128781.0030480000 107463.5206345380
128295.7898520000 103310.0097135506
129266.2162440000 105546.5155940823
126904.8208357424 127477.9953153073
126101.2805786212 126516.3247828698
131083.2301727727 125394.3758283594
126744.1127843182 125073.8189842135
127708.3610928636 124753.2621400677
130440.3979670758 124592.9837179948
128029.7771957121 123791.5916076302
127226.2369385909 123471.0347634844
127226.2369385909 122829.9210751927
126101.2805786212 122349.0858089740
125458.4483729242 121707.9721206823
125297.7403215000 121227.1368544635
120797.9148816212 120746.3015882448
122083.5792930152 119303.7957895885
121762.1631901667 116418.7841922760
123529.9517558333 115777.6705039844
127708.3610928636 115777.6705039844
131726.0623784697 115617.3920819115
123369.2437044091 115296.8352377656
128511.9013499849 115136.5568156927
125940.5725271970 114815.9999715469
126583.4047328939 115617.3920819115
126583.4047328939 122829.9210751927
129154.7335556818 125875.2110945781
123690.6598072576 124272.4268738490
127708.3610928636 114495.4431274010
121280.0390358939 118662.6821012969
120637.2068301970 118181.8468350781
132529.6026355909 115617.3920819115
125458.4483729242 115296.8352377656
126904.8208357424 116098.2273481302
120797.9148816212 120906.5800103177
127547.6530414394 113854.3294391094
116621.5655780597 139782.2431017278
115019.0629159701 139302.9173199430
113897.3110525075 138823.5915381582
115980.5645132239 138823.5915381582
114057.5613187164 138504.0410169683
114538.3121173433 137864.9399745886
115019.0629159701 137545.3894533987
110852.5559945373 137225.8389322089
115980.5645132239 137225.8389322089
111173.0565269552 136746.5131504240
110371.8051959104 135787.8615868544
110211.5549297015 135308.5358050696
108128.3014689851 134829.2100232848
112615.3089228358 134669.4347626899
110371.8051959104 134190.1089809051
113416.5602538806 134190.1089809051
114057.5613187164 133710.7831991202
113897.3110525075 133391.2326779304
106045.0480082687 132911.9068961456
111173.0565269552 132911.9068961456
108128.3014689851 132113.0305931709
114378.0618511343 131953.2553325759
107968.0512027761 131793.4800719810
99955.5378923284 131473.9295507912
103160.5432165075 131473.9295507912
102199.0416192537 131154.3790296013
103320.7934827164 131154.3790296013
114858.8126497612 131154.3790296013
99154.2865612836 130834.8285084114
108288.5517351940 130195.7274660316
97712.0341654030 130035.9522054367
97872.2844316119 129716.4016842468
98513.2854964478 129237.0759024620
105884.7977420597 129077.3006418671
113416.5602538806 129077.3006418671

129913.1671720000 111457.2811354873
130074.9049040000 107303.7702145000
128457.5275840000 107144.0197944620
128942.7407800000 106824.5189543861
128295.7898520000 103310.0097135506
128781.0030480000 102990.5088734747
128295.7898520000 102351.5071933228
128781.0030480000 107463.5206345380
128134.0521200000 106025.7668541962
127972.3143880000 104268.5122337785
129751.4294400000 107303.7702145000
130560.1181000000 103629.5105536266
130721.8558320000 102032.0063532468
128781.0030480000 105386.7651740443
130236.6426360000 105067.2643339683
129636.8577099546 126035.4895166510
132529.6026355909 126035.4895166510
131243.9382241970 125554.6542504323
131083.2301727727 125234.0974062865
129636.8577099546 124913.5405621406
130279.6899156515 124432.7052959219
130279.6899156515 123791.5916076302
127386.9449900152 122829.9210751927
125779.8644757727 122509.3642310469
127708.3610928636 122509.3642310469
120797.9148816212 120906.5800103177
120155.0826759242 120265.4663220261
120315.7907273485 119944.9094778802
122083.5792930152 119303.7957895885
120155.0826759242 118822.9605233698
120958.6229330455 117380.4547247135
124654.9081158030 116579.0626143490
120637.2068301970 116098.2273481302
123047.8276015606 115937.9489260573
124172.7839615303 114976.2783936198
120797.9148816212 120746.3015882448
131404.6462756212 115937.9489260573
130761.8140699243 114815.9999715469
124976.3242186515 123471.0347634844
119672.9585216515 116899.6194584948
119672.9585216515 119624.3526337344
120155.0826759242 117861.2899909323
123690.6598072576 116899.6194584948
126904.8208357424 127477.9953153073
126904.8208357424 114335.1647053281
129476.1496585303 125714.9326725052
125940.5725271970 114815.9999715469
130279.6899156515 115617.3920819115
115019.0629159701 139302.9173199430
114057.5613187164 138504.0410169683
116140.8147794328 138504.0410169683
114538.3121173433 138184.4904957785
115019.0629159701 137864.9399745886
113096.0597214627 137545.3894533987
110852.5559945373 137225.8389322089
115019.0629159701 137066.0636716139
113576.8105200896 136746.5131504240
110371.8051959104 136586.7378898291
110532.0554621194 136107.4121080443
111974.3078580000 135787.8615868544
111012.8062607463 135308.5358050696
107006.5496055224 134829.2100232848
107166.7998717313 134509.6595020950
113096.0597214627 134509.6595020950
107647.5506703582 134030.3337203101
105564.2972096418 133391.2326779304
109891.0543972836 133231.4574173354
106045.0480082687 133071.6821567405
107968.0512027761 133071.6821567405
106045.0480082687 132911.9068961456
110051.3046634925 132113.0305931709
114057.5613187164 132113.0305931709
107968.0512027761 131793.4800719810
108929.5528000299 131633.7048113861
100115.7881585373 131154.3790296013
104602.7956123881 130834.8285084114
103481.0437489254 130515.2779872215
113897.3110525075 130515.2779872215
107647.5506703582 130355.5027266266
98994.0362950746 130195.7274660316
103801.5442813433 129876.1769448418
110371.8051959104 129876.1769448418
97872.2844316119 129716.4016842468

130236.6426360000 103789.2609736646
129266.2162440000 101872.2559332089
128457.5275840000 102191.7567732848
128295.7898520000 105866.0164341582
129427.9539760000 111137.7802954114
128457.5275840000 105386.7651740443
130074.9049040000 108901.2744148797
130398.3803680000 106664.7685343481
127810.5766560000 103150.2592935127
128457.5275840000 104588.0130738544
129266.2162440000 104907.5139139304
129589.6917080000 108102.5223146899
127972.3143880000 103469.7601335886
129266.2162440000 110498.7786152595
129589.6917080000 111617.0315555253
132529.6026355909 126195.7679387240
131243.9382241970 126035.4895166510
128351.1932985606 125875.2110945781
124976.3242186515 125714.9326725052
130761.8140699243 125714.9326725052
127226.2369385909 124592.9837179948
125297.7403215000 123951.8700297031
121601.4551387424 121707.9721206823
119672.9585216515 118502.4036792240
120958.6229330455 117380.4547247135
119833.6665730758 116418.7841922760
125619.1564243485 116098.2273481302
123690.6598072576 115777.6705039844
123047.8276015606 115296.8352377656
128190.4852471364 114815.9999715469
125779.8644757727 125875.2110945781
124494.2000643788 114976.2783936198
127226.2369385909 116418.7841922760
128511.9013499849 115457.1136598385
131243.9382241970 115136.5568156927
123529.9517558333 115777.6705039844
123047.8276015606 119784.6310558073
127869.0691442879 113854.3294391094
129476.1496585303 125234.0974062865
127708.3610928636 122509.3642310469
118065.8780074091 117701.0115688594
126101.2805786212 116098.2273481302
127226.2369385909 122028.5289648281
119190.8343673788 118983.2389454427
122565.7034472879 120906.5800103177
127386.9449900152 127638.2737373802
126583.4047328939 122829.9210751927
118869.4182645303 116899.6194584948
115820.3142470149 138823.5915381582
113576.8105200896 138504.0410169683
115019.0629159701 138184.4904957785
114378.0618511343 137385.6141928038
111814.0575917911 137066.0636716139
114538.3121173433 136746.5131504240
108769.3025338209 135787.8615868544
110371.8051959104 135787.8615868544
107647.5506703582 135308.5358050696
109250.0533324478 134988.9852838797
106846.2993393134 134829.2100232848
112455.0586566269 134349.8842415000
108288.5517351940 133710.7831991202
107006.5496055224 133391.2326779304
110532.0554621194 133391.2326779304
106205.2982744776 133071.6821567405
107327.0501379403 132911.9068961456
105724.5474758507 132752.1316355506
109250.0533324478 132272.8058537658
111333.3067931642 132272.8058537658
102840.0426840895 132113.0305931709
109089.8030662388 131953.2553325759
103481.0437489254 131793.4800719810
109570.5538648657 131633.7048113861
105083.5464110149 130834.8285084114
110692.3057283284 130675.0532478165
100756.7892233731 130515.2779872215
114217.8115849254 130515.2779872215
98673.5357626567 130355.5027266266
102359.2918854627 130035.9522054367
105083.5464110149 129556.6264236519
112615.3089228358 129237.0759024620
107327.0501379403 128757.7501206772
97551.7838991940 128438.1995994874
102199.0416192537 128438.1995994874

