704697361.8846410513 426415.5593414307
719197617.9697868824 441814.3400115967
695265374.3357548714 398848.4350242615
716616244.1545257568 439798.4432525635
697417525.2411216497 416750.0699768066
693196848.4366464615 367584.1745681763
695555150.8633308411 402624.0750350952
696727109.1680938005 406846.5643386841
697227561.7896783352 408088.5934600830
708543090.3274195194 439235.0104713440
717271686.7157613039 441244.8788909912
706426075.1346061230 427006.8681488037
703672167.9351670742 425339.9019165039
695166833.9580194950 398515.7908096313
701891566.8433139324 424992.5224761963
699284619.7754631042 420097.7683715820
694932938.3258196115 396506.6581802368
