371952530.6091187000 111934.2346382141
376415979.5493106842 137490.9326782227
378129076.0944146514 139185.3562698364
376121053.4132864475 136052.7995910645
379906080.3782589436 139645.0740661621
386082482.4296820164 142896.6980133057
373512837.9630913138 126611.5191993713
375421194.0207794905 135610.4763755798
390276234.5517700315 143044.6564102173
374134372.4726180434 135356.4126129150
373624289.5106930137 132260.8797149658
379075865.6530116796 139481.2117843628
380167310.6003033519 139951.2842102051
377516510.4626460671 138367.7538146973
380975993.8562767506 140829.2106285095
381854820.2262628675 141914.7308044434
374100126.1081389189 133595.6976051331
