1295689216.7343935966 3022231.3493652344
1296014274.7232384682 3023762.0791015625
1312519302.1578383446 3092951.8703460693
1316778464.9310219288 3131173.7029418945
1311283123.1155569553 3085535.9616546631
1294069380.7786831856 3013091.8686256409
1310158857.0003359318 3081524.8283081055
1312262459.9287047386 3088330.6147460938
1304140152.3615901470 3058476.2958068848
1312815019.2363028526 3110172.5057983398
1284629166.0768210888 2995325.5212402344
1303360471.1699023247 3056642.4078674316
1302006000.8671364784 3045552.8470153809
1302345517.5460717678 3051530.1974487305
1304219684.8130888939 3065608.4593963623
1298923704.1256108284 3043209.8759002686
1305962401.2574846745 3072440.4720001221
