670528579.3076444864 81200.6119804382
665329300.3994873762 78150.1970453262
668897940.5677719116 79868.9267845154
665231600.8405693769 62452.4104626179
667757395.6084870100 78410.3224334717
668248025.8274616003 79772.6267547607
687054586.3051165342 83386.4064874649
667820165.8980182409 78643.9343357086
669629327.7473040819 80005.7470111847
682760429.3834286928 82952.0491514206
686645564.0239098072 83090.2362804413
689881359.2700362206 83471.3996543884
677164222.2700741291 81670.4575386047
677740541.0078541040 82775.5488033295
680074485.2663232088 82946.8787913322
667489616.5481153727 78391.4954128265
670671431.6934642792 81556.2003922462
670070699.9018635750 80370.0025017262
