1599898362.4649579525 39948895.0507812500
1639182128.4045865536 40214974.8632812500
1609148594.5553996563 40139692.9570312500
1599802031.9848821163 39929534.7109375000
1641861134.2247891426 40227070.7460937500
1611259343.6370356083 40152183.1250000000
1601043003.3223209381 40033173.5429687500
1600967498.9942460060 39950641.1093750000
1613392535.0159816742 40161510.0078125000
1614813202.3290820122 40205132.7148437500
1608672192.8518731594 40106678.9414062500
1603665307.9101417065 40063002.7265625000
1596314140.4330625534 39897063.7890625000
1602732932.9580476284 40046313.4687500000
1603935655.6334547997 40093309.0195312500
1599864678.5049102306 39930032.8125000000
1608630987.7562892437 40104185.6445312500
