383656870.9283059835 7389940.7597656250
372503299.9473997355 7303160.0585937500
382196278.1033868790 7370157.6914062500
388365928.9129011035 7392001.5371093750
377495947.9747921228 7357723.0253906250
382709321.3760250807 7373325.0898437500
375635222.3937644958 7331240.4492187500
373647546.7820286155 7315577.7851562500
380267271.7337511778 7369273.1171875000
378288226.0795172453 7359909.5312500000
394445550.9006129503 7394859.8691406250
375981630.3108347058 7340904.4277343750
390199862.0199052095 7392543.8691406250
377308292.7279874682 7342246.6914062500
379483723.7295607328 7364592.3593750000
