1172726941.9715342522 2783998.3822174072
1138815105.0439343452 2539863.7158508301
1142363382.4046857357 2568847.4368286133
1155341572.0014042854 2711605.3294372559
1165135371.4991154671 2758174.4688110352
1161441880.2804725170 2747654.7525634766
1156573924.0016162395 2713435.1952209473
1139865897.8211824894 2565129.5391540527
1138812978.0528950691 2137024.9452667236
1141432412.5113008022 2566256.4077758789
1142779002.6836946011 2636314.0062866211
1151853177.0753505230 2711045.0988616943
1155773164.2647376060 2713260.8192138672
1158707584.4976766109 2738641.5892944336
1158074531.8429427147 2725229.3259277344
1146698038.6466829777 2676301.2799377441
1143651597.6921246052 2652723.8381958008
1153394876.6375977993 2711298.0404663086
1146735013.7723996639 2693011.6114501953
