1257125256.2131597996 39410.2680008411
1286345178.2316610813 41272.8794577122
1258952397.3461101055 39557.4726229906
1267056785.3772056103 40250.5122518539
1267122573.0640709400 40525.0033850670
1287078519.8398046494 41695.2303018570
1285868279.4409232140 41218.5988578796
1261284273.3644833565 40102.0128040314
1253806322.8917224407 38124.3957939148
1255597986.7409780025 39362.6725070477
1260214327.1366903782 39930.1727085114
1264403661.7772333622 40249.9867534637
1253173186.3195126057 30828.3614121675
1275974929.7066013813 40927.0503940582
1254264143.3076295853 38611.1326441765
1279725248.9107046127 41014.0189857483
1279982551.2179675102 41070.9710333347
1276213283.2394189835 41005.1262112558
1271134134.5397584438 40759.4549611807
1269582755.3273556232 40651.8981261253
