129060.7592520652 141936.4233170041
134520.2054293696 116670.9029129710
137089.3565716304 120988.4285516348
134359.6334829782 116031.2694850207
133075.0579118478 130582.9299708880
128900.1873056739 142256.2400309793
136125.9248932826 124506.4124053610
132753.9140190652 124506.4124053610
129703.0470376304 143055.7818159170
131951.0542871087 131702.2884698008
134359.6334829782 114592.0942721328
130345.3348231957 141616.6066030291
130827.0506623696 140177.4313901411
133877.9176438044 125146.0458333112
129703.0470376304 137299.0809643652
139337.3638211087 115711.4527710456
128579.0434128913 143055.7818159170
136928.7846252391 122747.4204784979
134520.2054293696 112993.0107022573
134359.6334829782 122747.4204784979
135483.6371077174 124826.2291193361
135483.6371077174 125146.0458333112
129381.9031448478 139537.7979621908
132432.7701262826 123706.8706204232
132593.3420726739 128024.3962590871
133075.0579118478 137938.7143923154
128900.1873056739 143855.3236008548
136286.4968396739 125785.6792612614
138855.6479819348 117150.6279839336
135001.9212685435 113312.8274162324
133075.0579118478 119709.1616957344
128418.4714665000 145134.5904567552
129060.7592520652 139857.6146761660
132753.9140190652 124026.6873343983
133717.3456974131 126265.4043322241
127133.8958953696 146413.8573126556
133075.0579118478 132022.1051837759
132914.4859654565 130742.8383278755
129060.7592520652 141456.6982460415
132593.3420726739 137139.1726073776
132111.6262335000 129783.3881859502
134680.7773757609 118589.8031968216
129703.0470376304 142735.9651019419
132914.4859654565 130103.2048999253
130184.7628768044 140976.9731750789
134038.4895901956 123546.9622634357
135483.6371077174 127384.7628311369
133396.2018046304 128024.3962590871
133235.6298582391 126745.1294031867

129542.4750912391 142256.2400309793
133235.6298582391 135859.9057514772
132272.1981798913 134900.4556095519
131629.9103943261 126425.3126892116
132111.6262335000 129943.2965429378
131308.7665015435 129943.2965429378
139497.9357675000 116191.1778420083
128900.1873056739 139377.8896052033
128579.0434128913 141136.8815320664
136286.4968396739 124346.5040483734
135162.4932149348 110114.6602764813
129221.3311984565 139697.7063191785
132593.3420726739 129623.4798289627
132111.6262335000 124986.1374763237
134680.7773757609 118589.8031968216
129060.7592520652 140976.9731750789
135483.6371077174 128983.8464010125
132593.3420726739 127224.8544741494
131790.4823407174 127864.4879020996
133235.6298582391 128504.1213300498
133556.7737510217 126905.0377601743
132753.9140190652 130423.0216139004
130024.1909304131 141776.5149600166
128579.0434128913 144974.6820997676
128257.8995201087 144494.9570288050
132111.6262335000 131382.4717558257
130827.0506623696 130742.8383278755
133877.9176438044 116670.9029129710
135644.2090541087 124666.3207623486
128418.4714665000 144335.0486718174
137249.9285180217 123706.8706204232
134359.6334829782 124666.3207623486
134520.2054293696 123227.1455494606
129863.6189840217 142256.2400309793
134520.2054293696 121148.3369086224
134199.0615365870 118589.8031968216
136768.2126788478 124666.3207623486
132593.3420726739 133301.3720396763
136447.0687860652 124986.1374763237
139016.2199283261 116830.8112699585
128418.4714665000 140177.4313901411
134199.0615365870 124026.6873343983
131148.1945551522 128344.2129730622
128739.6153592826 144494.9570288050
132432.7701262826 125945.5876182490
134520.2054293696 119229.4366247718
135001.9212685435 129783.3881859502
129381.9031448478 141456.6982460415
132914.4859654565 136499.5391794274

129703.0470376304 143055.7818159170
137089.3565716304 121308.2452656099
129703.0470376304 137938.7143923154
128900.1873056739 141136.8815320664
134199.0615365870 117310.5363409212
133075.0579118478 129143.7547580000
132272.1981798913 139697.7063191785
130827.0506623696 140177.4313901411
131951.0542871087 132501.8302547386
133396.2018046304 129623.4798289627
134359.6334829782 119709.1616957344
131951.0542871087 125625.7709042739
137249.9285180217 122107.7870505477
130184.7628768044 141456.6982460415
135804.7810005000 124666.3207623486
133556.7737510217 128823.9380440249
133075.0579118478 126585.2210461992
129863.6189840217 138898.1645342406
132914.4859654565 138418.4394632780
129060.7592520652 140017.5230331535
133075.0579118478 126745.1294031867
128097.3275737174 145454.4071707303
132753.9140190652 134740.5472525643
131951.0542871087 130263.1132569129
131469.3384479348 140817.0648180913
134359.6334829782 125945.5876182490
131629.9103943261 140497.2481041162
133075.0579118478 124506.4124053610
136447.0687860652 123227.1455494606
132593.3420726739 124826.2291193361
136447.0687860652 126745.1294031867
133556.7737510217 133301.3720396763
140461.3674458478 113632.6441302075
133717.3456974131 130902.7466848631
133717.3456974131 124506.4124053610
134520.2054293696 113472.7357732199
133717.3456974131 126265.4043322241
139497.9357675000 115231.7277000830
134199.0615365870 122587.5121215104
137410.5004644131 121787.9703365726
133396.2018046304 128344.2129730622
133235.6298582391 124346.5040483734
130827.0506623696 133461.2803966639
132914.4859654565 135699.9973944896
133396.2018046304 120668.6118376597
130024.1909304131 142256.2400309793
133877.9176438044 116670.9029129710
132593.3420726739 130103.2048999253
131469.3384479348 130902.7466848631

132432.7701262826 132341.9218977510
132432.7701262826 122587.5121215104
132593.3420726739 130902.7466848631
137089.3565716304 123706.8706204232
133556.7737510217 117310.5363409212
129703.0470376304 141296.7898890539
134359.6334829782 120188.8867666971
134680.7773757609 130103.2048999253
131790.4823407174 125785.6792612614
132432.7701262826 130103.2048999253
131629.9103943261 132661.7386117261
132111.6262335000 128823.9380440249
133717.3456974131 123387.0539064481
136607.6407324565 125305.9541902988
139497.9357675000 116510.9945559834
132914.4859654565 133301.3720396763
136928.7846252391 121308.2452656099
127776.1836809348 144494.9570288050
132432.7701262826 131702.2884698008
129381.9031448478 140976.9731750789
133877.9176438044 123866.7789774108
139497.9357675000 116351.0861989959
128900.1873056739 142895.8734589295
130345.3348231957 139697.7063191785
135323.0651613261 127704.5795451120
129703.0470376304 142096.3316739917
130666.4787159783 138738.2561772531
133396.2018046304 127864.4879020996
131629.9103943261 134580.6388955768
136607.6407324565 124506.4124053610
134038.4895901956 121628.0619795851
132753.9140190652 125146.0458333112
134199.0615365870 119229.4366247718
132593.3420726739 123866.7789774108
131308.7665015435 129943.2965429378
136286.4968396739 126105.4959752365
134038.4895901956 119069.5282677842
133877.9176438044 133301.3720396763
134520.2054293696 116830.8112699585
131790.4823407174 127064.9461171618
136125.9248932826 127064.9461171618
133075.0579118478 129623.4798289627
128418.4714665000 141936.4233170041
140140.2235530652 113952.4608441826
134199.0615365870 115871.3611280332
139497.9357675000 116830.8112699585
131469.3384479348 129143.7547580000
128900.1873056739 139058.0728912282
132272.1981798913 130103.2048999253

127936.7556273261 142895.8734589295
128418.4714665000 140337.3397471287
130987.6226087609 139537.7979621908
129381.9031448478 137139.1726073776
133396.2018046304 131062.6550418506
137089.3565716304 122747.4204784979
137089.3565716304 120988.4285516348
129703.0470376304 138258.5311062904
135483.6371077174 125146.0458333112
132753.9140190652 124506.4124053610
133075.0579118478 128504.1213300498
137410.5004644131 120348.7951236846
134680.7773757609 117470.4446979087
134038.4895901956 126265.4043322241
131308.7665015435 128344.2129730622
132914.4859654565 127864.4879020996
127615.6117345435 144814.7737427801
133075.0579118478 136979.2642503900
133396.2018046304 127064.9461171618
130987.6226087609 129783.3881859502
132914.4859654565 132661.7386117261
134520.2054293696 116830.8112699585
131629.9103943261 129943.2965429378
134199.0615365870 116191.1778420083
131469.3384479348 130902.7466848631
135644.2090541087 129143.7547580000
130184.7628768044 140817.0648180913
134680.7773757609 117150.6279839336
131308.7665015435 128983.8464010125
131951.0542871087 139058.0728912282
132753.9140190652 136019.8141084648
131469.3384479348 129783.3881859502
129863.6189840217 135699.9973944896
131148.1945551522 141456.6982460415
133235.6298582391 125465.8625472863
130987.6226087609 129943.2965429378
133877.9176438044 123706.8706204232
134680.7773757609 118110.0781258589
131469.3384479348 128983.8464010125
133556.7737510217 123227.1455494606
136607.6407324565 125625.7709042739
132593.3420726739 129623.4798289627
127615.6117345435 144175.1403148299
133235.6298582391 121308.2452656099
135323.0651613261 127384.7628311369
134038.4895901956 119549.2533387469
133396.2018046304 129143.7547580000
133235.6298582391 121947.8786935602
134520.2054293696 120348.7951236846

133235.6298582391 130263.1132569129
132753.9140190652 130423.0216139004
128579.0434128913 140976.9731750789
132593.3420726739 129783.3881859502
132593.3420726739 127224.8544741494
129060.7592520652 137618.8976783402
132914.4859654565 132341.9218977510
131308.7665015435 129463.5714719751
131790.4823407174 130902.7466848631
130024.1909304131 141776.5149600166
131308.7665015435 128024.3962590871
132111.6262335000 130423.0216139004
138052.7882499782 120988.4285516348
134680.7773757609 119549.2533387469
134199.0615365870 125305.9541902988
129381.9031448478 140497.2481041162
132272.1981798913 124026.6873343983
134680.7773757609 130103.2048999253
133396.2018046304 124986.1374763237
133877.9176438044 132341.9218977510
133717.3456974131 134580.6388955768
131148.1945551522 129943.2965429378
131951.0542871087 138578.3478202656
138052.7882499782 120028.9784097095
133075.0579118478 135060.3639665394
134520.2054293696 117470.4446979087
136447.0687860652 123546.9622634357
133235.6298582391 120668.6118376597
133556.7737510217 120668.6118376597
133877.9176438044 123706.8706204232
130345.3348231957 141456.6982460415
133396.2018046304 126425.3126892116
133075.0579118478 120348.7951236846
132432.7701262826 122747.4204784979
134359.6334829782 124986.1374763237
133717.3456974131 130103.2048999253
131308.7665015435 140657.1564611037
130505.9067695869 131702.2884698008
130987.6226087609 139058.0728912282
129542.4750912391 140657.1564611037
129221.3311984565 142735.9651019419
133717.3456974131 126745.1294031867
128579.0434128913 143695.4152438672
132593.3420726739 129463.5714719751
132432.7701262826 126905.0377601743
138373.9321427609 119229.4366247718
128257.8995201087 143215.6901729045
135001.9212685435 126105.4959752365
134359.6334829782 121308.2452656099

129221.3311984565 143855.3236008548
132593.3420726739 123546.9622634357
131148.1945551522 128983.8464010125
135644.2090541087 124666.3207623486
130184.7628768044 140497.2481041162
132914.4859654565 136499.5391794274
130345.3348231957 142416.1483879668
132753.9140190652 127544.6711881245
132111.6262335000 126905.0377601743
132432.7701262826 131062.6550418506
133556.7737510217 129783.3881859502
133556.7737510217 121148.3369086224
131308.7665015435 134740.5472525643
132432.7701262826 129783.3881859502
132272.1981798913 125945.5876182490
129703.0470376304 140817.0648180913
133396.2018046304 120988.4285516348
129221.3311984565 144015.2319578423
133075.0579118478 129463.5714719751
133396.2018046304 122907.3288354855
132914.4859654565 136339.6308224398
132432.7701262826 123866.7789774108
136125.9248932826 127704.5795451120
134038.4895901956 132341.9218977510
135804.7810005000 126425.3126892116
130024.1909304131 141776.5149600166
134680.7773757609 119709.1616957344
132593.3420726739 127864.4879020996
134841.3493221522 131222.5633988382
132432.7701262826 126425.3126892116
136286.4968396739 127224.8544741494
131790.4823407174 130263.1132569129
129221.3311984565 139537.7979621908
130505.9067695869 130902.7466848631
136607.6407324565 123866.7789774108
135804.7810005000 128664.0296870374
130345.3348231957 141776.5149600166
128418.4714665000 141136.8815320664
127455.0397881522 146733.6740266307
132753.9140190652 127064.9461171618
130024.1909304131 137618.8976783402
134199.0615365870 122107.7870505477
133556.7737510217 130103.2048999253
133717.3456974131 117150.6279839336
129381.9031448478 142895.8734589295
137249.9285180217 122587.5121215104
133717.3456974131 129943.2965429378
133877.9176438044 129783.3881859502
136286.4968396739 126265.4043322241

131308.7665015435 129623.4798289627
130505.9067695869 141296.7898890539
130505.9067695869 131382.4717558257
128739.6153592826 144494.9570288050
135162.4932149348 128983.8464010125
134199.0615365870 120988.4285516348
132272.1981798913 125146.0458333112
132111.6262335000 123706.8706204232
132111.6262335000 129783.3881859502
133717.3456974131 121148.3369086224
130666.4787159783 139058.0728912282
133396.2018046304 129943.2965429378
135001.9212685435 131382.4717558257
133556.7737510217 130103.2048999253
131629.9103943261 134900.4556095519
128579.0434128913 143055.7818159170
133396.2018046304 122747.4204784979
129221.3311984565 137938.7143923154
139016.2199283261 116990.7196269461
133075.0579118478 119389.3449817593
131148.1945551522 140017.5230331535
129221.3311984565 140337.3397471287
127936.7556273261 143055.7818159170
136125.9248932826 126105.4959752365
131790.4823407174 125785.6792612614
132111.6262335000 128983.8464010125
132432.7701262826 125465.8625472863
137089.3565716304 122907.3288354855
129542.4750912391 139058.0728912282
136447.0687860652 124826.2291193361
134199.0615365870 123227.1455494606
136286.4968396739 124986.1374763237
132753.9140190652 127704.5795451120
127776.1836809348 143695.4152438672
132272.1981798913 138578.3478202656
133075.0579118478 121148.3369086224
134680.7773757609 113952.4608441826
133396.2018046304 129143.7547580000
133396.2018046304 130103.2048999253
139658.5077138913 115231.7277000830
133075.0579118478 130902.7466848631
132753.9140190652 123866.7789774108
133717.3456974131 118589.8031968216
131469.3384479348 140497.2481041162
133717.3456974131 117630.3530548963
134841.3493221522 115551.5444140581
132272.1981798913 139697.7063191785
132272.1981798913 129943.2965429378
133235.6298582391 128664.0296870374

128257.8995201087 141936.4233170041
133075.0579118478 134740.5472525643
132111.6262335000 125625.7709042739
132753.9140190652 126105.4959752365
133877.9176438044 129303.6631149876
128900.1873056739 141616.6066030291
134520.2054293696 123546.9622634357
131629.9103943261 132182.0135407635
134680.7773757609 112513.2856312946
130345.3348231957 142256.2400309793
133556.7737510217 123546.9622634357
129703.0470376304 143375.5985298921
130987.6226087609 139857.6146761660
135804.7810005000 125305.9541902988
134359.6334829782 118269.9864828465
130345.3348231957 138898.1645342406
136447.0687860652 125625.7709042739
133396.2018046304 133941.0054676266
132593.3420726739 131222.5633988382
133717.3456974131 126265.4043322241
131469.3384479348 140337.3397471287
132914.4859654565 129943.2965429378
129221.3311984565 137299.0809643652
136125.9248932826 126265.4043322241
135001.9212685435 126745.1294031867
132593.3420726739 124986.1374763237
133396.2018046304 127064.9461171618
135644.2090541087 124666.3207623486
133396.2018046304 120188.8867666971
133235.6298582391 128983.8464010125
134680.7773757609 114911.9109861079
133877.9176438044 126585.2210461992
139016.2199283261 116510.9945559834
132111.6262335000 133141.4636826888
134359.6334829782 113792.5524871950
134038.4895901956 130263.1132569129
132593.3420726739 129463.5714719751
134038.4895901956 124986.1374763237
135001.9212685435 127224.8544741494
131469.3384479348 135380.1806805145
133717.3456974131 117150.6279839336
130024.1909304131 134580.6388955768
134680.7773757609 118749.7115538091
137892.2163035870 119549.2533387469
129060.7592520652 142735.9651019419
131469.3384479348 126585.2210461992
129863.6189840217 139217.9812482158
128257.8995201087 142256.2400309793
139176.7918747174 117630.3530548963

134520.2054293696 121308.2452656099
134841.3493221522 114592.0942721328
135965.3529468913 127064.9461171618
134359.6334829782 123866.7789774108
129381.9031448478 142735.9651019419
133075.0579118478 124346.5040483734
133877.9176438044 127064.9461171618
132593.3420726739 122747.4204784979
130024.1909304131 142096.3316739917
128257.8995201087 142096.3316739917
139016.2199283261 117470.4446979087
131790.4823407174 125625.7709042739
137410.5004644131 122427.6037645228
131308.7665015435 127864.4879020996
132753.9140190652 133301.3720396763
137892.2163035870 120028.9784097095
134520.2054293696 118589.8031968216
131148.1945551522 134580.6388955768
134841.3493221522 126585.2210461992
133717.3456974131 116990.7196269461
130505.9067695869 136659.4475364150
128739.6153592826 139377.8896052033
134520.2054293696 118909.6199107967
133717.3456974131 117150.6279839336
132593.3420726739 126745.1294031867
133556.7737510217 127864.4879020996
131308.7665015435 129143.7547580000
132432.7701262826 123706.8706204232
134680.7773757609 132182.0135407635
135483.6371077174 124666.3207623486
136125.9248932826 125785.6792612614
130666.4787159783 131222.5633988382
137249.9285180217 121468.1536225975
135323.0651613261 129463.5714719751
132432.7701262826 133621.1887536515
135001.9212685435 125945.5876182490
135483.6371077174 125785.6792612614
136768.2126788478 124986.1374763237
134520.2054293696 115711.4527710456
131790.4823407174 130902.7466848631
135804.7810005000 128823.9380440249
129060.7592520652 140177.4313901411
130184.7628768044 141456.6982460415
133396.2018046304 119389.3449817593
133877.9176438044 120348.7951236846
130345.3348231957 136019.8141084648
132753.9140190652 125625.7709042739
127936.7556273261 143375.5985298921
133717.3456974131 123866.7789774108

131469.3384479348 131062.6550418506
133877.9176438044 117790.2614118838
130987.6226087609 141776.5149600166
132753.9140190652 127704.5795451120
138213.3601963696 120348.7951236846
135323.0651613261 129463.5714719751
133877.9176438044 119389.3449817593
131790.4823407174 140017.5230331535
134038.4895901956 124506.4124053610
129863.6189840217 143375.5985298921
132432.7701262826 125146.0458333112
133877.9176438044 116510.9945559834
132593.3420726739 127384.7628311369
132111.6262335000 130902.7466848631
129863.6189840217 140817.0648180913
133877.9176438044 124666.3207623486
140943.0832850217 111713.7438463569
133396.2018046304 126105.4959752365
135965.3529468913 124026.6873343983
128418.4714665000 142735.9651019419
135804.7810005000 125305.9541902988
132914.4859654565 131862.1968267884
135644.2090541087 127544.6711881245
135323.0651613261 129143.7547580000
132753.9140190652 125465.8625472863
136768.2126788478 123227.1455494606
135644.2090541087 124506.4124053610
130505.9067695869 138578.3478202656
138373.9321427609 119389.3449817593
130505.9067695869 132182.0135407635
133717.3456974131 128823.9380440249
134199.0615365870 124346.5040483734
129863.6189840217 139537.7979621908
134841.3493221522 131062.6550418506
136607.6407324565 126425.3126892116
133877.9176438044 133621.1887536515
131790.4823407174 130582.9299708880
134680.7773757609 126905.0377601743
134359.6334829782 125465.8625472863
132272.1981798913 131382.4717558257
129703.0470376304 138098.6227493029
133877.9176438044 119229.4366247718
128900.1873056739 144335.0486718174
135804.7810005000 127864.4879020996
138695.0760355435 117630.3530548963
133717.3456974131 120988.4285516348
134841.3493221522 129943.2965429378
133556.7737510217 131222.5633988382
132432.7701262826 123866.7789774108

133396.2018046304 128024.3962590871
137892.2163035870 122107.7870505477
133556.7737510217 117790.2614118838
134199.0615365870 125945.5876182490
133396.2018046304 134100.9138246141
134359.6334829782 120348.7951236846
133717.3456974131 116830.8112699585
130666.4787159783 138898.1645342406
134038.4895901956 115871.3611280332
133556.7737510217 126585.2210461992
129863.6189840217 142576.0567449543
131951.0542871087 129463.5714719751
135804.7810005000 125785.6792612614
134199.0615365870 119869.0700527220
133075.0579118478 136659.4475364150
133075.0579118478 128664.0296870374
133877.9176438044 125625.7709042739
133877.9176438044 118429.8948398340
133075.0579118478 131382.4717558257
130505.9067695869 136819.3558934025
132593.3420726739 125465.8625472863
133556.7737510217 125785.6792612614
132593.3420726739 126105.4959752365
132432.7701262826 134740.5472525643
138855.6479819348 116670.9029129710
131629.9103943261 128344.2129730622
135483.6371077174 128983.8464010125
135483.6371077174 124666.3207623486
132432.7701262826 126105.4959752365
128418.4714665000 141136.8815320664
135001.9212685435 112353.3772743071
133877.9176438044 130103.2048999253
129060.7592520652 143215.6901729045
135644.2090541087 124346.5040483734
131629.9103943261 127704.5795451120
137249.9285180217 123706.8706204232
130827.0506623696 138418.4394632780
137731.6443571956 121628.0619795851
132111.6262335000 124986.1374763237
133235.6298582391 119229.4366247718
131469.3384479348 131062.6550418506
132593.3420726739 121947.8786935602
134038.4895901956 118749.7115538091
129703.0470376304 141616.6066030291
130345.3348231957 142416.1483879668
134038.4895901956 134900.4556095519
131469.3384479348 126745.1294031867
138213.3601963696 120028.9784097095
134199.0615365870 116191.1778420083

128418.4714665000 145294.4988137427
129221.3311984565 142096.3316739917
131148.1945551522 140017.5230331535
130987.6226087609 139697.7063191785
132111.6262335000 137618.8976783402
132272.1981798913 136979.2642503900
132753.9140190652 136179.7224654523
133075.0579118478 129303.6631149876
133717.3456974131 122107.7870505477
133235.6298582391 120668.6118376597
133075.0579118478 119549.2533387469
138052.7882499782 118749.7115538091
130184.7628768044 141136.8815320664
128900.1873056739 141296.7898890539
133075.0579118478 130423.0216139004
136768.2126788478 125785.6792612614
131629.9103943261 128344.2129730622
133235.6298582391 121148.3369086224
127936.7556273261 144015.2319578423
131629.9103943261 129303.6631149876
131790.4823407174 139377.8896052033
138534.5040891522 119709.1616957344
133396.2018046304 122427.6037645228
131951.0542871087 125625.7709042739
134841.3493221522 113792.5524871950
133877.9176438044 123387.0539064481
129863.6189840217 135380.1806805145
136607.6407324565 124666.3207623486
133235.6298582391 119069.5282677842
139176.7918747174 116990.7196269461
133396.2018046304 121628.0619795851
132914.4859654565 134580.6388955768
134680.7773757609 115231.7277000830
133556.7737510217 124826.2291193361
133556.7737510217 123067.2371924730
130505.9067695869 141616.6066030291
137249.9285180217 123067.2371924730
128257.8995201087 144654.8653857925
134520.2054293696 116510.9945559834
132111.6262335000 138738.2561772531
133877.9176438044 123706.8706204232
132272.1981798913 135060.3639665394
136125.9248932826 127064.9461171618
134680.7773757609 117630.3530548963
134038.4895901956 120188.8867666971
129060.7592520652 138098.6227493029
135001.9212685435 131702.2884698008
136928.7846252391 123067.2371924730
130505.9067695869 138098.6227493029

132111.6262335000 140017.5230331535
131951.0542871087 138738.2561772531
132914.4859654565 137938.7143923154
132272.1981798913 136979.2642503900
130666.4787159783 132501.8302547386
133556.7737510217 132022.1051837759
131629.9103943261 126745.1294031867
136607.6407324565 126105.4959752365
138695.0760355435 119069.5282677842
138695.0760355435 117950.1697688714
129542.4750912391 136339.6308224398
134680.7773757609 112833.1023452697
133075.0579118478 129463.5714719751
132111.6262335000 133941.0054676266
132593.3420726739 135380.1806805145
135804.7810005000 128504.1213300498
137249.9285180217 123387.0539064481
129863.6189840217 142256.2400309793
136286.4968396739 122907.3288354855
133556.7737510217 117470.4446979087
139337.3638211087 115551.5444140581
136607.6407324565 124666.3207623486
133556.7737510217 120828.5201946473
138695.0760355435 118749.7115538091
132272.1981798913 130582.9299708880
129542.4750912391 141936.4233170041
136125.9248932826 124346.5040483734
133717.3456974131 134580.6388955768
129060.7592520652 140817.0648180913
130184.7628768044 136659.4475364150
134199.0615365870 124986.1374763237
132111.6262335000 128024.3962590871
134359.6334829782 116830.8112699585
133556.7737510217 118429.8948398340
135162.4932149348 125785.6792612614
127294.4678417609 146893.5823836183
134680.7773757609 114432.1859151452
127615.6117345435 145934.1322416930
133717.3456974131 123067.2371924730
133075.0579118478 136339.6308224398
133396.2018046304 129943.2965429378
134359.6334829782 121148.3369086224
138052.7882499782 119549.2533387469
134520.2054293696 119549.2533387469
130987.6226087609 139697.7063191785
138855.6479819348 116670.9029129710
129221.3311984565 141616.6066030291
134520.2054293696 113312.8274162324
130505.9067695869 137938.7143923154

133556.7737510217 129463.5714719751
129060.7592520652 138258.5311062904
130505.9067695869 138578.3478202656
134680.7773757609 114592.0942721328
130987.6226087609 141616.6066030291
132593.3420726739 123866.7789774108
135323.0651613261 130742.8383278755
133717.3456974131 121947.8786935602
134038.4895901956 117950.1697688714
130184.7628768044 137938.7143923154
134038.4895901956 119709.1616957344
132272.1981798913 128983.8464010125
135483.6371077174 125465.8625472863
128418.4714665000 140817.0648180913
136125.9248932826 124186.5956913859
137410.5004644131 121468.1536225975
133396.2018046304 136979.2642503900
131951.0542871087 128024.3962590871
133877.9176438044 126585.2210461992
131469.3384479348 130742.8383278755
133396.2018046304 131702.2884698008
130024.1909304131 139377.8896052033
130184.7628768044 132341.9218977510
139979.6516066739 115071.8193430954
134359.6334829782 121308.2452656099
135644.2090541087 129143.7547580000
134680.7773757609 112513.2856312946
132432.7701262826 124826.2291193361
135483.6371077174 126905.0377601743
129381.9031448478 141936.4233170041
133556.7737510217 120188.8867666971
133877.9176438044 133781.0971106390
130666.4787159783 136819.3558934025
134680.7773757609 114432.1859151452
129381.9031448478 142096.3316739917
135483.6371077174 127704.5795451120
129060.7592520652 142895.8734589295
133235.6298582391 137458.9893213527
138213.3601963696 120188.8867666971
129221.3311984565 141296.7898890539
134520.2054293696 118429.8948398340
135483.6371077174 127064.9461171618
129863.6189840217 141616.6066030291
127776.1836809348 144015.2319578423
128739.6153592826 139857.6146761660
133877.9176438044 134260.8221816017
129060.7592520652 144335.0486718174
127776.1836809348 144814.7737427801
128900.1873056739 140177.4313901411

127294.4678417609 146893.5823836183
127615.6117345435 146413.8573126556
127776.1836809348 145614.3155277178
128739.6153592826 143695.4152438672
128257.8995201087 142895.8734589295
130024.1909304131 142256.2400309793
130024.1909304131 141456.6982460415
129703.0470376304 140497.2481041162
129221.3311984565 138898.1645342406
130827.0506623696 138258.5311062904
132914.4859654565 137938.7143923154
129703.0470376304 137618.8976783402
130345.3348231957 136339.6308224398
132593.3420726739 133301.3720396763
133877.9176438044 133301.3720396763
133556.7737510217 132022.1051837759
132432.7701262826 130582.9299708880
131308.7665015435 129303.6631149876
135965.3529468913 127544.6711881245
131629.9103943261 126745.1294031867
136607.6407324565 126105.4959752365
131951.0542871087 125146.0458333112
136286.4968396739 124986.1374763237
133877.9176438044 124506.4124053610
134359.6334829782 123706.8706204232
136286.4968396739 123387.0539064481
133556.7737510217 122587.5121215104
133717.3456974131 122107.7870505477
137731.6443571956 121148.3369086224
133556.7737510217 120828.5201946473
138052.7882499782 120828.5201946473
133717.3456974131 120508.7034806722
137731.6443571956 120188.8867666971
133396.2018046304 117950.1697688714
139497.9357675000 116191.1778420083
134680.7773757609 115231.7277000830
134841.3493221522 114432.1859151452
129221.3311984565 136659.4475364150
131469.3384479348 134580.6388955768
133235.6298582391 126425.3126892116
128579.0434128913 145294.4988137427
135483.6371077174 128504.1213300498
131469.3384479348 136659.4475364150
133396.2018046304 121628.0619795851
128579.0434128913 140017.5230331535
133075.0579118478 119549.2533387469
137249.9285180217 121787.9703365726
133556.7737510217 118429.8948398340
134359.6334829782 119869.0700527220

127294.4678417609 146893.5823836183
127776.1836809348 145614.3155277178
128418.4714665000 145294.4988137427
130184.7628768044 141456.6982460415
132111.6262335000 140017.5230331535
130024.1909304131 138098.6227493029
132914.4859654565 138098.6227493029
133235.6298582391 137618.8976783402
129542.4750912391 136339.6308224398
131629.9103943261 126745.1294031867
132914.4859654565 125305.9541902988
134359.6334829782 124186.5956913859
137089.3565716304 122747.4204784979
138052.7882499782 118749.7115538091
133396.2018046304 117950.1697688714
134359.6334829782 116830.8112699585
133075.0579118478 138098.6227493029
135644.2090541087 127864.4879020996
133396.2018046304 126105.4959752365
139176.7918747174 117470.4446979087
133075.0579118478 132501.8302547386
134520.2054293696 118429.8948398340
135323.0651613261 129303.6631149876
131790.4823407174 129943.2965429378
129221.3311984565 140657.1564611037
136447.0687860652 123706.8706204232
134199.0615365870 117150.6279839336
133396.2018046304 125625.7709042739
133877.9176438044 119069.5282677842
130987.6226087609 134580.6388955768
127936.7556273261 144654.8653857925
132272.1981798913 130902.7466848631
138052.7882499782 120828.5201946473
131629.9103943261 131862.1968267884
127936.7556273261 143215.6901729045
131308.7665015435 129783.3881859502
130184.7628768044 142735.9651019419
130024.1909304131 142096.3316739917
132272.1981798913 135220.2723235270
129381.9031448478 144175.1403148299
133717.3456974131 119389.3449817593
129863.6189840217 142576.0567449543
133235.6298582391 126425.3126892116
134520.2054293696 119869.0700527220
133717.3456974131 129783.3881859502
133396.2018046304 120188.8867666971
136607.6407324565 124666.3207623486
134199.0615365870 117470.4446979087
134520.2054293696 122107.7870505477

128579.0434128913 145294.4988137427
127936.7556273261 143855.3236008548
128739.6153592826 143535.5068868797
128900.1873056739 142735.9651019419
130024.1909304131 141456.6982460415
130827.0506623696 141136.8815320664
130666.4787159783 139058.0728912282
130345.3348231957 136339.6308224398
132593.3420726739 135540.0890375021
131951.0542871087 133461.2803966639
133877.9176438044 133301.3720396763
131148.1945551522 132501.8302547386
134038.4895901956 132182.0135407635
131308.7665015435 129303.6631149876
135162.4932149348 128823.9380440249
134680.7773757609 126905.0377601743
131951.0542871087 124826.2291193361
132593.3420726739 123866.7789774108
136286.4968396739 123067.2371924730
132593.3420726739 122747.4204784979
132593.3420726739 122427.6037645228
133717.3456974131 122107.7870505477
134520.2054293696 121148.3369086224
134199.0615365870 118269.9864828465
134359.6334829782 114752.0026291203
134199.0615365870 121787.9703365726
138052.7882499782 120028.9784097095
128579.0434128913 140337.3397471287
133877.9176438044 123706.8706204232
128579.0434128913 140017.5230331535
134359.6334829782 117310.5363409212
130987.6226087609 141776.5149600166
132593.3420726739 128504.1213300498
135483.6371077174 129143.7547580000
134199.0615365870 116990.7196269461
134680.7773757609 115231.7277000830
132272.1981798913 130423.0216139004
133396.2018046304 131062.6550418506
132111.6262335000 125465.8625472863
133877.9176438044 129623.4798289627
134038.4895901956 124186.5956913859
133717.3456974131 133781.0971106390
132753.9140190652 126425.3126892116
132432.7701262826 136179.7224654523
134199.0615365870 126585.2210461992
133717.3456974131 117790.2614118838
127133.8958953696 147533.2158115685
131951.0542871087 125146.0458333112
132753.9140190652 135699.9973944896

132272.1981798913 124826.2291193361
134520.2054293696 120988.4285516348
133075.0579118478 128024.3962590871
132111.6262335000 131382.4717558257
129863.6189840217 141776.5149600166
133717.3456974131 116510.9945559834
132111.6262335000 124666.3207623486
130666.4787159783 131062.6550418506
133877.9176438044 124186.5956913859
129221.3311984565 143215.6901729045
136125.9248932826 127224.8544741494
127776.1836809348 143215.6901729045
132432.7701262826 130423.0216139004
132272.1981798913 126105.4959752365
128257.8995201087 144015.2319578423
134199.0615365870 124026.6873343983
131469.3384479348 134740.5472525643
131951.0542871087 130263.1132569129
135162.4932149348 129463.5714719751
131308.7665015435 139697.7063191785
136607.6407324565 124506.4124053610
132272.1981798913 132341.9218977510
138373.9321427609 119709.1616957344
131148.1945551522 139857.6146761660
133075.0579118478 119389.3449817593
129381.9031448478 141776.5149600166
129221.3311984565 143375.5985298921
139176.7918747174 116351.0861989959
132111.6262335000 124826.2291193361
135162.4932149348 130902.7466848631
132753.9140190652 129143.7547580000
132272.1981798913 128983.8464010125
132593.3420726739 123546.9622634357
131469.3384479348 138258.5311062904
134199.0615365870 121947.8786935602
128257.8995201087 141616.6066030291
130827.0506623696 131222.5633988382
131629.9103943261 132821.6469687137
133235.6298582391 128344.2129730622
139497.9357675000 116351.0861989959
129542.4750912391 139857.6146761660
129221.3311984565 140657.1564611037
129221.3311984565 142416.1483879668
133075.0579118478 132022.1051837759
134199.0615365870 125146.0458333112
133235.6298582391 127064.9461171618
135483.6371077174 129143.7547580000
133877.9176438044 130582.9299708880
132914.4859654565 129943.2965429378

131951.0542871087 139537.7979621908
129381.9031448478 139377.8896052033
132111.6262335000 125465.8625472863
135001.9212685435 129303.6631149876
130505.9067695869 139217.9812482158
133556.7737510217 122427.6037645228
135483.6371077174 125465.8625472863
132914.4859654565 124506.4124053610
134038.4895901956 129943.2965429378
133556.7737510217 124026.6873343983
140461.3674458478 113312.8274162324
136607.6407324565 122587.5121215104
132432.7701262826 124506.4124053610
127776.1836809348 144654.8653857925
133717.3456974131 125146.0458333112
129221.3311984565 141936.4233170041
136125.9248932826 124186.5956913859
132753.9140190652 125945.5876182490
130827.0506623696 137139.1726073776
132593.3420726739 130103.2048999253
138534.5040891522 119229.4366247718
137410.5004644131 122427.6037645228
135965.3529468913 128024.3962590871
133717.3456974131 128983.8464010125
132432.7701262826 129943.2965429378
132272.1981798913 125305.9541902988
128257.8995201087 142096.3316739917
134359.6334829782 118429.8948398340
129221.3311984565 139377.8896052033
133556.7737510217 118749.7115538091
132432.7701262826 135859.9057514772
134520.2054293696 118589.8031968216
133235.6298582391 124346.5040483734
137089.3565716304 122267.6954075353
133877.9176438044 120668.6118376597
129060.7592520652 140657.1564611037
133556.7737510217 119069.5282677842
134520.2054293696 117470.4446979087
135323.0651613261 126425.3126892116
137731.6443571956 119709.1616957344
134038.4895901956 115071.8193430954
132111.6262335000 128823.9380440249
129381.9031448478 137618.8976783402
133717.3456974131 129623.4798289627
133877.9176438044 123387.0539064481
134038.4895901956 126745.1294031867
132753.9140190652 126585.2210461992
131951.0542871087 125465.8625472863
136768.2126788478 122107.7870505477

130987.6226087609 139697.7063191785
132753.9140190652 139058.0728912282
132432.7701262826 134100.9138246141
137089.3565716304 122747.4204784979
134038.4895901956 121628.0619795851
139497.9357675000 116191.1778420083
133396.2018046304 129783.3881859502
132272.1981798913 125146.0458333112
132272.1981798913 130742.8383278755
128900.1873056739 141296.7898890539
127936.7556273261 145934.1322416930
130184.7628768044 142576.0567449543
134841.3493221522 113632.6441302075
135323.0651613261 128504.1213300498
131148.1945551522 129143.7547580000
138695.0760355435 117150.6279839336
134199.0615365870 116351.0861989959
133556.7737510217 124346.5040483734
133556.7737510217 118429.8948398340
130024.1909304131 137778.8060353278
136447.0687860652 124666.3207623486
131790.4823407174 135540.0890375021
132593.3420726739 124666.3207623486
129703.0470376304 140017.5230331535
129060.7592520652 143695.4152438672
137892.2163035870 121148.3369086224
139497.9357675000 116510.9945559834
134841.3493221522 126585.2210461992
132593.3420726739 138578.3478202656
133235.6298582391 135380.1806805145
138213.3601963696 120828.5201946473
135965.3529468913 124506.4124053610
134520.2054293696 119069.5282677842
133717.3456974131 116670.9029129710
132432.7701262826 123546.9622634357
134520.2054293696 120508.7034806722
137089.3565716304 122427.6037645228
135965.3529468913 126905.0377601743
135483.6371077174 125305.9541902988
132914.4859654565 135060.3639665394
132914.4859654565 138098.6227493029
139819.0796602826 115231.7277000830
132914.4859654565 136339.6308224398
133235.6298582391 127704.5795451120
132432.7701262826 131062.6550418506
132272.1981798913 136659.4475364150
127776.1836809348 145614.3155277178
136607.6407324565 124026.6873343983
128739.6153592826 142416.1483879668

127615.6117345435 146413.8573126556
128097.3275737174 145294.4988137427
128739.6153592826 143695.4152438672
128739.6153592826 143375.5985298921
129060.7592520652 140177.4313901411
129221.3311984565 139537.7979621908
130024.1909304131 138418.4394632780
132914.4859654565 137938.7143923154
132111.6262335000 137618.8976783402
132272.1981798913 136979.2642503900
131469.3384479348 136659.4475364150
131629.9103943261 136019.8141084648
131148.1945551522 134580.6388955768
133556.7737510217 134260.8221816017
132272.1981798913 133461.2803966639
134520.2054293696 132022.1051837759
131308.7665015435 129783.3881859502
135162.4932149348 129463.5714719751
131308.7665015435 129143.7547580000
132432.7701262826 128664.0296870374
131308.7665015435 127864.4879020996
136768.2126788478 125625.7709042739
133235.6298582391 124826.2291193361
136286.4968396739 124826.2291193361
133235.6298582391 124666.3207623486
134359.6334829782 124186.5956913859
132753.9140190652 123546.9622634357
134038.4895901956 122267.6954075353
134199.0615365870 121947.8786935602
134038.4895901956 120988.4285516348
138052.7882499782 119709.1616957344
138534.5040891522 119069.5282677842
133396.2018046304 118429.8948398340
134520.2054293696 117470.4446979087
134199.0615365870 117150.6279839336
139176.7918747174 116990.7196269461
134359.6334829782 114911.9109861079
134841.3493221522 113952.4608441826
137089.3565716304 120828.5201946473
132432.7701262826 130742.8383278755
138695.0760355435 118429.8948398340
133877.9176438044 130263.1132569129
133877.9176438044 125945.5876182490
129221.3311984565 138898.1645342406
131629.9103943261 126745.1294031867
132111.6262335000 135220.2723235270
133075.0579118478 131222.5633988382
134359.6334829782 115071.8193430954
133556.7737510217 120028.9784097095

132432.7701262826 123706.8706204232
134680.7773757609 120508.7034806722
136286.4968396739 124506.4124053610
133877.9176438044 116830.8112699585
130184.7628768044 137618.8976783402
135804.7810005000 124346.5040483734
130024.1909304131 141456.6982460415
129542.4750912391 139377.8896052033
138373.9321427609 117950.1697688714
132593.3420726739 125945.5876182490
133877.9176438044 129943.2965429378
134038.4895901956 124826.2291193361
132111.6262335000 139537.7979621908
129703.0470376304 140817.0648180913
129381.9031448478 139697.7063191785
131951.0542871087 139058.0728912282
133556.7737510217 117470.4446979087
134680.7773757609 117790.2614118838
126973.3239489783 147533.2158115685
130505.9067695869 142416.1483879668
132593.3420726739 125146.0458333112
133235.6298582391 121308.2452656099
139819.0796602826 115551.5444140581
130827.0506623696 141136.8815320664
131469.3384479348 126905.0377601743
132272.1981798913 124026.6873343983
136928.7846252391 122267.6954075353
134199.0615365870 125305.9541902988
134199.0615365870 124186.5956913859
129060.7592520652 144494.9570288050
134841.3493221522 126905.0377601743
136928.7846252391 122587.5121215104
137571.0724108043 120668.6118376597
131629.9103943261 128184.3046160747
132432.7701262826 135220.2723235270
134038.4895901956 120828.5201946473
134520.2054293696 113312.8274162324
134038.4895901956 134900.4556095519
136286.4968396739 122907.3288354855
137571.0724108043 120188.8867666971
132593.3420726739 129303.6631149876
136607.6407324565 124506.4124053610
133235.6298582391 125625.7709042739
132593.3420726739 125625.7709042739
131469.3384479348 138898.1645342406
129060.7592520652 140017.5230331535
132272.1981798913 123227.1455494606
131951.0542871087 129783.3881859502
137089.3565716304 121628.0619795851

128739.6153592826 143055.7818159170
131469.3384479348 140017.5230331535
133556.7737510217 131382.4717558257
135644.2090541087 128664.0296870374
132432.7701262826 123387.0539064481
133717.3456974131 122747.4204784979
133556.7737510217 121947.8786935602
133556.7737510217 121787.9703365726
134199.0615365870 120668.6118376597
133556.7737510217 117950.1697688714
134841.3493221522 115711.4527710456
133877.9176438044 119229.4366247718
134359.6334829782 119389.3449817593
132272.1981798913 131062.6550418506
133396.2018046304 125945.5876182490
131790.4823407174 127064.9461171618
136286.4968396739 127384.7628311369
132432.7701262826 128024.3962590871
133717.3456974131 130742.8383278755
132914.4859654565 129303.6631149876
136125.9248932826 124506.4124053610
135965.3529468913 127864.4879020996
134520.2054293696 118269.9864828465
135644.2090541087 128504.1213300498
134038.4895901956 125146.0458333112
130987.6226087609 130582.9299708880
133396.2018046304 130742.8383278755
133075.0579118478 130423.0216139004
137089.3565716304 120988.4285516348
133717.3456974131 136019.8141084648
132111.6262335000 130103.2048999253
134038.4895901956 117630.3530548963
132432.7701262826 135060.3639665394
127936.7556273261 143855.3236008548
128418.4714665000 143695.4152438672
133235.6298582391 125625.7709042739
128900.1873056739 142576.0567449543
129703.0470376304 139217.9812482158
127776.1836809348 145614.3155277178
132432.7701262826 139537.7979621908
135162.4932149348 127544.6711881245
130184.7628768044 142735.9651019419
134841.3493221522 132022.1051837759
132272.1981798913 136979.2642503900
137249.9285180217 121628.0619795851
132593.3420726739 125305.9541902988
134199.0615365870 114752.0026291203
134359.6334829782 127224.8544741494
133877.9176438044 126585.2210461992

