331688620.9206128716 912859.8702697754
333301027.3053799272 929549.3292846680
335022122.5821378231 957914.0061645508
333359199.2142777443 939887.2294311523
350041568.0888375044 994616.9817504883
331471013.8171934485 910278.2341613770
332559993.1739130616 918569.1105346680
327347419.8172095418 908136.5981445312
332577442.2449670434 927663.6308593750
336737992.6319930553 965985.8298950195
336696239.7645884752 960059.6940307617
337899086.4768790603 971401.7165527344
334620268.3093074560 945577.3116455078
331812718.2686117291 913593.5675659180
339395421.3395899534 990861.3209838867
