318406461.7896927595 2825728.0625000000
323823506.2194969058 2895356.6464843750
333793739.7735761404 2924784.2890625000
322477997.6608685255 2882755.5341796875
322144585.4481328726 2871641.8388671875
318341301.7078652382 2816705.0712890625
324377439.8985250592 2898855.8447265625
318150069.7762065530 2697248.2333984375
318905067.6632490158 2830843.3906250000
325490093.2918083668 2915846.1699218750
320056365.3588061333 2870578.9394531250
322804755.5014687181 2894980.1230468750
319201933.8838137388 2851536.1259765625
323875545.9985900521 2896906.9189453125
