854706144.4753428698 235354.3603820801
826889288.6739622355 192484.8731918335
834890771.4498738050 227715.5312690735
838786624.6588337421 228618.5577545166
846935046.5091897249 233595.4083786011
832580478.2667516470 223074.0545043945
846249179.5951405764 233366.1055984497
830977202.8273167610 220634.2195339203
828228151.4308680296 213590.3929710388
828293261.3367873430 218873.5635147095
849496786.0748261213 234452.8735809326
834292439.8083003759 224245.2894897461
834729899.3499723673 224535.0357513428
825058707.3533080816 191111.0914020538
833529546.8293879032 223474.7666091919
836075989.0229558945 228071.4941329956
832234711.8168593645 221135.8770732880
844247012.1478838921 231592.2706127167
830601183.6200675964 220365.6326675415
840009182.9708169699 229597.4750366211
843741304.5248644352 230026.4893493652
