125987699.7399556190 1267412.1025390625
124810747.7632588744 1262681.2294921875
121828816.5748943835 1248233.0126953125
125973063.7694271207 1265504.7431640625
120129382.0992644131 1245289.7080078125
125012760.4368945509 1264946.9960937500
127786726.1635179967 1278413.3496093750
126047080.8527308404 1268036.6708984375
119618138.9833604097 1206778.4306640625
126226455.1236314923 1272465.3535156250
123116568.1348045319 1260439.1240234375
120053841.9732544124 1223030.4931640625
121297503.9499958158 1246221.4912109375
119943713.5305787474 1213815.2148437500
123516857.9353905618 1261809.3945312500
121936622.9461117834 1256922.3671875000
