204685909.6512767971 1792209.3144531250
225855233.0851064622 1857842.9267578125
206047308.9934643209 1805567.7568359375
209043238.1675471067 1817735.3349609375
203763956.0032455921 1782579.3613281250
201246674.8203928471 1621692.0205078125
212625325.2785957754 1832186.6015625000
223042722.7421306074 1849145.3457031250
202571995.4810774326 1720203.3183593750
206787449.0233404934 1808228.7207031250
207721627.4432892799 1816490.6064453125
207103731.2433300912 1815374.0107421875
216957570.4914919436 1845954.4560546875
231546096.7791318595 1869963.7216796875
203529869.6275077760 1763461.0000000000
203374574.7643655837 1746582.9326171875
216823118.6825285554 1839626.2705078125
225748948.9553994536 1853070.0263671875
223499742.0108285844 1849426.8447265625
213294707.8551054597 1839113.1806640625
216944770.7954750955 1840594.5957031250
205583512.4362812340 1799811.1132812500
210146152.1922376454 1830974.5908203125
217778906.2862217724 1848716.4384765625
225718995.9086502790 1851502.1113281250
204086545.8425451219 1787665.9882812500
