929919210.5282456875 3885993.3566894531
917272285.1183637381 3760925.9287109375
944553062.0992552042 3937600.4313964844
935463246.9854950905 3927497.6174316406
914783448.7396757603 3478732.6547851562
927487485.9950267076 3884205.9792480469
915862180.8251700401 3685569.1752929688
918918006.3283967972 3783867.2758789062
920876813.4287666082 3815452.5776367188
922571253.9658973217 3853649.7814941406
940962150.0992044210 3929269.7961425781
929992871.6454772949 3894595.2338867188
921910988.8194509745 3822582.9523925781
921034137.8396611214 3815589.7626953125
926338311.6298905611 3865259.2246093750
920644082.8234767914 3811961.5693359375
921980341.1962878704 3837087.5156250000
920483728.1460825205 3792751.4882812500
924885848.7484631538 3863735.2370605469
926600937.2308932543 3871517.9023437500
