687524441.6663328409 6762129.7412109375
707638573.5974766016 6870605.2480468750
706218132.4591895342 6865086.7626953125
702908096.6683785915 6846678.4658203125
694260025.2413684130 6818652.3769531250
689273282.3953361511 6783900.4492187500
691270426.1555678844 6791446.2822265625
683716287.8953504562 6694174.6113281250
697379644.9508550167 6824551.0156250000
687004898.2732992172 6749224.7919921875
693854387.0672727823 6814019.7978515625
710262534.9510335922 6886419.3076171875
706225337.6965459585 6868177.3984375000
708890267.3640736341 6875860.2011718750
701703289.1275318861 6840483.6796875000
709826549.2013095617 6880215.5390625000
692560217.1821981668 6813801.7128906250
685041602.3021128178 6702520.1357421875
685981865.5556151867 6744206.2656250000
700157371.0885622501 6833570.4218750000
682336064.5698570013 6629939.2314453125
702730373.5215451717 6842068.9003906250
688002202.2344866991 6764459.4648437500
685088558.1324926615 6728068.6826171875
705594041.2816091776 6856778.0097656250
683331501.1540945768 6678545.6992187500
688171499.9763487577 6778481.1875000000
695408211.3721379042 6822324.0214843750
690858441.6314455271 6787952.5810546875
684201182.7053623199 6701573.5654296875
691491959.7920991182 6798778.4843750000
