437527587.5264777541 293991.0773620605
436776005.8871738315 291124.0500259399
445225628.6436475515 304773.1074218750
439121176.0413346291 299049.2602233887
439210737.0570279956 300410.3116607666
439797319.0896760225 301835.1530456543
433593869.4222711921 246083.0581588745
443886856.7504781485 301876.9590759277
435402973.3201768398 285121.6472015381
437258059.0331535339 292333.2677612305
433983590.2299820781 276091.6221466064
438427293.3433896899 295601.1237182617
446098032.5996429324 307139.2882843018
435520100.1658154726 288925.2461395264
436784819.8747138381 292268.7900543213
435905447.4804220796 289782.5268249512
433988829.5294544697 283952.8871154785
436145263.6022179127 289813.6964416504
