134546847.6229994893 1853632.3984375000
137268708.8455387652 1860859.7207031250
133607163.6120300293 1852277.4892578125
138760646.7643098533 1863795.7031250000
132360402.1043869406 1837686.2197265625
136804403.2379915416 1858314.6103515625
138156373.1254552901 1861210.5800781250
135739982.2605754435 1854475.8710937500
131878138.1217968613 1822806.4443359375
133015650.9829503596 1841509.5107421875
133240004.8418034166 1841872.8408203125
133567286.8710530549 1843384.9609375000
136446321.7452932894 1854634.0224609375
141478199.9338891804 1866892.2089843750
134333127.8790465295 1853526.9697265625
140925203.2470981181 1864925.1386718750
131407382.9864388853 1807345.6533203125
132097636.6862258166 1835244.9033203125
