736754558.6274667978 25493.5106093884
733504889.3515458107 24574.5973560810
744866920.8765105009 26112.2953398228
808855533.3745541573 27011.0193281174
779121827.9156754017 26887.1668825150
799343228.8290413618 26934.8231821060
802772650.2066359520 26939.5553998947
822061472.8654837608 27251.0856122971
815376709.3817142248 27039.1253681183
734804391.3361343145 24790.2237530947
745996698.1848655939 26202.1802654266
736205380.8411508799 24816.7072196007
786628779.4562830925 26905.4494614601
762487112.0709084272 26381.4763646126
763736083.7595279217 26593.7161660194
762950238.8587747812 26516.9071664810
