759072666.0524780750 5259.6708623171
766864271.5260328054 5446.7734805346
759008355.8807976246 5167.3045035601
759307603.3518211842 5264.0463855267
778148085.5466700792 5524.8691873550
759455560.6886702776 5406.4795591533
761730302.0909247398 5432.4846372008
772990660.5623059273 5504.0609805584
780695052.4270406961 5556.3068699837
771684656.2307236195 5500.7914555073
758967388.0992741585 5071.1654484272
782692490.1328591108 5580.6900203228
765410070.3551316261 5437.5083073378
775841345.8320453167 5520.4627983570
768031925.5724734068 5469.2559802532
