379593610.3370071650 3781466.8818359375
380308955.8308991194 3786945.7226562500
392537130.1448104382 3823330.0000000000
392241828.0265662670 3814798.8583984375
393388098.9909743667 3824492.3378906250
379018971.1214117408 3780541.8662109375
373239694.1123982072 3547881.9443359375
381160280.4119192362 3795618.2431640625
378899643.9660084844 3774554.0195312500
379906688.0556452274 3786544.5039062500
373796436.3303912282 3728114.8203125000
383231375.8328961730 3803783.8574218750
384872783.1474421024 3814385.8906250000
382457661.5289251804 3796033.5478515625
383693329.3562636971 3809788.4433593750
378400229.8390274048 3773249.1357421875
380550890.2507939339 3794300.5761718750
373985341.6180460453 3740882.9111328125
373540611.9359357357 3691335.8945312500
382579033.7596643567 3800184.6474609375
374236178.2082175016 3772838.3427734375
