121639.9331562967 130248.7161952303
132178.1157815162 129928.3253340461
131858.7769140854 128326.3710281250
130741.0908780772 127365.1984445724
134732.8267209634 124802.0715550987
130262.0825769309 124641.8761245066
131060.4297455081 124321.4852633224
132976.4629500935 123039.9218185855
130262.0825769309 128005.9801669408
126909.0244689065 127205.0030139803
135690.8433232561 126243.8304304276
125631.6689991829 127685.5893057566
130421.7520106463 128967.1527504934
135211.8350221097 122399.1400962171
128825.0576734919 127525.3938751645
124034.9746620284 131209.8887787829
127867.0410711992 127845.7847363487
125152.6606980366 131049.6933481908
126270.3467340447 131209.8887787829
125791.3384328984 127205.0030139803
129623.4048420691 126083.6349998355
130741.0908780772 125282.6578468750
127228.3633363374 130088.5207646382
125631.6689991829 127365.1984445724
135211.8350221097 125442.8532774671
132657.1240826626 127525.3938751645
128984.7271072073 130088.5207646382
131060.4297455081 123200.1172491777
128825.0576734919 126884.6121527961
133136.1323838090 127525.3938751645
126749.3550351911 129928.3253340461
135850.5127569715 126083.6349998355
136808.5293592642 126083.6349998355
125951.0078666138 131850.6705011514
135690.8433232561 122238.9446656250
127707.3716374837 126564.2212916118
133934.4795523862 127685.5893057566
136169.8516244025 124802.0715550987
124354.3135294594 128005.9801669408
133455.4712512398 124802.0715550987
134732.8267209634 122879.7263879934
127867.0410711992 132171.0613623355
129783.0742757845 125923.4395692434
135690.8433232561 124001.0944021382
131379.7686129390 127365.1984445724
122757.6191923049 130729.3024870066
128665.3882397764 129607.9344728618
128026.7105049146 131049.6933481908
126909.0244689065 132010.8659317434
132657.1240826626 129607.9344728618
123715.6357945976 129768.1299034540
128505.7188060610 129287.5436116777
133295.8018175244 124802.0715550987
139203.5708649959 124641.8761245066
125791.3384328984 130088.5207646382
136010.1821906870 121918.5538044408

128665.3882397764 130889.4979175987
128346.0493723455 132491.4522235197
130102.4131432154 124321.4852633224
133615.1406849553 125763.2441386513
133934.4795523862 125923.4395692434
132178.1157815162 123840.8989715461
134253.8184198171 121117.5766514803
132657.1240826626 126404.0258610197
133295.8018175244 124481.6806939145
134573.1572872479 121277.7720820724
127388.0327700528 128486.5664587171
131858.7769140854 128166.1755975329
137287.5376604106 124321.4852633224
128505.7188060610 125122.4624162829
134573.1572872479 126564.2212916118
129304.0659746382 128326.3710281250
131699.1074803699 129768.1299034540
130102.4131432154 124641.8761245066
129783.0742757845 126564.2212916118
132976.4629500935 127205.0030139803
131699.1074803699 130729.3024870066
124992.9912643211 128005.9801669408
127707.3716374837 131690.4750705592
125152.6606980366 129928.3253340461
131060.4297455081 128166.1755975329
124992.9912643211 128486.5664587171
135690.8433232561 126404.0258610197
134732.8267209634 128646.7618893092
130900.7603117927 124161.2898327303
131539.4380466545 124802.0715550987
127068.6939026219 128486.5664587171
132018.4463478008 122719.5309574013
136808.5293592642 123520.5081103618
123555.9663608821 130729.3024870066
127547.7022037683 126884.6121527961
133455.4712512398 128486.5664587171
132657.1240826626 126884.6121527961
129623.4048420691 124802.0715550987
128984.7271072073 127205.0030139803
127068.6939026219 132010.8659317434
124992.9912643211 127365.1984445724
134094.1489861016 127845.7847363487
127068.6939026219 127525.3938751645
126909.0244689065 127365.1984445724
130581.4214443618 130408.9116258224
128825.0576734919 129928.3253340461
125312.3301317520 130569.1070564145
129942.7437095000 127525.3938751645
123715.6357945976 130408.9116258224
125152.6606980366 127845.7847363487
127228.3633363374 130889.4979175987
129942.7437095000 129768.1299034540
137287.5376604106 125923.4395692434
135371.5044558252 121277.7720820724
132178.1157815162 123039.9218185855
127228.3633363374 126564.2212916118

125951.0078666138 127685.5893057566
131539.4380466545 124321.4852633224
132816.7935163780 129768.1299034540
132816.7935163780 127845.7847363487
132497.4546489472 122399.1400962171
135531.1738895407 123680.7035409540
125951.0078666138 129768.1299034540
129304.0659746382 128486.5664587171
130102.4131432154 125923.4395692434
127068.6939026219 126404.0258610197
133295.8018175244 124481.6806939145
133934.4795523862 125282.6578468750
136169.8516244025 122238.9446656250
138884.2319975650 125442.8532774671
131858.7769140854 130408.9116258224
134094.1489861016 126404.0258610197
134253.8184198171 128806.9573199013
132018.4463478008 124802.0715550987
133295.8018175244 128005.9801669408
130262.0825769309 129928.3253340461
126110.6773003293 127365.1984445724
127547.7022037683 129287.5436116777
129942.7437095000 129127.3481810855
127707.3716374837 130889.4979175987
129144.3965409228 128967.1527504934
128346.0493723455 126083.6349998355
129783.0742757845 129928.3253340461
123715.6357945976 130569.1070564145
131699.1074803699 129127.3481810855
128186.3799386301 127365.1984445724
138564.8931301342 125122.4624162829
129144.3965409228 124481.6806939145
130102.4131432154 125282.6578468750
127388.0327700528 129607.9344728618
134573.1572872479 127525.3938751645
125471.9995654675 128005.9801669408
127388.0327700528 131370.0842093750
132976.4629500935 125603.0487080592
120522.2471202886 130088.5207646382
126909.0244689065 125763.2441386513
125152.6606980366 127205.0030139803
130900.7603117927 131209.8887787829
128825.0576734919 124641.8761245066
136329.5210581179 122559.3355268092
125951.0078666138 131530.2796399671
123076.9580597358 129287.5436116777
137606.8765278415 126243.8304304276
129144.3965409228 131530.2796399671
125152.6606980366 130729.3024870066
123396.2969271667 130889.4979175987
127228.3633363374 127365.1984445724
133774.8101186707 127525.3938751645
135850.5127569715 122399.1400962171
128825.0576734919 128005.9801669408
124354.3135294594 129127.3481810855
129304.0659746382 126243.8304304276

123715.6357945976 129768.1299034540
129942.7437095000 126724.4167222040
124833.3218306057 127845.7847363487
123875.3052283130 128646.7618893092
132976.4629500935 125282.6578468750
121480.2637225813 129607.9344728618
131060.4297455081 129928.3253340461
135211.8350221097 126564.2212916118
130581.4214443618 131049.6933481908
138085.8848289878 125442.8532774671
134892.4961546789 121117.5766514803
132178.1157815162 127685.5893057566
129623.4048420691 124641.8761245066
129623.4048420691 128646.7618893092
132337.7852152317 124802.0715550987
127228.3633363374 125603.0487080592
135850.5127569715 127525.3938751645
132816.7935163780 127525.3938751645
132018.4463478008 122879.7263879934
128665.3882397764 125282.6578468750
128665.3882397764 131049.6933481908
135690.8433232561 121918.5538044408
134732.8267209634 126724.4167222040
123715.6357945976 130248.7161952303
130421.7520106463 131209.8887787829
128186.3799386301 132010.8659317434
135211.8350221097 126724.4167222040
128825.0576734919 127205.0030139803
128026.7105049146 125282.6578468750
133455.4712512398 124001.0944021382
136489.1904918333 124962.2669856908
130741.0908780772 127525.3938751645
124992.9912643211 128806.9573199013
128984.7271072073 128967.1527504934
131699.1074803699 130569.1070564145
124992.9912643211 129928.3253340461
129942.7437095000 124641.8761245066
137447.2070941260 125603.0487080592
130421.7520106463 124962.2669856908
138884.2319975650 125122.4624162829
137287.5376604106 126404.0258610197
127068.6939026219 131690.4750705592
127547.7022037683 129287.5436116777
126270.3467340447 130408.9116258224
128984.7271072073 129447.7390422697
137127.8682266951 123840.8989715461
137447.2070941260 125923.4395692434
135052.1655883943 125923.4395692434
122917.2886260203 130729.3024870066
135371.5044558252 128166.1755975329
127388.0327700528 129928.3253340461
137606.8765278415 123520.5081103618
134413.4878535325 127845.7847363487
124673.6523968902 131209.8887787829
128186.3799386301 130248.7161952303
126270.3467340447 126884.6121527961

135531.1738895407 125923.4395692434
131220.0991792236 123200.1172491777
134253.8184198171 126884.6121527961
127068.6939026219 127044.8075833882
129623.4048420691 125603.0487080592
136169.8516244025 124962.2669856908
129304.0659746382 130889.4979175987
125791.3384328984 128646.7618893092
126589.6856014756 127044.8075833882
132337.7852152317 126404.0258610197
128026.7105049146 125122.4624162829
127228.3633363374 128166.1755975329
131220.0991792236 131209.8887787829
136489.1904918333 124321.4852633224
122438.2803248740 129287.5436116777
127228.3633363374 129287.5436116777
134732.8267209634 125923.4395692434
138724.5625638496 125282.6578468750
137127.8682266951 126724.4167222040
131379.7686129390 127525.3938751645
125471.9995654675 131370.0842093750
131060.4297455081 130569.1070564145
126589.6856014756 131049.6933481908
130421.7520106463 124802.0715550987
128984.7271072073 128005.9801669408
133774.8101186707 124321.4852633224
132976.4629500935 129607.9344728618
129783.0742757845 130088.5207646382
129942.7437095000 123840.8989715461
121799.6025900122 130408.9116258224
122118.9414574431 130248.7161952303
131539.4380466545 123840.8989715461
130741.0908780772 124001.0944021382
126909.0244689065 126083.6349998355
135531.1738895407 121918.5538044408
134253.8184198171 122238.9446656250
126430.0161677602 126564.2212916118
125312.3301317520 130569.1070564145
124354.3135294594 128486.5664587171
130421.7520106463 126724.4167222040
131379.7686129390 128005.9801669408
132178.1157815162 129928.3253340461
131539.4380466545 130889.4979175987
135052.1655883943 126724.4167222040
131858.7769140854 129127.3481810855
136968.1987929797 125603.0487080592
138245.5542627033 125763.2441386513
127547.7022037683 131850.6705011514
127068.6939026219 128806.9573199013
130900.7603117927 128005.9801669408
136808.5293592642 124802.0715550987
124513.9829631748 128326.3710281250
131060.4297455081 125923.4395692434
130421.7520106463 128806.9573199013
126589.6856014756 130408.9116258224
137926.2153952724 125923.4395692434

128026.7105049146 125282.6578468750
120522.2471202886 130088.5207646382
128346.0493723455 129447.7390422697
129623.4048420691 125923.4395692434
128984.7271072073 124481.6806939145
130262.0825769309 127845.7847363487
128186.3799386301 129287.5436116777
130262.0825769309 125122.4624162829
128825.0576734919 128646.7618893092
134094.1489861016 123039.9218185855
135531.1738895407 126243.8304304276
129144.3965409228 131370.0842093750
122118.9414574431 128806.9573199013
130741.0908780772 130408.9116258224
128346.0493723455 127365.1984445724
135211.8350221097 122399.1400962171
123076.9580597358 129127.3481810855
129304.0659746382 128166.1755975329
130741.0908780772 129127.3481810855
133455.4712512398 126243.8304304276
135211.8350221097 127525.3938751645
123236.6274934512 128486.5664587171
134892.4961546789 121117.5766514803
133295.8018175244 128646.7618893092
127547.7022037683 125603.0487080592
138085.8848289878 123680.7035409540
137287.5376604106 126724.4167222040
130421.7520106463 129607.9344728618
126430.0161677602 127685.5893057566
130262.0825769309 127044.8075833882
132976.4629500935 129447.7390422697
125312.3301317520 127205.0030139803
128984.7271072073 130408.9116258224
135850.5127569715 121918.5538044408
131220.0991792236 127044.8075833882
122118.9414574431 130569.1070564145
133455.4712512398 123680.7035409540
128026.7105049146 131850.6705011514
126430.0161677602 129287.5436116777
133774.8101186707 122078.7492350329
137127.8682266951 123840.8989715461
126270.3467340447 128646.7618893092
136808.5293592642 125923.4395692434
130102.4131432154 124001.0944021382
125471.9995654675 128486.5664587171
126430.0161677602 131049.6933481908
124833.3218306057 129768.1299034540
136169.8516244025 122078.7492350329
137926.2153952724 126243.8304304276
131699.1074803699 129607.9344728618
127547.7022037683 130729.3024870066
134413.4878535325 121918.5538044408
129623.4048420691 124481.6806939145
123555.9663608821 131049.6933481908
124194.6440957439 130569.1070564145
133615.1406849553 123360.3126797698

131220.0991792236 130569.1070564145
128825.0576734919 127205.0030139803
134892.4961546789 120797.1857902961
136968.1987929797 123039.9218185855
126430.0161677602 131850.6705011514
133774.8101186707 128967.1527504934
135052.1655883943 125923.4395692434
135531.1738895407 125282.6578468750
132816.7935163780 126884.6121527961
125791.3384328984 127525.3938751645
138085.8848289878 124641.8761245066
136169.8516244025 127365.1984445724
135531.1738895407 126083.6349998355
134732.8267209634 122719.5309574013
130262.0825769309 125282.6578468750
124673.6523968902 127525.3938751645
124354.3135294594 129287.5436116777
126589.6856014756 131690.4750705592
130421.7520106463 128967.1527504934
121480.2637225813 129607.9344728618
126430.0161677602 131370.0842093750
122757.6191923049 128646.7618893092
135371.5044558252 126404.0258610197
131539.4380466545 126564.2212916118
133934.4795523862 125282.6578468750
127388.0327700528 131690.4750705592
128984.7271072073 125282.6578468750
123396.2969271667 128967.1527504934
132497.4546489472 126083.6349998355
131539.4380466545 123520.5081103618
138245.5542627033 124481.6806939145
135850.5127569715 122238.9446656250
134413.4878535325 128326.3710281250
124833.3218306057 128326.3710281250
131699.1074803699 123039.9218185855
136808.5293592642 123039.9218185855
130102.4131432154 130729.3024870066
127228.3633363374 127365.1984445724
131379.7686129390 128967.1527504934
126749.3550351911 129607.9344728618
126110.6773003293 130569.1070564145
137127.8682266951 125763.2441386513
134094.1489861016 121758.3583738487
133136.1323838090 128005.9801669408
133136.1323838090 125603.0487080592
131220.0991792236 130088.5207646382
132976.4629500935 127205.0030139803
123396.2969271667 129447.7390422697
129144.3965409228 130088.5207646382
134413.4878535325 126724.4167222040
127228.3633363374 129287.5436116777
135850.5127569715 126724.4167222040
136489.1904918333 126404.0258610197
123076.9580597358 129607.9344728618
128984.7271072073 131690.4750705592
125631.6689991829 127365.1984445724

128665.3882397764 132491.4522235197
128346.0493723455 131850.6705011514
129463.7354083536 131209.8887787829
126749.3550351911 130569.1070564145
131699.1074803699 130569.1070564145
121799.6025900122 129928.3253340461
120841.5859877195 129768.1299034540
121959.2720237277 129768.1299034540
132976.4629500935 129607.9344728618
133774.8101186707 128967.1527504934
122438.2803248740 128806.9573199013
124194.6440957439 128806.9573199013
128186.3799386301 128486.5664587171
123875.3052283130 128326.3710281250
125791.3384328984 128326.3710281250
124194.6440957439 128005.9801669408
128665.3882397764 127685.5893057566
126270.3467340447 127525.3938751645
132018.4463478008 127365.1984445724
128505.7188060610 127044.8075833882
126430.0161677602 126884.6121527961
133295.8018175244 126724.4167222040
131379.7686129390 126564.2212916118
132976.4629500935 126083.6349998355
134413.4878535325 125923.4395692434
136010.1821906870 125282.6578468750
130262.0825769309 124641.8761245066
135371.5044558252 124321.4852633224
132018.4463478008 124161.2898327303
135052.1655883943 123840.8989715461
130581.4214443618 123680.7035409540
137287.5376604106 123360.3126797698
132657.1240826626 123200.1172491777
134892.4961546789 123039.9218185855
134732.8267209634 122238.9446656250
135690.8433232561 121598.1629432566
132178.1157815162 129928.3253340461
124833.3218306057 128005.9801669408
126110.6773003293 127845.7847363487
139203.5708649959 124641.8761245066
130741.0908780772 131049.6933481908
131539.4380466545 123039.9218185855
128186.3799386301 128967.1527504934
134413.4878535325 126564.2212916118
139363.2402987114 125122.4624162829
134732.8267209634 124802.0715550987
128346.0493723455 129447.7390422697
130421.7520106463 127525.3938751645
127388.0327700528 125603.0487080592
132337.7852152317 129607.9344728618
124194.6440957439 129447.7390422697
130421.7520106463 130088.5207646382
123875.3052283130 128166.1755975329
131858.7769140854 128326.3710281250
128825.0576734919 127525.3938751645
124194.6440957439 130408.9116258224

129304.0659746382 132491.4522235197
125951.0078666138 131850.6705011514
130581.4214443618 131049.6933481908
126749.3550351911 130569.1070564145
123875.3052283130 130408.9116258224
121639.9331562967 130248.7161952303
130262.0825769309 130248.7161952303
121799.6025900122 129928.3253340461
132178.1157815162 129928.3253340461
128026.7105049146 129768.1299034540
130262.0825769309 129287.5436116777
122438.2803248740 129127.3481810855
133774.8101186707 128967.1527504934
123875.3052283130 128326.3710281250
133615.1406849553 128166.1755975329
130741.0908780772 127365.1984445724
128505.7188060610 127044.8075833882
132018.4463478008 126564.2212916118
135690.8433232561 126243.8304304276
132657.1240826626 125923.4395692434
133136.1323838090 125282.6578468750
131060.4297455081 124802.0715550987
134732.8267209634 124802.0715550987
135690.8433232561 124641.8761245066
135052.1655883943 123840.8989715461
136968.1987929797 123680.7035409540
131379.7686129390 123520.5081103618
132976.4629500935 123520.5081103618
137606.8765278415 123200.1172491777
131539.4380466545 123039.9218185855
136808.5293592642 123039.9218185855
134094.1489861016 122879.7263879934
135850.5127569715 122238.9446656250
135690.8433232561 121598.1629432566
129783.0742757845 124481.6806939145
128825.0576734919 126884.6121527961
124992.9912643211 127525.3938751645
139043.9014312805 124641.8761245066
129783.0742757845 125923.4395692434
128346.0493723455 127685.5893057566
126430.0161677602 126884.6121527961
133934.4795523862 128806.9573199013
120841.5859877195 129768.1299034540
128825.0576734919 127525.3938751645
127228.3633363374 129768.1299034540
126270.3467340447 127525.3938751645
124194.6440957439 130088.5207646382
127228.3633363374 130088.5207646382
129623.4048420691 127044.8075833882
128346.0493723455 132010.8659317434
134253.8184198171 122719.5309574013
126110.6773003293 127845.7847363487
130421.7520106463 128005.9801669408
128186.3799386301 128486.5664587171
137127.8682266951 125122.4624162829
130900.7603117927 126884.6121527961

126749.3550351911 131850.6705011514
132337.7852152317 129607.9344728618
132976.4629500935 129607.9344728618
124194.6440957439 129447.7390422697
134253.8184198171 128646.7618893092
134892.4961546789 128486.5664587171
136169.8516244025 124161.2898327303
131379.7686129390 123520.5081103618
124833.3218306057 127525.3938751645
131539.4380466545 123039.9218185855
127707.3716374837 125603.0487080592
128505.7188060610 130729.3024870066
128665.3882397764 125282.6578468750
128984.7271072073 129768.1299034540
129623.4048420691 124161.2898327303
130262.0825769309 129287.5436116777
127707.3716374837 130729.3024870066
137447.2070941260 123200.1172491777
133136.1323838090 126083.6349998355
133455.4712512398 124962.2669856908
134573.1572872479 123039.9218185855
133295.8018175244 124481.6806939145
134892.4961546789 121277.7720820724
126909.0244689065 128005.9801669408
132657.1240826626 128486.5664587171
134413.4878535325 127044.8075833882
132657.1240826626 125923.4395692434
122917.2886260203 129287.5436116777
122118.9414574431 130408.9116258224
138245.5542627033 124001.0944021382
122438.2803248740 129607.9344728618
134732.8267209634 123360.3126797698
127867.0410711992 126083.6349998355
122278.6108911585 128646.7618893092
134892.4961546789 127685.5893057566
124194.6440957439 130408.9116258224
134732.8267209634 125603.0487080592
135690.8433232561 124802.0715550987
135371.5044558252 126724.4167222040
135531.1738895407 122078.7492350329
130421.7520106463 131690.4750705592
134253.8184198171 124962.2669856908
121320.5942888659 130248.7161952303
135211.8350221097 126243.8304304276
130262.0825769309 130248.7161952303
133774.8101186707 127205.0030139803
131379.7686129390 126564.2212916118
126909.0244689065 127685.5893057566
129304.0659746382 127685.5893057566
130900.7603117927 126884.6121527961
132018.4463478008 126564.2212916118
133455.4712512398 121758.3583738487
126430.0161677602 128806.9573199013
131220.0991792236 130088.5207646382
128346.0493723455 125603.0487080592
133136.1323838090 128166.1755975329

135371.5044558252 121918.5538044408
133934.4795523862 125923.4395692434
128665.3882397764 132491.4522235197
129623.4048420691 128967.1527504934
122757.6191923049 128646.7618893092
127867.0410711992 126564.2212916118
132816.7935163780 124481.6806939145
125152.6606980366 130088.5207646382
124034.9746620284 131209.8887787829
136808.5293592642 127044.8075833882
130102.4131432154 131209.8887787829
134413.4878535325 127365.1984445724
135531.1738895407 124962.2669856908
124992.9912643211 127845.7847363487
133615.1406849553 123840.8989715461
128825.0576734919 126243.8304304276
132337.7852152317 128166.1755975329
135211.8350221097 121277.7720820724
129304.0659746382 128326.3710281250
120841.5859877195 130088.5207646382
128186.3799386301 128326.3710281250
131539.4380466545 123039.9218185855
130741.0908780772 125763.2441386513
137766.5459615569 126243.8304304276
131220.0991792236 127205.0030139803
136648.8599255488 127044.8075833882
131539.4380466545 128486.5664587171
128825.0576734919 130889.4979175987
128825.0576734919 127685.5893057566
125631.6689991829 129928.3253340461
134413.4878535325 122399.1400962171
129304.0659746382 129607.9344728618
121639.9331562967 130408.9116258224
128505.7188060610 125282.6578468750
131539.4380466545 127845.7847363487
126909.0244689065 126884.6121527961
125471.9995654675 129447.7390422697
129304.0659746382 130408.9116258224
131220.0991792236 128806.9573199013
129144.3965409228 131049.6933481908
126749.3550351911 131530.2796399671
128186.3799386301 132010.8659317434
131220.0991792236 130088.5207646382
130581.4214443618 129127.3481810855
131379.7686129390 124481.6806939145
134413.4878535325 124962.2669856908
120522.2471202886 130088.5207646382
131060.4297455081 128166.1755975329
127228.3633363374 127365.1984445724
125152.6606980366 127365.1984445724
129463.7354083536 129127.3481810855
132816.7935163780 122719.5309574013
127707.3716374837 131850.6705011514
133295.8018175244 126404.0258610197
124513.9829631748 127845.7847363487
132976.4629500935 126884.6121527961

125951.0078666138 131850.6705011514
126749.3550351911 131850.6705011514
129304.0659746382 131690.4750705592
124513.9829631748 131049.6933481908
124194.6440957439 130408.9116258224
121639.9331562967 130248.7161952303
121799.6025900122 129928.3253340461
124513.9829631748 129928.3253340461
120841.5859877195 129768.1299034540
132337.7852152317 129607.9344728618
122438.2803248740 129127.3481810855
124034.9746620284 129127.3481810855
128186.3799386301 128967.1527504934
124194.6440957439 128806.9573199013
133934.4795523862 128806.9573199013
134253.8184198171 128646.7618893092
123875.3052283130 128326.3710281250
131858.7769140854 128326.3710281250
124992.9912643211 127525.3938751645
126270.3467340447 127525.3938751645
128346.0493723455 127525.3938751645
128825.0576734919 127525.3938751645
130741.0908780772 127365.1984445724
128505.7188060610 127044.8075833882
129304.0659746382 126884.6121527961
132018.4463478008 126564.2212916118
134413.4878535325 126564.2212916118
133455.4712512398 126404.0258610197
135690.8433232561 126243.8304304276
130262.0825769309 125923.4395692434
130581.4214443618 125442.8532774671
136010.1821906870 125282.6578468750
139203.5708649959 124641.8761245066
132018.4463478008 124161.2898327303
136169.8516244025 124161.2898327303
136968.1987929797 123680.7035409540
131379.7686129390 123520.5081103618
136489.1904918333 123520.5081103618
132976.4629500935 123200.1172491777
137606.8765278415 123200.1172491777
134732.8267209634 122238.9446656250
135690.8433232561 121598.1629432566
134892.4961546789 120797.1857902961
128346.0493723455 129447.7390422697
126430.0161677602 126884.6121527961
129783.0742757845 125923.4395692434
134253.8184198171 122719.5309574013
132976.4629500935 123520.5081103618
133774.8101186707 128967.1527504934
133136.1323838090 125282.6578468750
131539.4380466545 130408.9116258224
132976.4629500935 129607.9344728618
135052.1655883943 123840.8989715461
124354.3135294594 128166.1755975329
129463.7354083536 131209.8887787829
130421.7520106463 130088.5207646382

129623.4048420691 126564.2212916118
131699.1074803699 123520.5081103618
134413.4878535325 122078.7492350329
128984.7271072073 132811.8430847040
123396.2969271667 129287.5436116777
132657.1240826626 128486.5664587171
125791.3384328984 127845.7847363487
137766.5459615569 126404.0258610197
136169.8516244025 123840.8989715461
130581.4214443618 127685.5893057566
129942.7437095000 127685.5893057566
137766.5459615569 124321.4852633224
134094.1489861016 123200.1172491777
125152.6606980366 127044.8075833882
133136.1323838090 127685.5893057566
136169.8516244025 125122.4624162829
123875.3052283130 127845.7847363487
134732.8267209634 127044.8075833882
125312.3301317520 127685.5893057566
137766.5459615569 123680.7035409540
137766.5459615569 123520.5081103618
124992.9912643211 131370.0842093750
125631.6689991829 129607.9344728618
122597.9497585894 129768.1299034540
135531.1738895407 127365.1984445724
129463.7354083536 128326.3710281250
134732.8267209634 127365.1984445724
126909.0244689065 127365.1984445724
132657.1240826626 124962.2669856908
132816.7935163780 125923.4395692434
136329.5210581179 123200.1172491777
126589.6856014756 127525.3938751645
129942.7437095000 124321.4852633224
133934.4795523862 126404.0258610197
134892.4961546789 125603.0487080592
127068.6939026219 131049.6933481908
130421.7520106463 125442.8532774671
135850.5127569715 123840.8989715461
138245.5542627033 125442.8532774671
126909.0244689065 130729.3024870066
129304.0659746382 125442.8532774671
129942.7437095000 131850.6705011514
133934.4795523862 124321.4852633224
134732.8267209634 128646.7618893092
126749.3550351911 128806.9573199013
130102.4131432154 124001.0944021382
134573.1572872479 120957.3812208882
131220.0991792236 123840.8989715461
122597.9497585894 129127.3481810855
122917.2886260203 128326.3710281250
135211.8350221097 122399.1400962171
133295.8018175244 123039.9218185855
128505.7188060610 125122.4624162829
123396.2969271667 129768.1299034540
125631.6689991829 131049.6933481908
132178.1157815162 127845.7847363487

129304.0659746382 132491.4522235197
121799.6025900122 129928.3253340461
124034.9746620284 129127.3481810855
127068.6939026219 128806.9573199013
130421.7520106463 127525.3938751645
133295.8018175244 126724.4167222040
127388.0327700528 125603.0487080592
130262.0825769309 124641.8761245066
137287.5376604106 123360.3126797698
129144.3965409228 127525.3938751645
135371.5044558252 121918.5538044408
137447.2070941260 125442.8532774671
124673.6523968902 130408.9116258224
125312.3301317520 131370.0842093750
132976.4629500935 123039.9218185855
127068.6939026219 131530.2796399671
134892.4961546789 123039.9218185855
131379.7686129390 130889.4979175987
121001.2554214350 130248.7161952303
136489.1904918333 123520.5081103618
129623.4048420691 126724.4167222040
127547.7022037683 128166.1755975329
124034.9746620284 128005.9801669408
129942.7437095000 124962.2669856908
128186.3799386301 130569.1070564145
133295.8018175244 122879.7263879934
126909.0244689065 130088.5207646382
134094.1489861016 122879.7263879934
127547.7022037683 131370.0842093750
127068.6939026219 126243.8304304276
129144.3965409228 127044.8075833882
122917.2886260203 129127.3481810855
131858.7769140854 130729.3024870066
132976.4629500935 123520.5081103618
129144.3965409228 129607.9344728618
124833.3218306057 128005.9801669408
127707.3716374837 128005.9801669408
120681.9165540041 129768.1299034540
135690.8433232561 127845.7847363487
124513.9829631748 127205.0030139803
122597.9497585894 128646.7618893092
129463.7354083536 130889.4979175987
138884.2319975650 125603.0487080592
135211.8350221097 125603.0487080592
136489.1904918333 122879.7263879934
134253.8184198171 126083.6349998355
134573.1572872479 122399.1400962171
123715.6357945976 128326.3710281250
129783.0742757845 128166.1755975329
131539.4380466545 127205.0030139803
135371.5044558252 122879.7263879934
128026.7105049146 129768.1299034540
128186.3799386301 127685.5893057566
129144.3965409228 130569.1070564145
132976.4629500935 124641.8761245066
136489.1904918333 125603.0487080592

129304.0659746382 131690.4750705592
129463.7354083536 131209.8887787829
123875.3052283130 130408.9116258224
130421.7520106463 130088.5207646382
129144.3965409228 129928.3253340461
120841.5859877195 129768.1299034540
132976.4629500935 129607.9344728618
124194.6440957439 129447.7390422697
122757.6191923049 129287.5436116777
130262.0825769309 129287.5436116777
121639.9331562967 129127.3481810855
124034.9746620284 129127.3481810855
133774.8101186707 128967.1527504934
130900.7603117927 128806.9573199013
128186.3799386301 128486.5664587171
124354.3135294594 128166.1755975329
129942.7437095000 127685.5893057566
125152.6606980366 127205.0030139803
132337.7852152317 126884.6121527961
135052.1655883943 126724.4167222040
126430.0161677602 126564.2212916118
134413.4878535325 126564.2212916118
135690.8433232561 126243.8304304276
137287.5376604106 126243.8304304276
136010.1821906870 125763.2441386513
136329.5210581179 125282.6578468750
129783.0742757845 124481.6806939145
131060.4297455081 124321.4852633224
137926.2153952724 124321.4852633224
129783.0742757845 124161.2898327303
136169.8516244025 124161.2898327303
135052.1655883943 123840.8989715461
136489.1904918333 123520.5081103618
137287.5376604106 123360.3126797698
134732.8267209634 122238.9446656250
135531.1738895407 122078.7492350329
134892.4961546789 120797.1857902961
129304.0659746382 132331.2567929276
133455.4712512398 126404.0258610197
128346.0493723455 132010.8659317434
133774.8101186707 126564.2212916118
135850.5127569715 125923.4395692434
129304.0659746382 126884.6121527961
130262.0825769309 130408.9116258224
124833.3218306057 128005.9801669408
130421.7520106463 126884.6121527961
124194.6440957439 130088.5207646382
136808.5293592642 124161.2898327303
124513.9829631748 129928.3253340461
130900.7603117927 129127.3481810855
128186.3799386301 128967.1527504934
139203.5708649959 124641.8761245066
130581.4214443618 125442.8532774671
127228.3633363374 130088.5207646382
135690.8433232561 124641.8761245066
128186.3799386301 128005.9801669408

129623.4048420691 124001.0944021382
125152.6606980366 127044.8075833882
136648.8599255488 125923.4395692434
130421.7520106463 128486.5664587171
135690.8433232561 126724.4167222040
132178.1157815162 122399.1400962171
134892.4961546789 120957.3812208882
131220.0991792236 127525.3938751645
134094.1489861016 123039.9218185855
125312.3301317520 131209.8887787829
133136.1323838090 125603.0487080592
128825.0576734919 132171.0613623355
128984.7271072073 128806.9573199013
136808.5293592642 125282.6578468750
138245.5542627033 125923.4395692434
132976.4629500935 124161.2898327303
131220.0991792236 123520.5081103618
135690.8433232561 122078.7492350329
121001.2554214350 130248.7161952303
123396.2969271667 129768.1299034540
127068.6939026219 129607.9344728618
130421.7520106463 130088.5207646382
131060.4297455081 126564.2212916118
128984.7271072073 128005.9801669408
129304.0659746382 126724.4167222040
122917.2886260203 129127.3481810855
133615.1406849553 124962.2669856908
134573.1572872479 125603.0487080592
129783.0742757845 131530.2796399671
136169.8516244025 124161.2898327303
133455.4712512398 127205.0030139803
136010.1821906870 124321.4852633224
136329.5210581179 122078.7492350329
131858.7769140854 128806.9573199013
133295.8018175244 126083.6349998355
137606.8765278415 124641.8761245066
127547.7022037683 128967.1527504934
129463.7354083536 129928.3253340461
132337.7852152317 125923.4395692434
122757.6191923049 129768.1299034540
122438.2803248740 128806.9573199013
130741.0908780772 125763.2441386513
137766.5459615569 124962.2669856908
133934.4795523862 127845.7847363487
136010.1821906870 125282.6578468750
125631.6689991829 130408.9116258224
133136.1323838090 121918.5538044408
137926.2153952724 126083.6349998355
135211.8350221097 126564.2212916118
122118.9414574431 130408.9116258224
133136.1323838090 124962.2669856908
135052.1655883943 124001.0944021382
136648.8599255488 122879.7263879934
127547.7022037683 127044.8075833882
132178.1157815162 123360.3126797698
127388.0327700528 127205.0030139803

129304.0659746382 132331.2567929276
129304.0659746382 131690.4750705592
130262.0825769309 130248.7161952303
124513.9829631748 129928.3253340461
129144.3965409228 129928.3253340461
132178.1157815162 129607.9344728618
132976.4629500935 129607.9344728618
124194.6440957439 129447.7390422697
130262.0825769309 129287.5436116777
121639.9331562967 129127.3481810855
133774.8101186707 128967.1527504934
130900.7603117927 128806.9573199013
134253.8184198171 128646.7618893092
128186.3799386301 128486.5664587171
129942.7437095000 127685.5893057566
125152.6606980366 127205.0030139803
129304.0659746382 126884.6121527961
132337.7852152317 126884.6121527961
135052.1655883943 126724.4167222040
126430.0161677602 126564.2212916118
133774.8101186707 126564.2212916118
136329.5210581179 125282.6578468750
130262.0825769309 124641.8761245066
129783.0742757845 124481.6806939145
131060.4297455081 124321.4852633224
136169.8516244025 124161.2898327303
135052.1655883943 123840.8989715461
134892.4961546789 123039.9218185855
132816.7935163780 122879.7263879934
134732.8267209634 122238.9446656250
135531.1738895407 122078.7492350329
134892.4961546789 120797.1857902961
136489.1904918333 123520.5081103618
137287.5376604106 126243.8304304276
130581.4214443618 123680.7035409540
123875.3052283130 130408.9116258224
130421.7520106463 126884.6121527961
135690.8433232561 126243.8304304276
123875.3052283130 128806.9573199013
124354.3135294594 128166.1755975329
125791.3384328984 128326.3710281250
135052.1655883943 127685.5893057566
136648.8599255488 125122.4624162829
127228.3633363374 130088.5207646382
135690.8433232561 127365.1984445724
135690.8433232561 124641.8761245066
120841.5859877195 129768.1299034540
134732.8267209634 124802.0715550987
128186.3799386301 128005.9801669408
127068.6939026219 128806.9573199013
128825.0576734919 126884.6121527961
129463.7354083536 125603.0487080592
130581.4214443618 125442.8532774671
136010.1821906870 125763.2441386513
139203.5708649959 124641.8761245066
128026.7105049146 132010.8659317434

127547.7022037683 132331.2567929276
129304.0659746382 132331.2567929276
129304.0659746382 131690.4750705592
129144.3965409228 131049.6933481908
129463.7354083536 130889.4979175987
131539.4380466545 130729.3024870066
123396.2969271667 130569.1070564145
123875.3052283130 130408.9116258224
121160.9248551504 130248.7161952303
121799.6025900122 130088.5207646382
128026.7105049146 129768.1299034540
123875.3052283130 129447.7390422697
124034.9746620284 129127.3481810855
124833.3218306057 128967.1527504934
133774.8101186707 128967.1527504934
130900.7603117927 128806.9573199013
128186.3799386301 128486.5664587171
126110.6773003293 128326.3710281250
128505.7188060610 128326.3710281250
131858.7769140854 128326.3710281250
126110.6773003293 128005.9801669408
132018.4463478008 128005.9801669408
132657.1240826626 127525.3938751645
135690.8433232561 127365.1984445724
135052.1655883943 126724.4167222040
132018.4463478008 126564.2212916118
132976.4629500935 126083.6349998355
130900.7603117927 125282.6578468750
136808.5293592642 125122.4624162829
132657.1240826626 124802.0715550987
135690.8433232561 124641.8761245066
139203.5708649959 124641.8761245066
135052.1655883943 123840.8989715461
132976.4629500935 123520.5081103618
134253.8184198171 122719.5309574013
132657.1240826626 122559.3355268092
135531.1738895407 122078.7492350329
136010.1821906870 125763.2441386513
122757.6191923049 129287.5436116777
134413.4878535325 121918.5538044408
128665.3882397764 132491.4522235197
136169.8516244025 124161.2898327303
129783.0742757845 128806.9573199013
136489.1904918333 123520.5081103618
133615.1406849553 128166.1755975329
128346.0493723455 128967.1527504934
124354.3135294594 128166.1755975329
128984.7271072073 127525.3938751645
132497.4546489472 130248.7161952303
133934.4795523862 128806.9573199013
132976.4629500935 124161.2898327303
131379.7686129390 123520.5081103618
133295.8018175244 126724.4167222040
131539.4380466545 128166.1755975329
136169.8516244025 122078.7492350329
125152.6606980366 131530.2796399671

126749.3550351911 131850.6705011514
123875.3052283130 130408.9116258224
132178.1157815162 129928.3253340461
128026.7105049146 129768.1299034540
123875.3052283130 129127.3481810855
135690.8433232561 127365.1984445724
135690.8433232561 126243.8304304276
127547.7022037683 125763.2441386513
136329.5210581179 125282.6578468750
134732.8267209634 124161.2898327303
131539.4380466545 123039.9218185855
126430.0161677602 126404.0258610197
129623.4048420691 126083.6349998355
129623.4048420691 124161.2898327303
131539.4380466545 123200.1172491777
134094.1489861016 124161.2898327303
124833.3218306057 128967.1527504934
127867.0410711992 126884.6121527961
136648.8599255488 124802.0715550987
122917.2886260203 129768.1299034540
124513.9829631748 129768.1299034540
127707.3716374837 125603.0487080592
127068.6939026219 128326.3710281250
132976.4629500935 123200.1172491777
134253.8184198171 122879.7263879934
125951.0078666138 127365.1984445724
123396.2969271667 128967.1527504934
123555.9663608821 128486.5664587171
131699.1074803699 127685.5893057566
132816.7935163780 127845.7847363487
133295.8018175244 126724.4167222040
132018.4463478008 124161.2898327303
130900.7603117927 131370.0842093750
125471.9995654675 128646.7618893092
135531.1738895407 123200.1172491777
132497.4546489472 128326.3710281250
133136.1323838090 127365.1984445724
134732.8267209634 122238.9446656250
128505.7188060610 132651.6476541118
120841.5859877195 129768.1299034540
133136.1323838090 125442.8532774671
131379.7686129390 128646.7618893092
125951.0078666138 129768.1299034540
128505.7188060610 127205.0030139803
128825.0576734919 130088.5207646382
129304.0659746382 129607.9344728618
129144.3965409228 129928.3253340461
122438.2803248740 130248.7161952303
134413.4878535325 126243.8304304276
125471.9995654675 130729.3024870066
137606.8765278415 124962.2669856908
136489.1904918333 123680.7035409540
128984.7271072073 129447.7390422697
129304.0659746382 128646.7618893092
129942.7437095000 124161.2898327303
135690.8433232561 122238.9446656250

121959.2720237277 129607.9344728618
138245.5542627033 124802.0715550987
123236.6274934512 129287.5436116777
126270.3467340447 130569.1070564145
131699.1074803699 126564.2212916118
136329.5210581179 126083.6349998355
135850.5127569715 127205.0030139803
134413.4878535325 127365.1984445724
134892.4961546789 122399.1400962171
128984.7271072073 130088.5207646382
132178.1157815162 123360.3126797698
128984.7271072073 132331.2567929276
127068.6939026219 126243.8304304276
123236.6274934512 129447.7390422697
132657.1240826626 128806.9573199013
125631.6689991829 130408.9116258224
137287.5376604106 125603.0487080592
127228.3633363374 128005.9801669408
129623.4048420691 126083.6349998355
134573.1572872479 125763.2441386513
129623.4048420691 128967.1527504934
128186.3799386301 130569.1070564145
135371.5044558252 127205.0030139803
139363.2402987114 125122.4624162829
134094.1489861016 123840.8989715461
126749.3550351911 128326.3710281250
135850.5127569715 126884.6121527961
132497.4546489472 123200.1172491777
125312.3301317520 129447.7390422697
135850.5127569715 123039.9218185855
127228.3633363374 126083.6349998355
129304.0659746382 131850.6705011514
129783.0742757845 124321.4852633224
130741.0908780772 130088.5207646382
134892.4961546789 121277.7720820724
130900.7603117927 127044.8075833882
134094.1489861016 122238.9446656250
122597.9497585894 128806.9573199013
126430.0161677602 130408.9116258224
132657.1240826626 130088.5207646382
137287.5376604106 126243.8304304276
127707.3716374837 131049.6933481908
127707.3716374837 125282.6578468750
134094.1489861016 128967.1527504934
121639.9331562967 129928.3253340461
126270.3467340447 128646.7618893092
129144.3965409228 130729.3024870066
134732.8267209634 121277.7720820724
129623.4048420691 124802.0715550987
129623.4048420691 130088.5207646382
133615.1406849553 127365.1984445724
128665.3882397764 126243.8304304276
127388.0327700528 125442.8532774671
127068.6939026219 126884.6121527961
123715.6357945976 128326.3710281250
126749.3550351911 126884.6121527961

129304.0659746382 128646.7618893092
122438.2803248740 128967.1527504934
134892.4961546789 128486.5664587171
134413.4878535325 123200.1172491777
138245.5542627033 124962.2669856908
135690.8433232561 123840.8989715461
127547.7022037683 126724.4167222040
135371.5044558252 121437.9675126645
135690.8433232561 121918.5538044408
128505.7188060610 128326.3710281250
135052.1655883943 126724.4167222040
124833.3218306057 130729.3024870066
132497.4546489472 129607.9344728618
128026.7105049146 125763.2441386513
127547.7022037683 129768.1299034540
126589.6856014756 126884.6121527961
139203.5708649959 124962.2669856908
134253.8184198171 121758.3583738487
137447.2070941260 125923.4395692434
126110.6773003293 127685.5893057566
133455.4712512398 124161.2898327303
130741.0908780772 129607.9344728618
133615.1406849553 124962.2669856908
131060.4297455081 129768.1299034540
132976.4629500935 122879.7263879934
133774.8101186707 126404.0258610197
123076.9580597358 130248.7161952303
122118.9414574431 129447.7390422697
130900.7603117927 128967.1527504934
134732.8267209634 120957.3812208882
134413.4878535325 127205.0030139803
123236.6274934512 128326.3710281250
126110.6773003293 130088.5207646382
129304.0659746382 129928.3253340461
123555.9663608821 128646.7618893092
125152.6606980366 127845.7847363487
126589.6856014756 127044.8075833882
132816.7935163780 127365.1984445724
129623.4048420691 129768.1299034540
123236.6274934512 128646.7618893092
126270.3467340447 131370.0842093750
130581.4214443618 128005.9801669408
134094.1489861016 126243.8304304276
127068.6939026219 127845.7847363487
129623.4048420691 129447.7390422697
126749.3550351911 129447.7390422697
122917.2886260203 128326.3710281250
131220.0991792236 124641.8761245066
135690.8433232561 126404.0258610197
125312.3301317520 131049.6933481908
129623.4048420691 124161.2898327303
134732.8267209634 120797.1857902961
127388.0327700528 126404.0258610197
124354.3135294594 130889.4979175987
129783.0742757845 126724.4167222040
122118.9414574431 130408.9116258224

132976.4629500935 123680.7035409540
131060.4297455081 128486.5664587171
125471.9995654675 131370.0842093750
136010.1821906870 125282.6578468750
131858.7769140854 125923.4395692434
134413.4878535325 127365.1984445724
134253.8184198171 128326.3710281250
134732.8267209634 127845.7847363487
131379.7686129390 128166.1755975329
126909.0244689065 126884.6121527961
134253.8184198171 122719.5309574013
127547.7022037683 128646.7618893092
133934.4795523862 121758.3583738487
136010.1821906870 122078.7492350329
127867.0410711992 131049.6933481908
136968.1987929797 125923.4395692434
128026.7105049146 132171.0613623355
138085.8848289878 124962.2669856908
131858.7769140854 130408.9116258224
133295.8018175244 122078.7492350329
126110.6773003293 129287.5436116777
122757.6191923049 128646.7618893092
138245.5542627033 125763.2441386513
124992.9912643211 129127.3481810855
128665.3882397764 124641.8761245066
125631.6689991829 130569.1070564145
126110.6773003293 126884.6121527961
130581.4214443618 129287.5436116777
136169.8516244025 125603.0487080592
128984.7271072073 132171.0613623355
127547.7022037683 126724.4167222040
132976.4629500935 125282.6578468750
124513.9829631748 127685.5893057566
128026.7105049146 126564.2212916118
122757.6191923049 128486.5664587171
128825.0576734919 130088.5207646382
126589.6856014756 131850.6705011514
122917.2886260203 129928.3253340461
128825.0576734919 128486.5664587171
127228.3633363374 128486.5664587171
128984.7271072073 124962.2669856908
123555.9663608821 129928.3253340461
135850.5127569715 122238.9446656250
132976.4629500935 128005.9801669408
131060.4297455081 129287.5436116777
129623.4048420691 130569.1070564145
129783.0742757845 132010.8659317434
135850.5127569715 122879.7263879934
128026.7105049146 130408.9116258224
133615.1406849553 126243.8304304276
132337.7852152317 122559.3355268092
127388.0327700528 127044.8075833882
131699.1074803699 130569.1070564145
131699.1074803699 126564.2212916118
128505.7188060610 132491.4522235197
137926.2153952724 124802.0715550987

129304.0659746382 131690.4750705592
125471.9995654675 131530.2796399671
130741.0908780772 131049.6933481908
131699.1074803699 130569.1070564145
123396.2969271667 129768.1299034540
121480.2637225813 129607.9344728618
132018.4463478008 129447.7390422697
124833.3218306057 128967.1527504934
128665.3882397764 128967.1527504934
125791.3384328984 128326.3710281250
133136.1323838090 128166.1755975329
133774.8101186707 127685.5893057566
132816.7935163780 127525.3938751645
133934.4795523862 127525.3938751645
136329.5210581179 127365.1984445724
125312.3301317520 127205.0030139803
127388.0327700528 127205.0030139803
128505.7188060610 127044.8075833882
136010.1821906870 127044.8075833882
131699.1074803699 126884.6121527961
136169.8516244025 126884.6121527961
133295.8018175244 126724.4167222040
135690.8433232561 126083.6349998355
130581.4214443618 125442.8532774671
129623.4048420691 125122.4624162829
128505.7188060610 124962.2669856908
134253.8184198171 124802.0715550987
135211.8350221097 124641.8761245066
138245.5542627033 124001.0944021382
136329.5210581179 123200.1172491777
133295.8018175244 122078.7492350329
134892.4961546789 121277.7720820724
124034.9746620284 129127.3481810855
123555.9663608821 127845.7847363487
132976.4629500935 123200.1172491777
129144.3965409228 131049.6933481908
138085.8848289878 125603.0487080592
128026.7105049146 132171.0613623355
130741.0908780772 127365.1984445724
123875.3052283130 129447.7390422697
120841.5859877195 129768.1299034540
126589.6856014756 130408.9116258224
129623.4048420691 128005.9801669408
128346.0493723455 129607.9344728618
133774.8101186707 128806.9573199013
127707.3716374837 129607.9344728618
137926.2153952724 123520.5081103618
129463.7354083536 130889.4979175987
122917.2886260203 128967.1527504934
132816.7935163780 122879.7263879934
133136.1323838090 125122.4624162829
136968.1987929797 123680.7035409540
120202.9082528577 129928.3253340461
135690.8433232561 124641.8761245066
123715.6357945976 130889.4979175987
126909.0244689065 132010.8659317434

128026.7105049146 132171.0613623355
125471.9995654675 131530.2796399671
130102.4131432154 131370.0842093750
125471.9995654675 131049.6933481908
127547.7022037683 130889.4979175987
131220.0991792236 130729.3024870066
131699.1074803699 130569.1070564145
124992.9912643211 130248.7161952303
132497.4546489472 130248.7161952303
123396.2969271667 129768.1299034540
121959.2720237277 129607.9344728618
128346.0493723455 129607.9344728618
122757.6191923049 129127.3481810855
124833.3218306057 128967.1527504934
128665.3882397764 128967.1527504934
130900.7603117927 128806.9573199013
123555.9663608821 128486.5664587171
128505.7188060610 128326.3710281250
123555.9663608821 127845.7847363487
133774.8101186707 127685.5893057566
131379.7686129390 127525.3938751645
132816.7935163780 127525.3938751645
130741.0908780772 127365.1984445724
125312.3301317520 127205.0030139803
127388.0327700528 127205.0030139803
136010.1821906870 127044.8075833882
131699.1074803699 126884.6121527961
136010.1821906870 126404.0258610197
135690.8433232561 126243.8304304276
135690.8433232561 126083.6349998355
138085.8848289878 125603.0487080592
130581.4214443618 125442.8532774671
138405.2236964187 125442.8532774671
139203.5708649959 125282.6578468750
129623.4048420691 125122.4624162829
128505.7188060610 124962.2669856908
134253.8184198171 124802.0715550987
138245.5542627033 124001.0944021382
136968.1987929797 123680.7035409540
132976.4629500935 123520.5081103618
137926.2153952724 123520.5081103618
136329.5210581179 123200.1172491777
134413.4878535325 122879.7263879934
120202.9082528577 129928.3253340461
134892.4961546789 121277.7720820724
132657.1240826626 122238.9446656250
128825.0576734919 127525.3938751645
135690.8433232561 124641.8761245066
123236.6274934512 128967.1527504934
135850.5127569715 123039.9218185855
133934.4795523862 127525.3938751645
132816.7935163780 124802.0715550987
129463.7354083536 126724.4167222040
122917.2886260203 128967.1527504934
123875.3052283130 130408.9116258224
133136.1323838090 126243.8304304276

