86394963.3255257308 741264.7416992188
88860780.5188112855 755581.3090820312
89044135.9181162417 755834.0209960938
87513120.5083915740 747848.3339843750
85342902.5788959563 737439.8146972656
84970848.8163238019 728618.0771484375
86488575.7199508548 747802.3530273438
85244388.2375109643 732545.5217285156
85950366.1429322362 739506.1618652344
86446267.5643211156 743718.6132812500
85968312.2775829434 740475.0209960938
83844506.9793567210 712541.4062500000
84321963.6924478561 713641.0200195312
84414178.4195466191 726332.7895507812
84994238.8825471699 731747.8022460938
91301340.1622235477 758023.6889648438
87706287.6542594433 754010.7114257812
86405766.6641867459 741307.9702148438
