499489962.3303675056 11314612.3906250000
484305754.7264097333 10979872.9960937500
489609020.5413528085 11235190.8671875000
489695269.8438721895 11249483.9960937500
497676378.0703929663 11304423.1289062500
484694462.3033488393 11168776.9296875000
486960932.0887135863 11193620.5429687500
498694990.2123302221 11308747.9765625000
490021984.1986481547 11255025.8203125000
496455028.5109791160 11293265.3554687500
486302182.1710765958 11191195.0000000000
500784780.5138584375 11316390.6328125000
495286156.3939211965 11282218.3554687500
493049291.9964279532 11274944.1796875000
487034764.9272333384 11207885.1757812500
488229091.7692914605 11231948.3984375000
492352525.7817379236 11266333.5234375000
492880449.6886256337 11272632.9296875000
490219392.9024090767 11263033.1054687500
488186257.0780476928 11212238.5195312500
