802195426.5502723455 5995.6358003616
801620345.7194991112 5984.9913128614
802540605.4500728846 6018.9627966881
782427894.5747469664 5723.9904817343
805026880.3927488327 6020.2112381458
792206781.1493465900 5844.7826777697
806344809.1173145771 6041.1723178625
797649423.2161535025 5982.0670491457
782047535.3630882502 5454.2381078601
782003049.4444552660 5387.8560892344
787816338.3485001326 5821.1218185425
792222244.4744634628 5880.6522190571
793814559.0348914862 5937.0315548182
786888390.9011782408 5737.0021290779
