791899597.3239423037 5957.6652505994
801871826.5351825953 6079.8607650995
781634467.0976825953 5433.4906221032
800293058.0628367662 6055.1701958179
781859599.6569788456 5613.1077268720
784186011.0152280331 5735.3889685869
781853504.4432988167 5433.8904030323
799666956.5436366796 5986.1169131994
799076910.4342300892 5983.9831247926
808014065.7357207537 6098.0560701489
799541640.1625314951 5985.5447225571
781518351.1960572004 5391.5314676762
784790559.4416577816 5789.8283972442
803292500.5466302633 6080.0662231445
779893449.0625823736 4765.4403306544
779894570.7782306671 4902.5345022678
790906123.1100348234 5846.4580218792
780594755.6615436077 5038.1970719248
782427894.5747469664 5723.9904817343
797649423.2161535025 5982.0670491457
787816338.3485001326 5821.1218185425
