220988753.1984931827 75252.2471389771
225244379.9640521407 76650.5057601929
218633850.3645058572 73637.2143630981
218128192.9480711818 72003.4894561768
223916299.5645931959 76272.1590728760
225728613.2776310742 76793.9690551758
215351498.6720441580 58945.9892959595
215636000.9196639657 70836.5765991211
220145258.0791596472 74524.6718597412
217589943.3435005546 71928.6133041382
217671743.2261408269 71981.4173583984
216885277.9774706662 71815.2110519409
219135581.4205890894 73830.4885101318
218229663.8107244074 72308.5481567383
223827423.9805029929 75907.3205718994
220767688.0044704080 74553.0433807373
216201340.1128033698 70893.6202316284
218255859.3769749999 72490.0244445801
219705068.7762193084 74200.4002075195
218675570.5293074548 73700.9478912354
