138444.5874304684 140873.0054926383
138444.5874304684 139916.0839372340
136999.2986043924 138959.1623818298
137962.8244884430 137045.3192710213
138123.4121357848 136885.8323451206
134269.3085995823 135290.9630861135
133626.9580102152 134653.0153825106
137159.8862517342 133696.0938271064
133466.3703628734 131782.2507162979
134590.4838942658 131782.2507162979
135554.0097783165 130825.3291608936
136999.2986043924 129708.9206795886
136838.7109570506 129230.4599018865
132342.2568314810 129070.9729759858
131378.7309474304 128911.4860500851
135232.8344836329 128433.0252723830
136838.7109570506 127795.0775687802
135393.4221309747 126838.1560133759
136678.1233097089 126838.1560133759
130094.0297686962 125881.2344579716
137802.2368411013 125243.2867543688
139086.9380198354 124924.3129025674
134751.0715416076 124445.8521248652
131057.5556527468 124286.3651989645
136517.5356623671 124286.3651989645
139247.5256671772 124286.3651989645
139568.7009618608 124286.3651989645
132342.2568314810 124126.8782730638
136196.3603676835 124126.8782730638
134751.0715416076 123648.4174953617
134429.8962469241 123488.9305694610
139568.7009618608 122850.9828658582
140211.0515512279 122850.9828658582
140371.6391985696 122532.0090140568
140853.4021405950 122532.0090140568
137481.0615464177 122372.5220881560
141656.3403773038 121256.1136068511
141174.5774352785 122053.5482363546
132824.0197735063 131782.2507162979
130896.9680054051 126678.6690874752
137802.2368411013 124286.3651989645
135232.8344836329 131782.2507162979
139889.8762565443 122691.4959399575
137159.8862517342 129389.9468277872
137962.8244884430 124924.3129025674
137641.6491937595 136885.8323451206
139408.1133145190 123488.9305694610
137320.4738990760 140713.5185667376
132502.8444788228 128114.0514205816
134429.8962469241 136088.3977156170
133466.3703628734 132579.6853458014
133787.5456575570 123807.9044212624
132663.4321261646 132420.1984199007
133305.7827155316 134812.5023084113
137962.8244884430 134493.5284566099
133145.1950681899 131782.2507162979
135875.1850730000 124605.3390507660
133787.5456575570 131941.7376421986
137320.4738990760 137364.2931228227
135554.0097783165 123648.4174953617
138123.4121357848 124445.8521248652
137481.0615464177 132101.2245680993
136356.9480150253 137364.2931228227
133948.1333048987 137523.7800487234
137962.8244884430 137683.2669746241
136838.7109570506 140713.5185667376
138926.3503724937 122532.0090140568
134108.7209522405 125402.7736802695
134108.7209522405 134493.5284566099
132824.0197735063 126040.7213838723
135714.5974256582 128911.4860500851
136517.5356623671 137204.8061969220
130415.2050633797 127157.1298651773
135714.5974256582 134812.5023084113
131218.1433000886 129708.9206795886
139247.5256671772 142946.3355293475
135875.1850730000 130665.8422349929
136517.5356623671 129868.4076054894
136838.7109570506 130825.3291608936

136838.7109570506 140713.5185667376
138765.7627251519 139597.1100854327
133948.1333048987 137523.7800487234
134429.8962469241 137364.2931228227
136356.9480150253 137364.2931228227
134429.8962469241 136088.3977156170
134269.3085995823 135290.9630861135
133626.9580102152 134653.0153825106
136035.7727203418 133696.0938271064
137159.8862517342 133696.0938271064
134269.3085995823 132101.2245680993
134590.4838942658 131782.2507162979
134269.3085995823 131144.3030126950
137159.8862517342 129389.9468277872
132502.8444788228 128114.0514205816
133145.1950681899 127954.5644946809
136838.7109570506 127795.0775687802
134108.7209522405 127316.6167910780
134911.6591889494 127316.6167910780
135393.4221309747 126838.1560133759
136999.2986043924 126838.1560133759
134108.7209522405 125402.7736802695
138765.7627251519 125083.7998284681
134751.0715416076 124445.8521248652
133787.5456575570 123807.9044212624
134429.8962469241 123488.9305694610
140211.0515512279 122850.9828658582
140371.6391985696 122532.0090140568
140371.6391985696 122053.5482363546
141174.5774352785 122053.5482363546
141656.3403773038 121256.1136068511
131057.5556527468 125881.2344579716
137481.0615464177 126200.2083097730
137641.6491937595 124924.3129025674
139086.9380198354 124924.3129025674
134429.8962469241 129549.4337536879
137481.0615464177 122372.5220881560
139247.5256671772 124286.3651989645
136356.9480150253 132260.7114940000
135714.5974256582 134493.5284566099
136678.1233097089 138640.1885300284
131057.5556527468 124286.3651989645
133948.1333048987 123329.4436435603
139889.8762565443 122691.4959399575
134429.8962469241 134971.9892343121
134751.0715416076 131622.7637903972
130254.6174160380 126678.6690874752
136838.7109570506 136247.8846415177
132181.6691841393 127954.5644946809
138444.5874304684 139916.0839372340
137802.2368411013 124286.3651989645
136196.3603676835 124126.8782730638
138123.4121357848 141670.4401221419
137962.8244884430 140554.0316408369
137802.2368411013 135290.9630861135
135072.2468362912 123488.9305694610
136999.2986043924 131622.7637903972
134108.7209522405 133377.1199753050
136356.9480150253 131622.7637903972
131539.3185947722 126200.2083097730
136838.7109570506 131941.7376421986
132824.0197735063 125083.7998284681
137481.0615464177 140394.5447149362
132502.8444788228 131463.2768644964
131218.1433000886 129708.9206795886
136678.1233097089 126838.1560133759
138123.4121357848 124445.8521248652
135875.1850730000 124605.3390507660
135554.0097783165 130187.3814572908
133626.9580102152 124286.3651989645
133787.5456575570 130984.8160867943
130094.0297686962 125881.2344579716
139247.5256671772 142946.3355293475
135072.2468362912 136726.3454192198
133466.3703628734 131782.2507162979
136838.7109570506 130027.8945313901
130736.3803580633 124924.3129025674
140853.4021405950 121575.0874586525
139568.7009618608 122850.9828658582

136517.5356623671 139597.1100854327
137962.8244884430 137683.2669746241
134911.6591889494 137523.7800487234
132824.0197735063 134174.5546048085
136356.9480150253 132898.6591976028
136356.9480150253 130984.8160867943
137159.8862517342 128911.4860500851
130415.2050633797 127157.1298651773
136999.2986043924 126838.1560133759
133626.9580102152 124286.3651989645
138926.3503724937 122532.0090140568
140371.6391985696 122053.5482363546
136035.7727203418 131622.7637903972
134590.4838942658 129389.9468277872
136035.7727203418 123010.4697917589
132824.0197735063 126359.6952356738
136678.1233097089 123488.9305694610
131378.7309474304 130187.3814572908
139729.2886092025 122053.5482363546
130575.7927107215 124924.3129025674
135232.8344836329 136885.8323451206
136999.2986043924 126200.2083097730
134108.7209522405 123807.9044212624
131539.3185947722 126040.7213838723
138283.9997831266 141351.4662703404
133787.5456575570 137204.8061969220
135554.0097783165 123807.9044212624
133145.1950681899 127954.5644946809
133948.1333048987 125881.2344579716
134269.3085995823 137842.7539005248
138123.4121357848 138480.7016041277
135072.2468362912 133855.5807530071
131539.3185947722 124126.8782730638
131218.1433000886 128114.0514205816
133787.5456575570 130984.8160867943
130736.3803580633 124605.3390507660
133626.9580102152 125881.2344579716
130736.3803580633 128114.0514205816
137159.8862517342 137204.8061969220
137962.8244884430 124286.3651989645
135232.8344836329 134812.5023084113
135875.1850730000 136566.8584933192
135714.5974256582 126997.6429392766
141495.7527299620 121415.6005327518
136356.9480150253 130506.3553090922
136356.9480150253 134174.5546048085
133305.7827155316 131463.2768644964
138765.7627251519 141032.4924185390
138765.7627251519 142308.3878257447
132342.2568314810 132260.7114940000
135072.2468362912 126519.1821615745
134429.8962469241 130187.3814572908
134108.7209522405 133377.1199753050
131539.3185947722 124764.8259766667
138283.9997831266 138002.2408264255
135875.1850730000 123648.4174953617
137641.6491937595 124445.8521248652
138765.7627251519 125083.7998284681
133466.3703628734 132579.6853458014
132021.0815367975 125721.7475320709
136035.7727203418 128592.5121982837
130254.6174160380 125402.7736802695
135072.2468362912 128433.0252723830
136678.1233097089 131463.2768644964
134911.6591889494 127316.6167910780
130415.2050633797 126200.2083097730
134269.3085995823 130346.8683831915
135393.4221309747 139118.6493077305
135554.0097783165 123488.9305694610
134911.6591889494 137842.7539005248
132342.2568314810 124286.3651989645
136035.7727203418 133696.0938271064
134751.0715416076 134493.5284566099
134590.4838942658 132260.7114940000
134590.4838942658 131782.2507162979
135875.1850730000 132739.1722717021
131378.7309474304 129230.4599018865
141656.3403773038 121256.1136068511
137962.8244884430 125402.7736802695

132824.0197735063 129070.9729759858
132021.0815367975 125243.2867543688
135232.8344836329 137045.3192710213
131218.1433000886 128592.5121982837
137641.6491937595 126040.7213838723
135714.5974256582 131144.3030126950
134590.4838942658 135290.9630861135
135875.1850730000 130187.3814572908
134429.8962469241 125083.7998284681
134911.6591889494 126997.6429392766
136517.5356623671 135609.9369379149
135393.4221309747 130027.8945313901
137481.0615464177 131463.2768644964
136838.7109570506 130346.8683831915
136196.3603676835 128433.0252723830
136999.2986043924 127476.1037169787
141013.9897879367 122372.5220881560
139729.2886092025 122053.5482363546
133466.3703628734 131941.7376421986
136678.1233097089 129389.9468277872
135554.0097783165 124605.3390507660
131378.7309474304 129868.4076054894
137802.2368411013 141510.9531962411
133948.1333048987 123648.4174953617
135232.8344836329 131622.7637903972
133787.5456575570 126359.6952356738
132342.2568314810 130665.8422349929
134269.3085995823 137045.3192710213
136196.3603676835 125721.7475320709
137641.6491937595 124924.3129025674
133787.5456575570 124924.3129025674
135714.5974256582 133058.1461235036
136196.3603676835 127954.5644946809
139086.9380198354 124126.8782730638
133787.5456575570 136407.3715674184
137481.0615464177 125402.7736802695
133466.3703628734 131463.2768644964
134911.6591889494 137204.8061969220
137962.8244884430 136885.8323451206
131057.5556527468 125881.2344579716
137962.8244884430 126200.2083097730
137641.6491937595 132579.6853458014
141495.7527299620 121415.6005327518
137481.0615464177 122372.5220881560
133466.3703628734 129389.9468277872
135714.5974256582 135290.9630861135
133626.9580102152 127157.1298651773
134751.0715416076 128433.0252723830
131539.3185947722 128592.5121982837
133305.7827155316 130665.8422349929
131860.4938894557 131941.7376421986
139889.8762565443 121734.5743845532
131699.9062421139 130825.3291608936
134269.3085995823 124126.8782730638
136517.5356623671 126678.6690874752
136678.1233097089 127635.5906428794
135875.1850730000 124445.8521248652
137159.8862517342 139916.0839372340
137641.6491937595 123488.9305694610
134911.6591889494 126838.1560133759
134911.6591889494 137683.2669746241
136356.9480150253 123807.9044212624
137320.4738990760 138321.2146782270
134911.6591889494 124445.8521248652
138605.1750778101 124764.8259766667
131699.9062421139 127795.0775687802
135232.8344836329 126997.6429392766
137159.8862517342 134812.5023084113
132502.8444788228 126838.1560133759
136517.5356623671 130984.8160867943
137320.4738990760 134334.0415307092
130415.2050633797 126040.7213838723
140371.6391985696 121734.5743845532
133787.5456575570 129070.9729759858
135554.0097783165 126838.1560133759
137962.8244884430 124924.3129025674
135554.0097783165 135769.4238638156
138123.4121357848 135450.4500120142
139408.1133145190 122213.0351622553

138444.5874304684 139916.0839372340
138765.7627251519 139597.1100854327
136678.1233097089 138640.1885300284
134429.8962469241 137364.2931228227
136356.9480150253 137364.2931228227
134429.8962469241 136088.3977156170
134269.3085995823 135290.9630861135
137802.2368411013 135290.9630861135
133305.7827155316 134812.5023084113
133626.9580102152 134653.0153825106
134108.7209522405 134493.5284566099
137159.8862517342 133696.0938271064
133466.3703628734 131782.2507162979
132342.2568314810 131303.7899385958
136999.2986043924 129708.9206795886
134429.8962469241 129549.4337536879
136838.7109570506 129230.4599018865
132502.8444788228 128114.0514205816
133145.1950681899 127954.5644946809
134108.7209522405 127316.6167910780
134911.6591889494 127316.6167910780
136678.1233097089 126838.1560133759
136999.2986043924 126838.1560133759
136999.2986043924 125562.2606061702
134108.7209522405 125402.7736802695
138123.4121357848 124445.8521248652
133626.9580102152 124286.3651989645
139568.7009618608 124286.3651989645
133787.5456575570 123807.9044212624
140211.0515512279 122850.9828658582
139889.8762565443 122691.4959399575
138926.3503724937 122532.0090140568
140371.6391985696 122053.5482363546
141977.5156719873 121096.6266809504
139247.5256671772 124286.3651989645
133948.1333048987 137523.7800487234
134429.8962469241 123967.3913471631
138765.7627251519 125083.7998284681
134269.3085995823 131144.3030126950
134429.8962469241 123488.9305694610
132181.6691841393 127954.5644946809
134269.3085995823 132101.2245680993
137159.8862517342 129389.9468277872
139889.8762565443 122372.5220881560
130094.0297686962 125881.2344579716
134751.0715416076 123648.4174953617
130254.6174160380 126678.6690874752
135554.0097783165 130187.3814572908
135393.4221309747 126838.1560133759
131539.3185947722 124924.3129025674
139247.5256671772 142946.3355293475
134751.0715416076 131622.7637903972
132342.2568314810 124126.8782730638
135232.8344836329 138161.7277523262
138765.7627251519 123648.4174953617
138283.9997831266 140713.5185667376
136838.7109570506 127795.0775687802
136838.7109570506 130825.3291608936
137962.8244884430 124924.3129025674
137802.2368411013 124286.3651989645
136999.2986043924 131622.7637903972
139568.7009618608 122850.9828658582
133305.7827155316 132739.1722717021
134751.0715416076 124445.8521248652
141656.3403773038 121256.1136068511
137159.8862517342 128911.4860500851
135875.1850730000 132579.6853458014
131860.4938894557 130984.8160867943
132984.6074208481 125721.7475320709
136196.3603676835 123169.9567176596
136838.7109570506 140713.5185667376
138123.4121357848 141670.4401221419
137641.6491937595 124924.3129025674
131860.4938894557 125083.7998284681
140371.6391985696 122532.0090140568
135554.0097783165 123648.4174953617
131378.7309474304 128911.4860500851
137962.8244884430 140554.0316408369
137481.0615464177 140394.5447149362

139247.5256671772 142946.3355293475
138444.5874304684 140873.0054926383
136838.7109570506 140713.5185667376
136678.1233097089 138640.1885300284
136838.7109570506 137523.7800487234
137962.8244884430 137045.3192710213
138123.4121357848 136885.8323451206
134429.8962469241 136088.3977156170
133626.9580102152 134653.0153825106
134108.7209522405 134493.5284566099
136035.7727203418 133696.0938271064
134590.4838942658 131782.2507162979
135232.8344836329 131782.2507162979
134269.3085995823 131144.3030126950
135554.0097783165 130187.3814572908
136838.7109570506 130027.8945313901
136517.5356623671 129868.4076054894
134429.8962469241 129549.4337536879
132342.2568314810 129070.9729759858
136838.7109570506 127795.0775687802
134108.7209522405 127316.6167910780
134911.6591889494 127316.6167910780
136999.2986043924 126838.1560133759
131539.3185947722 126200.2083097730
130094.0297686962 125881.2344579716
138765.7627251519 125083.7998284681
135875.1850730000 124605.3390507660
131057.5556527468 124286.3651989645
133626.9580102152 124286.3651989645
135554.0097783165 123488.9305694610
139408.1133145190 123488.9305694610
136196.3603676835 123169.9567176596
140211.0515512279 122850.9828658582
139889.8762565443 122691.4959399575
140371.6391985696 122532.0090140568
137481.0615464177 122372.5220881560
140371.6391985696 122053.5482363546
141656.3403773038 121256.1136068511
141977.5156719873 121096.6266809504
136678.1233097089 126838.1560133759
136838.7109570506 131941.7376421986
139086.9380198354 124924.3129025674
136999.2986043924 129708.9206795886
132824.0197735063 126678.6690874752
130415.2050633797 127157.1298651773
132984.6074208481 125721.7475320709
136356.9480150253 137204.8061969220
138765.7627251519 123648.4174953617
137802.2368411013 135290.9630861135
135072.2468362912 136726.3454192198
134429.8962469241 134971.9892343121
133466.3703628734 131782.2507162979
137802.2368411013 124286.3651989645
137159.8862517342 128911.4860500851
133145.1950681899 131782.2507162979
136356.9480150253 137364.2931228227
132502.8444788228 131463.2768644964
136035.7727203418 129708.9206795886
137159.8862517342 133696.0938271064
139568.7009618608 124286.3651989645
136678.1233097089 123488.9305694610
132824.0197735063 125083.7998284681
136838.7109570506 130825.3291608936
138444.5874304684 139916.0839372340
133305.7827155316 134812.5023084113
137641.6491937595 135609.9369379149
136838.7109570506 136247.8846415177
134751.0715416076 124445.8521248652
134429.8962469241 123488.9305694610
131218.1433000886 129708.9206795886
134108.7209522405 125402.7736802695
132824.0197735063 131463.2768644964
135393.4221309747 132739.1722717021
133145.1950681899 127954.5644946809
138123.4121357848 124445.8521248652
136999.2986043924 125562.2606061702
132824.0197735063 126040.7213838723
135714.5974256582 134493.5284566099
135232.8344836329 132898.6591976028

138444.5874304684 139916.0839372340
138765.7627251519 139597.1100854327
136678.1233097089 138640.1885300284
137962.8244884430 137683.2669746241
133948.1333048987 137523.7800487234
136838.7109570506 137523.7800487234
134429.8962469241 134971.9892343121
133305.7827155316 134812.5023084113
134269.3085995823 131144.3030126950
135554.0097783165 130825.3291608936
136838.7109570506 130027.8945313901
131218.1433000886 129708.9206795886
136999.2986043924 129708.9206795886
137159.8862517342 128911.4860500851
132181.6691841393 127954.5644946809
133145.1950681899 127954.5644946809
136838.7109570506 127795.0775687802
135393.4221309747 126838.1560133759
136999.2986043924 126838.1560133759
131539.3185947722 126200.2083097730
130094.0297686962 125881.2344579716
131057.5556527468 125881.2344579716
138765.7627251519 125083.7998284681
137962.8244884430 124924.3129025674
138123.4121357848 124445.8521248652
133626.9580102152 124286.3651989645
133787.5456575570 123807.9044212624
134751.0715416076 123648.4174953617
133948.1333048987 123329.4436435603
136196.3603676835 123169.9567176596
140211.0515512279 122850.9828658582
139889.8762565443 122691.4959399575
138926.3503724937 122532.0090140568
140371.6391985696 122532.0090140568
137481.0615464177 122372.5220881560
140371.6391985696 122053.5482363546
141174.5774352785 122053.5482363546
134751.0715416076 124445.8521248652
134269.3085995823 135290.9630861135
131057.5556527468 124286.3651989645
134751.0715416076 131622.7637903972
131378.7309474304 128911.4860500851
134108.7209522405 125402.7736802695
137641.6491937595 124924.3129025674
132824.0197735063 125083.7998284681
141656.3403773038 121256.1136068511
132502.8444788228 131463.2768644964
141977.5156719873 121096.6266809504
137481.0615464177 126200.2083097730
134429.8962469241 136088.3977156170
135554.0097783165 123648.4174953617
133466.3703628734 131782.2507162979
134108.7209522405 134493.5284566099
135714.5974256582 134493.5284566099
134429.8962469241 130506.3553090922
133626.9580102152 132101.2245680993
136356.9480150253 131622.7637903972
131539.3185947722 126040.7213838723
138765.7627251519 123648.4174953617
136356.9480150253 137204.8061969220
137962.8244884430 134493.5284566099
133305.7827155316 132739.1722717021
136196.3603676835 124126.8782730638
131539.3185947722 124924.3129025674
134590.4838942658 131782.2507162979
133787.5456575570 131941.7376421986
134108.7209522405 127316.6167910780
132984.6074208481 125721.7475320709
136035.7727203418 133696.0938271064
139568.7009618608 122850.9828658582
131860.4938894557 125083.7998284681
135875.1850730000 132898.6591976028
136356.9480150253 140075.5708631348
132021.0815367975 129070.9729759858
133466.3703628734 132579.6853458014
137159.8862517342 133696.0938271064
130736.3803580633 124924.3129025674
139247.5256671772 124286.3651989645
134429.8962469241 137364.2931228227

139247.5256671772 142946.3355293475
138444.5874304684 139916.0839372340
138765.7627251519 139597.1100854327
136678.1233097089 138640.1885300284
134429.8962469241 137364.2931228227
134269.3085995823 135290.9630861135
133626.9580102152 134653.0153825106
137159.8862517342 133696.0938271064
134108.7209522405 133377.1199753050
134269.3085995823 132101.2245680993
134590.4838942658 131782.2507162979
134269.3085995823 131144.3030126950
135554.0097783165 130825.3291608936
135554.0097783165 130187.3814572908
136838.7109570506 130027.8945313901
131218.1433000886 129708.9206795886
136999.2986043924 129708.9206795886
134429.8962469241 129549.4337536879
137159.8862517342 128911.4860500851
132181.6691841393 127954.5644946809
133145.1950681899 127954.5644946809
134108.7209522405 127316.6167910780
135393.4221309747 126838.1560133759
136999.2986043924 126838.1560133759
131539.3185947722 126200.2083097730
130094.0297686962 125881.2344579716
134108.7209522405 125402.7736802695
138765.7627251519 125083.7998284681
137962.8244884430 124924.3129025674
134751.0715416076 124445.8521248652
139247.5256671772 124286.3651989645
139568.7009618608 124286.3651989645
133787.5456575570 123807.9044212624
136196.3603676835 123169.9567176596
140371.6391985696 122532.0090140568
140371.6391985696 122053.5482363546
141174.5774352785 122053.5482363546
141656.3403773038 121256.1136068511
141977.5156719873 121096.6266809504
136838.7109570506 127795.0775687802
136838.7109570506 137523.7800487234
133948.1333048987 137523.7800487234
138123.4121357848 124445.8521248652
137481.0615464177 122372.5220881560
131057.5556527468 124286.3651989645
135714.5974256582 134493.5284566099
133305.7827155316 134812.5023084113
136035.7727203418 133696.0938271064
140211.0515512279 122850.9828658582
137481.0615464177 126200.2083097730
138926.3503724937 122532.0090140568
134751.0715416076 123648.4174953617
134429.8962469241 123488.9305694610
134911.6591889494 127316.6167910780
135554.0097783165 123488.9305694610
139889.8762565443 122691.4959399575
136838.7109570506 140713.5185667376
134108.7209522405 134493.5284566099
133626.9580102152 124286.3651989645
136356.9480150253 140075.5708631348
134751.0715416076 131622.7637903972
131057.5556527468 125881.2344579716
133948.1333048987 123329.4436435603
134429.8962469241 136088.3977156170
132824.0197735063 125083.7998284681
133626.9580102152 132101.2245680993
136356.9480150253 137364.2931228227
137802.2368411013 135290.9630861135
134429.8962469241 130984.8160867943
139086.9380198354 124924.3129025674
138765.7627251519 123648.4174953617
132824.0197735063 131463.2768644964
137641.6491937595 135609.9369379149
133466.3703628734 131782.2507162979
137159.8862517342 129389.9468277872
136678.1233097089 123488.9305694610
136356.9480150253 130984.8160867943
130736.3803580633 124924.3129025674
132342.2568314810 131303.7899385958

137802.2368411013 135928.9107897163
137802.2368411013 135290.9630861135
134429.8962469241 133058.1461235036
133466.3703628734 132579.6853458014
132342.2568314810 131782.2507162979
131860.4938894557 130984.8160867943
133305.7827155316 129708.9206795886
137159.8862517342 129389.9468277872
131057.5556527468 128911.4860500851
137159.8862517342 128911.4860500851
136999.2986043924 127795.0775687802
134108.7209522405 126997.6429392766
137802.2368411013 124286.3651989645
140853.4021405950 121575.0874586525
137641.6491937595 132579.6853458014
131860.4938894557 126040.7213838723
137802.2368411013 140873.0054926383
137320.4738990760 125402.7736802695
138444.5874304684 124286.3651989645
131218.1433000886 124605.3390507660
133145.1950681899 135290.9630861135
139086.9380198354 124764.8259766667
136838.7109570506 135450.4500120142
134108.7209522405 130506.3553090922
132342.2568314810 125562.2606061702
136999.2986043924 126838.1560133759
136356.9480150253 140075.5708631348
137320.4738990760 126997.6429392766
137962.8244884430 122850.9828658582
133626.9580102152 134971.9892343121
134269.3085995823 132101.2245680993
133787.5456575570 125402.7736802695
132984.6074208481 131144.3030126950
135232.8344836329 132898.6591976028
136999.2986043924 125243.2867543688
132502.8444788228 131622.7637903972
136356.9480150253 137683.2669746241
131378.7309474304 125881.2344579716
138283.9997831266 122213.0351622553
134590.4838942658 126678.6690874752
135072.2468362912 128114.0514205816
137802.2368411013 123329.4436435603
137962.8244884430 134493.5284566099
134590.4838942658 130187.3814572908
134108.7209522405 129230.4599018865
132824.0197735063 125083.7998284681
136838.7109570506 129230.4599018865
132984.6074208481 123807.9044212624
133787.5456575570 123807.9044212624
132181.6691841393 132579.6853458014
135554.0097783165 124605.3390507660
135554.0097783165 123488.9305694610
133626.9580102152 130825.3291608936
137802.2368411013 133536.6069012057
136035.7727203418 133696.0938271064
135714.5974256582 124924.3129025674
130254.6174160380 124445.8521248652
135875.1850730000 134174.5546048085
131539.3185947722 125881.2344579716
132502.8444788228 123967.3913471631
132502.8444788228 126040.7213838723
137641.6491937595 124605.3390507660
138444.5874304684 140394.5447149362
140211.0515512279 122372.5220881560
139568.7009618608 123010.4697917589
137481.0615464177 132101.2245680993
133787.5456575570 134334.0415307092
134911.6591889494 137842.7539005248
140211.0515512279 122850.9828658582
132342.2568314810 128592.5121982837
131378.7309474304 129230.4599018865
130415.2050633797 126359.6952356738
131539.3185947722 124764.8259766667
135393.4221309747 130506.3553090922
133145.1950681899 124764.8259766667
137320.4738990760 140713.5185667376
136999.2986043924 137842.7539005248
134429.8962469241 127795.0775687802
136678.1233097089 130027.8945313901

138765.7627251519 142627.3616775461
137320.4738990760 140713.5185667376
134269.3085995823 137364.2931228227
133948.1333048987 135769.4238638156
135714.5974256582 135450.4500120142
137481.0615464177 135450.4500120142
134429.8962469241 134971.9892343121
135875.1850730000 134653.0153825106
132663.4321261646 134493.5284566099
133305.7827155316 132739.1722717021
132663.4321261646 132420.1984199007
135232.8344836329 131782.2507162979
137320.4738990760 131463.2768644964
134429.8962469241 130187.3814572908
136517.5356623671 129868.4076054894
132021.0815367975 129070.9729759858
135072.2468362912 128433.0252723830
136356.9480150253 128433.0252723830
134269.3085995823 128114.0514205816
130736.3803580633 126678.6690874752
137481.0615464177 126519.1821615745
136838.7109570506 125881.2344579716
136999.2986043924 125562.2606061702
132342.2568314810 125243.2867543688
136517.5356623671 124286.3651989645
134590.4838942658 123807.9044212624
133305.7827155316 123488.9305694610
136999.2986043924 122691.4959399575
139889.8762565443 122691.4959399575
138444.5874304684 122213.0351622553
141977.5156719873 121096.6266809504
133145.1950681899 127954.5644946809
136035.7727203418 134493.5284566099
133787.5456575570 131941.7376421986
132342.2568314810 132579.6853458014
137159.8862517342 130665.8422349929
136838.7109570506 137683.2669746241
137962.8244884430 124924.3129025674
136678.1233097089 123967.3913471631
132984.6074208481 134653.0153825106
136196.3603676835 129708.9206795886
132181.6691841393 128433.0252723830
137159.8862517342 134334.0415307092
131218.1433000886 128273.5383464823
135554.0097783165 136566.8584933192
131860.4938894557 126838.1560133759
133626.9580102152 133058.1461235036
134911.6591889494 137523.7800487234
134429.8962469241 132898.6591976028
135714.5974256582 128751.9991241844
138123.4121357848 138002.2408264255
131539.3185947722 125243.2867543688
137802.2368411013 124764.8259766667
132021.0815367975 129708.9206795886
138123.4121357848 122850.9828658582
133466.3703628734 130346.8683831915
136678.1233097089 123488.9305694610
137641.6491937595 132739.1722717021
130896.9680054051 125562.2606061702
134911.6591889494 123169.9567176596
134429.8962469241 123967.3913471631
138765.7627251519 141670.4401221419
135554.0097783165 130825.3291608936
137481.0615464177 139118.6493077305
134590.4838942658 132260.7114940000
140371.6391985696 122532.0090140568
136196.3603676835 124126.8782730638
137641.6491937595 124924.3129025674
135393.4221309747 138161.7277523262
139247.5256671772 124286.3651989645
135875.1850730000 135290.9630861135
138605.1750778101 139916.0839372340
136035.7727203418 132898.6591976028
138926.3503724937 122372.5220881560
131539.3185947722 124605.3390507660
136356.9480150253 138480.7016041277
135714.5974256582 124764.8259766667
139086.9380198354 123488.9305694610
133787.5456575570 127476.1037169787

138765.7627251519 139597.1100854327
136678.1233097089 135290.9630861135
134429.8962469241 134971.9892343121
133305.7827155316 132739.1722717021
133466.3703628734 132579.6853458014
132021.0815367975 132420.1984199007
135072.2468362912 128114.0514205816
130415.2050633797 127157.1298651773
135072.2468362912 127157.1298651773
133145.1950681899 126838.1560133759
137962.8244884430 126359.6952356738
139568.7009618608 124286.3651989645
136196.3603676835 123169.9567176596
141656.3403773038 121575.0874586525
135232.8344836329 131941.7376421986
138123.4121357848 140873.0054926383
133626.9580102152 137045.3192710213
134108.7209522405 127635.5906428794
131057.5556527468 125402.7736802695
137802.2368411013 124286.3651989645
133466.3703628734 133377.1199753050
136356.9480150253 123488.9305694610
135072.2468362912 133696.0938271064
137962.8244884430 122850.9828658582
136035.7727203418 124286.3651989645
134429.8962469241 129868.4076054894
132021.0815367975 129070.9729759858
132824.0197735063 131782.2507162979
131057.5556527468 124286.3651989645
137802.2368411013 135928.9107897163
135554.0097783165 129389.9468277872
134429.8962469241 135609.9369379149
137320.4738990760 135769.4238638156
136999.2986043924 126678.6690874752
131378.7309474304 125562.2606061702
137641.6491937595 132420.1984199007
136196.3603676835 133696.0938271064
133145.1950681899 134812.5023084113
138605.1750778101 123488.9305694610
135875.1850730000 134334.0415307092
137159.8862517342 122691.4959399575
136356.9480150253 130984.8160867943
134590.4838942658 123648.4174953617
137159.8862517342 128911.4860500851
137320.4738990760 130506.3553090922
137802.2368411013 140554.0316408369
136035.7727203418 126519.1821615745
131218.1433000886 128114.0514205816
132021.0815367975 127795.0775687802
134911.6591889494 137523.7800487234
137481.0615464177 134015.0676789078
130254.6174160380 125083.7998284681
138283.9997831266 142308.3878257447
135875.1850730000 126678.6690874752
138283.9997831266 140713.5185667376
131699.9062421139 130187.3814572908
137159.8862517342 129389.9468277872
137320.4738990760 126678.6690874752
132021.0815367975 127157.1298651773
134751.0715416076 126200.2083097730
138123.4121357848 125721.7475320709
137802.2368411013 140394.5447149362
135875.1850730000 130665.8422349929
134429.8962469241 124126.8782730638
137962.8244884430 139437.6231595319
133305.7827155316 123488.9305694610
136356.9480150253 138480.7016041277
134269.3085995823 130027.8945313901
134590.4838942658 128751.9991241844
133305.7827155316 124605.3390507660
136999.2986043924 133855.5807530071
137320.4738990760 125562.2606061702
132663.4321261646 132579.6853458014
133466.3703628734 125562.2606061702
140692.8144932532 121575.0874586525
137159.8862517342 140394.5447149362
130736.3803580633 125402.7736802695
138283.9997831266 125402.7736802695
132663.4321261646 129708.9206795886

136678.1233097089 124126.8782730638
140853.4021405950 122053.5482363546
133948.1333048987 128433.0252723830
138283.9997831266 137842.7539005248
132502.8444788228 126200.2083097730
134751.0715416076 133855.5807530071
137481.0615464177 135450.4500120142
133305.7827155316 134015.0676789078
138283.9997831266 122691.4959399575
134590.4838942658 138002.2408264255
132824.0197735063 134812.5023084113
138283.9997831266 141670.4401221419
134108.7209522405 127954.5644946809
133145.1950681899 133217.6330494042
133948.1333048987 135769.4238638156
135554.0097783165 123648.4174953617
130575.7927107215 124286.3651989645
137159.8862517342 134174.5546048085
131860.4938894557 126997.6429392766
131860.4938894557 129708.9206795886
137962.8244884430 136407.3715674184
139086.9380198354 124924.3129025674
132502.8444788228 131303.7899385958
131860.4938894557 130346.8683831915
138123.4121357848 142148.9008998440
139889.8762565443 121734.5743845532
135554.0097783165 138480.7016041277
137481.0615464177 131782.2507162979
130094.0297686962 125083.7998284681
136356.9480150253 136885.8323451206
133305.7827155316 128433.0252723830
138123.4121357848 124605.3390507660
135072.2468362912 127954.5644946809
131860.4938894557 126040.7213838723
134590.4838942658 126678.6690874752
136517.5356623671 130027.8945313901
136999.2986043924 136885.8323451206
132663.4321261646 132420.1984199007
136999.2986043924 127795.0775687802
137962.8244884430 134015.0676789078
133145.1950681899 126040.7213838723
132984.6074208481 132898.6591976028
133626.9580102152 132579.6853458014
136196.3603676835 128273.5383464823
133466.3703628734 131941.7376421986
135554.0097783165 127795.0775687802
133145.1950681899 135928.9107897163
130254.6174160380 126200.2083097730
135232.8344836329 138480.7016041277
132502.8444788228 127954.5644946809
141656.3403773038 121415.6005327518
136678.1233097089 126838.1560133759
133626.9580102152 136088.3977156170
133948.1333048987 131622.7637903972
133466.3703628734 125402.7736802695
136517.5356623671 138480.7016041277
132984.6074208481 125083.7998284681
134429.8962469241 129708.9206795886
135554.0097783165 122850.9828658582
132663.4321261646 124126.8782730638
132021.0815367975 125402.7736802695
136678.1233097089 134174.5546048085
132021.0815367975 126519.1821615745
135072.2468362912 126519.1821615745
136999.2986043924 133696.0938271064
134429.8962469241 127954.5644946809
132181.6691841393 128114.0514205816
136035.7727203418 137523.7800487234
137641.6491937595 137364.2931228227
133626.9580102152 135290.9630861135
131699.9062421139 128911.4860500851
133626.9580102152 129389.9468277872
138123.4121357848 141510.9531962411
132342.2568314810 126200.2083097730
136035.7727203418 131303.7899385958
133305.7827155316 125721.7475320709
137802.2368411013 133536.6069012057
132502.8444788228 133377.1199753050
134429.8962469241 123648.4174953617

134590.4838942658 123169.9567176596
135072.2468362912 127316.6167910780
133466.3703628734 135769.4238638156
133145.1950681899 134493.5284566099
131539.3185947722 129708.9206795886
132181.6691841393 129868.4076054894
135393.4221309747 132420.1984199007
136196.3603676835 136885.8323451206
132021.0815367975 126200.2083097730
133145.1950681899 135131.4761602128
131378.7309474304 127635.5906428794
137320.4738990760 135928.9107897163
134911.6591889494 128911.4860500851
129772.8544740127 124445.8521248652
133466.3703628734 131782.2507162979
141174.5774352785 121415.6005327518
137962.8244884430 141829.9270480426
137481.0615464177 124445.8521248652
133626.9580102152 127795.0775687802
135072.2468362912 132898.6591976028
132663.4321261646 130506.3553090922
133948.1333048987 127954.5644946809
137641.6491937595 140713.5185667376
136196.3603676835 128751.9991241844
137481.0615464177 137204.8061969220
137802.2368411013 126200.2083097730
136517.5356623671 128433.0252723830
133948.1333048987 136885.8323451206
133787.5456575570 136088.3977156170
136999.2986043924 130506.3553090922
138605.1750778101 123967.3913471631
136838.7109570506 128433.0252723830
137802.2368411013 137683.2669746241
136999.2986043924 136885.8323451206
136356.9480150253 126997.6429392766
137641.6491937595 138002.2408264255
137962.8244884430 134812.5023084113
137159.8862517342 139437.6231595319
137802.2368411013 125402.7736802695
137320.4738990760 132579.6853458014
137481.0615464177 136566.8584933192
137641.6491937595 126519.1821615745
136035.7727203418 126359.6952356738
133626.9580102152 125083.7998284681
131218.1433000886 126200.2083097730
135393.4221309747 134971.9892343121
135232.8344836329 135131.4761602128
134911.6591889494 128273.5383464823
135875.1850730000 134015.0676789078
138123.4121357848 124924.3129025674
132342.2568314810 130027.8945313901
135714.5974256582 131782.2507162979
137320.4738990760 134653.0153825106
140532.2268459114 122850.9828658582
131860.4938894557 124764.8259766667
133787.5456575570 129070.9729759858
136517.5356623671 134015.0676789078
138765.7627251519 141670.4401221419
137802.2368411013 136407.3715674184
132984.6074208481 126040.7213838723
138765.7627251519 142308.3878257447
137641.6491937595 133696.0938271064
137962.8244884430 135290.9630861135
139247.5256671772 122213.0351622553
137641.6491937595 135609.9369379149
141013.9897879367 121734.5743845532
134911.6591889494 125083.7998284681
131860.4938894557 125721.7475320709
130575.7927107215 127316.6167910780
135232.8344836329 136088.3977156170
134108.7209522405 124764.8259766667
133145.1950681899 135609.9369379149
140211.0515512279 123488.9305694610
132984.6074208481 124605.3390507660
133626.9580102152 134015.0676789078
132502.8444788228 124286.3651989645
136517.5356623671 130506.3553090922
136999.2986043924 137364.2931228227
134911.6591889494 134971.9892343121

135232.8344836329 124286.3651989645
135232.8344836329 132420.1984199007
135072.2468362912 135769.4238638156
136999.2986043924 133855.5807530071
138605.1750778101 138799.6754559291
137481.0615464177 123967.3913471631
133305.7827155316 134015.0676789078
131218.1433000886 126040.7213838723
136838.7109570506 128911.4860500851
133145.1950681899 133058.1461235036
131378.7309474304 126678.6690874752
135393.4221309747 130027.8945313901
137481.0615464177 132260.7114940000
132502.8444788228 132898.6591976028
133305.7827155316 132739.1722717021
135232.8344836329 126200.2083097730
138926.3503724937 142786.8486034468
135875.1850730000 129549.4337536879
131860.4938894557 125243.2867543688
138926.3503724937 142627.3616775461
131378.7309474304 125402.7736802695
133948.1333048987 129708.9206795886
130415.2050633797 125562.2606061702
133948.1333048987 134334.0415307092
137641.6491937595 139278.1362336312
132984.6074208481 129868.4076054894
136196.3603676835 136407.3715674184
137159.8862517342 135769.4238638156
136517.5356623671 127954.5644946809
131057.5556527468 124286.3651989645
133626.9580102152 127157.1298651773
135714.5974256582 135769.4238638156
133626.9580102152 125562.2606061702
129933.4421213544 125562.2606061702
137962.8244884430 122691.4959399575
135554.0097783165 131782.2507162979
135714.5974256582 126359.6952356738
136678.1233097089 129868.4076054894
132181.6691841393 125402.7736802695
133948.1333048987 134015.0676789078
136517.5356623671 123010.4697917589
134108.7209522405 132101.2245680993
140211.0515512279 122213.0351622553
132984.6074208481 130825.3291608936
133145.1950681899 134653.0153825106
138123.4121357848 126040.7213838723
137641.6491937595 126678.6690874752
132984.6074208481 124286.3651989645
135232.8344836329 133536.6069012057
139408.1133145190 122691.4959399575
131539.3185947722 129708.9206795886
136678.1233097089 134174.5546048085
134269.3085995823 126040.7213838723
136517.5356623671 129070.9729759858
132181.6691841393 129868.4076054894
137320.4738990760 140713.5185667376
139729.2886092025 122053.5482363546
131057.5556527468 128433.0252723830
138123.4121357848 123807.9044212624
139729.2886092025 122691.4959399575
135232.8344836329 131622.7637903972
132342.2568314810 126519.1821615745
138123.4121357848 140075.5708631348
133145.1950681899 127316.6167910780
136838.7109570506 138959.1623818298
132502.8444788228 125562.2606061702
134108.7209522405 137204.8061969220
140371.6391985696 121894.0613104539
134108.7209522405 133855.5807530071
134108.7209522405 125083.7998284681
136356.9480150253 131144.3030126950
133626.9580102152 123648.4174953617
135393.4221309747 128114.0514205816
135554.0097783165 134812.5023084113
132984.6074208481 127316.6167910780
131699.9062421139 128751.9991241844
133145.1950681899 136088.3977156170
138283.9997831266 124924.3129025674
132663.4321261646 124286.3651989645

136838.7109570506 140713.5185667376
136356.9480150253 132898.6591976028
132181.6691841393 132579.6853458014
135232.8344836329 132260.7114940000
132342.2568314810 131303.7899385958
134269.3085995823 130027.8945313901
137802.2368411013 124286.3651989645
135072.2468362912 123488.9305694610
138123.4121357848 122850.9828658582
140692.8144932532 121894.0613104539
136678.1233097089 123329.4436435603
132502.8444788228 130346.8683831915
134751.0715416076 137204.8061969220
133787.5456575570 131622.7637903972
136838.7109570506 138161.7277523262
130415.2050633797 126997.6429392766
135875.1850730000 137045.3192710213
134590.4838942658 127635.5906428794
130094.0297686962 124764.8259766667
134751.0715416076 136407.3715674184
137481.0615464177 132101.2245680993
133948.1333048987 136726.3454192198
135393.4221309747 126838.1560133759
133626.9580102152 124605.3390507660
132984.6074208481 134174.5546048085
132342.2568314810 128911.4860500851
136356.9480150253 130984.8160867943
136035.7727203418 122850.9828658582
132824.0197735063 134971.9892343121
133626.9580102152 129868.4076054894
135554.0097783165 122850.9828658582
138765.7627251519 139597.1100854327
133626.9580102152 134653.0153825106
134108.7209522405 133377.1199753050
140532.2268459114 122213.0351622553
132984.6074208481 127316.6167910780
139086.9380198354 143105.8224552482
138926.3503724937 124445.8521248652
131860.4938894557 126359.6952356738
134751.0715416076 129708.9206795886
140371.6391985696 122691.4959399575
136838.7109570506 135450.4500120142
132824.0197735063 125083.7998284681
135072.2468362912 126678.6690874752
138123.4121357848 136088.3977156170
138926.3503724937 141510.9531962411
135714.5974256582 131622.7637903972
136517.5356623671 136088.3977156170
134429.8962469241 135290.9630861135
138444.5874304684 140235.0577890355
141495.7527299620 121415.6005327518
136196.3603676835 129389.9468277872
131378.7309474304 124126.8782730638
138765.7627251519 142627.3616775461
137481.0615464177 125243.2867543688
136999.2986043924 138959.1623818298
133626.9580102152 125881.2344579716
137481.0615464177 134493.5284566099
135875.1850730000 123488.9305694610
133948.1333048987 137523.7800487234
137159.8862517342 138161.7277523262
134590.4838942658 125562.2606061702
132502.8444788228 127954.5644946809
132181.6691841393 125562.2606061702
133466.3703628734 135928.9107897163
135232.8344836329 125402.7736802695
133305.7827155316 132260.7114940000
132342.2568314810 126678.6690874752
133948.1333048987 130506.3553090922
139729.2886092025 123169.9567176596
137320.4738990760 136885.8323451206
136999.2986043924 127795.0775687802
133948.1333048987 129549.4337536879
131539.3185947722 127954.5644946809
133787.5456575570 127476.1037169787
135232.8344836329 131782.2507162979
131378.7309474304 130346.8683831915
131539.3185947722 125881.2344579716
134911.6591889494 138002.2408264255

131860.4938894557 128433.0252723830
135875.1850730000 132739.1722717021
135554.0097783165 133217.6330494042
135072.2468362912 125402.7736802695
139408.1133145190 122691.4959399575
131218.1433000886 125083.7998284681
136356.9480150253 128114.0514205816
135232.8344836329 135609.9369379149
135714.5974256582 133377.1199753050
132502.8444788228 130825.3291608936
131057.5556527468 125402.7736802695
139247.5256671772 123169.9567176596
136356.9480150253 125721.7475320709
134590.4838942658 138161.7277523262
133787.5456575570 133855.5807530071
136356.9480150253 132420.1984199007
132663.4321261646 129389.9468277872
135714.5974256582 124605.3390507660
135875.1850730000 137523.7800487234
130736.3803580633 127476.1037169787
133626.9580102152 131622.7637903972
132663.4321261646 132739.1722717021
137641.6491937595 126838.1560133759
133145.1950681899 133855.5807530071
130575.7927107215 124924.3129025674
135393.4221309747 128114.0514205816
133466.3703628734 128433.0252723830
132021.0815367975 126359.6952356738
131218.1433000886 129549.4337536879
130094.0297686962 124924.3129025674
132181.6691841393 127954.5644946809
136838.7109570506 126519.1821615745
136838.7109570506 132260.7114940000
138926.3503724937 124126.8782730638
139568.7009618608 124126.8782730638
137159.8862517342 130984.8160867943
134108.7209522405 133217.6330494042
131860.4938894557 124286.3651989645
136196.3603676835 123967.3913471631
138926.3503724937 125083.7998284681
135232.8344836329 127316.6167910780
134911.6591889494 128273.5383464823
136999.2986043924 130665.8422349929
138283.9997831266 125083.7998284681
136678.1233097089 134493.5284566099
137481.0615464177 134015.0676789078
136517.5356623671 134812.5023084113
134108.7209522405 123807.9044212624
134751.0715416076 129070.9729759858
135072.2468362912 131144.3030126950
132502.8444788228 126519.1821615745
136035.7727203418 132739.1722717021
136356.9480150253 123329.4436435603
133305.7827155316 134653.0153825106
132181.6691841393 128433.0252723830
134429.8962469241 136885.8323451206
132342.2568314810 129868.4076054894
136035.7727203418 139597.1100854327
138123.4121357848 141191.9793444397
137962.8244884430 126359.6952356738
132663.4321261646 126200.2083097730
138765.7627251519 123169.9567176596
133948.1333048987 130506.3553090922
133948.1333048987 125402.7736802695
137481.0615464177 140554.0316408369
132181.6691841393 130187.3814572908
135714.5974256582 133536.6069012057
132502.8444788228 125562.2606061702
136678.1233097089 139278.1362336312
136196.3603676835 127795.0775687802
133145.1950681899 130506.3553090922
132984.6074208481 125562.2606061702
136356.9480150253 133536.6069012057
136838.7109570506 127635.5906428794
137641.6491937595 132739.1722717021
137481.0615464177 134812.5023084113
132824.0197735063 124764.8259766667
137481.0615464177 138002.2408264255
136678.1233097089 123169.9567176596

137159.8862517342 133696.0938271064
133626.9580102152 125721.7475320709
132181.6691841393 124126.8782730638
131218.1433000886 126359.6952356738
132984.6074208481 134971.9892343121
137802.2368411013 125402.7736802695
137481.0615464177 140235.0577890355
130575.7927107215 126040.7213838723
132181.6691841393 126040.7213838723
133948.1333048987 134812.5023084113
132342.2568314810 125402.7736802695
135714.5974256582 138640.1885300284
133466.3703628734 133536.6069012057
131860.4938894557 126519.1821615745
135714.5974256582 134971.9892343121
131218.1433000886 127476.1037169787
132021.0815367975 125243.2867543688
134108.7209522405 127316.6167910780
131539.3185947722 124286.3651989645
139086.9380198354 123648.4174953617
131218.1433000886 125562.2606061702
133145.1950681899 133377.1199753050
133787.5456575570 137204.8061969220
137641.6491937595 134812.5023084113
132502.8444788228 129708.9206795886
132021.0815367975 130506.3553090922
133145.1950681899 131782.2507162979
139408.1133145190 121894.0613104539
136838.7109570506 131941.7376421986
133626.9580102152 124445.8521248652
136035.7727203418 135769.4238638156
136196.3603676835 137045.3192710213
136517.5356623671 139278.1362336312
133466.3703628734 125083.7998284681
133305.7827155316 126359.6952356738
134108.7209522405 136566.8584933192
139568.7009618608 122213.0351622553
133305.7827155316 124924.3129025674
138926.3503724937 140713.5185667376
129772.8544740127 124924.3129025674
137641.6491937595 126519.1821615745
135875.1850730000 131303.7899385958
135554.0097783165 131782.2507162979
137481.0615464177 141032.4924185390
137481.0615464177 124445.8521248652
137962.8244884430 138321.2146782270
133948.1333048987 135450.4500120142
135714.5974256582 135769.4238638156
132502.8444788228 124126.8782730638
130736.3803580633 126040.7213838723
135875.1850730000 137204.8061969220
136517.5356623671 132898.6591976028
135714.5974256582 132420.1984199007
141013.9897879367 122213.0351622553
136999.2986043924 128273.5383464823
134108.7209522405 129549.4337536879
140692.8144932532 122372.5220881560
136356.9480150253 137683.2669746241
136999.2986043924 130665.8422349929
130736.3803580633 125402.7736802695
134269.3085995823 135928.9107897163
140211.0515512279 122372.5220881560
137481.0615464177 122372.5220881560
135232.8344836329 137842.7539005248
129772.8544740127 124764.8259766667
135714.5974256582 127476.1037169787
130896.9680054051 127476.1037169787
132502.8444788228 124605.3390507660
133305.7827155316 133855.5807530071
134911.6591889494 138161.7277523262
134590.4838942658 135769.4238638156
133466.3703628734 135290.9630861135
136517.5356623671 128273.5383464823
132984.6074208481 135450.4500120142
138283.9997831266 123967.3913471631
133305.7827155316 134493.5284566099
138765.7627251519 139756.5970113333
137481.0615464177 131622.7637903972
131057.5556527468 124764.8259766667

139729.2886092025 123648.4174953617
132984.6074208481 126519.1821615745
133305.7827155316 136247.8846415177
136035.7727203418 129389.9468277872
135072.2468362912 132420.1984199007
131378.7309474304 124605.3390507660
132502.8444788228 130984.8160867943
137802.2368411013 123329.4436435603
132342.2568314810 126838.1560133759
131699.9062421139 125243.2867543688
134429.8962469241 137683.2669746241
134269.3085995823 131144.3030126950
136035.7727203418 136885.8323451206
130575.7927107215 124605.3390507660
138123.4121357848 135450.4500120142
132502.8444788228 132739.1722717021
138444.5874304684 123807.9044212624
137962.8244884430 125881.2344579716
131378.7309474304 127635.5906428794
132663.4321261646 125721.7475320709
133626.9580102152 134334.0415307092
138444.5874304684 137842.7539005248
139086.9380198354 123807.9044212624
136035.7727203418 131782.2507162979
136999.2986043924 137204.8061969220
133626.9580102152 134493.5284566099
137802.2368411013 140394.5447149362
131699.9062421139 130665.8422349929
129933.4421213544 125402.7736802695
136035.7727203418 128911.4860500851
130575.7927107215 127635.5906428794
137320.4738990760 126200.2083097730
135554.0097783165 132101.2245680993
135714.5974256582 122850.9828658582
131860.4938894557 130187.3814572908
134429.8962469241 129389.9468277872
131860.4938894557 125402.7736802695
134429.8962469241 127635.5906428794
136678.1233097089 140554.0316408369
133626.9580102152 131463.2768644964
134269.3085995823 133855.5807530071
138926.3503724937 122053.5482363546
130094.0297686962 125243.2867543688
135554.0097783165 131622.7637903972
137159.8862517342 130187.3814572908
131699.9062421139 126200.2083097730
133948.1333048987 125243.2867543688
136035.7727203418 138959.1623818298
139889.8762565443 122532.0090140568
129933.4421213544 124764.8259766667
134911.6591889494 136088.3977156170
137320.4738990760 124924.3129025674
135875.1850730000 134493.5284566099
136999.2986043924 139118.6493077305
134269.3085995823 125402.7736802695
135714.5974256582 138640.1885300284
140211.0515512279 121734.5743845532
132021.0815367975 131941.7376421986
136678.1233097089 136885.8323451206
136678.1233097089 138959.1623818298
136196.3603676835 134812.5023084113
137159.8862517342 131303.7899385958
132502.8444788228 129708.9206795886
133787.5456575570 137364.2931228227
135232.8344836329 128592.5121982837
136838.7109570506 128592.5121982837
132984.6074208481 132898.6591976028
132663.4321261646 125402.7736802695
137641.6491937595 134493.5284566099
133787.5456575570 129708.9206795886
137802.2368411013 124445.8521248652
134751.0715416076 137842.7539005248
132342.2568314810 124445.8521248652
133948.1333048987 125402.7736802695
136838.7109570506 135609.9369379149
133787.5456575570 125562.2606061702
138444.5874304684 142308.3878257447
134751.0715416076 125243.2867543688
133626.9580102152 131303.7899385958

135232.8344836329 133377.1199753050
136999.2986043924 136885.8323451206
131860.4938894557 127635.5906428794
137481.0615464177 126519.1821615745
137962.8244884430 125402.7736802695
133626.9580102152 136566.8584933192
131218.1433000886 124605.3390507660
133626.9580102152 129868.4076054894
136196.3603676835 131303.7899385958
133466.3703628734 135290.9630861135
131539.3185947722 125721.7475320709
131860.4938894557 126997.6429392766
136999.2986043924 128433.0252723830
138123.4121357848 140873.0054926383
132663.4321261646 130027.8945313901
133305.7827155316 130346.8683831915
132663.4321261646 130984.8160867943
130094.0297686962 124445.8521248652
134590.4838942658 132739.1722717021
134751.0715416076 135131.4761602128
136196.3603676835 135131.4761602128
132984.6074208481 126838.1560133759
137641.6491937595 132898.6591976028
137320.4738990760 125562.2606061702
134429.8962469241 126040.7213838723
136035.7727203418 137204.8061969220
130575.7927107215 127795.0775687802
140532.2268459114 122691.4959399575
133466.3703628734 125083.7998284681
132181.6691841393 126040.7213838723
133305.7827155316 126359.6952356738
134590.4838942658 128911.4860500851
135875.1850730000 137045.3192710213
133626.9580102152 124445.8521248652
134108.7209522405 134971.9892343121
137802.2368411013 140394.5447149362
136838.7109570506 130506.3553090922
136999.2986043924 136566.8584933192
132021.0815367975 125402.7736802695
135393.4221309747 127795.0775687802
138123.4121357848 122213.0351622553
132181.6691841393 124126.8782730638
134269.3085995823 133536.6069012057
136838.7109570506 137523.7800487234
131860.4938894557 124924.3129025674
136999.2986043924 127476.1037169787
132502.8444788228 126838.1560133759
138765.7627251519 124286.3651989645
133787.5456575570 128751.9991241844
132181.6691841393 125402.7736802695
134429.8962469241 134971.9892343121
139889.8762565443 122691.4959399575
133145.1950681899 129868.4076054894
132181.6691841393 124445.8521248652
140532.2268459114 122213.0351622553
138765.7627251519 125083.7998284681
138444.5874304684 125402.7736802695
135393.4221309747 133058.1461235036
136035.7727203418 135450.4500120142
139247.5256671772 122372.5220881560
135554.0097783165 131144.3030126950
133948.1333048987 135609.9369379149
132342.2568314810 125083.7998284681
135072.2468362912 128433.0252723830
138444.5874304684 137842.7539005248
136999.2986043924 137842.7539005248
130896.9680054051 125402.7736802695
133626.9580102152 127157.1298651773
135393.4221309747 133217.6330494042
138926.3503724937 141670.4401221419
136999.2986043924 139756.5970113333
140371.6391985696 121734.5743845532
136999.2986043924 123329.4436435603
132663.4321261646 131463.2768644964
138444.5874304684 125243.2867543688
134269.3085995823 128751.9991241844
133787.5456575570 126678.6690874752
138283.9997831266 136247.8846415177
132824.0197735063 133217.6330494042

138283.9997831266 140713.5185667376
137802.2368411013 140554.0316408369
137481.0615464177 140394.5447149362
133948.1333048987 137523.7800487234
138283.9997831266 137204.8061969220
137641.6491937595 136885.8323451206
135554.0097783165 136088.3977156170
137802.2368411013 135290.9630861135
132824.0197735063 134174.5546048085
134429.8962469241 133058.1461235036
135875.1850730000 132898.6591976028
133305.7827155316 132739.1722717021
136517.5356623671 132579.6853458014
133787.5456575570 132420.1984199007
134269.3085995823 131144.3030126950
137159.8862517342 130825.3291608936
135232.8344836329 130346.8683831915
131057.5556527468 128911.4860500851
130415.2050633797 127157.1298651773
132342.2568314810 126997.6429392766
134751.0715416076 126519.1821615745
135393.4221309747 126359.6952356738
137962.8244884430 126359.6952356738
131057.5556527468 125881.2344579716
138765.7627251519 125083.7998284681
139086.9380198354 124445.8521248652
133626.9580102152 124286.3651989645
139568.7009618608 124286.3651989645
132342.2568314810 124126.8782730638
134429.8962469241 123967.3913471631
136838.7109570506 123967.3913471631
133787.5456575570 123807.9044212624
136356.9480150253 123807.9044212624
134429.8962469241 123488.9305694610
136678.1233097089 123488.9305694610
136999.2986043924 123329.4436435603
138123.4121357848 122850.9828658582
140211.0515512279 122850.9828658582
138926.3503724937 122532.0090140568
140371.6391985696 122532.0090140568
137481.0615464177 122372.5220881560
141656.3403773038 121575.0874586525
139247.5256671772 124286.3651989645
139247.5256671772 142946.3355293475
137159.8862517342 126359.6952356738
134269.3085995823 132101.2245680993
135232.8344836329 132260.7114940000
140692.8144932532 122372.5220881560
140692.8144932532 121894.0613104539
135554.0097783165 123648.4174953617
136999.2986043924 127795.0775687802
138123.4121357848 135290.9630861135
133145.1950681899 127954.5644946809
133626.9580102152 130825.3291608936
137641.6491937595 135609.9369379149
133145.1950681899 129708.9206795886
134429.8962469241 126678.6690874752
133948.1333048987 123329.4436435603
139568.7009618608 122850.9828658582
138123.4121357848 124286.3651989645
132181.6691841393 132579.6853458014
135875.1850730000 124605.3390507660
135714.5974256582 138640.1885300284
141174.5774352785 122053.5482363546
137962.8244884430 134334.0415307092
134911.6591889494 133855.5807530071
137159.8862517342 128911.4860500851
133626.9580102152 132101.2245680993
137159.8862517342 133696.0938271064
136838.7109570506 129230.4599018865
133787.5456575570 127476.1037169787
131860.4938894557 125083.7998284681
130254.6174160380 126200.2083097730
132984.6074208481 125721.7475320709
137802.2368411013 124286.3651989645
132663.4321261646 134493.5284566099
137320.4738990760 135769.4238638156
135875.1850730000 130665.8422349929
131699.9062421139 126040.7213838723

131539.3185947722 124286.3651989645
134751.0715416076 137364.2931228227
137159.8862517342 126997.6429392766
134429.8962469241 125721.7475320709
133466.3703628734 126519.1821615745
135714.5974256582 133058.1461235036
136196.3603676835 133696.0938271064
137481.0615464177 135450.4500120142
131860.4938894557 125083.7998284681
141013.9897879367 121415.6005327518
132984.6074208481 135131.4761602128
133787.5456575570 133536.6069012057
134911.6591889494 132898.6591976028
133948.1333048987 135450.4500120142
136999.2986043924 139916.0839372340
136678.1233097089 130825.3291608936
137962.8244884430 124924.3129025674
132984.6074208481 126200.2083097730
131378.7309474304 124605.3390507660
132342.2568314810 130346.8683831915
131860.4938894557 126200.2083097730
130896.9680054051 125243.2867543688
138283.9997831266 141989.4139739432
132824.0197735063 125562.2606061702
140532.2268459114 122053.5482363546
139568.7009618608 123329.4436435603
135875.1850730000 132260.7114940000
136999.2986043924 134015.0676789078
135232.8344836329 131463.2768644964
137481.0615464177 131622.7637903972
135232.8344836329 125562.2606061702
132824.0197735063 124286.3651989645
133305.7827155316 133058.1461235036
137802.2368411013 141191.9793444397
131539.3185947722 124764.8259766667
137802.2368411013 134493.5284566099
132502.8444788228 123807.9044212624
131057.5556527468 124286.3651989645
139247.5256671772 122053.5482363546
140050.4639038861 122532.0090140568
131057.5556527468 126678.6690874752
134751.0715416076 129070.9729759858
135393.4221309747 134493.5284566099
137641.6491937595 133536.6069012057
137641.6491937595 124286.3651989645
137320.4738990760 132420.1984199007
132984.6074208481 129230.4599018865
133466.3703628734 135769.4238638156
133466.3703628734 130027.8945313901
134108.7209522405 124924.3129025674
132181.6691841393 129070.9729759858
133305.7827155316 133696.0938271064
132824.0197735063 129868.4076054894
137962.8244884430 141510.9531962411
132502.8444788228 132101.2245680993
135232.8344836329 136247.8846415177
136838.7109570506 134493.5284566099
138926.3503724937 142308.3878257447
133466.3703628734 125721.7475320709
135393.4221309747 137523.7800487234
134269.3085995823 137523.7800487234
135554.0097783165 132898.6591976028
137159.8862517342 141032.4924185390
131860.4938894557 125721.7475320709
138444.5874304684 137842.7539005248
131378.7309474304 128273.5383464823
134751.0715416076 132101.2245680993
131218.1433000886 124764.8259766667
137320.4738990760 136407.3715674184
134911.6591889494 135769.4238638156
134590.4838942658 134174.5546048085
135554.0097783165 135131.4761602128
136356.9480150253 138480.7016041277
132181.6691841393 128751.9991241844
135554.0097783165 126838.1560133759
137962.8244884430 125243.2867543688
135714.5974256582 134334.0415307092
136517.5356623671 132739.1722717021
138926.3503724937 140873.0054926383

138765.7627251519 142786.8486034468
137320.4738990760 140713.5185667376
138444.5874304684 139916.0839372340
138765.7627251519 139597.1100854327
137320.4738990760 137045.3192710213
134429.8962469241 134971.9892343121
133626.9580102152 134653.0153825106
132663.4321261646 134493.5284566099
132824.0197735063 134174.5546048085
133305.7827155316 132739.1722717021
133466.3703628734 132579.6853458014
133787.5456575570 132420.1984199007
133787.5456575570 131941.7376421986
131860.4938894557 130984.8160867943
133626.9580102152 130825.3291608936
134269.3085995823 130027.8945313901
132181.6691841393 129708.9206795886
133305.7827155316 129708.9206795886
131057.5556527468 128911.4860500851
133305.7827155316 128273.5383464823
132984.6074208481 127795.0775687802
136999.2986043924 127795.0775687802
133787.5456575570 127476.1037169787
134108.7209522405 127316.6167910780
130415.2050633797 127157.1298651773
135714.5974256582 126997.6429392766
137159.8862517342 126359.6952356738
137962.8244884430 126359.6952356738
135875.1850730000 124605.3390507660
133626.9580102152 124286.3651989645
134429.8962469241 123488.9305694610
135072.2468362912 123488.9305694610
136196.3603676835 123169.9567176596
138123.4121357848 122850.9828658582
139729.2886092025 122850.9828658582
140211.0515512279 122850.9828658582
137481.0615464177 122372.5220881560
140853.4021405950 121575.0874586525
137802.2368411013 124286.3651989645
136517.5356623671 132579.6853458014
133145.1950681899 126838.1560133759
141656.3403773038 121575.0874586525
136356.9480150253 138480.7016041277
136999.2986043924 125243.2867543688
136678.1233097089 135290.9630861135
132502.8444788228 131622.7637903972
134429.8962469241 133058.1461235036
135393.4221309747 126359.6952356738
137159.8862517342 128911.4860500851
138283.9997831266 140713.5185667376
137962.8244884430 137045.3192710213
136356.9480150253 137364.2931228227
136517.5356623671 127954.5644946809
133787.5456575570 123807.9044212624
135072.2468362912 128114.0514205816
132181.6691841393 124286.3651989645
137320.4738990760 135769.4238638156
139247.5256671772 124286.3651989645
133948.1333048987 123329.4436435603
137802.2368411013 135928.9107897163
136999.2986043924 123329.4436435603
136838.7109570506 129230.4599018865
137320.4738990760 130506.3553090922
135714.5974256582 124924.3129025674
135554.0097783165 123488.9305694610
132181.6691841393 132579.6853458014
136678.1233097089 123488.9305694610
140371.6391985696 122532.0090140568
135393.4221309747 137364.2931228227
131699.9062421139 126040.7213838723
140692.8144932532 122372.5220881560
134590.4838942658 128114.0514205816
139408.1133145190 123488.9305694610
134269.3085995823 132101.2245680993
138283.9997831266 137204.8061969220
134590.4838942658 126678.6690874752
137320.4738990760 138480.7016041277
132824.0197735063 129389.9468277872
137159.8862517342 129389.9468277872

137481.0615464177 140394.5447149362
136356.9480150253 140075.5708631348
138444.5874304684 139916.0839372340
138605.1750778101 139916.0839372340
138765.7627251519 139597.1100854327
135875.1850730000 137364.2931228227
138283.9997831266 137204.8061969220
133948.1333048987 137045.3192710213
135232.8344836329 136885.8323451206
136678.1233097089 135928.9107897163
136999.2986043924 135928.9107897163
135714.5974256582 135450.4500120142
132824.0197735063 134174.5546048085
136517.5356623671 134015.0676789078
133305.7827155316 133536.6069012057
136356.9480150253 132898.6591976028
133305.7827155316 132739.1722717021
132181.6691841393 132579.6853458014
136999.2986043924 132260.7114940000
131860.4938894557 130984.8160867943
136356.9480150253 130984.8160867943
137159.8862517342 130825.3291608936
135875.1850730000 129708.9206795886
131057.5556527468 128911.4860500851
133948.1333048987 128592.5121982837
131539.3185947722 128433.0252723830
132984.6074208481 125721.7475320709
138283.9997831266 125562.2606061702
136356.9480150253 124286.3651989645
137641.6491937595 124286.3651989645
137802.2368411013 124286.3651989645
138926.3503724937 122532.0090140568
140371.6391985696 122532.0090140568
137481.0615464177 122372.5220881560
140853.4021405950 121575.0874586525
134429.8962469241 134971.9892343121
134590.4838942658 132260.7114940000
132021.0815367975 132420.1984199007
136838.7109570506 136726.3454192198
132342.2568314810 124126.8782730638
138123.4121357848 135290.9630861135
133787.5456575570 130984.8160867943
138605.1750778101 141032.4924185390
140692.8144932532 122372.5220881560
133787.5456575570 132420.1984199007
132824.0197735063 126678.6690874752
134751.0715416076 126359.6952356738
138283.9997831266 123010.4697917589
134269.3085995823 132101.2245680993
131218.1433000886 124605.3390507660
140371.6391985696 122053.5482363546
135554.0097783165 136088.3977156170
131860.4938894557 125083.7998284681
130736.3803580633 125402.7736802695
136356.9480150253 123807.9044212624
139247.5256671772 124286.3651989645
136678.1233097089 129070.9729759858
134429.8962469241 133058.1461235036
133626.9580102152 130027.8945313901
135393.4221309747 126359.6952356738
135714.5974256582 124924.3129025674
136196.3603676835 136726.3454192198
134590.4838942658 131782.2507162979
132984.6074208481 123807.9044212624
136838.7109570506 123967.3913471631
138765.7627251519 142467.8747516454
132663.4321261646 134493.5284566099
132181.6691841393 129708.9206795886
133466.3703628734 132579.6853458014
130254.6174160380 126678.6690874752
133466.3703628734 127954.5644946809
137481.0615464177 132101.2245680993
133948.1333048987 137523.7800487234
140211.0515512279 122850.9828658582
137962.8244884430 134493.5284566099
135072.2468362912 138480.7016041277
136517.5356623671 129868.4076054894
136517.5356623671 139437.6231595319
133626.9580102152 124286.3651989645

137320.4738990760 122850.9828658582
137159.8862517342 138161.7277523262
132984.6074208481 134174.5546048085
136035.7727203418 122850.9828658582
136999.2986043924 128751.9991241844
131860.4938894557 125721.7475320709
132021.0815367975 124605.3390507660
134108.7209522405 135131.4761602128
136517.5356623671 132260.7114940000
138444.5874304684 142308.3878257447
134429.8962469241 125881.2344579716
137481.0615464177 132420.1984199007
138444.5874304684 141510.9531962411
138123.4121357848 142148.9008998440
132342.2568314810 125721.7475320709
138283.9997831266 138321.2146782270
135554.0097783165 131941.7376421986
134429.8962469241 128273.5383464823
133948.1333048987 128273.5383464823
136035.7727203418 133217.6330494042
136035.7727203418 139437.6231595319
133948.1333048987 126519.1821615745
140371.6391985696 123329.4436435603
135714.5974256582 138799.6754559291
136838.7109570506 132101.2245680993
136678.1233097089 127954.5644946809
136517.5356623671 126678.6690874752
132181.6691841393 127954.5644946809
134269.3085995823 137683.2669746241
134108.7209522405 133377.1199753050
132021.0815367975 132420.1984199007
137962.8244884430 136088.3977156170
132824.0197735063 129070.9729759858
137641.6491937595 141351.4662703404
133305.7827155316 126838.1560133759
134751.0715416076 134334.0415307092
130415.2050633797 124924.3129025674
131860.4938894557 131941.7376421986
131699.9062421139 130984.8160867943
136356.9480150253 137842.7539005248
135875.1850730000 128273.5383464823
137320.4738990760 122372.5220881560
138283.9997831266 122213.0351622553
137481.0615464177 130825.3291608936
135714.5974256582 132898.6591976028
134911.6591889494 124126.8782730638
130415.2050633797 125721.7475320709
137641.6491937595 140235.0577890355
134590.4838942658 125083.7998284681
134590.4838942658 126359.6952356738
134108.7209522405 130346.8683831915
134911.6591889494 126997.6429392766
138605.1750778101 125083.7998284681
134751.0715416076 136407.3715674184
133787.5456575570 131463.2768644964
134429.8962469241 134334.0415307092
134751.0715416076 133696.0938271064
137159.8862517342 137523.7800487234
138926.3503724937 122850.9828658582
137802.2368411013 124286.3651989645
136678.1233097089 134334.0415307092
136999.2986043924 128114.0514205816
132663.4321261646 127476.1037169787
138123.4121357848 137204.8061969220
135393.4221309747 134015.0676789078
132824.0197735063 130506.3553090922
132502.8444788228 125562.2606061702
131378.7309474304 130187.3814572908
132181.6691841393 131144.3030126950
134590.4838942658 138002.2408264255
134751.0715416076 127795.0775687802
135875.1850730000 139597.1100854327
133145.1950681899 125402.7736802695
136838.7109570506 133696.0938271064
133948.1333048987 125881.2344579716
130896.9680054051 128273.5383464823
140371.6391985696 122850.9828658582
136517.5356623671 123010.4697917589
135554.0097783165 131144.3030126950

138605.1750778101 142308.3878257447
137802.2368411013 140394.5447149362
138444.5874304684 139916.0839372340
135393.4221309747 139118.6493077305
136035.7727203418 138480.7016041277
135232.8344836329 136885.8323451206
137159.8862517342 136726.3454192198
135714.5974256582 135450.4500120142
132181.6691841393 132579.6853458014
132663.4321261646 132420.1984199007
135875.1850730000 132101.2245680993
137481.0615464177 132101.2245680993
133466.3703628734 131941.7376421986
133787.5456575570 130984.8160867943
137320.4738990760 130506.3553090922
131057.5556527468 129230.4599018865
136356.9480150253 127795.0775687802
132021.0815367975 127476.1037169787
131218.1433000886 126997.6429392766
135393.4221309747 126838.1560133759
133305.7827155316 126359.6952356738
138444.5874304684 125562.2606061702
131699.9062421139 124605.3390507660
132984.6074208481 124445.8521248652
136196.3603676835 124445.8521248652
134429.8962469241 123967.3913471631
132984.6074208481 123807.9044212624
136678.1233097089 123648.4174953617
135072.2468362912 123488.9305694610
138283.9997831266 122372.5220881560
140853.4021405950 121575.0874586525
138283.9997831266 123169.9567176596
136678.1233097089 130027.8945313901
133145.1950681899 131782.2507162979
137481.0615464177 141191.9793444397
135714.5974256582 124924.3129025674
132181.6691841393 130346.8683831915
138444.5874304684 140554.0316408369
139568.7009618608 124286.3651989645
137481.0615464177 122372.5220881560
134751.0715416076 136885.8323451206
134590.4838942658 129230.4599018865
136838.7109570506 126838.1560133759
140371.6391985696 122532.0090140568
140371.6391985696 122053.5482363546
136356.9480150253 123807.9044212624
136517.5356623671 132898.6591976028
136196.3603676835 131144.3030126950
131699.9062421139 124286.3651989645
137159.8862517342 135609.9369379149
134751.0715416076 133855.5807530071
132181.6691841393 127316.6167910780
141335.1650826203 121575.0874586525
136999.2986043924 125243.2867543688
139729.2886092025 122850.9828658582
135875.1850730000 124605.3390507660
129772.8544740127 124605.3390507660
139086.9380198354 124445.8521248652
136356.9480150253 131622.7637903972
134590.4838942658 123807.9044212624
132342.2568314810 126997.6429392766
132342.2568314810 130984.8160867943
138283.9997831266 140713.5185667376
137481.0615464177 135290.9630861135
139247.5256671772 122850.9828658582
136999.2986043924 126838.1560133759
136838.7109570506 131782.2507162979
131539.3185947722 126040.7213838723
133626.9580102152 131622.7637903972
134108.7209522405 133377.1199753050
137802.2368411013 141032.4924185390
130254.6174160380 126200.2083097730
136517.5356623671 135450.4500120142
131057.5556527468 124286.3651989645
136517.5356623671 136407.3715674184
134429.8962469241 130506.3553090922
138123.4121357848 135450.4500120142
134429.8962469241 128911.4860500851
134751.0715416076 137842.7539005248

136838.7109570506 138002.2408264255
135714.5974256582 135928.9107897163
137320.4738990760 134812.5023084113
137962.8244884430 134334.0415307092
131378.7309474304 126838.1560133759
131539.3185947722 124764.8259766667
138605.1750778101 123010.4697917589
140211.0515512279 122850.9828658582
140532.2268459114 122053.5482363546
141174.5774352785 121894.0613104539
136838.7109570506 127635.5906428794
130896.9680054051 124286.3651989645
134108.7209522405 125243.2867543688
136356.9480150253 127316.6167910780
138926.3503724937 123169.9567176596
133466.3703628734 124126.8782730638
134108.7209522405 132739.1722717021
131699.9062421139 124286.3651989645
139729.2886092025 122691.4959399575
134751.0715416076 132420.1984199007
137159.8862517342 130665.8422349929
137481.0615464177 138799.6754559291
136035.7727203418 133058.1461235036
134269.3085995823 133855.5807530071
133626.9580102152 126838.1560133759
134429.8962469241 133536.6069012057
134590.4838942658 138002.2408264255
135072.2468362912 127476.1037169787
132663.4321261646 132579.6853458014
136517.5356623671 132898.6591976028
134751.0715416076 133696.0938271064
133626.9580102152 127476.1037169787
137159.8862517342 140075.5708631348
139729.2886092025 123488.9305694610
133145.1950681899 133377.1199753050
132021.0815367975 127316.6167910780
139568.7009618608 124286.3651989645
132021.0815367975 124445.8521248652
135875.1850730000 130346.8683831915
138444.5874304684 124445.8521248652
135875.1850730000 138959.1623818298
130575.7927107215 126838.1560133759
136517.5356623671 127157.1298651773
136838.7109570506 140235.0577890355
132824.0197735063 124445.8521248652
131378.7309474304 127635.5906428794
136999.2986043924 139118.6493077305
139408.1133145190 123329.4436435603
130254.6174160380 124764.8259766667
136838.7109570506 136088.3977156170
140050.4639038861 121894.0613104539
138444.5874304684 125562.2606061702
132663.4321261646 128592.5121982837
132824.0197735063 124126.8782730638
133948.1333048987 123329.4436435603
134911.6591889494 131622.7637903972
134911.6591889494 123807.9044212624
134751.0715416076 137045.3192710213
135072.2468362912 135450.4500120142
134751.0715416076 126838.1560133759
136517.5356623671 136407.3715674184
134269.3085995823 135928.9107897163
136517.5356623671 123967.3913471631
141335.1650826203 121894.0613104539
137481.0615464177 136566.8584933192
138765.7627251519 139756.5970113333
130415.2050633797 126997.6429392766
135875.1850730000 132101.2245680993
133145.1950681899 132898.6591976028
135714.5974256582 137364.2931228227
132342.2568314810 131782.2507162979
137481.0615464177 135769.4238638156
135393.4221309747 138959.1623818298
136678.1233097089 123010.4697917589
136838.7109570506 140713.5185667376
137641.6491937595 137364.2931228227
134590.4838942658 125243.2867543688
133787.5456575570 131303.7899385958
137481.0615464177 132101.2245680993

137320.4738990760 138640.1885300284
136196.3603676835 138161.7277523262
137320.4738990760 134015.0676789078
133948.1333048987 131622.7637903972
138283.9997831266 123967.3913471631
137481.0615464177 124286.3651989645
132021.0815367975 125402.7736802695
132663.4321261646 134334.0415307092
134911.6591889494 138321.2146782270
134269.3085995823 126678.6690874752
132021.0815367975 125243.2867543688
135554.0097783165 136407.3715674184
137641.6491937595 132579.6853458014
136035.7727203418 138799.6754559291
136517.5356623671 138640.1885300284
141977.5156719873 121096.6266809504
136999.2986043924 123967.3913471631
138123.4121357848 141191.9793444397
133145.1950681899 133855.5807530071
134429.8962469241 132420.1984199007
131057.5556527468 124445.8521248652
130254.6174160380 124764.8259766667
133466.3703628734 124605.3390507660
132502.8444788228 125243.2867543688
134269.3085995823 124764.8259766667
137159.8862517342 128751.9991241844
131218.1433000886 127795.0775687802
136999.2986043924 130506.3553090922
137481.0615464177 132579.6853458014
133626.9580102152 128592.5121982837
135714.5974256582 132579.6853458014
135232.8344836329 128592.5121982837
136356.9480150253 137523.7800487234
133787.5456575570 132898.6591976028
130896.9680054051 127795.0775687802
131539.3185947722 127635.5906428794
135875.1850730000 131941.7376421986
135072.2468362912 131941.7376421986
133948.1333048987 135928.9107897163
131539.3185947722 127157.1298651773
133948.1333048987 134971.9892343121
132984.6074208481 134015.0676789078
137641.6491937595 125243.2867543688
136517.5356623671 127476.1037169787
135072.2468362912 125562.2606061702
132181.6691841393 124605.3390507660
135072.2468362912 138321.2146782270
136035.7727203418 131622.7637903972
136678.1233097089 131782.2507162979
131539.3185947722 124445.8521248652
136356.9480150253 123169.9567176596
137320.4738990760 131782.2507162979
132663.4321261646 129868.4076054894
133787.5456575570 126519.1821615745
134751.0715416076 132579.6853458014
131699.9062421139 125881.2344579716
132663.4321261646 128592.5121982837
137481.0615464177 139278.1362336312
131057.5556527468 124286.3651989645
135554.0097783165 136726.3454192198
132663.4321261646 127954.5644946809
134590.4838942658 136407.3715674184
134108.7209522405 136088.3977156170
133305.7827155316 130506.3553090922
138283.9997831266 125083.7998284681
136196.3603676835 131303.7899385958
132021.0815367975 124126.8782730638
141656.3403773038 121256.1136068511
132181.6691841393 131144.3030126950
135714.5974256582 131303.7899385958
138605.1750778101 142627.3616775461
137481.0615464177 132260.7114940000
137962.8244884430 141829.9270480426
136035.7727203418 128751.9991241844
130736.3803580633 125721.7475320709
135554.0097783165 123488.9305694610
134911.6591889494 123648.4174953617
136999.2986043924 130984.8160867943
134108.7209522405 133536.6069012057

