95420728.2676392198 2445210.4375000000
99724639.5997662991 2461823.9921875000
97175611.1648676395 2457298.3046875000
94613956.6334307939 2444288.6406250000
98406987.6332018971 2458837.7460937500
99277813.2431998253 2459325.5781250000
94236495.9244410098 2429335.9218750000
95785641.8441600502 2447918.2890625000
96212173.9058142751 2457077.9140625000
101373727.7353088707 2462363.6796875000
100719068.2017906606 2461915.7226562500
93889832.7336655408 2424855.0429687500
95841710.2594033331 2451193.3554687500
97853909.2328391373 2457392.3828125000
95713609.1727969944 2446119.6914062500
93699286.3035384715 2415084.4843750000
97955575.0130598992 2457660.2500000000
98437849.2618440390 2459196.1601562500
