121864076.2036469728 1207168.0878906250
113807776.2479541898 1071910.5654296875
121737774.5048438311 1205347.1289062500
114171433.2783152014 1137625.8251953125
115228417.9465423822 1183769.4306640625
114853310.7569531500 1173198.6699218750
114685639.1080485135 1160316.3896484375
114628573.2435162514 1154555.3408203125
120776983.8689443767 1205126.7558593750
114649480.1881089211 1156243.7978515625
119699603.3735439479 1203595.4394531250
118269313.9665956795 1198730.1259765625
117114307.0801752508 1197113.1767578125
120578290.5901789963 1203771.8505859375
116767127.9986002594 1186758.2304687500
118936349.2558114976 1201826.4638671875
116922975.4849204421 1190794.7148437500
116608567.9651614577 1184588.1132812500
114554069.8397662342 1144958.5927734375
118952948.7285932600 1202087.1152343750
