107155698.3301437497 12.2886300813
107413617.5652060956 12.3236275297
104367339.5194967538 11.9070550362
106563069.7244477123 12.2049071658
103687802.3495278656 11.5630640602
107913257.0334116966 12.3414514177
108108278.4048363715 12.3842205601
109906833.9967710972 12.7361413501
108590076.1600902677 12.5993519351
111013957.9761345834 12.8683014996
107342172.6410617083 12.3179010823
108256745.4526202828 12.4450408444
102960111.6594463140 10.1930875555
106021607.4865680635 12.0050376272
104004284.0029983371 11.6162873395
108140366.7704958767 12.4080793485
105272040.7836947292 11.9915956315
106057212.0161191374 12.1805571606
