129114.8283529437 123496.5241054383
110278.2064937188 142648.2995846591
113630.4866551062 140413.9257787500
113630.4866551062 141371.5145527110
117142.3992051313 136902.7669408928
122729.5328074437 127965.2717172565
113311.2218778313 142009.9070686851
114269.0162096562 139296.7388757954
110278.2064937188 138339.1501018344
117302.0315937687 132753.2155870617
111076.3684369062 140733.1220367370
108522.2502187062 141531.1126817045
118100.1935369562 134349.1968769967
114588.2809869313 138339.1501018344
108681.8826073438 144723.0752615747
116982.7668164937 135945.1781669318
118259.8259255938 134189.5987480032
106766.2939436937 142329.1033266721
126081.8129688312 125890.4960403409
109799.3093278063 138179.5519728409
112991.9571005563 137221.9631988799
119057.9878687812 130518.8417811526
112832.3247119187 139296.7388757954
110278.2064937188 140094.7295207630
118579.0907028688 135785.5800379383
112672.6923232812 140573.5239077435
119057.9878687812 134827.9912639773
115546.0753187563 137860.3557148539
113151.5894891937 138817.9444888149
118100.1935369562 134030.0006190098
110597.4712709937 145680.6640355357
109958.9417164437 142648.2995846591
114269.0162096562 141371.5145527110
110437.8388823562 145042.2715195617
114588.2809869313 140573.5239077435
125762.5481915562 127326.8792012825
112991.9571005563 139935.1313917695
113630.4866551062 139296.7388757954
109639.6769391687 138019.9538438474
127678.1368552062 125092.5053953734
116024.9724846687 137221.9631988799
119057.9878687812 131476.4305551136
108362.6178300687 143765.4864876136
117142.3992051313 134030.0006190098
113151.5894891937 140733.1220367370
117302.0315937687 137062.3650698864
115705.7077073938 136264.3744249188
110118.5741050813 145999.8602935227
115067.1781528438 133232.0099740422
118579.0907028688 133710.8043610227
120335.0469778813 132593.6174580682
116024.9724846687 133870.4024900162
107564.4558868812 143127.0939716396
110118.5741050813 140254.3276497565
117780.9287596813 136902.7669408928
114428.6485982937 139137.1407468019
110278.2064937188 141052.3182947240
117621.2963710437 136583.5706829058
109160.7797732562 137541.1594568669
115865.3400960312 137381.5613278734
120175.4145892438 129720.8511361851
119057.9878687812 130997.6361681331
112672.6923232812 137381.5613278734

117621.2963710437 131795.6268131007
120335.0469778813 132274.4212000812
111874.5303800938 138498.7482308279
117940.5611483187 134030.0006190098
115386.4429301187 137221.9631988799
119217.6202574187 135306.7856509578
125443.2834142812 127007.6829432955
111236.0008255437 140733.1220367370
117780.9287596813 132114.8230710877
115386.4429301187 136104.7762959253
110437.8388823562 136743.1688118993
111555.2656028187 136423.9725539123
121292.8413097062 128763.2623622240
117302.0315937687 132753.2155870617
112832.3247119187 142648.2995846591
116982.7668164937 134987.5893929708
113630.4866551062 135945.1781669318
122569.9004188063 129880.4492651786
116503.8696505813 138658.3463598214
107883.7206641562 142807.8977136526
106287.3967777813 140733.1220367370
112353.4275460062 138498.7482308279
119057.9878687812 134189.5987480032
116503.8696505813 132274.4212000812
109320.4121618938 138817.9444888149
114109.3838210188 140413.9257787500
123687.3271392687 130040.0473941721
118738.7230915063 131795.6268131007
124485.4890824562 129082.4586202111
120015.7822006062 134508.7950059903
119856.1498119688 133232.0099740422
114907.5457642063 137062.3650698864
112353.4275460062 139137.1407468019
125124.0186370063 127326.8792012825
111714.8979914563 136264.3744249188
109799.3093278063 142009.9070686851
116344.2372619437 133551.2062320292
109160.7797732562 144563.4771325812
109320.4121618938 137860.3557148539
117940.5611483187 131157.2342971266
114907.5457642063 140733.1220367370
116663.5020392188 137541.1594568669
113630.4866551062 137860.3557148539
115705.7077073938 139296.7388757954
108522.2502187062 140573.5239077435
127039.6073006563 126209.6922983279
120813.9441437937 131316.8324261201
110597.4712709937 145201.8696485552
120335.0469778813 133551.2062320292
125124.0186370063 127646.0754592695
129274.4607415812 123177.3278474513
121133.2089210687 129242.0567492045
107883.7206641562 143286.6921006331
107404.8234982437 138817.9444888149
125602.9158029188 126369.2904273214
113790.1190437437 135147.1875219643
109160.7797732562 139296.7388757954
111874.5303800938 142329.1033266721
108362.6178300687 139296.7388757954
113311.2218778313 141371.5145527110
119696.5174233312 130359.2436521591
111076.3684369062 144403.8790035877
117461.6639824062 137700.7575858604

119217.6202574187 131955.2249420942
114588.2809869313 137541.1594568669
114428.6485982937 138817.9444888149
122250.6356415312 131636.0286841072
126560.7101347437 126688.4866853085
109639.6769391687 145680.6640355357
121292.8413097062 132274.4212000812
124804.7538597312 127805.6735882630
116823.1344278562 135306.7856509578
113470.8542664688 141690.7108106980
120973.5765324313 129561.2530071916
112193.7951573687 138817.9444888149
118259.8259255938 136583.5706829058
115067.1781528438 139296.7388757954
124964.3862483687 128603.6642332305
119856.1498119688 130838.0380391396
111555.2656028187 137860.3557148539
116982.7668164937 133391.6081030357
111874.5303800938 140892.7201657305
110597.4712709937 137221.9631988799
118419.4583142312 132912.8137160552
118100.1935369562 132434.0193290747
106606.6615550563 139296.7388757954
114109.3838210188 133870.4024900162
116663.5020392188 137062.3650698864
117780.9287596813 134349.1968769967
112513.0599346438 137062.3650698864
118100.1935369562 133072.4118450487
119696.5174233312 130997.6361681331
111714.8979914563 136902.7669408928
112513.0599346438 135785.5800379383
114907.5457642063 133391.6081030357
112832.3247119187 137221.9631988799
120813.9441437937 130997.6361681331
120813.9441437937 130838.0380391396
111076.3684369062 141052.3182947240
113790.1190437437 141052.3182947240
119057.9878687812 131636.0286841072
120015.7822006062 133710.8043610227
116503.8696505813 135625.9819089448
113790.1190437437 141850.3089396916
112832.3247119187 134987.5893929708
106606.6615550563 139935.1313917695
118100.1935369562 130997.6361681331
122091.0032528937 130518.8417811526
127039.6073006563 126050.0941693344
121452.4736983438 131636.0286841072
112832.3247119187 141690.7108106980
111395.6332141813 138339.1501018344
125762.5481915562 126528.8885563149
118100.1935369562 136423.9725539123
110118.5741050813 145521.0659065422
107724.0882755188 140733.1220367370
113470.8542664688 139935.1313917695
110278.2064937188 139296.7388757954
114907.5457642063 138019.9538438474
117621.2963710437 132593.6174580682
116024.9724846687 138977.5426178084
118898.3554801437 132434.0193290747
118259.8259255938 134189.5987480032
112991.9571005563 134668.3931349838
109001.1473846187 143765.4864876136
114428.6485982937 138339.1501018344

118419.4583142312 136104.7762959253
124645.1214710938 127805.6735882630
111874.5303800938 142967.4958426461
113311.2218778313 142648.2995846591
119377.2526460563 133232.0099740422
111555.2656028187 136264.3744249188
120494.6793665187 131316.8324261201
112353.4275460062 142009.9070686851
128955.1959643062 123656.1222344318
125283.6510256437 127167.2810722890
110118.5741050813 145840.2621645292
110597.4712709937 141052.3182947240
118738.7230915063 133391.6081030357
122250.6356415312 131157.2342971266
125283.6510256437 127805.6735882630
128157.0340211187 124613.7110083929
127039.6073006563 124613.7110083929
118419.4583142312 134349.1968769967
120175.4145892438 130199.6455231656
111714.8979914563 142648.2995846591
116024.9724846687 133072.4118450487
124645.1214710938 128603.6642332305
109799.3093278063 143605.8883586201
122250.6356415312 128603.6642332305
114428.6485982937 136743.1688118993
116982.7668164937 136104.7762959253
118579.0907028688 130997.6361681331
117142.3992051313 133870.4024900162
126081.8129688312 126209.6922983279
114588.2809869313 140413.9257787500
108681.8826073438 142329.1033266721
118738.7230915063 132593.6174580682
110118.5741050813 139775.5332627760
128635.9311870313 123496.5241054383
124645.1214710938 127167.2810722890
105648.8672232313 140733.1220367370
113790.1190437437 137381.5613278734
129434.0931302188 123336.9259764448
116663.5020392188 134508.7950059903
115067.1781528438 133551.2062320292
115546.0753187563 138817.9444888149
112513.0599346438 143605.8883586201
127199.2396892938 125730.8979113474
115067.1781528438 135466.3837799513
127518.5044665687 124454.1128793994
113790.1190437437 140094.7295207630
114747.9133755688 137062.3650698864
109480.0445505312 139935.1313917695
106447.0291664188 140413.9257787500
115386.4429301187 136743.1688118993
112513.0599346438 138498.7482308279
120175.4145892438 131955.2249420942
111076.3684369062 142807.8977136526
119856.1498119688 133710.8043610227
112991.9571005563 140254.3276497565
112193.7951573687 141052.3182947240
111714.8979914563 138977.5426178084
109320.4121618938 144244.2808745942
113949.7514323813 141211.9164237175
111874.5303800938 135945.1781669318
112034.1627687312 136743.1688118993
112513.0599346438 141052.3182947240
109799.3093278063 144403.8790035877

112353.4275460062 137221.9631988799
111874.5303800938 142648.2995846591
111076.3684369062 138498.7482308279
125762.5481915562 125571.2997823539
109480.0445505312 144882.6733905682
110437.8388823562 138179.5519728409
124166.2243051813 126688.4866853085
128157.0340211187 123975.3184924188
108841.5149959813 141371.5145527110
112832.3247119187 139296.7388757954
112034.1627687312 137221.9631988799
112672.6923232812 135625.9819089448
115865.3400960312 133870.4024900162
122569.9004188063 130359.2436521591
114907.5457642063 138658.3463598214
115226.8105414812 138817.9444888149
128476.2987983937 124134.9166214123
115705.7077073938 138658.3463598214
118738.7230915063 133232.0099740422
114428.6485982937 136743.1688118993
111555.2656028187 138498.7482308279
118738.7230915063 131795.6268131007
120335.0469778813 129401.6548781981
122410.2680301688 128124.8698462500
124166.2243051813 129242.0567492045
111714.8979914563 140413.9257787500
109799.3093278063 139456.3370047890
111395.6332141813 140254.3276497565
121452.4736983438 130359.2436521591
117302.0315937687 131636.0286841072
111555.2656028187 139615.9351337825
114588.2809869313 139296.7388757954
110757.1036596312 144084.6827456006
111395.6332141813 141850.3089396916
113790.1190437437 139137.1407468019
105489.2348345937 140413.9257787500
118259.8259255938 133870.4024900162
113949.7514323813 141211.9164237175
127837.7692438438 125252.1035243669
112513.0599346438 135785.5800379383
112991.9571005563 141531.1126817045
108202.9854414313 141850.3089396916
112034.1627687312 140573.5239077435
114747.9133755688 139296.7388757954
120175.4145892438 131955.2249420942
111395.6332141813 137700.7575858604
105169.9700573187 140413.9257787500
108522.2502187062 144244.2808745942
109160.7797732562 138817.9444888149
118100.1935369562 132274.4212000812
116982.7668164937 137541.1594568669
116823.1344278562 134987.5893929708
117780.9287596813 135945.1781669318
120813.9441437937 133551.2062320292
112832.3247119187 138179.5519728409
116184.6048733063 135785.5800379383
110757.1036596312 137062.3650698864
123368.0623619938 129082.4586202111
108043.3530527938 140733.1220367370
117461.6639824062 131476.4305551136
118259.8259255938 131476.4305551136
122889.1651960812 130359.2436521591
115226.8105414812 133551.2062320292

120973.5765324313 130040.0473941721
119057.9878687812 133232.0099740422
110757.1036596312 138977.5426178084
114109.3838210188 139775.5332627760
112513.0599346438 142169.5051976786
108841.5149959813 140892.7201657305
116663.5020392188 137381.5613278734
113311.2218778313 139935.1313917695
110278.2064937188 136743.1688118993
124485.4890824562 127167.2810722890
126720.3425233813 124932.9072663799
125602.9158029188 126848.0848143019
112513.0599346438 136264.3744249188
110916.7360482688 137221.9631988799
113790.1190437437 137221.9631988799
113470.8542664688 136264.3744249188
111714.8979914563 142967.4958426461
108522.2502187062 144563.4771325812
110757.1036596312 142488.7014556656
122091.0032528937 131795.6268131007
112991.9571005563 135466.3837799513
115546.0753187563 139296.7388757954
112513.0599346438 136743.1688118993
110597.4712709937 144882.6733905682
118579.0907028688 133710.8043610227
116823.1344278562 133870.4024900162
120335.0469778813 131636.0286841072
119377.2526460563 132434.0193290747
126560.7101347437 126528.8885563149
106287.3967777813 140094.7295207630
113630.4866551062 134987.5893929708
117940.5611483187 131955.2249420942
121133.2089210687 132274.4212000812
127837.7692438438 125092.5053953734
109001.1473846187 145201.8696485552
114428.6485982937 139456.3370047890
113790.1190437437 140254.3276497565
110916.7360482688 141052.3182947240
111395.6332141813 137381.5613278734
122091.0032528937 129082.4586202111
117621.2963710437 133072.4118450487
106766.2939436937 140573.5239077435
115386.4429301187 138019.9538438474
124964.3862483687 127805.6735882630
122729.5328074437 128444.0661042370
110597.4712709937 143446.2902296266
111395.6332141813 142169.5051976786
116982.7668164937 135945.1781669318
106287.3967777813 141690.7108106980
116823.1344278562 136264.3744249188
113630.4866551062 139456.3370047890
111395.6332141813 139775.5332627760
117461.6639824062 132593.6174580682
120175.4145892438 134349.1968769967
110597.4712709937 137541.1594568669
115386.4429301187 134189.5987480032
117621.2963710437 136902.7669408928
118738.7230915063 133710.8043610227
119377.2526460563 133232.0099740422
120175.4145892438 133870.4024900162
112513.0599346438 139456.3370047890
126241.4453574688 125730.8979113474
114907.5457642063 140094.7295207630

116184.6048733063 133551.2062320292
115705.7077073938 139456.3370047890
128795.5635756688 123975.3184924188
109799.3093278063 141531.1126817045
125283.6510256437 126688.4866853085
112991.9571005563 136902.7669408928
111236.0008255437 142807.8977136526
107883.7206641562 143765.4864876136
125602.9158029188 127805.6735882630
109958.9417164437 143605.8883586201
109320.4121618938 141371.5145527110
112832.3247119187 140733.1220367370
112193.7951573687 143127.0939716396
126401.0777461062 125411.7016533604
125922.1805801937 127167.2810722890
110278.2064937188 137541.1594568669
110118.5741050813 137700.7575858604
113311.2218778313 142329.1033266721
122889.1651960812 127646.0754592695
118419.4583142312 132593.6174580682
109799.3093278063 145680.6640355357
118100.1935369562 133232.0099740422
121771.7384756188 129082.4586202111
109160.7797732562 139935.1313917695
129114.8283529437 123177.3278474513
111395.6332141813 139456.3370047890
109799.3093278063 137700.7575858604
111555.2656028187 140413.9257787500
106925.9263323312 140892.7201657305
115226.8105414812 139775.5332627760
113311.2218778313 138817.9444888149
116344.2372619437 134987.5893929708
114428.6485982937 136583.5706829058
111874.5303800938 135466.3837799513
116344.2372619437 136583.5706829058
118738.7230915063 131636.0286841072
119057.9878687812 131316.8324261201
126081.8129688312 126528.8885563149
129753.3579074937 122698.5334604708
109799.3093278063 146159.4584225162
118419.4583142312 131795.6268131007
108362.6178300687 140413.9257787500
111874.5303800938 136264.3744249188
117142.3992051313 136743.1688118993
121292.8413097062 131157.2342971266
112193.7951573687 138339.1501018344
121452.4736983438 132434.0193290747
123048.7975847188 130997.6361681331
109001.1473846187 145201.8696485552
112991.9571005563 135625.9819089448
120175.4145892438 130199.6455231656
115865.3400960312 133391.6081030357
113949.7514323813 139456.3370047890
122729.5328074437 128922.8604912175
109480.0445505312 144084.6827456006
122569.9004188063 129082.4586202111
109480.0445505312 142967.4958426461
116184.6048733063 132593.6174580682
117461.6639824062 137700.7575858604
113151.5894891937 138019.9538438474
121771.7384756188 130518.8417811526
112832.3247119187 135945.1781669318
127837.7692438438 124134.9166214123

119217.6202574187 134827.9912639773
118419.4583142312 136104.7762959253
118100.1935369562 136583.5706829058
112672.6923232812 138977.5426178084
116663.5020392188 137860.3557148539
120015.7822006062 130359.2436521591
112672.6923232812 137700.7575858604
117302.0315937687 132593.6174580682
118419.4583142312 134189.5987480032
108681.8826073438 141052.3182947240
112672.6923232812 143286.6921006331
115386.4429301187 133232.0099740422
119536.8850346937 134668.3931349838
109320.4121618938 138498.7482308279
113311.2218778313 136902.7669408928
110597.4712709937 138179.5519728409
111714.8979914563 136583.5706829058
123208.4299733562 128444.0661042370
112672.6923232812 141371.5145527110
117940.5611483187 134349.1968769967
125602.9158029188 126209.6922983279
113949.7514323813 138817.9444888149
109160.7797732562 143765.4864876136
118898.3554801437 135147.1875219643
112193.7951573687 140733.1220367370
117621.2963710437 132114.8230710877
110437.8388823562 137860.3557148539
116823.1344278562 136423.9725539123
113151.5894891937 141531.1126817045
110916.7360482688 141052.3182947240
111874.5303800938 138179.5519728409
113630.4866551062 137381.5613278734
119057.9878687812 134189.5987480032
114907.5457642063 134189.5987480032
112672.6923232812 135306.7856509578
113151.5894891937 139935.1313917695
106287.3967777813 141052.3182947240
113790.1190437437 137062.3650698864
109958.9417164437 145840.2621645292
122889.1651960812 130359.2436521591
128635.9311870313 123496.5241054383
115705.7077073938 134349.1968769967
118898.3554801437 130997.6361681331
111395.6332141813 139296.7388757954
112193.7951573687 137381.5613278734
114109.3838210188 140254.3276497565
106287.3967777813 140094.7295207630
112513.0599346438 141211.9164237175
118579.0907028688 132434.0193290747
116823.1344278562 135466.3837799513
112193.7951573687 135625.9819089448
110278.2064937188 141690.7108106980
115546.0753187563 138977.5426178084
111874.5303800938 138977.5426178084
118259.8259255938 133072.4118450487
105808.4996118687 140733.1220367370
109958.9417164437 145680.6640355357
112672.6923232812 136423.9725539123
107564.4558868812 141371.5145527110
116024.9724846687 138658.3463598214
112513.0599346438 137541.1594568669
112034.1627687312 137541.1594568669
110757.1036596312 138817.9444888149

120654.3117551562 131316.8324261201
112513.0599346438 139615.9351337825
113949.7514323813 135466.3837799513
118419.4583142312 130838.0380391396
124804.7538597312 127965.2717172565
115386.4429301187 135625.9819089448
110118.5741050813 144403.8790035877
111555.2656028187 143765.4864876136
119696.5174233312 133710.8043610227
122569.9004188063 128444.0661042370
116982.7668164937 135466.3837799513
118419.4583142312 135785.5800379383
107245.1911096063 140254.3276497565
127997.4016324812 124294.5147504059
110437.8388823562 139615.9351337825
117780.9287596813 131636.0286841072
108043.3530527938 142488.7014556656
119536.8850346937 131476.4305551136
112513.0599346438 142009.9070686851
111714.8979914563 142169.5051976786
108841.5149959813 139935.1313917695
115067.1781528438 139615.9351337825
112672.6923232812 141371.5145527110
114588.2809869313 136583.5706829058
115865.3400960312 135625.9819089448
118259.8259255938 132912.8137160552
114588.2809869313 133870.4024900162
109001.1473846187 141531.1126817045
125762.5481915562 127167.2810722890
118419.4583142312 131636.0286841072
120494.6793665187 133870.4024900162
119057.9878687812 135306.7856509578
109160.7797732562 139137.1407468019
116823.1344278562 134508.7950059903
111395.6332141813 140254.3276497565
116184.6048733063 139137.1407468019
109480.0445505312 140573.5239077435
110597.4712709937 138179.5519728409
127358.8720779312 124613.7110083929
120654.3117551562 132114.8230710877
112991.9571005563 140413.9257787500
110118.5741050813 138019.9538438474
116024.9724846687 137860.3557148539
112193.7951573687 137860.3557148539
112193.7951573687 135306.7856509578
108681.8826073438 144084.6827456006
112193.7951573687 141531.1126817045
128157.0340211187 124773.3091373864
119696.5174233312 132274.4212000812
107085.5587209688 141371.5145527110
113151.5894891937 135466.3837799513
110757.1036596312 136902.7669408928
127199.2396892938 124773.3091373864
111395.6332141813 141052.3182947240
123527.6947506313 130040.0473941721
115386.4429301187 138658.3463598214
116823.1344278562 136743.1688118993
113630.4866551062 135466.3837799513
109799.3093278063 139456.3370047890
116823.1344278562 132114.8230710877
114588.2809869313 137381.5613278734
109639.6769391687 143127.0939716396
119217.6202574187 130997.6361681331

113949.7514323813 134668.3931349838
107724.0882755188 143605.8883586201
118738.7230915063 131795.6268131007
111874.5303800938 142648.2995846591
115865.3400960312 132912.8137160552
108522.2502187062 143765.4864876136
118259.8259255938 135945.1781669318
117940.5611483187 131636.0286841072
109799.3093278063 138339.1501018344
120175.4145892438 130359.2436521591
112672.6923232812 135945.1781669318
112513.0599346438 137860.3557148539
117302.0315937687 132434.0193290747
118419.4583142312 131636.0286841072
118738.7230915063 133710.8043610227
113630.4866551062 141690.7108106980
112193.7951573687 135785.5800379383
108522.2502187062 143286.6921006331
114109.3838210188 134030.0006190098
110757.1036596312 141850.3089396916
106925.9263323312 140413.9257787500
120494.6793665187 131795.6268131007
113949.7514323813 135466.3837799513
109160.7797732562 138658.3463598214
127678.1368552062 124932.9072663799
118419.4583142312 136104.7762959253
116503.8696505813 132274.4212000812
119377.2526460563 130678.4399101461
123368.0623619938 128603.6642332305
111714.8979914563 135945.1781669318
112513.0599346438 135945.1781669318
110916.7360482688 139137.1407468019
112672.6923232812 136743.1688118993
111236.0008255437 137062.3650698864
124645.1214710938 127805.6735882630
106447.0291664188 141850.3089396916
125443.2834142812 126848.0848143019
112193.7951573687 142648.2995846591
114109.3838210188 136743.1688118993
112034.1627687312 141531.1126817045
110757.1036596312 145201.8696485552
114428.6485982937 135147.1875219643
120175.4145892438 133232.0099740422
116823.1344278562 132593.6174580682
113311.2218778313 140254.3276497565
113949.7514323813 138498.7482308279
115386.4429301187 135306.7856509578
113311.2218778313 139456.3370047890
115386.4429301187 139775.5332627760
110597.4712709937 139137.1407468019
125922.1805801937 127167.2810722890
108681.8826073438 141690.7108106980
125283.6510256437 127007.6829432955
118100.1935369562 132912.8137160552
118259.8259255938 133710.8043610227
127199.2396892938 126050.0941693344
113790.1190437437 138977.5426178084
126720.3425233813 126528.8885563149
108841.5149959813 143446.2902296266
108841.5149959813 144723.0752615747
111236.0008255437 142329.1033266721
108362.6178300687 141211.9164237175
108841.5149959813 140733.1220367370

111076.3684369062 141531.1126817045
112034.1627687312 143286.6921006331
114269.0162096562 135945.1781669318
108841.5149959813 138817.9444888149
112991.9571005563 140892.7201657305
114907.5457642063 138339.1501018344
107404.8234982437 142648.2995846591
112513.0599346438 139615.9351337825
109958.9417164437 138817.9444888149
116344.2372619437 135945.1781669318
116982.7668164937 137541.1594568669
116663.5020392188 135147.1875219643
116823.1344278562 133870.4024900162
110597.4712709937 137700.7575858604
116344.2372619437 137860.3557148539
118419.4583142312 131316.8324261201
111236.0008255437 142329.1033266721
125443.2834142812 126050.0941693344
110757.1036596312 139935.1313917695
113470.8542664688 139775.5332627760
117461.6639824062 133551.2062320292
113630.4866551062 134508.7950059903
107724.0882755188 139935.1313917695
116024.9724846687 134668.3931349838
113630.4866551062 141371.5145527110
113311.2218778313 139456.3370047890
115705.7077073938 136104.7762959253
112034.1627687312 140733.1220367370
118579.0907028688 130678.4399101461
110437.8388823562 141690.7108106980
114747.9133755688 139615.9351337825
127837.7692438438 124294.5147504059
111555.2656028187 140413.9257787500
118419.4583142312 132274.4212000812
113470.8542664688 141371.5145527110
110437.8388823562 139615.9351337825
110757.1036596312 138339.1501018344
118579.0907028688 131636.0286841072
117780.9287596813 131476.4305551136
110916.7360482688 145042.2715195617
112353.4275460062 141531.1126817045
121133.2089210687 130199.6455231656
108522.2502187062 142488.7014556656
121452.4736983438 128603.6642332305
109958.9417164437 145042.2715195617
113790.1190437437 137062.3650698864
126241.4453574688 126050.0941693344
119377.2526460563 133551.2062320292
128316.6664097563 123656.1222344318
107883.7206641562 139935.1313917695
112513.0599346438 138977.5426178084
112513.0599346438 135945.1781669318
126720.3425233813 126528.8885563149
126401.0777461062 126369.2904273214
110437.8388823562 142648.2995846591
110118.5741050813 144723.0752615747
111076.3684369062 136264.3744249188
113311.2218778313 138179.5519728409
106766.2939436937 141052.3182947240
121292.8413097062 130997.6361681331
120335.0469778813 133710.8043610227
120494.6793665187 132434.0193290747
112672.6923232812 141052.3182947240

111714.8979914563 143765.4864876136
110597.4712709937 143446.2902296266
113151.5894891937 142648.2995846591
106127.7643891438 141531.1126817045
113790.1190437437 141371.5145527110
106447.0291664188 140254.3276497565
109320.4121618938 139456.3370047890
108681.8826073438 139296.7388757954
109001.1473846187 139296.7388757954
109639.6769391687 139137.1407468019
114588.2809869313 139137.1407468019
109958.9417164437 138977.5426178084
113949.7514323813 138977.5426178084
116503.8696505813 138498.7482308279
115386.4429301187 137860.3557148539
110118.5741050813 137381.5613278734
112034.1627687312 137062.3650698864
116344.2372619437 136743.1688118993
110437.8388823562 136583.5706829058
120813.9441437937 133710.8043610227
116823.1344278562 133551.2062320292
118419.4583142312 132753.2155870617
120335.0469778813 131795.6268131007
121452.4736983438 131795.6268131007
118419.4583142312 130997.6361681331
123527.6947506313 128284.4679752435
122889.1651960812 128124.8698462500
126081.8129688312 127326.8792012825
125283.6510256437 127167.2810722890
127997.4016324812 124773.3091373864
128316.6664097563 124134.9166214123
129912.9902961313 122698.5334604708
118419.4583142312 135625.9819089448
106925.9263323312 142329.1033266721
122410.2680301688 130838.0380391396
116344.2372619437 136264.3744249188
124645.1214710938 128922.8604912175
116024.9724846687 135625.9819089448
125922.1805801937 125890.4960403409
122889.1651960812 128922.8604912175
121292.8413097062 132274.4212000812
112513.0599346438 140573.5239077435
116823.1344278562 133072.4118450487
107724.0882755188 141690.7108106980
109480.0445505312 143765.4864876136
123048.7975847188 130518.8417811526
115067.1781528438 139137.1407468019
109799.3093278063 145999.8602935227
115705.7077073938 139137.1407468019
116184.6048733063 138658.3463598214
122091.0032528937 131476.4305551136
119057.9878687812 135625.9819089448
116982.7668164937 134349.1968769967
113151.5894891937 141850.3089396916
122889.1651960812 131157.2342971266
121612.1060869812 129561.2530071916
118100.1935369562 133232.0099740422
110916.7360482688 136743.1688118993
116344.2372619437 134827.9912639773
126560.7101347437 126050.0941693344
121771.7384756188 131636.0286841072
111236.0008255437 141690.7108106980
112672.6923232812 135466.3837799513

108841.5149959813 138179.5519728409
114747.9133755688 138817.9444888149
118419.4583142312 135785.5800379383
124166.2243051813 128763.2623622240
110118.5741050813 140892.7201657305
119377.2526460563 132753.2155870617
123527.6947506313 128603.6642332305
114109.3838210188 140413.9257787500
113470.8542664688 134987.5893929708
114428.6485982937 139775.5332627760
119536.8850346937 132593.6174580682
118419.4583142312 136264.3744249188
125602.9158029188 126528.8885563149
117621.2963710437 132274.4212000812
109958.9417164437 138179.5519728409
113470.8542664688 141690.7108106980
122410.2680301688 128284.4679752435
123846.9595279062 129401.6548781981
129912.9902961313 122698.5334604708
113311.2218778313 140254.3276497565
128316.6664097563 123815.7203634253
109639.6769391687 145201.8696485552
123048.7975847188 130518.8417811526
124166.2243051813 127486.4773302760
117621.2963710437 133870.4024900162
111874.5303800938 137221.9631988799
126081.8129688312 125252.1035243669
125922.1805801937 125411.7016533604
115865.3400960312 136104.7762959253
105968.1320005062 140094.7295207630
113949.7514323813 135625.9819089448
111236.0008255437 140733.1220367370
117142.3992051313 132274.4212000812
120813.9441437937 133232.0099740422
126401.0777461062 126688.4866853085
111076.3684369062 136104.7762959253
110118.5741050813 139296.7388757954
112034.1627687312 135625.9819089448
119856.1498119688 130359.2436521591
110597.4712709937 137381.5613278734
112513.0599346438 136104.7762959253
119057.9878687812 134030.0006190098
116982.7668164937 133710.8043610227
111395.6332141813 141531.1126817045
110118.5741050813 143925.0846166071
115865.3400960312 138339.1501018344
110278.2064937188 140094.7295207630
119377.2526460563 134030.0006190098
114588.2809869313 141052.3182947240
115546.0753187563 138498.7482308279
112513.0599346438 141211.9164237175
107564.4558868812 141850.3089396916
108522.2502187062 143925.0846166071
109480.0445505312 140733.1220367370
110597.4712709937 142169.5051976786
108522.2502187062 140573.5239077435
124485.4890824562 129242.0567492045
113151.5894891937 136104.7762959253
115067.1781528438 134987.5893929708
116663.5020392188 136423.9725539123
120654.3117551562 129561.2530071916
113949.7514323813 134030.0006190098
114109.3838210188 138658.3463598214

109001.1473846187 139615.9351337825
111555.2656028187 141850.3089396916
114428.6485982937 140573.5239077435
112193.7951573687 140733.1220367370
120813.9441437937 132593.6174580682
114428.6485982937 134827.9912639773
122569.9004188063 129401.6548781981
114907.5457642063 133870.4024900162
114269.0162096562 135785.5800379383
119217.6202574187 133232.0099740422
111076.3684369062 140413.9257787500
119696.5174233312 131636.0286841072
113790.1190437437 134827.9912639773
112672.6923232812 135147.1875219643
115386.4429301187 138179.5519728409
112193.7951573687 139137.1407468019
115865.3400960312 135945.1781669318
112991.9571005563 138977.5426178084
109480.0445505312 139456.3370047890
118738.7230915063 131157.2342971266
123368.0623619938 129880.4492651786
105329.6024459562 140254.3276497565
112991.9571005563 142169.5051976786
125602.9158029188 127646.0754592695
108362.6178300687 143925.0846166071
112193.7951573687 135945.1781669318
112832.3247119187 140892.7201657305
107724.0882755188 139296.7388757954
113949.7514323813 138977.5426178084
109160.7797732562 144084.6827456006
106925.9263323312 139296.7388757954
108522.2502187062 138977.5426178084
109639.6769391687 143446.2902296266
126241.4453574688 125411.7016533604
123368.0623619938 127486.4773302760
116184.6048733063 135466.3837799513
107245.1911096063 142967.4958426461
113311.2218778313 135466.3837799513
118738.7230915063 134030.0006190098
107724.0882755188 139137.1407468019
117142.3992051313 132114.8230710877
110916.7360482688 140094.7295207630
125602.9158029188 126209.6922983279
112832.3247119187 139296.7388757954
115386.4429301187 138977.5426178084
114269.0162096562 140733.1220367370
116982.7668164937 134827.9912639773
115226.8105414812 136423.9725539123
116344.2372619437 134668.3931349838
123687.3271392687 127167.2810722890
118898.3554801437 135306.7856509578
124645.1214710938 126528.8885563149
121133.2089210687 133232.0099740422
115067.1781528438 136902.7669408928
112991.9571005563 140094.7295207630
122569.9004188063 130997.6361681331
115386.4429301187 135625.9819089448
120973.5765324313 128922.8604912175
120813.9441437937 131955.2249420942
109958.9417164437 141211.9164237175
128635.9311870313 124294.5147504059
112353.4275460062 135466.3837799513
121771.7384756188 131316.8324261201

116344.2372619437 137541.1594568669
119057.9878687812 134668.3931349838
118100.1935369562 132434.0193290747
110597.4712709937 145840.2621645292
108681.8826073438 143925.0846166071
115546.0753187563 135147.1875219643
119057.9878687812 135625.9819089448
115546.0753187563 138658.3463598214
114109.3838210188 135945.1781669318
118419.4583142312 135625.9819089448
123846.9595279062 128603.6642332305
117302.0315937687 131636.0286841072
120015.7822006062 133391.6081030357
115386.4429301187 134827.9912639773
113630.4866551062 137062.3650698864
112832.3247119187 140573.5239077435
116503.8696505813 138658.3463598214
111395.6332141813 140733.1220367370
115386.4429301187 136902.7669408928
118738.7230915063 133391.6081030357
111714.8979914563 136583.5706829058
112672.6923232812 142648.2995846591
120813.9441437937 133551.2062320292
109639.6769391687 138817.9444888149
112034.1627687312 140413.9257787500
119377.2526460563 130359.2436521591
115705.7077073938 134827.9912639773
113470.8542664688 138817.9444888149
112832.3247119187 139775.5332627760
114109.3838210188 134508.7950059903
118259.8259255938 131157.2342971266
107085.5587209688 142329.1033266721
113470.8542664688 141211.9164237175
111555.2656028187 139775.5332627760
106606.6615550563 142169.5051976786
105489.2348345937 140733.1220367370
110597.4712709937 137062.3650698864
112193.7951573687 137381.5613278734
113151.5894891937 140413.9257787500
121133.2089210687 129880.4492651786
121452.4736983438 132593.6174580682
116184.6048733063 139137.1407468019
120335.0469778813 133710.8043610227
116024.9724846687 138817.9444888149
127997.4016324812 124294.5147504059
118898.3554801437 135147.1875219643
120175.4145892438 134189.5987480032
111714.8979914563 142329.1033266721
115865.3400960312 138817.9444888149
114907.5457642063 138658.3463598214
124485.4890824562 126688.4866853085
109320.4121618938 138977.5426178084
125602.9158029188 126209.6922983279
125762.5481915562 127326.8792012825
117621.2963710437 131795.6268131007
111076.3684369062 138019.9538438474
115865.3400960312 133232.0099740422
113151.5894891937 135306.7856509578
109480.0445505312 140892.7201657305
109320.4121618938 140892.7201657305
114109.3838210188 135306.7856509578
115067.1781528438 135785.5800379383
111555.2656028187 140733.1220367370

111555.2656028187 142169.5051976786
110278.2064937188 138977.5426178084
128795.5635756688 123815.7203634253
113949.7514323813 134030.0006190098
116024.9724846687 136264.3744249188
125443.2834142812 126369.2904273214
127358.8720779312 125571.2997823539
116663.5020392188 137860.3557148539
113151.5894891937 135945.1781669318
112193.7951573687 135466.3837799513
111874.5303800938 140413.9257787500
113311.2218778313 136743.1688118993
122091.0032528937 130199.6455231656
117142.3992051313 132912.8137160552
117940.5611483187 136583.5706829058
109639.6769391687 143925.0846166071
108522.2502187062 138817.9444888149
107404.8234982437 141371.5145527110
108681.8826073438 140892.7201657305
111874.5303800938 138498.7482308279
108362.6178300687 141531.1126817045
119057.9878687812 132274.4212000812
116503.8696505813 132434.0193290747
113790.1190437437 139935.1313917695
119377.2526460563 134508.7950059903
119856.1498119688 131795.6268131007
116823.1344278562 136423.9725539123
111555.2656028187 144244.2808745942
128157.0340211187 124134.9166214123
114428.6485982937 141211.9164237175
126081.8129688312 126688.4866853085
113949.7514323813 140892.7201657305
111714.8979914563 141371.5145527110
120973.5765324313 133391.6081030357
122091.0032528937 131955.2249420942
113151.5894891937 141371.5145527110
113949.7514323813 141531.1126817045
118898.3554801437 134827.9912639773
120335.0469778813 132434.0193290747
113151.5894891937 135147.1875219643
109320.4121618938 139775.5332627760
111076.3684369062 139137.1407468019
128635.9311870313 124294.5147504059
111874.5303800938 136743.1688118993
117780.9287596813 132434.0193290747
112513.0599346438 135466.3837799513
110278.2064937188 145840.2621645292
111714.8979914563 140892.7201657305
125283.6510256437 126688.4866853085
116024.9724846687 136583.5706829058
116024.9724846687 136902.7669408928
111714.8979914563 138339.1501018344
124804.7538597312 126848.0848143019
108202.9854414313 140413.9257787500
110278.2064937188 139615.9351337825
112832.3247119187 141052.3182947240
127199.2396892938 125890.4960403409
110597.4712709937 142967.4958426461
111555.2656028187 143765.4864876136
115226.8105414812 137541.1594568669
113470.8542664688 138658.3463598214
118898.3554801437 132753.2155870617
119217.6202574187 132114.8230710877

111714.8979914563 138019.9538438474
114747.9133755688 137860.3557148539
113470.8542664688 137700.7575858604
116663.5020392188 134987.5893929708
124006.5919165438 126848.0848143019
114428.6485982937 140892.7201657305
114907.5457642063 135466.3837799513
108362.6178300687 143286.6921006331
112991.9571005563 135147.1875219643
114747.9133755688 139935.1313917695
113470.8542664688 138339.1501018344
125283.6510256437 126688.4866853085
117142.3992051313 136104.7762959253
118419.4583142312 132114.8230710877
109320.4121618938 143765.4864876136
120335.0469778813 133870.4024900162
114428.6485982937 134508.7950059903
122410.2680301688 131795.6268131007
119057.9878687812 130678.4399101461
113151.5894891937 141690.7108106980
110757.1036596312 143605.8883586201
108681.8826073438 138817.9444888149
112991.9571005563 142488.7014556656
115705.7077073938 135466.3837799513
109639.6769391687 137221.9631988799
109799.3093278063 143925.0846166071
110757.1036596312 145042.2715195617
122729.5328074437 127805.6735882630
120973.5765324313 130359.2436521591
108522.2502187062 142169.5051976786
112832.3247119187 139615.9351337825
117461.6639824062 133710.8043610227
115865.3400960312 139296.7388757954
119696.5174233312 133870.4024900162
112991.9571005563 138977.5426178084
117461.6639824062 137221.9631988799
117940.5611483187 133870.4024900162
122250.6356415312 130359.2436521591
114428.6485982937 138339.1501018344
106447.0291664188 140094.7295207630
107085.5587209688 140573.5239077435
111395.6332141813 139775.5332627760
109001.1473846187 137541.1594568669
105968.1320005062 140413.9257787500
108522.2502187062 141371.5145527110
124006.5919165438 127646.0754592695
112193.7951573687 142967.4958426461
108202.9854414313 139935.1313917695
114428.6485982937 134030.0006190098
112991.9571005563 140413.9257787500
115226.8105414812 133232.0099740422
112672.6923232812 142488.7014556656
115705.7077073938 139456.3370047890
118898.3554801437 135785.5800379383
116823.1344278562 137062.3650698864
119057.9878687812 134508.7950059903
119377.2526460563 132593.6174580682
118259.8259255938 136264.3744249188
108522.2502187062 139615.9351337825
113151.5894891937 141211.9164237175
112672.6923232812 135147.1875219643
130391.8874620438 122219.7390734903
112991.9571005563 136104.7762959253

