511078516.3217772841 165196.1388778687
523461523.7302463055 174728.4574623108
511591477.3215036392 165517.4017143250
511058469.8900727630 164076.6278076172
521645174.5048986077 174650.4940261841
524946386.0978840590 175436.2300071716
525579272.8783892393 178097.1629028320
509477108.9721980691 162692.2309875488
525520574.0332502723 176178.8058624268
512795274.0733180642 168075.8796463013
515443407.5737180710 172350.5708847046
513773146.0033422112 169490.8976516724
513986759.1117380261 169651.1395187378
514830849.7664460540 172059.4641418457
512033615.4439581037 167042.7450599670
512603366.6859031916 167378.7632598877
516852356.6672127843 174235.3743133545
