118362.3222848208 116575.4956519415
128594.5391880660 129707.9415841286
126036.4849622547 130508.7004824327
127635.2688533868 130508.7004824327
122519.1604017642 128426.7273468421
125077.2146275755 124583.0846349824
122039.5252344245 116575.4956519415
124437.7010711226 117216.1027705848
126196.3633513679 126504.9059909123
125556.8497949151 134992.9503129357
122359.2820126509 112411.5493807602
120120.9845650660 125223.6917536257
110368.4028291604 117055.9509909240
117243.1735610283 117696.5581095673
122039.5252344245 131309.4593807368
115164.7545025566 120739.4419231228
130353.2014683113 114653.6742960117
127795.1472425000 113532.6118383860
116603.6600045755 118657.4687875322
111807.3083311792 121700.3526010877
119321.5926195000 129227.4862451462
122039.5252344245 127465.8166688772
124277.8226820094 135313.2538722573
108449.8621598019 125223.6917536257
133071.1340832358 118177.0134485497
134030.4044179151 116095.0403129591
110368.4028291604 122180.8079400702
130832.8366356509 117376.2545502456
122039.5252344245 112251.3976010994
117403.0519501415 117055.9509909240
133231.0124723491 117055.9509909240
111647.4299420661 112892.0047197427
124757.4578493491 137235.0752281871
121080.2548997453 131309.4593807368
121080.2548997453 123141.7186180351
115644.3896698962 128747.0309061637
114844.9977243302 129547.7898044678
112606.7002767453 119137.9241265146
129234.0527445189 116255.1920926199
116763.5383936887 130028.2451434503
119481.4710086132 115614.5849739766
115324.6328916698 114813.8260756725
127635.2688533868 114493.5225163509
124277.8226820094 135633.5574315790
108609.7405489151 121380.0490417661
122519.1604017642 122661.2632790526
124117.9442928962 126985.3613298947
111487.5515529528 121540.2008214269
111647.4299420661 119778.5312451579
113725.8490005377 117376.2545502456
118362.3222848208 119298.0759061754
122199.4036235377 123141.7186180351
113086.3354440849 117696.5581095673
118362.3222848208 124262.7810756608
114685.1193352170 128266.5755671813
109728.8892727075 123622.1739570175
115004.8761134434 126024.4506519298
135948.9450872736 117856.7098892281
120920.3765106321 118016.8616688889
115804.2680590094 129547.7898044678
137387.8505892924 116735.6474316023
114525.2409461038 128586.8791265029
114365.3625569906 118657.4687875322
113246.2138331981 121860.5043807485
122359.2820126509 117376.2545502456
123158.6739582170 131469.6111603976
116603.6600045755 131309.4593807368
123478.4307364434 111610.7904824561
122998.7955691038 123622.1739570175
118042.5655065943 131469.6111603976
122199.4036235377 125383.8435332866
119961.1061759528 133071.1289570058
117882.6871174811 133231.2807366666
120280.8629541793 134672.6467536140
113086.3354440849 129387.6380248070
122679.0387908774 126184.6024315906
118202.4438957075 129707.9415841286
126835.8769078208 118657.4687875322
115804.2680590094 124262.7810756608
116603.6600045755 115614.5849739766
124597.5794602359 115454.4331943158
127315.5120751604 114973.9778553333
125077.2146275755 130028.2451434503
116283.9032263491 115934.8885332982
114685.1193352170 127786.1202281988
133870.5260288019 114813.8260756725
125716.7281840283 136114.0127705614
116283.9032263491 126024.4506519298
123958.0659037830 124903.3881943041
114045.6057787641 116415.3438722807
118202.4438957075 131629.7629400585
109409.1324944811 118977.7723468538
117083.2951719151 124102.6292960000
130513.0798574245 116735.6474316023
107810.3486033491 124422.9328553216
126036.4849622547 128426.7273468421
117562.9303392547 130508.7004824327
114365.3625569906 115614.5849739766
124917.3362384623 112571.7011604211
121559.8900670849 131309.4593807368
108769.6189380283 123622.1739570175
121559.8900670849 129547.7898044678
124277.8226820094 134512.4949739532
130033.4446900849 114813.8260756725
122199.4036235377 118657.4687875322
113885.7273896509 122661.2632790526
121240.1332888585 127786.1202281988
122359.2820126509 121219.8972621053
119321.5926195000 134032.0396349707
116124.0248372358 129067.3344654854
130513.0798574245 114173.2189570292
124917.3362384623 131149.3076010760
128434.6607989528 119137.9241265146
121719.7684561981 118657.4687875322
124917.3362384623 135633.5574315790
118841.9574521604 120579.2901434620
128114.9040207264 130348.5487027719
128594.5391880660 118016.8616688889
116603.6600045755 131149.3076010760
111007.9163856132 126344.7542112515
118841.9574521604 132590.6736180234
126995.7552969340 133071.1289570058
111487.5515529528 119298.0759061754
124757.4578493491 119298.0759061754
121400.0116779717 133391.4325163275
116923.4167828019 123462.0221773567
120760.4981215189 125543.9953129474
120600.6197324057 127946.2720078596
117562.9303392547 119458.2276858362
125237.0930166887 114173.2189570292
118202.4438957075 121219.8972621053
115484.5112807830 128106.4237875205
133231.0124723491 118177.0134485497
122998.7955691038 118977.7723468538

123958.0659037830 137555.3787875088
118522.2006739340 134032.0396349707
121719.7684561981 134032.0396349707
125077.2146275755 134032.0396349707
120440.7413432925 132750.8253976842
119961.1061759528 132270.3700587017
119161.7142303868 131629.7629400585
125077.2146275755 131149.3076010760
126835.8769078208 129707.9415841286
124757.4578493491 129547.7898044678
118841.9574521604 129387.6380248070
116283.9032263491 128586.8791265029
117882.6871174811 127946.2720078596
126356.2417404811 126985.3613298947
123798.1875146698 126344.7542112515
122039.5252344245 123942.4775163392
123478.4307364434 123462.0221773567
112127.0651094057 122981.5668383743
120600.6197324057 120739.4419231228
115484.5112807830 120098.8348044795
129873.5663009717 118977.7723468538
134030.4044179151 118657.4687875322
125556.8497949151 118177.0134485497
118362.3222848208 117376.2545502456
127955.0256316132 116255.1920926199
131152.5934138774 116095.0403129591
131792.1069703302 115454.4331943158
133231.0124723491 114653.6742960117
121879.6468453113 114333.3707366900
130832.8366356509 114013.0671773684
128434.6607989528 113692.7636180468
118522.2006739340 118497.3170078713
127635.2688533868 132110.2182790409
120440.7413432925 131309.4593807368
121080.2548997453 115614.5849739766
119961.1061759528 132750.8253976842
127635.2688533868 114973.9778553333
111967.1867202925 122340.9597197310
122359.2820126509 111931.0940417778
126675.9985187076 120899.5937027836
134510.0395852547 116735.6474316023
119001.8358412736 113052.1564994035
124437.7010711226 121059.7454824444
109728.8892727075 126825.2095502339
125876.6065731415 116415.3438722807
116923.4167828019 117055.9509909240
113086.3354440849 123301.8703976959
130992.7150247642 114173.2189570292
117403.0519501415 125063.5399739649
118841.9574521604 117216.1027705848
119161.7142303868 112251.3976010994
117243.1735610283 114813.8260756725
119801.2277868396 125864.2988722690
123478.4307364434 134032.0396349707
123638.3091255566 134672.6467536140
117403.0519501415 125704.1470926082
127315.5120751604 127625.9684485380
117403.0519501415 118977.7723468538
120760.4981215189 118016.8616688889
124117.9442928962 115454.4331943158
125716.7281840283 135153.1020925965
113725.8490005377 116095.0403129591
124117.9442928962 135473.4056519181
113565.9706114245 124262.7810756608
118522.2006739340 125864.2988722690
124437.7010711226 128747.0309061637
117882.6871174811 115134.1296349942
118841.9574521604 134352.3431942924
112127.0651094057 126024.4506519298
128594.5391880660 119298.0759061754
128754.4175771792 130989.1558214152
111167.7947747264 127946.2720078596
123638.3091255566 124422.9328553216
120600.6197324057 129227.4862451462
109249.2541053679 120419.1383638012
111967.1867202925 112731.8529400819
123478.4307364434 128106.4237875205
121240.1332888585 135953.8609909006
124597.5794602359 135953.8609909006
121719.7684561981 119938.6830248187
123478.4307364434 129067.3344654854
134350.1611961415 117536.4063299064
124437.7010711226 136914.7716688655
120440.7413432925 120098.8348044795
115644.3896698962 127786.1202281988
122359.2820126509 121540.2008214269
125556.8497949151 129707.9415841286
119001.8358412736 121219.8972621053
120120.9845650660 117216.1027705848
126036.4849622547 119137.9241265146
120280.8629541793 132270.3700587017
111967.1867202925 118657.4687875322
122039.5252344245 111290.4869231345
127315.5120751604 113692.7636180468
113246.2138331981 124903.3881943041
124917.3362384623 127145.5131095556
112606.7002767453 124102.6292960000
120280.8629541793 129707.9415841286
114045.6057787641 116895.7992112632
119481.4710086132 128586.8791265029
121719.7684561981 122180.8079400702
124117.9442928962 113852.9153977076
114685.1193352170 130348.5487027719
120440.7413432925 131950.0664993801
124917.3362384623 125383.8435332866
121879.6468453113 134352.3431942924
118202.4438957075 119778.5312451579
122679.0387908774 118977.7723468538
130672.9582465377 113852.9153977076
113086.3354440849 122661.2632790526
113565.9706114245 116735.6474316023
123318.5523473302 125704.1470926082
118522.2006739340 117055.9509909240
127155.6336860472 131789.9147197193
107970.2269924623 125063.5399739649
113086.3354440849 128426.7273468421
108130.1053815755 125383.8435332866
123318.5523473302 123782.3257366784
118202.4438957075 121219.8972621053
120120.9845650660 123942.4775163392
111167.7947747264 122821.4150587134
130193.3230791981 114013.0671773684
115324.6328916698 129387.6380248070
116923.4167828019 128747.0309061637
128434.6607989528 130508.7004824327
110848.0379965000 122340.9597197310
122519.1604017642 124743.2364146433
122039.5252344245 133071.1289570058
114365.3625569906 117696.5581095673
123638.3091255566 132270.3700587017
112766.5786658585 119618.3794654971
129873.5663009717 115134.1296349942
115644.3896698962 120258.9865841404
121559.8900670849 117856.7098892281

118362.3222848208 116895.7992112632
139306.3912586510 116735.6474316023
112286.9434985189 128106.4237875205
127155.6336860472 131950.0664993801
132271.7421376698 116735.6474316023
116923.4167828019 113852.9153977076
133231.0124723491 117696.5581095673
135149.5531417075 117856.7098892281
120760.4981215189 120098.8348044795
117882.6871174811 117856.7098892281
122199.4036235377 114973.9778553333
111487.5515529528 115934.8885332982
123798.1875146698 128586.8791265029
125077.2146275755 115934.8885332982
112286.9434985189 123942.4775163392
111647.4299420661 126985.3613298947
111007.9163856132 119778.5312451579
136268.7018655000 116095.0403129591
126196.3633513679 117696.5581095673
125396.9714058019 132430.5218383626
123638.3091255566 125704.1470926082
118841.9574521604 133871.8878553100
123638.3091255566 114653.6742960117
133071.1340832358 116415.3438722807
119321.5926195000 111931.0940417778
119801.2277868396 134672.6467536140
108609.7405489151 122340.9597197310
118682.0790630472 116895.7992112632
114045.6057787641 128266.5755671813
116124.0248372358 130989.1558214152
123478.4307364434 133071.1289570058
109569.0108835943 126184.6024315906
113565.9706114245 118817.6205671930
112127.0651094057 120419.1383638012
126516.1201295943 117376.2545502456
125237.0930166887 126825.2095502339
127955.0256316132 130188.3969231111
119961.1061759528 130028.2451434503
122199.4036235377 132270.3700587017
133870.5260288019 114813.8260756725
125556.8497949151 114333.3707366900
108929.4973271415 121700.3526010877
109888.7676618207 126024.4506519298
113406.0922223113 129868.0933637895
118841.9574521604 120739.4419231228
120120.9845650660 114813.8260756725
110848.0379965000 123782.3257366784
108289.9837706887 122020.6561604094
116283.9032263491 116575.4956519415
125077.2146275755 131789.9147197193
125237.0930166887 113052.1564994035
109249.2541053679 118657.4687875322
120600.6197324057 135473.4056519181
117083.2951719151 118016.8616688889
117722.8087283679 117376.2545502456
126995.7552969340 133871.8878553100
123318.5523473302 118337.1652282105
120440.7413432925 135313.2538722573
115484.5112807830 115934.8885332982
120600.6197324057 130508.7004824327
126995.7552969340 116415.3438722807
116763.5383936887 118337.1652282105
137707.6073675189 117536.4063299064
107010.9566577830 123942.4775163392
120280.8629541793 126024.4506519298
125396.9714058019 116095.0403129591
116124.0248372358 131469.6111603976
133550.7692505755 116255.1920926199
120600.6197324057 114013.0671773684
116923.4167828019 131469.6111603976
122998.7955691038 119137.9241265146
111967.1867202925 127465.8166688772
126516.1201295943 113852.9153977076
110368.4028291604 122981.5668383743
124757.4578493491 130668.8522620936
116124.0248372358 124262.7810756608
126675.9985187076 120098.8348044795
126675.9985187076 130829.0040417544
123638.3091255566 121380.0490417661
134669.9179743679 116895.7992112632
125876.6065731415 128586.8791265029
110368.4028291604 127145.5131095556
137227.9722001793 116095.0403129591
123478.4307364434 132110.2182790409
124917.3362384623 119298.0759061754
125716.7281840283 112251.3976010994
110848.0379965000 114333.3707366900
112446.8218876321 120258.9865841404
122998.7955691038 134832.7985332749
126036.4849622547 126825.2095502339
120120.9845650660 135153.1020925965
117882.6871174811 121059.7454824444
119481.4710086132 115294.2814146550
117722.8087283679 128747.0309061637
114844.9977243302 127145.5131095556
114365.3625569906 116415.3438722807
122359.2820126509 120258.9865841404
117882.6871174811 125063.5399739649
117882.6871174811 115454.4331943158
124597.5794602359 131629.7629400585
116283.9032263491 132270.3700587017
122359.2820126509 130829.0040417544
122998.7955691038 131309.4593807368
112286.9434985189 125223.6917536257
113725.8490005377 122821.4150587134
126516.1201295943 114173.2189570292
117243.1735610283 124903.3881943041
119481.4710086132 132750.8253976842
122838.9171799906 122180.8079400702
122199.4036235377 126825.2095502339
122679.0387908774 122661.2632790526
116603.6600045755 131149.3076010760
120120.9845650660 129707.9415841286
114205.4841678774 115934.8885332982
124917.3362384623 119938.6830248187
124597.5794602359 129387.6380248070
121240.1332888585 118337.1652282105
116603.6600045755 127145.5131095556
124277.8226820094 136594.4681095439
110848.0379965000 121540.2008214269
123158.6739582170 127625.9684485380
121240.1332888585 121700.3526010877
126036.4849622547 120739.4419231228
125716.7281840283 130668.8522620936
123158.6739582170 124903.3881943041
122039.5252344245 119298.0759061754
115964.1464481227 122020.6561604094
122199.4036235377 127625.9684485380
125396.9714058019 136914.7716688655
120600.6197324057 133551.5842959883
113086.3354440849 128106.4237875205
113565.9706114245 129227.4862451462
129553.8095227453 116095.0403129591
117882.6871174811 121540.2008214269

115804.2680590094 116895.7992112632
116603.6600045755 129387.6380248070
117722.8087283679 123141.7186180351
128914.2959662925 115294.2814146550
128274.7824098396 119298.0759061754
114045.6057787641 117055.9509909240
115324.6328916698 128106.4237875205
122998.7955691038 128747.0309061637
126675.9985187076 129387.6380248070
115804.2680590094 126024.4506519298
111327.6731638396 124583.0846349824
127475.3904642736 130348.5487027719
120120.9845650660 124102.6292960000
115644.3896698962 130829.0040417544
117403.0519501415 121380.0490417661
113725.8490005377 121860.5043807485
127155.6336860472 114813.8260756725
113246.2138331981 116095.0403129591
117403.0519501415 118817.6205671930
132751.3773050094 116415.3438722807
113246.2138331981 117216.1027705848
136748.3370328396 117696.5581095673
120920.3765106321 127465.8166688772
122199.4036235377 127145.5131095556
119321.5926195000 130989.1558214152
127155.6336860472 113852.9153977076
124757.4578493491 126504.9059909123
130672.9582465377 117055.9509909240
123638.3091255566 127946.2720078596
113565.9706114245 120579.2901434620
113406.0922223113 117376.2545502456
112446.8218876321 128747.0309061637
114045.6057787641 124102.6292960000
113246.2138331981 118977.7723468538
109888.7676618207 124903.3881943041
115804.2680590094 115454.4331943158
122039.5252344245 132110.2182790409
109249.2541053679 119298.0759061754
118202.4438957075 122180.8079400702
116124.0248372358 118817.6205671930
125876.6065731415 131629.7629400585
114365.3625569906 116415.3438722807
112766.5786658585 117696.5581095673
121400.0116779717 115454.4331943158
127155.6336860472 114173.2189570292
120600.6197324057 119298.0759061754
125716.7281840283 132590.6736180234
121240.1332888585 118337.1652282105
115164.7545025566 121700.3526010877
129234.0527445189 117376.2545502456
115644.3896698962 127305.6648892164
121719.7684561981 118497.3170078713
130672.9582465377 118817.6205671930
110848.0379965000 126184.6024315906
122519.1604017642 114653.6742960117
120920.3765106321 112411.5493807602
108769.6189380283 123622.1739570175
125237.0930166887 136434.3163298830
120280.8629541793 116895.7992112632
120760.4981215189 116895.7992112632
111007.9163856132 115774.7367536374
115164.7545025566 122821.4150587134
117722.8087283679 114973.9778553333
132431.6205267830 118337.1652282105
120120.9845650660 118497.3170078713
120280.8629541793 125223.6917536257
115004.8761134434 125543.9953129474
122998.7955691038 119778.5312451579
121240.1332888585 118817.6205671930
125077.2146275755 112731.8529400819
123158.6739582170 126504.9059909123
122679.0387908774 124583.0846349824
132591.4989158962 118977.7723468538
133390.8908614622 114973.9778553333
123158.6739582170 133551.5842959883
119161.7142303868 118657.4687875322
129713.6879118585 116575.4956519415
117722.8087283679 124903.3881943041
116603.6600045755 125383.8435332866
116923.4167828019 115134.1296349942
138027.3641457453 116415.3438722807
123158.6739582170 118016.8616688889
111647.4299420661 126024.4506519298
120600.6197324057 118016.8616688889
123958.0659037830 115454.4331943158
130832.8366356509 118657.4687875322
115804.2680590094 123942.4775163392
130353.2014683113 117856.7098892281
111487.5515529528 118977.7723468538
110528.2812182736 114973.9778553333
115964.1464481227 118177.0134485497
132431.6205267830 116255.1920926199
114045.6057787641 123782.3257366784
128434.6607989528 115454.4331943158
122838.9171799906 121219.8972621053
113885.7273896509 115294.2814146550
109728.8892727075 120258.9865841404
122998.7955691038 117376.2545502456
117562.9303392547 118497.3170078713
127635.2688533868 114653.6742960117
122359.2820126509 127625.9684485380
119001.8358412736 134352.3431942924
119001.8358412736 129387.6380248070
125396.9714058019 112251.3976010994
121240.1332888585 121380.0490417661
119961.1061759528 116895.7992112632
127315.5120751604 117216.1027705848
122838.9171799906 124422.9328553216
114525.2409461038 130668.8522620936
119641.3493977264 114333.3707366900
110688.1596073868 126024.4506519298
116443.7816154623 119137.9241265146
110848.0379965000 120419.1383638012
122519.1604017642 119938.6830248187
114525.2409461038 122501.1114993918
137547.7289784057 117536.4063299064
115324.6328916698 119778.5312451579
121080.2548997453 112091.2458214386
120600.6197324057 119137.9241265146
126835.8769078208 114173.2189570292
115964.1464481227 117216.1027705848
123478.4307364434 135313.2538722573
133231.0124723491 116255.1920926199
109249.2541053679 121059.7454824444
108449.8621598019 121380.0490417661
120440.7413432925 118497.3170078713
113725.8490005377 115934.8885332982
119481.4710086132 134672.6467536140
123318.5523473302 118977.7723468538
125237.0930166887 132110.2182790409
126356.2417404811 114813.8260756725
130832.8366356509 119618.3794654971
126036.4849622547 115294.2814146550
115164.7545025566 122981.5668383743

135789.0666981604 116895.7992112632
125396.9714058019 126504.9059909123
109089.3757162547 120098.8348044795
115164.7545025566 126504.9059909123
123158.6739582170 114653.6742960117
118042.5655065943 118817.6205671930
115004.8761134434 123141.7186180351
111167.7947747264 126825.2095502339
113725.8490005377 128747.0309061637
128434.6607989528 118016.8616688889
127795.1472425000 116575.4956519415
120120.9845650660 123622.1739570175
111807.3083311792 128266.5755671813
108609.7405489151 122501.1114993918
118522.2006739340 119137.9241265146
120760.4981215189 111130.3351434737
120760.4981215189 132270.3700587017
120280.8629541793 118337.1652282105
110208.5244400472 121059.7454824444
125716.7281840283 130989.1558214152
137227.9722001793 116735.6474316023
115164.7545025566 118177.0134485497
124437.7010711226 118817.6205671930
113246.2138331981 117536.4063299064
133710.6476396887 115294.2814146550
120920.3765106321 123782.3257366784
112446.8218876321 128747.0309061637
118682.0790630472 126825.2095502339
113725.8490005377 115614.5849739766
117562.9303392547 125383.8435332866
127955.0256316132 128586.8791265029
115484.5112807830 119778.5312451579
123478.4307364434 134512.4949739532
118042.5655065943 130348.5487027719
120440.7413432925 124102.6292960000
133231.0124723491 118657.4687875322
125876.6065731415 114173.2189570292
120440.7413432925 126344.7542112515
124277.8226820094 136754.6198892047
136108.8234763868 118016.8616688889
124917.3362384623 119938.6830248187
135149.5531417075 115774.7367536374
112127.0651094057 117696.5581095673
137068.0938110660 116735.6474316023
110048.6460509340 124583.0846349824
111327.6731638396 119938.6830248187
117562.9303392547 123301.8703976959
123158.6739582170 124422.9328553216
122359.2820126509 118817.6205671930
118841.9574521604 132430.5218383626
119321.5926195000 131469.6111603976
120280.8629541793 134352.3431942924
117722.8087283679 120098.8348044795
125396.9714058019 116095.0403129591
127155.6336860472 120098.8348044795
128274.7824098396 118337.1652282105
120760.4981215189 129547.7898044678
112446.8218876321 119938.6830248187
110368.4028291604 124743.2364146433
126036.4849622547 115294.2814146550
112286.9434985189 121540.2008214269
119641.3493977264 133871.8878553100
136588.4586437264 117055.9509909240
122039.5252344245 118817.6205671930
113565.9706114245 128426.7273468421
116603.6600045755 126825.2095502339
113885.7273896509 118337.1652282105
114685.1193352170 125383.8435332866
116923.4167828019 125704.1470926082
124597.5794602359 125864.2988722690
125396.9714058019 120258.9865841404
112127.0651094057 116735.6474316023
126036.4849622547 128907.1826858245
118841.9574521604 130668.8522620936
127155.6336860472 131469.6111603976
119321.5926195000 119618.3794654971
115964.1464481227 131149.3076010760
110208.5244400472 125223.6917536257
109569.0108835943 120098.8348044795
113406.0922223113 120098.8348044795
119481.4710086132 112091.2458214386
127795.1472425000 113372.4600587251
115324.6328916698 129868.0933637895
122039.5252344245 111450.6387027953
123798.1875146698 124743.2364146433
112127.0651094057 121380.0490417661
111647.4299420661 125864.2988722690
121240.1332888585 120739.4419231228
120120.9845650660 125543.9953129474
122359.2820126509 124422.9328553216
116763.5383936887 116575.4956519415
110848.0379965000 124102.6292960000
122519.1604017642 136914.7716688655
121080.2548997453 133551.5842959883
124277.8226820094 132910.9771773450
122838.9171799906 115134.1296349942
124437.7010711226 124743.2364146433
114365.3625569906 128907.1826858245
121400.0116779717 129868.0933637895
124437.7010711226 130989.1558214152
114365.3625569906 130348.5487027719
120120.9845650660 117216.1027705848
118362.3222848208 117055.9509909240
117083.2951719151 132110.2182790409
137707.6073675189 116895.7992112632
126835.8769078208 116255.1920926199
123638.3091255566 123782.3257366784
119161.7142303868 117536.4063299064
121879.6468453113 123301.8703976959
127475.3904642736 112892.0047197427
117403.0519501415 124262.7810756608
125396.9714058019 118817.6205671930
111487.5515529528 126184.6024315906
122838.9171799906 112892.0047197427
115644.3896698962 114173.2189570292
110688.1596073868 119298.0759061754
126036.4849622547 133551.5842959883
112606.7002767453 125383.8435332866
120120.9845650660 114973.9778553333
120120.9845650660 121860.5043807485
131152.5934138774 116735.6474316023
119161.7142303868 123301.8703976959
126675.9985187076 129707.9415841286
123798.1875146698 118657.4687875322
133710.6476396887 117216.1027705848
119481.4710086132 114973.9778553333
107170.8350468962 123462.0221773567
128914.2959662925 115134.1296349942
121400.0116779717 116735.6474316023
115004.8761134434 122180.8079400702
125396.9714058019 114813.8260756725
134829.7963634811 116095.0403129591
125077.2146275755 128266.5755671813
115804.2680590094 128586.8791265029

136428.5802546132 117856.7098892281
119481.4710086132 130188.3969231111
111327.6731638396 119618.3794654971
109728.8892727075 125704.1470926082
137068.0938110660 117856.7098892281
112606.7002767453 129067.3344654854
121240.1332888585 120899.5937027836
121240.1332888585 116895.7992112632
121719.7684561981 120579.2901434620
121240.1332888585 119298.0759061754
120920.3765106321 119938.6830248187
127315.5120751604 116255.1920926199
118522.2006739340 119298.0759061754
109728.8892727075 119778.5312451579
116124.0248372358 123782.3257366784
117562.9303392547 130028.2451434503
121400.0116779717 135153.1020925965
115964.1464481227 124102.6292960000
119161.7142303868 126825.2095502339
124757.4578493491 136594.4681095439
131951.9853594434 117055.9509909240
123158.6739582170 125383.8435332866
111647.4299420661 113532.6118383860
127155.6336860472 113052.1564994035
122679.0387908774 134192.1914146316
124437.7010711226 124262.7810756608
115164.7545025566 119458.2276858362
123478.4307364434 118977.7723468538
109888.7676618207 117376.2545502456
122039.5252344245 113372.4600587251
124917.3362384623 129067.3344654854
113086.3354440849 129547.7898044678
128434.6607989528 130188.3969231111
125556.8497949151 130829.0040417544
130193.3230791981 113692.7636180468
117562.9303392547 116095.0403129591
117562.9303392547 114333.3707366900
118042.5655065943 112892.0047197427
115164.7545025566 130508.7004824327
123798.1875146698 114013.0671773684
112286.9434985189 123622.1739570175
122838.9171799906 112091.2458214386
124597.5794602359 134032.0396349707
125077.2146275755 113532.6118383860
112766.5786658585 128106.4237875205
129553.8095227453 117856.7098892281
115484.5112807830 130989.1558214152
123798.1875146698 123942.4775163392
117882.6871174811 114333.3707366900
119321.5926195000 119298.0759061754
115484.5112807830 118657.4687875322
121240.1332888585 112091.2458214386
125077.2146275755 130028.2451434503
112606.7002767453 117055.9509909240
117243.1735610283 113852.9153977076
119801.2277868396 116895.7992112632
122199.4036235377 118016.8616688889
116603.6600045755 124102.6292960000
128434.6607989528 113692.7636180468
111807.3083311792 114013.0671773684
117722.8087283679 129547.7898044678
114685.1193352170 116415.3438722807
123158.6739582170 125223.6917536257
121240.1332888585 115774.7367536374
126356.2417404811 127946.2720078596
122359.2820126509 130508.7004824327
123478.4307364434 127946.2720078596
108130.1053815755 122501.1114993918
126675.9985187076 126504.9059909123
110688.1596073868 117376.2545502456
118202.4438957075 115454.4331943158
107970.2269924623 121860.5043807485
120280.8629541793 125704.1470926082
130832.8366356509 118977.7723468538
124437.7010711226 118657.4687875322
115324.6328916698 121860.5043807485
127635.2688533868 114493.5225163509
109409.1324944811 122501.1114993918
111967.1867202925 119938.6830248187
118682.0790630472 116575.4956519415
118841.9574521604 124102.6292960000
110368.4028291604 119137.9241265146
114365.3625569906 122821.4150587134
125077.2146275755 136114.0127705614
113246.2138331981 117055.9509909240
115004.8761134434 129707.9415841286
123318.5523473302 133231.2807366666
122519.1604017642 120419.1383638012
130353.2014683113 118657.4687875322
120440.7413432925 112251.3976010994
110048.6460509340 126344.7542112515
127635.2688533868 120098.8348044795
126356.2417404811 126184.6024315906
120600.6197324057 126504.9059909123
125876.6065731415 114013.0671773684
120440.7413432925 116895.7992112632
122359.2820126509 124903.3881943041
121559.8900670849 127305.6648892164
110688.1596073868 118016.8616688889
117722.8087283679 132430.5218383626
124117.9442928962 130989.1558214152
134510.0395852547 115774.7367536374
121719.7684561981 122501.1114993918
108289.9837706887 121700.3526010877
124277.8226820094 115774.7367536374
127955.0256316132 115614.5849739766
126036.4849622547 135633.5574315790
111327.6731638396 118177.0134485497
111807.3083311792 117856.7098892281
123158.6739582170 117055.9509909240
121240.1332888585 122180.8079400702
121400.0116779717 118977.7723468538
126835.8769078208 118016.8616688889
108769.6189380283 121540.2008214269
111007.9163856132 116895.7992112632
123318.5523473302 133551.5842959883
125077.2146275755 113212.3082790643
120440.7413432925 114813.8260756725
122039.5252344245 131469.6111603976
122359.2820126509 129868.0933637895
116124.0248372358 129227.4862451462
127475.3904642736 130188.3969231111
108609.7405489151 124903.3881943041
124757.4578493491 114493.5225163509
132431.6205267830 114333.3707366900
120920.3765106321 120258.9865841404
122039.5252344245 119778.5312451579
110848.0379965000 127305.6648892164
122519.1604017642 127145.5131095556
133390.8908614622 115774.7367536374
117083.2951719151 128907.1826858245
131152.5934138774 116895.7992112632
118522.2006739340 133071.1289570058
123638.3091255566 120739.4419231228

118042.5655065943 124262.7810756608
107810.3486033491 122981.5668383743
124597.5794602359 120098.8348044795
122838.9171799906 120899.5937027836
111007.9163856132 115134.1296349942
139306.3912586510 116575.4956519415
125237.0930166887 112892.0047197427
124277.8226820094 120098.8348044795
114205.4841678774 118337.1652282105
118042.5655065943 128907.1826858245
116603.6600045755 123782.3257366784
128274.7824098396 116095.0403129591
119321.5926195000 121540.2008214269
130513.0798574245 115454.4331943158
114685.1193352170 114813.8260756725
122519.1604017642 113852.9153977076
113086.3354440849 116575.4956519415
123158.6739582170 124903.3881943041
119641.3493977264 116255.1920926199
137867.4857566321 116095.0403129591
111967.1867202925 124583.0846349824
124437.7010711226 128907.1826858245
121559.8900670849 121380.0490417661
131472.3501921038 118497.3170078713
135149.5531417075 118337.1652282105
121400.0116779717 116415.3438722807
117562.9303392547 128426.7273468421
128274.7824098396 113692.7636180468
111647.4299420661 114493.5225163509
136268.7018655000 116575.4956519415
108769.6189380283 119458.2276858362
116124.0248372358 120098.8348044795
111807.3083311792 116895.7992112632
128434.6607989528 129387.6380248070
121400.0116779717 122340.9597197310
126516.1201295943 133551.5842959883
131312.4718029906 117856.7098892281
115964.1464481227 130028.2451434503
126995.7552969340 133871.8878553100
125876.6065731415 128266.5755671813
126516.1201295943 127145.5131095556
115964.1464481227 114493.5225163509
122199.4036235377 116735.6474316023
112286.9434985189 125383.8435332866
114525.2409461038 115934.8885332982
124277.8226820094 126665.0577705731
134510.0395852547 115454.4331943158
123478.4307364434 123141.7186180351
122519.1604017642 122180.8079400702
114525.2409461038 128426.7273468421
109888.7676618207 126825.2095502339
119641.3493977264 133391.4325163275
113565.9706114245 122340.9597197310
136908.2154219528 115774.7367536374
110208.5244400472 123782.3257366784
112766.5786658585 122180.8079400702
127475.3904642736 119778.5312451579
113725.8490005377 117696.5581095673
121719.7684561981 111290.4869231345
121080.2548997453 120579.2901434620
120280.8629541793 115134.1296349942
128594.5391880660 118337.1652282105
130832.8366356509 119458.2276858362
107970.2269924623 121219.8972621053
111327.6731638396 126825.2095502339
135469.3099199340 116255.1920926199
120600.6197324057 123622.1739570175
112127.0651094057 124743.2364146433
110368.4028291604 124743.2364146433
110208.5244400472 118657.4687875322
126036.4849622547 120419.1383638012
125716.7281840283 132750.8253976842
108769.6189380283 122981.5668383743
114685.1193352170 118497.3170078713
124277.8226820094 115614.5849739766
120120.9845650660 127786.1202281988
125716.7281840283 134832.7985332749
120600.6197324057 116735.6474316023
122838.9171799906 116735.6474316023
117882.6871174811 115454.4331943158
132911.2556941227 114813.8260756725
113406.0922223113 123622.1739570175
121719.7684561981 134512.4949739532
130513.0798574245 119137.9241265146
129393.9311336321 113372.4600587251
114844.9977243302 123622.1739570175
108449.8621598019 122180.8079400702
126196.3633513679 119458.2276858362
117403.0519501415 129227.4862451462
123798.1875146698 126665.0577705731
122199.4036235377 117696.5581095673
132271.7421376698 119298.0759061754
114045.6057787641 122501.1114993918
121080.2548997453 116095.0403129591
121240.1332888585 119458.2276858362
125716.7281840283 132270.3700587017
111807.3083311792 113532.6118383860
126356.2417404811 132590.6736180234
116124.0248372358 131309.4593807368
126516.1201295943 120579.2901434620
124277.8226820094 127305.6648892164
111167.7947747264 115454.4331943158
117243.1735610283 120098.8348044795
111487.5515529528 128266.5755671813
123958.0659037830 126344.7542112515
119641.3493977264 126024.4506519298
124117.9442928962 115454.4331943158
110528.2812182736 120419.1383638012
125077.2146275755 130989.1558214152
111967.1867202925 111931.0940417778
123958.0659037830 132750.8253976842
120760.4981215189 117856.7098892281
133870.5260288019 115134.1296349942
116443.7816154623 128266.5755671813
123158.6739582170 131789.9147197193
121240.1332888585 113852.9153977076
111327.6731638396 124422.9328553216
126196.3633513679 116575.4956519415
113725.8490005377 119618.3794654971
122359.2820126509 120258.9865841404
124757.4578493491 129707.9415841286
120440.7413432925 117216.1027705848
115324.6328916698 122661.2632790526
126675.9985187076 132110.2182790409
108929.4973271415 122661.2632790526
122679.0387908774 112411.5493807602
111807.3083311792 121219.8972621053
116763.5383936887 125543.9953129474
132271.7421376698 117696.5581095673
116283.9032263491 119778.5312451579
112606.7002767453 126504.9059909123
115644.3896698962 119778.5312451579
122199.4036235377 131469.6111603976
120760.4981215189 131629.7629400585

112286.9434985189 126825.2095502339
111327.6731638396 114973.9778553333
116283.9032263491 126184.6024315906
118042.5655065943 118657.4687875322
117083.2951719151 125383.8435332866
107650.4702142359 122821.4150587134
118042.5655065943 119778.5312451579
122519.1604017642 114013.0671773684
123318.5523473302 112091.2458214386
125396.9714058019 114973.9778553333
108769.6189380283 120579.2901434620
122039.5252344245 134992.9503129357
115804.2680590094 114013.0671773684
120600.6197324057 134032.0396349707
120920.3765106321 129547.7898044678
124597.5794602359 112411.5493807602
119481.4710086132 125223.6917536257
110528.2812182736 118497.3170078713
114525.2409461038 121860.5043807485
124437.7010711226 112411.5493807602
114685.1193352170 125543.9953129474
123158.6739582170 125543.9953129474
119641.3493977264 117536.4063299064
117882.6871174811 130989.1558214152
119001.8358412736 132750.8253976842
122838.9171799906 126344.7542112515
122838.9171799906 122020.6561604094
117882.6871174811 125543.9953129474
116443.7816154623 124743.2364146433
126036.4849622547 117376.2545502456
130353.2014683113 114813.8260756725
109888.7676618207 123141.7186180351
122838.9171799906 116735.6474316023
125077.2146275755 117536.4063299064
127955.0256316132 130348.5487027719
122359.2820126509 136434.3163298830
128914.2959662925 129387.6380248070
124437.7010711226 133711.7360756491
112766.5786658585 121860.5043807485
112127.0651094057 127305.6648892164
121240.1332888585 131629.7629400585
133870.5260288019 115454.4331943158
122359.2820126509 119778.5312451579
113565.9706114245 128907.1826858245
125556.8497949151 126344.7542112515
122359.2820126509 130028.2451434503
121080.2548997453 121059.7454824444
120440.7413432925 131789.9147197193
126036.4849622547 127465.8166688772
123638.3091255566 125543.9953129474
122679.0387908774 124903.3881943041
111647.4299420661 127465.8166688772
122998.7955691038 135793.7092112397
128274.7824098396 119458.2276858362
117882.6871174811 130188.3969231111
122519.1604017642 123782.3257366784
121080.2548997453 114173.2189570292
111327.6731638396 120899.5937027836
121879.6468453113 118657.4687875322
119321.5926195000 118497.3170078713
121879.6468453113 135953.8609909006
129713.6879118585 117856.7098892281
120280.8629541793 120419.1383638012
118362.3222848208 127145.5131095556
121879.6468453113 117536.4063299064
121719.7684561981 123301.8703976959
119321.5926195000 124583.0846349824
121879.6468453113 120258.9865841404
126995.7552969340 132910.9771773450
126835.8769078208 129387.6380248070
121400.0116779717 116255.1920926199
127795.1472425000 115934.8885332982
121240.1332888585 126024.4506519298
107330.7134360094 124262.7810756608
123798.1875146698 111931.0940417778
118522.2006739340 116415.3438722807
124437.7010711226 137395.2270078479
121719.7684561981 126825.2095502339
128274.7824098396 113212.3082790643
111807.3083311792 112731.8529400819
123638.3091255566 115614.5849739766
127315.5120751604 118016.8616688889
109409.1324944811 122340.9597197310
120760.4981215189 115614.5849739766
128274.7824098396 118977.7723468538
123798.1875146698 120419.1383638012
119161.7142303868 130508.7004824327
123798.1875146698 135313.2538722573
125396.9714058019 119938.6830248187
112926.4570549717 124102.6292960000
132751.3773050094 117376.2545502456
110688.1596073868 117216.1027705848
112127.0651094057 118977.7723468538
110048.6460509340 126344.7542112515
114525.2409461038 129868.0933637895
115964.1464481227 114493.5225163509
114045.6057787641 115774.7367536374
137547.7289784057 116255.1920926199
113406.0922223113 123301.8703976959
118522.2006739340 132270.3700587017
116124.0248372358 119618.3794654971
132111.8637485566 118337.1652282105
124917.3362384623 114173.2189570292
115164.7545025566 127625.9684485380
108769.6189380283 119778.5312451579
112926.4570549717 117055.9509909240
123478.4307364434 123622.1739570175
120920.3765106321 134352.3431942924
119641.3493977264 117216.1027705848
131951.9853594434 116895.7992112632
121559.8900670849 117696.5581095673
118202.4438957075 119298.0759061754
121719.7684561981 125063.5399739649
123958.0659037830 129547.7898044678
121400.0116779717 127786.1202281988
120600.6197324057 130508.7004824327
125876.6065731415 113852.9153977076
116763.5383936887 114493.5225163509
112926.4570549717 129227.4862451462
115164.7545025566 124102.6292960000
119801.2277868396 131309.4593807368
111327.6731638396 118977.7723468538
125237.0930166887 114333.3707366900
122039.5252344245 125063.5399739649
118682.0790630472 128747.0309061637
115964.1464481227 131149.3076010760
133231.0124723491 115454.4331943158
136268.7018655000 117696.5581095673
117562.9303392547 128907.1826858245
121879.6468453113 118177.0134485497
116923.4167828019 126665.0577705731
116124.0248372358 118337.1652282105
123958.0659037830 121540.2008214269
123798.1875146698 114013.0671773684

123958.0659037830 136114.0127705614
122039.5252344245 135953.8609909006
122039.5252344245 135633.5574315790
121080.2548997453 135313.2538722573
124597.5794602359 135313.2538722573
123798.1875146698 134192.1914146316
121240.1332888585 134032.0396349707
122838.9171799906 134032.0396349707
118522.2006739340 133711.7360756491
123958.0659037830 133711.7360756491
122998.7955691038 133231.2807366666
117882.6871174811 132750.8253976842
119801.2277868396 132750.8253976842
125396.9714058019 132270.3700587017
120280.8629541793 132110.2182790409
127795.1472425000 131950.0664993801
122039.5252344245 131629.7629400585
124597.5794602359 131629.7629400585
117562.9303392547 130348.5487027719
128274.7824098396 130348.5487027719
126196.3633513679 130188.3969231111
124917.3362384623 130028.2451434503
128274.7824098396 130028.2451434503
120440.7413432925 129868.0933637895
123958.0659037830 129868.0933637895
121080.2548997453 129707.9415841286
120280.8629541793 129547.7898044678
125237.0930166887 129387.6380248070
126995.7552969340 128907.1826858245
112606.7002767453 128426.7273468421
117882.6871174811 128426.7273468421
120760.4981215189 128426.7273468421
123638.3091255566 128266.5755671813
116124.0248372358 127946.2720078596
117403.0519501415 127465.8166688772
118362.3222848208 127465.8166688772
121080.2548997453 127465.8166688772
126036.4849622547 127305.6648892164
112286.9434985189 126985.3613298947
119001.8358412736 126825.2095502339
123318.5523473302 126665.0577705731
116603.6600045755 126344.7542112515
117722.8087283679 126184.6024315906
116763.5383936887 125864.2988722690
110848.0379965000 125383.8435332866
122679.0387908774 124743.2364146433
110848.0379965000 124422.9328553216
113246.2138331981 124422.9328553216
115484.5112807830 124422.9328553216
111647.4299420661 124102.6292960000
112606.7002767453 124102.6292960000
114844.9977243302 124102.6292960000
111327.6731638396 123141.7186180351
113246.2138331981 123141.7186180351
107970.2269924623 122661.2632790526
111647.4299420661 122661.2632790526
119641.3493977264 122661.2632790526
110688.1596073868 122501.1114993918
117083.2951719151 122501.1114993918
112766.5786658585 122180.8079400702
115004.8761134434 122180.8079400702
122199.4036235377 122180.8079400702
109569.0108835943 122020.6561604094
122998.7955691038 122020.6561604094
116124.0248372358 121700.3526010877
117403.0519501415 121700.3526010877
122359.2820126509 121700.3526010877
124437.7010711226 121540.2008214269
120760.4981215189 121059.7454824444
110208.5244400472 120739.4419231228
111007.9163856132 120739.4419231228
121559.8900670849 120258.9865841404
126196.3633513679 120258.9865841404
123638.3091255566 120098.8348044795
114045.6057787641 119938.6830248187
123638.3091255566 119778.5312451579
113086.3354440849 119458.2276858362
108769.6189380283 119298.0759061754
118362.3222848208 119298.0759061754
112127.0651094057 118977.7723468538
129873.5663009717 118977.7723468538
123958.0659037830 118657.4687875322
132751.3773050094 118657.4687875322
112926.4570549717 118497.3170078713
118841.9574521604 118337.1652282105
123478.4307364434 118337.1652282105
128914.2959662925 118337.1652282105
119001.8358412736 117536.4063299064
113725.8490005377 117376.2545502456
127475.3904642736 117376.2545502456
113406.0922223113 117216.1027705848
123958.0659037830 117216.1027705848
129234.0527445189 117055.9509909240
123638.3091255566 116895.7992112632
133231.0124723491 116895.7992112632
137867.4857566321 116895.7992112632
137387.8505892924 116735.6474316023
138986.6344804245 116735.6474316023
125876.6065731415 116575.4956519415
128914.2959662925 116415.3438722807
122679.0387908774 116255.1920926199
128114.9040207264 116255.1920926199
131472.3501921038 116255.1920926199
126196.3633513679 116095.0403129591
135948.9450872736 115934.8885332982
119961.1061759528 115774.7367536374
114685.1193352170 115614.5849739766
120920.3765106321 114973.9778553333
130513.0798574245 114973.9778553333
117882.6871174811 114813.8260756725
131792.1069703302 114653.6742960117
132751.3773050094 114653.6742960117
111487.5515529528 114493.5225163509
128274.7824098396 114493.5225163509
119801.2277868396 114173.2189570292
117722.8087283679 114013.0671773684
130992.7150247642 113852.9153977076
122519.1604017642 113692.7636180468
128434.6607989528 113692.7636180468
126356.2417404811 113532.6118383860
122519.1604017642 113372.4600587251
121879.6468453113 112251.3976010994
120920.3765106321 112091.2458214386
119961.1061759528 111450.6387027953
119801.2277868396 111130.3351434737
120760.4981215189 111130.3351434737
123798.1875146698 116255.1920926199
115484.5112807830 129707.9415841286
130193.3230791981 118497.3170078713
121879.6468453113 129707.9415841286
116763.5383936887 131629.7629400585
129074.1743554057 119458.2276858362
110048.6460509340 119458.2276858362
124917.3362384623 116415.3438722807

124917.3362384623 137395.2270078479
124597.5794602359 137235.0752281871
125237.0930166887 134832.7985332749
119641.3493977264 134352.3431942924
122199.4036235377 134192.1914146316
121080.2548997453 134032.0396349707
118362.3222848208 133711.7360756491
121879.6468453113 133711.7360756491
121240.1332888585 132910.9771773450
119801.2277868396 132750.8253976842
126675.9985187076 132590.6736180234
116124.0248372358 132110.2182790409
124917.3362384623 131469.6111603976
116443.7816154623 131309.4593807368
118682.0790630472 131309.4593807368
117403.0519501415 130668.8522620936
121400.0116779717 130668.8522620936
129393.9311336321 130028.2451434503
123638.3091255566 129547.7898044678
116923.4167828019 129227.4862451462
113086.3354440849 129067.3344654854
115964.1464481227 129067.3344654854
128594.5391880660 129067.3344654854
116763.5383936887 128907.1826858245
125556.8497949151 128747.0309061637
112446.8218876321 128586.8791265029
117403.0519501415 128586.8791265029
118522.2006739340 128426.7273468421
127795.1472425000 128266.5755671813
115324.6328916698 128106.4237875205
111807.3083311792 127946.2720078596
116763.5383936887 127946.2720078596
123158.6739582170 127946.2720078596
125077.2146275755 127786.1202281988
118522.2006739340 127625.9684485380
127315.5120751604 127625.9684485380
114685.1193352170 127465.8166688772
111967.1867202925 127305.6648892164
117722.8087283679 127145.5131095556
122679.0387908774 127145.5131095556
126036.4849622547 127145.5131095556
126356.2417404811 126985.3613298947
117243.1735610283 126504.9059909123
115644.3896698962 126344.7542112515
114844.9977243302 126184.6024315906
123318.5523473302 125383.8435332866
114844.9977243302 125063.5399739649
110528.2812182736 124903.3881943041
107170.8350468962 124262.7810756608
124757.4578493491 124262.7810756608
117403.0519501415 124102.6292960000
109409.1324944811 123782.3257366784
108609.7405489151 123141.7186180351
115004.8761134434 122981.5668383743
115804.2680590094 122661.2632790526
114205.4841678774 122340.9597197310
111007.9163856132 121540.2008214269
113885.7273896509 121540.2008214269
114844.9977243302 121540.2008214269
122998.7955691038 121380.0490417661
123478.4307364434 121380.0490417661
117083.2951719151 120899.5937027836
116443.7816154623 120739.4419231228
120440.7413432925 120419.1383638012
127155.6336860472 120419.1383638012
130513.0798574245 119458.2276858362
118841.9574521604 119137.9241265146
124277.8226820094 119137.9241265146
132111.8637485566 119137.9241265146
109089.3757162547 118817.6205671930
134030.4044179151 118657.4687875322
117562.9303392547 118497.3170078713
129234.0527445189 118497.3170078713
133870.5260288019 118497.3170078713
121240.1332888585 118337.1652282105
135309.4315308208 118337.1652282105
128914.2959662925 118177.0134485497
118202.4438957075 117696.5581095673
111327.6731638396 117376.2545502456
119481.4710086132 117055.9509909240
126516.1201295943 117055.9509909240
128114.9040207264 117055.9509909240
116603.6600045755 116735.6474316023
119001.8358412736 116735.6474316023
114685.1193352170 116415.3438722807
136908.2154219528 116415.3438722807
126835.8769078208 116255.1920926199
130672.9582465377 116255.1920926199
131792.1069703302 116255.1920926199
124277.8226820094 116095.0403129591
128274.7824098396 116095.0403129591
116603.6600045755 115934.8885332982
129234.0527445189 115134.1296349942
110528.2812182736 114973.9778553333
125556.8497949151 114653.6742960117
119961.1061759528 114493.5225163509
121240.1332888585 113852.9153977076
126356.2417404811 113852.9153977076
118682.0790630472 113532.6118383860
128274.7824098396 113212.3082790643
117562.9303392547 112892.0047197427
117722.8087283679 112571.7011604211
125077.2146275755 112571.7011604211
125077.2146275755 117856.7098892281
122359.2820126509 130829.0040417544
135469.3099199340 117216.1027705848
123638.3091255566 132110.2182790409
109728.8892727075 121860.5043807485
123158.6739582170 123622.1739570175
123798.1875146698 124583.0846349824
111647.4299420661 121860.5043807485
113885.7273896509 117696.5581095673
111327.6731638396 127625.9684485380
122998.7955691038 128907.1826858245
118042.5655065943 126504.9059909123
121879.6468453113 124743.2364146433
125396.9714058019 114013.0671773684
115964.1464481227 118177.0134485497
112766.5786658585 119137.9241265146
110368.4028291604 116255.1920926199
115324.6328916698 120899.5937027836
126196.3633513679 132590.6736180234
119001.8358412736 130668.8522620936
118522.2006739340 125223.6917536257
125556.8497949151 114013.0671773684
124597.5794602359 134352.3431942924
125876.6065731415 112411.5493807602
126036.4849622547 112731.8529400819
127475.3904642736 114973.9778553333
138986.6344804245 117055.9509909240
120760.4981215189 117536.4063299064
136108.8234763868 115774.7367536374
114045.6057787641 119938.6830248187
137547.7289784057 116575.4956519415

117243.1735610283 117216.1027705848
114844.9977243302 129067.3344654854
111967.1867202925 111610.7904824561
123478.4307364434 123942.4775163392
109409.1324944811 121059.7454824444
124757.4578493491 120258.9865841404
110368.4028291604 120899.5937027836
119961.1061759528 132430.5218383626
119641.3493977264 133071.1289570058
119001.8358412736 122661.2632790526
114365.3625569906 117216.1027705848
112446.8218876321 124903.3881943041
136268.7018655000 118016.8616688889
125716.7281840283 118337.1652282105
121080.2548997453 112411.5493807602
128114.9040207264 129868.0933637895
121719.7684561981 132110.2182790409
119801.2277868396 114493.5225163509
113406.0922223113 129387.6380248070
127955.0256316132 117536.4063299064
115644.3896698962 124102.6292960000
127155.6336860472 113372.4600587251
126036.4849622547 115774.7367536374
108289.9837706887 124102.6292960000
117562.9303392547 130508.7004824327
122199.4036235377 114973.9778553333
123478.4307364434 125063.5399739649
121719.7684561981 129227.4862451462
114844.9977243302 117856.7098892281
113565.9706114245 128907.1826858245
121879.6468453113 123782.3257366784
128114.9040207264 130829.0040417544
130672.9582465377 116415.3438722807
134669.9179743679 118177.0134485497
122838.9171799906 128426.7273468421
114525.2409461038 116095.0403129591
115004.8761134434 118817.6205671930
119161.7142303868 116415.3438722807
115324.6328916698 115294.2814146550
130353.2014683113 114173.2189570292
123478.4307364434 129387.6380248070
119321.5926195000 129067.3344654854
109728.8892727075 118177.0134485497
134350.1611961415 117536.4063299064
119801.2277868396 129067.3344654854
135149.5531417075 117376.2545502456
119481.4710086132 119778.5312451579
126516.1201295943 116255.1920926199
110848.0379965000 127305.6648892164
120120.9845650660 123942.4775163392
114685.1193352170 128426.7273468421
129553.8095227453 113692.7636180468
126356.2417404811 113532.6118383860
124437.7010711226 136434.3163298830
132911.2556941227 115614.5849739766
117243.1735610283 123622.1739570175
122519.1604017642 130829.0040417544
123478.4307364434 120579.2901434620
119161.7142303868 115134.1296349942
124757.4578493491 112091.2458214386
123798.1875146698 133551.5842959883
126036.4849622547 128586.8791265029
123478.4307364434 117536.4063299064
122519.1604017642 128586.8791265029
109409.1324944811 121380.0490417661
122199.4036235377 124262.7810756608
127315.5120751604 118817.6205671930
124597.5794602359 115614.5849739766
112446.8218876321 118016.8616688889
121559.8900670849 126184.6024315906
124117.9442928962 132590.6736180234
116124.0248372358 117216.1027705848
123798.1875146698 134992.9503129357
114205.4841678774 121860.5043807485
120760.4981215189 118977.7723468538
109249.2541053679 120098.8348044795
121080.2548997453 118977.7723468538
116923.4167828019 128106.4237875205
128434.6607989528 117536.4063299064
116603.6600045755 116255.1920926199
122679.0387908774 125063.5399739649
124597.5794602359 130508.7004824327
117403.0519501415 127625.9684485380
117243.1735610283 119137.9241265146
125876.6065731415 126665.0577705731
117882.6871174811 121700.3526010877
121719.7684561981 133071.1289570058
117083.2951719151 126665.0577705731
125237.0930166887 118657.4687875322
121080.2548997453 118177.0134485497
121240.1332888585 126344.7542112515
123478.4307364434 126985.3613298947
129713.6879118585 114973.9778553333
121080.2548997453 119618.3794654971
118202.4438957075 130348.5487027719
109249.2541053679 126184.6024315906
119961.1061759528 119298.0759061754
114365.3625569906 130348.5487027719
118042.5655065943 118977.7723468538
117562.9303392547 132430.5218383626
137387.8505892924 117055.9509909240
127155.6336860472 113852.9153977076
110528.2812182736 123301.8703976959
108609.7405489151 121380.0490417661
119641.3493977264 122180.8079400702
127635.2688533868 127465.8166688772
116763.5383936887 132430.5218383626
111167.7947747264 115774.7367536374
130672.9582465377 118177.0134485497
124597.5794602359 126504.9059909123
125716.7281840283 134992.9503129357
117243.1735610283 119618.3794654971
115484.5112807830 121059.7454824444
131951.9853594434 116255.1920926199
117083.2951719151 118817.6205671930
125716.7281840283 119618.3794654971
126835.8769078208 117055.9509909240
127635.2688533868 114173.2189570292
110688.1596073868 119137.9241265146
115804.2680590094 118657.4687875322
123798.1875146698 125864.2988722690
114685.1193352170 128266.5755671813
128754.4175771792 113532.6118383860
118841.9574521604 132910.9771773450
124437.7010711226 134512.4949739532
123638.3091255566 121219.8972621053
122679.0387908774 127145.5131095556
111807.3083311792 113212.3082790643
114685.1193352170 121700.3526010877
129393.9311336321 119458.2276858362
134829.7963634811 117055.9509909240
131472.3501921038 114813.8260756725
117722.8087283679 126184.6024315906
122359.2820126509 121059.7454824444

123638.3091255566 136594.4681095439
123798.1875146698 136114.0127705614
120760.4981215189 135153.1020925965
122519.1604017642 133871.8878553100
125556.8497949151 131789.9147197193
116443.7816154623 131309.4593807368
115964.1464481227 131149.3076010760
121080.2548997453 130668.8522620936
111807.3083311792 128586.8791265029
118362.3222848208 127465.8166688772
121240.1332888585 127145.5131095556
118042.5655065943 126344.7542112515
112446.8218876321 126184.6024315906
115164.7545025566 126184.6024315906
109409.1324944811 126024.4506519298
123158.6739582170 126024.4506519298
110528.2812182736 124583.0846349824
120920.3765106321 124102.6292960000
112286.9434985189 123301.8703976959
111807.3083311792 122981.5668383743
125077.2146275755 121059.7454824444
109249.2541053679 118657.4687875322
124277.8226820094 118497.3170078713
114685.1193352170 117856.7098892281
122998.7955691038 117376.2545502456
122519.1604017642 117216.1027705848
136748.3370328396 116895.7992112632
123798.1875146698 116095.0403129591
134669.9179743679 115774.7367536374
111327.6731638396 114813.8260756725
128594.5391880660 113852.9153977076
119001.8358412736 112571.7011604211
123638.3091255566 112411.5493807602
122359.2820126509 111931.0940417778
124757.4578493491 130989.1558214152
126516.1201295943 116095.0403129591
126516.1201295943 114653.6742960117
117243.1735610283 113212.3082790643
122199.4036235377 120739.4419231228
114045.6057787641 116255.1920926199
125077.2146275755 129707.9415841286
119961.1061759528 116575.4956519415
127155.6336860472 133231.2807366666
122519.1604017642 120098.8348044795
111487.5515529528 114493.5225163509
110048.6460509340 119137.9241265146
115964.1464481227 118337.1652282105
125876.6065731415 126184.6024315906
119641.3493977264 129387.6380248070
129713.6879118585 115934.8885332982
111967.1867202925 119298.0759061754
120280.8629541793 123141.7186180351
133550.7692505755 118177.0134485497
118042.5655065943 115454.4331943158
117882.6871174811 116575.4956519415
130672.9582465377 114333.3707366900
122679.0387908774 125704.1470926082
127795.1472425000 113532.6118383860
124117.9442928962 126024.4506519298
110208.5244400472 116255.1920926199
116923.4167828019 118337.1652282105
121400.0116779717 115294.2814146550
128914.2959662925 118497.3170078713
116283.9032263491 116895.7992112632
139945.9048151038 117055.9509909240
122679.0387908774 117856.7098892281
120600.6197324057 131309.4593807368
114844.9977243302 128907.1826858245
108769.6189380283 122020.6561604094
135629.1883090472 116255.1920926199
122199.4036235377 116095.0403129591
130672.9582465377 116575.4956519415
111807.3083311792 114813.8260756725
121559.8900670849 115614.5849739766
122039.5252344245 118497.3170078713
118682.0790630472 113852.9153977076
129553.8095227453 116895.7992112632
107810.3486033491 125223.6917536257
125716.7281840283 126344.7542112515
113086.3354440849 121540.2008214269
120120.9845650660 129547.7898044678
119961.1061759528 119298.0759061754
122519.1604017642 118497.3170078713
119801.2277868396 125223.6917536257
111487.5515529528 117536.4063299064
134190.2828070283 116575.4956519415
109569.0108835943 121059.7454824444
122519.1604017642 136594.4681095439
119321.5926195000 118977.7723468538
121719.7684561981 116735.6474316023
117722.8087283679 125223.6917536257
123478.4307364434 121860.5043807485
127315.5120751604 114493.5225163509
127795.1472425000 114013.0671773684
131632.2285812170 119137.9241265146
122838.9171799906 119778.5312451579
127475.3904642736 119298.0759061754
120920.3765106321 120419.1383638012
119641.3493977264 117055.9509909240
114844.9977243302 123782.3257366784
123318.5523473302 120579.2901434620
125876.6065731415 126504.9059909123
127955.0256316132 127786.1202281988
124117.9442928962 124743.2364146433
131152.5934138774 116575.4956519415
117882.6871174811 128747.0309061637
136428.5802546132 117376.2545502456
120600.6197324057 113532.6118383860
119801.2277868396 117216.1027705848
114844.9977243302 125864.2988722690
125876.6065731415 113852.9153977076
129873.5663009717 117536.4063299064
130832.8366356509 116895.7992112632
114365.3625569906 117216.1027705848
115324.6328916698 121059.7454824444
128274.7824098396 129707.9415841286
111967.1867202925 113692.7636180468
118682.0790630472 133231.2807366666
111007.9163856132 119298.0759061754
118202.4438957075 119618.3794654971
133550.7692505755 114973.9778553333
108449.8621598019 119938.6830248187
123158.6739582170 132110.2182790409
117403.0519501415 120419.1383638012
118362.3222848208 130829.0040417544
111967.1867202925 128106.4237875205
122679.0387908774 119938.6830248187
118362.3222848208 119458.2276858362
113565.9706114245 128586.8791265029
127795.1472425000 131950.0664993801
122519.1604017642 121860.5043807485
113086.3354440849 119938.6830248187
125396.9714058019 114493.5225163509
136908.2154219528 117856.7098892281

111807.3083311792 128266.5755671813
119321.5926195000 117376.2545502456
121719.7684561981 132270.3700587017
124917.3362384623 118817.6205671930
121719.7684561981 118497.3170078713
124757.4578493491 120098.8348044795
124437.7010711226 120419.1383638012
121240.1332888585 121059.7454824444
116443.7816154623 117376.2545502456
115164.7545025566 131149.3076010760
125077.2146275755 129707.9415841286
125237.0930166887 112571.7011604211
132111.8637485566 115454.4331943158
119481.4710086132 134032.0396349707
122039.5252344245 121380.0490417661
123798.1875146698 121219.8972621053
116124.0248372358 117216.1027705848
123958.0659037830 135473.4056519181
127635.2688533868 120419.1383638012
122998.7955691038 125383.8435332866
128434.6607989528 115934.8885332982
115964.1464481227 120098.8348044795
125716.7281840283 126344.7542112515
118522.2006739340 131469.6111603976
126675.9985187076 114173.2189570292
110048.6460509340 118657.4687875322
120440.7413432925 121059.7454824444
121559.8900670849 121219.8972621053
116283.9032263491 123301.8703976959
133550.7692505755 117055.9509909240
120280.8629541793 122821.4150587134
125716.7281840283 118177.0134485497
116923.4167828019 131469.6111603976
114844.9977243302 115774.7367536374
123318.5523473302 131149.3076010760
114685.1193352170 129227.4862451462
111647.4299420661 123782.3257366784
122998.7955691038 134192.1914146316
126675.9985187076 133871.8878553100
123478.4307364434 119618.3794654971
124277.8226820094 121380.0490417661
108289.9837706887 122981.5668383743
114844.9977243302 126504.9059909123
118841.9574521604 113532.6118383860
111967.1867202925 124903.3881943041
112446.8218876321 123141.7186180351
119481.4710086132 116575.4956519415
127155.6336860472 119458.2276858362
109089.3757162547 121860.5043807485
115484.5112807830 130028.2451434503
129074.1743554057 129067.3344654854
111647.4299420661 119778.5312451579
112286.9434985189 127305.6648892164
111807.3083311792 126985.3613298947
119961.1061759528 126665.0577705731
121400.0116779717 110810.0315841520
123798.1875146698 119618.3794654971
135309.4315308208 116575.4956519415
133390.8908614622 116415.3438722807
118202.4438957075 118657.4687875322
123798.1875146698 136754.6198892047
125716.7281840283 119137.9241265146
126356.2417404811 114013.0671773684
118362.3222848208 130028.2451434503
120440.7413432925 113212.3082790643
126196.3633513679 114813.8260756725
115804.2680590094 116575.4956519415
127155.6336860472 132270.3700587017
122519.1604017642 125383.8435332866
113406.0922223113 116255.1920926199
132591.4989158962 119137.9241265146
122998.7955691038 115454.4331943158
129393.9311336321 113852.9153977076
136908.2154219528 115934.8885332982
115484.5112807830 118977.7723468538
133071.1340832358 115294.2814146550
118841.9574521604 115454.4331943158
122039.5252344245 123942.4775163392
135948.9450872736 118016.8616688889
111167.7947747264 117856.7098892281
134829.7963634811 118497.3170078713
128594.5391880660 114173.2189570292
110048.6460509340 121540.2008214269
122679.0387908774 112251.3976010994
111007.9163856132 118337.1652282105
116603.6600045755 125543.9953129474
115964.1464481227 125383.8435332866
133231.0124723491 116575.4956519415
110208.5244400472 119938.6830248187
119801.2277868396 118977.7723468538
119481.4710086132 111450.6387027953
119481.4710086132 117055.9509909240
114844.9977243302 119458.2276858362
112127.0651094057 122340.9597197310
119481.4710086132 128106.4237875205
119641.3493977264 117696.5581095673
117562.9303392547 129387.6380248070
129074.1743554057 115294.2814146550
117243.1735610283 127305.6648892164
121400.0116779717 127465.8166688772
127155.6336860472 114813.8260756725
115004.8761134434 119298.0759061754
123638.3091255566 125223.6917536257
122998.7955691038 120419.1383638012
109728.8892727075 125864.2988722690
115644.3896698962 124583.0846349824
117403.0519501415 128907.1826858245
138027.3641457453 117376.2545502456
129234.0527445189 113532.6118383860
117722.8087283679 119618.3794654971
116923.4167828019 117696.5581095673
109728.8892727075 122981.5668383743
117403.0519501415 131309.4593807368
126675.9985187076 113852.9153977076
120600.6197324057 120098.8348044795
125556.8497949151 126344.7542112515
115804.2680590094 116255.1920926199
117403.0519501415 122981.5668383743
112446.8218876321 126985.3613298947
125556.8497949151 136114.0127705614
127795.1472425000 132590.6736180234
111487.5515529528 128106.4237875205
112926.4570549717 129067.3344654854
118522.2006739340 126024.4506519298
122679.0387908774 124583.0846349824
119961.1061759528 133071.1289570058
118042.5655065943 132110.2182790409
121719.7684561981 133071.1289570058
115484.5112807830 119778.5312451579
120920.3765106321 124262.7810756608
115644.3896698962 125704.1470926082
115804.2680590094 129227.4862451462
114365.3625569906 120258.9865841404
121400.0116779717 116575.4956519415

111807.3083311792 119137.9241265146
122679.0387908774 130508.7004824327
123158.6739582170 137395.2270078479
119161.7142303868 131950.0664993801
113565.9706114245 128586.8791265029
107490.5918251226 123942.4775163392
120280.8629541793 133391.4325163275
126995.7552969340 118177.0134485497
128434.6607989528 130028.2451434503
120920.3765106321 117055.9509909240
115004.8761134434 125704.1470926082
114685.1193352170 125383.8435332866
111167.7947747264 116415.3438722807
116923.4167828019 120419.1383638012
117403.0519501415 126665.0577705731
121240.1332888585 114333.3707366900
115004.8761134434 121219.8972621053
116283.9032263491 117055.9509909240
124437.7010711226 127465.8166688772
136428.5802546132 116735.6474316023
110208.5244400472 117055.9509909240
122998.7955691038 136914.7716688655
123638.3091255566 132430.5218383626
115484.5112807830 116415.3438722807
124117.9442928962 128907.1826858245
109249.2541053679 120419.1383638012
111167.7947747264 127305.6648892164
111487.5515529528 119298.0759061754
127155.6336860472 113372.4600587251
124437.7010711226 131309.4593807368
119001.8358412736 134512.4949739532
123798.1875146698 114013.0671773684
123638.3091255566 124262.7810756608
118682.0790630472 118977.7723468538
122679.0387908774 132910.9771773450
134829.7963634811 117856.7098892281
118682.0790630472 131309.4593807368
115644.3896698962 120419.1383638012
118042.5655065943 112731.8529400819
115964.1464481227 123301.8703976959
122039.5252344245 123782.3257366784
122359.2820126509 129868.0933637895
137547.7289784057 116735.6474316023
120120.9845650660 125543.9953129474
120760.4981215189 121380.0490417661
128114.9040207264 113532.6118383860
118362.3222848208 118497.3170078713
121080.2548997453 131149.3076010760
116923.4167828019 120258.9865841404
134510.0395852547 117216.1027705848
118042.5655065943 130028.2451434503
126196.3633513679 131469.6111603976
113725.8490005377 116735.6474316023
136268.7018655000 118016.8616688889
111327.6731638396 118977.7723468538
112127.0651094057 124583.0846349824
122679.0387908774 112731.8529400819
119001.8358412736 119618.3794654971
110528.2812182736 119938.6830248187
124277.8226820094 118657.4687875322
116763.5383936887 118497.3170078713
113246.2138331981 118977.7723468538
133550.7692505755 118337.1652282105
119801.2277868396 118817.6205671930
109888.7676618207 122020.6561604094
117722.8087283679 119458.2276858362
130193.3230791981 115454.4331943158
126835.8769078208 118657.4687875322
122679.0387908774 123462.0221773567
128434.6607989528 128747.0309061637
122039.5252344245 125383.8435332866
130193.3230791981 113852.9153977076
118202.4438957075 120258.9865841404
112286.9434985189 119298.0759061754
115164.7545025566 120258.9865841404
107650.4702142359 124102.6292960000
110848.0379965000 122981.5668383743
113725.8490005377 128907.1826858245
122199.4036235377 136914.7716688655
118362.3222848208 113532.6118383860
126995.7552969340 129227.4862451462
114844.9977243302 126504.9059909123
117083.2951719151 113052.1564994035
125237.0930166887 134352.3431942924
119161.7142303868 114013.0671773684
116443.7816154623 130989.1558214152
118682.0790630472 122180.8079400702
119161.7142303868 115614.5849739766
137867.4857566321 116575.4956519415
107970.2269924623 121700.3526010877
125237.0930166887 121380.0490417661
111487.5515529528 116895.7992112632
127955.0256316132 114333.3707366900
108449.8621598019 121059.7454824444
133550.7692505755 117216.1027705848
126995.7552969340 118817.6205671930
133071.1340832358 117055.9509909240
123158.6739582170 124903.3881943041
122199.4036235377 125704.1470926082
130353.2014683113 115614.5849739766
121719.7684561981 125063.5399739649
121400.0116779717 124583.0846349824
118042.5655065943 124583.0846349824
108929.4973271415 121540.2008214269
127155.6336860472 113532.6118383860
116443.7816154623 121860.5043807485
117882.6871174811 128907.1826858245
126995.7552969340 120579.2901434620
110048.6460509340 122180.8079400702
108609.7405489151 125223.6917536257
115004.8761134434 118337.1652282105
122039.5252344245 125543.9953129474
111007.9163856132 118337.1652282105
124117.9442928962 125223.6917536257
119961.1061759528 132430.5218383626
125237.0930166887 126504.9059909123
127475.3904642736 115934.8885332982
122039.5252344245 117696.5581095673
128274.7824098396 120258.9865841404
117722.8087283679 117055.9509909240
117083.2951719151 119458.2276858362
126835.8769078208 115614.5849739766
111807.3083311792 124743.2364146433
111647.4299420661 113212.3082790643
125876.6065731415 131950.0664993801
116603.6600045755 118497.3170078713
131152.5934138774 115454.4331943158
124597.5794602359 124903.3881943041
126995.7552969340 126985.3613298947
119321.5926195000 133071.1289570058
118522.2006739340 118977.7723468538
118841.9574521604 121540.2008214269
122039.5252344245 135633.5574315790
133550.7692505755 118817.6205671930

