228347956.8100275099 2807280.0644531250
226863917.5501047075 2774723.5488281250
229216564.3212132454 2824157.2558593750
232316086.1265406013 2846136.8242187500
228550160.5991635919 2822786.7148437500
227897534.4870522320 2798453.5947265625
233191832.2489358783 2850336.4765625000
236192342.3969234526 2858131.6894531250
232085706.9565345943 2845993.9921875000
229300662.6379808486 2824872.2246093750
229486791.3932749331 2826566.8144531250
228176251.2844512463 2803424.4960937500
227624955.3764566481 2791755.6152343750
227515859.2229315639 2776068.6757812500
227982577.2100408971 2802710.8710937500
230587568.7642593682 2840354.4667968750
235492639.9835911989 2855460.2109375000
228181279.5854088962 2806017.8496093750
231485093.5915566385 2841347.0996093750
229507642.6590341032 2835980.0136718750
232426300.0761409700 2846473.0605468750
233340557.3446448445 2851570.5839843750
226854365.9047160447 2688288.7597656250
232849898.5036105514 2847080.7187500000
229464199.2531276941 2826129.8945312500
