215380828.4085612595 406091.0260009766
210604150.6527965665 389365.2390747070
208376029.0974799097 363735.3559570312
210609374.5653387606 394066.3353881836
207688876.0604808927 363097.6915283203
215353502.2515415251 403719.6585693359
210094874.7907304764 383159.4629516602
213591729.4740768969 401734.2305297852
212671782.3930556774 398152.0909423828
210423260.8251701593 387903.8166503906
211316010.9287503362 396709.1712036133
220377676.6250627339 410140.8612060547
211207834.3825369179 396093.4059448242
221513451.0551171303 413058.0518798828
209550977.7329397500 379700.7098999023
217634353.9125077128 409320.5881958008
209073143.9413395226 378287.5861816406
220544387.3902465701 410438.8429565430
219846660.4006950259 409569.4770507812
213491874.7879916430 400481.0829467773
