1487002501.1043236256 5659637.7346191406
1506916062.8561363220 5901412.4238281250
1489740236.9588904381 5703887.3629150391
1507591490.0337929726 5952318.4726562500
1507346643.1333501339 5928537.8588867188
1496639350.8257761002 5871287.8914794922
1489034831.2392065525 5677861.4696044922
1508957982.3981289864 5981819.1374511719
1504532624.8712453842 5893956.1828613281
1508270973.9917714596 5963620.4946289062
1503936723.4952106476 5892191.5124511719
1491191312.7173950672 5792581.2130126953
1506321496.6066024303 5896906.1455078125
1488761072.0486028194 5664041.5028076172
1490566789.5931022167 5720392.2114257812
