644355392.1380473375 80042.8300619125
660766497.2927199602 82953.9780926704
640541316.7985032797 78902.8501892090
641052298.8228365183 78940.9746179581
639137990.4408986568 77062.4739646912
646258643.3461643457 80141.8889856339
644327396.2884057760 79495.7907581329
637598309.8949072361 76312.3002262115
650262283.0143258572 81973.2981395721
648604645.7023434639 81552.2001724243
658803676.9260003567 82916.7337303162
657570334.5975435972 82657.7363967896
648756391.8487550020 81582.5115966797
656978035.2581852674 82508.2032470703
653354047.1237579584 82475.7380380630
653211760.1149017811 82203.5521774292
646713371.4285718203 80949.3486008644
647674506.5782188177 81203.7084503174
651065316.2313688993 82043.7050743103
637583946.3686547279 61504.4034199715
640176614.7611817122 77092.9543228149
642738645.8382227421 79205.0579862595
