120821014.5341098160 67592.3728332520
128204378.2955537140 71809.3405151367
119729063.7714310735 59111.1550559998
129630706.1543682367 71893.8222961426
119837646.7626429647 64129.6757888794
126529103.0097090751 71325.2680816650
126633108.0162942708 71427.1645507812
125126451.6437284797 70775.3643188477
119712180.3994100392 58396.8951263428
122028589.5596716106 69105.6751403809
120643940.4938434958 65622.9286804199
120789501.9580785036 65757.5867996216
127075103.3549493700 71443.7359008789
121145713.6702466756 67709.8187713623
123639608.7351724505 70538.2219543457
122491368.1738986671 69558.4546203613
121176124.5874058455 68417.3549575806
120597077.0459977090 64894.5488586426
124563038.5752173215 70592.6127166748
123224479.9496723562 70195.2840576172
125150017.4047348797 71273.7897186279
