735746652.3042355776 12103343.7949218750
711444361.7099907398 11944168.0664062500
740949985.0223273039 12105874.9257812500
710434639.4717665911 11907744.7460937500
735072107.8192601204 12082415.8320312500
733341014.6938939095 12075277.1894531250
711873978.3945038319 11957957.9902343750
720167410.6223303080 12040127.4433593750
729021346.7221100330 12068942.8046875000
713951647.6899642944 12034573.3085937500
731251982.2250432968 12074775.4335937500
712268023.1341261864 11997080.9609375000
707807826.8350208998 11871057.9726562500
719549017.0936114788 12038901.8964843750
721069713.7433491945 12061982.3593750000
721065922.0923005342 12051807.4843750000
