549572525.4239335060 7063232.2050781250
572403551.8824626207 7303498.2578125000
551610234.8444517851 7141221.5761718750
573764065.6296899319 7312909.5957031250
554417032.8459317684 7232377.4902343750
570903991.0556387901 7301083.6582031250
559503854.3863499165 7248103.0664062500
552895292.3177065849 7209080.6855468750
569770305.0850732327 7289887.6230468750
550932756.9274259806 7104282.2070312500
551158563.3091632128 7111977.5332031250
561661636.1312450171 7251246.0117187500
551017904.9309964180 7104817.1796875000
550402015.5617040396 7087726.6015625000
557131851.9957585335 7244849.5332031250
566672986.4840863943 7284767.3828125000
561810049.3110866547 7281886.0117187500
554215897.5488914251 7215914.6562500000
568341043.4171297550 7286037.6386718750
551771036.3182921410 7189698.4062500000
