140312.1706058315 133510.1939028521
131368.6572810401 131110.5478939763
131049.2460908690 127111.1378791834
132965.7132318957 127591.0670809586
123383.3775267620 123431.6806655739
140631.5817960027 134470.0523064024
123702.7887169332 120872.0582561065
123543.0831218476 124391.5390691243
140312.1706058315 136389.7691135029
119550.4432447086 125031.4446714911
120348.9712201364 121991.8930602485
131688.0684712112 133350.2175022603
124980.4334776177 123591.6570661657
118432.5040791096 117032.6246419053
132326.8908515535 125991.3030750414
129611.8957350989 129830.7366892426
123383.3775267620 121192.0110572899
133764.2412073235 129830.7366892426
129931.3069252701 125991.3030750414
137437.4698942915 139589.2971253373
138076.2922746337 138149.5095200118
121466.9103857353 126791.1850780000
127855.1341891577 131750.4534963432
133125.4188269813 129190.8310868758
127855.1341891577 124231.5626685325
126896.9006186444 131110.5478939763
128174.5453793289 124391.5390691243
125459.5502628743 122791.7750632071
140471.8762009171 135429.9107099526
136798.6475139492 137029.6747158698
135361.2971581791 138469.4623211953
119390.7376496230 116232.7426389467
137277.7642992059 134310.0759058106
128973.0733547567 130150.6894904260
126098.3726432166 126311.2558762248
140791.2873910882 135269.9343093609
119710.1488397941 115112.9078348047
129611.8957350989 129190.8310868758
120189.2656250508 118632.3886478225
131368.6572810401 133830.1467040355
117314.5649135107 117512.5538436805
126737.1950235588 125671.3502738580
120029.5600299652 113833.0966300710
136000.1195385214 136709.7219146864
132806.0076368102 125671.3502738580
119390.7376496230 121831.9166596568
131368.6572810401 134790.0051075858
134243.3579925802 132710.3118998935
118432.5040791096 122791.7750632071
138715.1146549759 132550.3354993018
118113.0928889385 118632.3886478225
139513.6426304037 134310.0759058106
119869.8544348797 120552.1054549231
142228.6377468583 135429.9107099526
117633.9761036818 121192.0110572899
137756.8810844626 130790.5950927929
123383.3775267620 117512.5538436805
123862.4943120187 126151.2794756331
117953.3872938530 118792.3650484142
135361.2971581791 128230.9726833254
130410.4237105267 124071.5862679408
118911.6208643663 117672.5302442722
118272.7984840241 117672.5302442722
127535.7229989866 125511.3738732663
120987.7936004786 118152.4594460473
122904.2607415053 124391.5390691243
120668.3824103075 117992.4830454556
120828.0880053930 124391.5390691243
118751.9152692808 120712.0818555148
124501.3166923610 119432.2706507811
119710.1488397941 124551.5154697160
118432.5040791096 116232.7426389467
128653.6621645856 127911.0198821420
121946.0271709920 115592.8370365799
125140.1390727032 129830.7366892426
136319.5307286925 134310.0759058106
119071.3264594519 123591.6570661657
136159.8251336069 135589.8871105444
121786.3215759064 115592.8370365799
125299.8446677888 121032.0346566982
127855.1341891577 122951.7514637988
133285.1244220668 133190.2411016686
127376.0174039011 123911.6098673491
133285.1244220668 130150.6894904260
116835.4481282540 120712.0818555148
140152.4650107460 136869.6983152781
127056.6062137299 120872.0582561065
137437.4698942915 130790.5950927929
120828.0880053930 120072.1762531479

123702.7887169332 127271.1142797751
114280.1586068850 120392.1290543314
140631.5817960027 136709.7219146864
121946.0271709920 121511.9638584734
122265.4383611631 118152.4594460473
135201.5915630936 129030.8546862840
121147.4991955642 126791.1850780000
124341.6110972754 124551.5154697160
120508.6768152219 121351.9874578817
137916.5866795481 131430.5006951598
135521.0027532647 137829.5567188284
123702.7887169332 120712.0818555148
130889.5404957834 132390.3590987101
125938.6670481310 129030.8546862840
118911.6208643663 120712.0818555148
136479.2363237781 132390.3590987101
120987.7936004786 117832.5066448639
121147.4991955642 116872.6482413136
136319.5307286925 132710.3118998935
132486.5964466390 136069.8163123195
124022.1999071043 120232.1526537396
124661.0222874465 125991.3030750414
137916.5866795481 136229.7927129113
116995.1537233396 121032.0346566982
135201.5915630936 134310.0759058106
132486.5964466390 132230.3826981183
125619.2558579599 121351.9874578817
135840.4139434358 137349.6275170533
129611.8957350989 128550.9254845089
132486.5964466390 131590.4770957515
130091.0125203556 124231.5626685325
118592.2096741952 117992.4830454556
117953.3872938530 115912.7898377633
131528.3628761257 129670.7602886509
118592.2096741952 116072.7662383550
129292.4845449278 125351.3974726746
126577.4894284733 127591.0670809586
137756.8810844626 132230.3826981183
137437.4698942915 134949.9815081775
137597.1754893770 131270.5242945681
120348.9712201364 118312.4358466390
129132.7789498422 129990.7130898343
130091.0125203556 132390.3590987101
116835.4481282540 119112.3178495976
127695.4285940722 132550.3354993018
124820.7278825321 123911.6098673491
141110.6985812593 136229.7927129113
134083.6523974946 129190.8310868758
130410.4237105267 133990.1231046272
120668.3824103075 122951.7514637988
132007.4796613824 129990.7130898343
115557.8033675695 120552.1054549231
125459.5502628743 124871.4682708994
140471.8762009171 137029.6747158698
116675.7425331684 121671.9402590651
129292.4845449278 127591.0670809586
140471.8762009171 133350.2175022603
139833.0538205749 137189.6511164615
130729.8349006979 129830.7366892426
130091.0125203556 130790.5950927929
124661.0222874465 126471.2322768166
132326.8908515535 133190.2411016686
134562.7691827513 136869.6983152781
121626.6159808209 115752.8134371716
118272.7984840241 118792.3650484142
132486.5964466390 134470.0523064024
135361.2971581791 134949.9815081775
129611.8957350989 133830.1467040355
123862.4943120187 127111.1378791834
131368.6572810401 130950.5714933846
134243.3579925802 128070.9962827337
128334.2509744144 132070.4062975266
120828.0880053930 124391.5390691243
131688.0684712112 135749.8635111361
121626.6159808209 121991.8930602485
126258.0782383021 125191.4210720828
119071.3264594519 118472.4122472308
117314.5649135107 122951.7514637988
122584.8495513342 127751.0434815503
117953.3872938530 119592.2470513728
129292.4845449278 132550.3354993018
127056.6062137299 121032.0346566982
115717.5089626551 118312.4358466390
129452.1901400134 126951.1614785917
134403.0635876658 138149.5095200118
123862.4943120187 117512.5538436805
142228.6377468583 135109.9579087693
120508.6768152219 124391.5390691243
122425.1439562487 125031.4446714911

136479.2363237781 139589.2971253373
137118.0587041203 138949.3915229704
140152.4650107460 137989.5331194201
138395.7034648048 137829.5567188284
140312.1706058315 137829.5567188284
133444.8300171524 136389.7691135029
134562.7691827513 136229.7927129113
142228.6377468583 136229.7927129113
142548.0489370294 136069.8163123195
132646.3020417246 135909.8399117278
135840.4139434358 135749.8635111361
139833.0538205749 135749.8635111361
133125.4188269813 135429.9107099526
137437.4698942915 135429.9107099526
130410.4237105267 134949.9815081775
136958.3531090347 134630.0287069941
132007.4796613824 134470.0523064024
133285.1244220668 134470.0523064024
134243.3579925802 134470.0523064024
141270.4041763449 134470.0523064024
130570.1293056123 134150.0995052189
130889.5404957834 134150.0995052189
136159.8251336069 133990.1231046272
128973.0733547567 133670.1703034438
132326.8908515535 133350.2175022603
132326.8908515535 132230.3826981183
137437.4698942915 132230.3826981183
133764.2412073235 132070.4062975266
136319.5307286925 131910.4298969349
136638.9419188637 131750.4534963432
127056.6062137299 131590.4770957515
138555.4090598904 131270.5242945681
128334.2509744144 129350.8074874674
123862.4943120187 129190.8310868758
135680.7083483503 129190.8310868758
127376.0174039011 129030.8546862840
133604.5356122380 128710.9018851006
130729.8349006979 128550.9254845089
122105.7327660775 127431.0906803669
130091.0125203556 127271.1142797751
133444.8300171524 126951.1614785917
124501.3166923610 126791.1850780000
127855.1341891577 126791.1850780000
123063.9663365909 126631.2086774083
123223.6719316765 126631.2086774083
124980.4334776177 126631.2086774083
126258.0782383021 126631.2086774083
128014.8397842433 126151.2794756331
132646.3020417246 126151.2794756331
132167.1852564679 125831.3266744497
132806.0076368102 125831.3266744497
128334.2509744144 125671.3502738580
128813.3677596711 124551.5154697160
130091.0125203556 124551.5154697160
123702.7887169332 124391.5390691243
123383.3775267620 124231.5626685325
118911.6208643663 123591.6570661657
120508.6768152219 123591.6570661657
121147.4991955642 123591.6570661657
129452.1901400134 123591.6570661657
116516.0369380829 122311.8458614319
117633.9761036818 122311.8458614319
115557.8033675695 121991.8930602485
127695.4285940722 121671.9402590651
114759.2753921417 121351.9874578817
116835.4481282540 121351.9874578817
119071.3264594519 121192.0110572899
115078.6865823128 120712.0818555148
124022.1999071043 120712.0818555148
123223.6719316765 120232.1526537396
115717.5089626551 119912.1998525562
117154.8593184251 119592.2470513728
119869.8544348797 119432.2706507811
120029.5600299652 119272.2942501893
124820.7278825321 119112.3178495976
116835.4481282540 118312.4358466390
117154.8593184251 118312.4358466390
119550.4432447086 117672.5302442722
121626.6159808209 117352.5774430888
118751.9152692808 117032.6246419053
122744.5551464198 117032.6246419053
118432.5040791096 116872.6482413136
119869.8544348797 116872.6482413136
117793.6816987674 116552.6954401302
120348.9712201364 116552.6954401302
121946.0271709920 116232.7426389467
121626.6159808209 116072.7662383550
119710.1488397941 114792.9550336213
120029.5600299652 114632.9786330296

137277.7642992059 139749.2735259290
135840.4139434358 139589.2971253373
136479.2363237781 139589.2971253373
135201.5915630936 139109.3679235621
137118.0587041203 138949.3915229704
137756.8810844626 138309.4859206035
140152.4650107460 137989.5331194201
138395.7034648048 137829.5567188284
139833.0538205749 137829.5567188284
136479.2363237781 137509.6039176450
139034.5258451471 136869.6983152781
141909.2265566872 136869.6983152781
141110.6985812593 136709.7219146864
132326.8908515535 136389.7691135029
142228.6377468583 136229.7927129113
135840.4139434358 135749.8635111361
130410.4237105267 134949.9815081775
137277.7642992059 134790.0051075858
136958.3531090347 134630.0287069941
141589.8153665160 134630.0287069941
141270.4041763449 134470.0523064024
129611.8957350989 134310.0759058106
130570.1293056123 134150.0995052189
130410.4237105267 133830.1467040355
131049.2460908690 133670.1703034438
130410.4237105267 132550.3354993018
127056.6062137299 131590.4770957515
138395.7034648048 131590.4770957515
138555.4090598904 131270.5242945681
129771.6013301845 130310.6658910178
136798.6475139492 130150.6894904260
137277.7642992059 130150.6894904260
124820.7278825321 129670.7602886509
125299.8446677888 129670.7602886509
130570.1293056123 129670.7602886509
132646.3020417246 129510.7838880592
128334.2509744144 129350.8074874674
123862.4943120187 129190.8310868758
135680.7083483503 129190.8310868758
127376.0174039011 129030.8546862840
123543.0831218476 128870.8782856923
129132.7789498422 128710.9018851006
133604.5356122380 128710.9018851006
130729.8349006979 128550.9254845089
132486.5964466390 128070.9962827337
124661.0222874465 127751.0434815503
126098.3726432166 127751.0434815503
127855.1341891577 127431.0906803669
134562.7691827513 127431.0906803669
130250.7181154412 127111.1378791834
128493.9565695000 126791.1850780000
121307.2047906497 126631.2086774083
123223.6719316765 126631.2086774083
124181.9055021898 126631.2086774083
130250.7181154412 126471.2322768166
132646.3020417246 126151.2794756331
132167.1852564679 125831.3266744497
132806.0076368102 125831.3266744497
121147.4991955642 125351.3974726746
130570.1293056123 125191.4210720828
126896.9006186444 124711.4918703077
119071.3264594519 124391.5390691243
128973.0733547567 124391.5390691243
123383.3775267620 124231.5626685325
128973.0733547567 123911.6098673491
123702.7887169332 123751.6334667574
124181.9055021898 123591.6570661657
117953.3872938530 123431.6806655739
116516.0369380829 122311.8458614319
128493.9565695000 122311.8458614319
116036.9201528262 121991.8930602485
120348.9712201364 121831.9166596568
120029.5600299652 121671.9402590651
114759.2753921417 121351.9874578817
125140.1390727032 121351.9874578817
120508.6768152219 120712.0818555148
114759.2753921417 120392.1290543314
124661.0222874465 120072.1762531479
115717.5089626551 119912.1998525562
116516.0369380829 119752.2234519645
125778.9614530455 119752.2234519645
119869.8544348797 119432.2706507811
124820.7278825321 119112.3178495976
116356.3313429973 118792.3650484142
123383.3775267620 118792.3650484142
116835.4481282540 118312.4358466390
117154.8593184251 118312.4358466390
120668.3824103075 118152.4594460473
122105.7327660775 117832.5066448639

132326.8908515535 127591.0670809586
125140.1390727032 125671.3502738580
119231.0320545374 118632.3886478225
132326.8908515535 129510.7838880592
128174.5453793289 129670.7602886509
137597.1754893770 139429.3207247455
140471.8762009171 137029.6747158698
141589.8153665160 135749.8635111361
125459.5502628743 128230.9726833254
125619.2558579599 126151.2794756331
134722.4747778369 131750.4534963432
120508.6768152219 121831.9166596568
131049.2460908690 124391.5390691243
131208.9516859546 126471.2322768166
135041.8859680080 131110.5478939763
120348.9712201364 125031.4446714911
120508.6768152219 123111.7278643905
127056.6062137299 128390.9490839171
134882.1803729225 128710.9018851006
132007.4796613824 134470.0523064024
138874.8202500615 132550.3354993018
131368.6572810401 131910.4298969349
120189.2656250508 114632.9786330296
134562.7691827513 133030.2647010769
139513.6426304037 133350.2175022603
126577.4894284733 125671.3502738580
116356.3313429973 122311.8458614319
128334.2509744144 124391.5390691243
134562.7691827513 138309.4859206035
117633.9761036818 118152.4594460473
119231.0320545374 116872.6482413136
135840.4139434358 131110.5478939763
131688.0684712112 133350.2175022603
128653.6621645856 127751.0434815503
136000.1195385214 135909.8399117278
128813.3677596711 132870.2883004852
138555.4090598904 135109.9579087693
138076.2922746337 138789.4151223787
124181.9055021898 120232.1526537396
122425.1439562487 116072.7662383550
124022.1999071043 120872.0582561065
119071.3264594519 115272.8842353965
131208.9516859546 134470.0523064024
126417.7838333877 129350.8074874674
124341.6110972754 122311.8458614319
128334.2509744144 124871.4682708994
130729.8349006979 133350.2175022603
122904.2607415053 121991.8930602485
139833.0538205749 133190.2411016686
119231.0320545374 121991.8930602485
138076.2922746337 135269.9343093609
139673.3482254893 132390.3590987101
134243.3579925802 128870.8782856923
134562.7691827513 127591.0670809586
115398.0977724840 121991.8930602485
120828.0880053930 126311.2558762248
141110.6985812593 135749.8635111361
129452.1901400134 122631.7986626154
138874.8202500615 138789.4151223787
118911.6208643663 121831.9166596568
133444.8300171524 134310.0759058106
136958.3531090347 129830.7366892426
125140.1390727032 124391.5390691243
132646.3020417246 136869.6983152781
119710.1488397941 118312.4358466390
137118.0587041203 130470.6422916094
127056.6062137299 127911.0198821420
122584.8495513342 120392.1290543314
130250.7181154412 130630.6186922012
121307.2047906497 118152.4594460473
126577.4894284733 126471.2322768166
120508.6768152219 119112.3178495976
125938.6670481310 131110.5478939763
127376.0174039011 121351.9874578817
134403.0635876658 131590.4770957515
137277.7642992059 137029.6747158698
130091.0125203556 124871.4682708994
120828.0880053930 116552.6954401302
128014.8397842433 125831.3266744497
127376.0174039011 132230.3826981183
136000.1195385214 129030.8546862840
127056.6062137299 131750.4534963432
132965.7132318957 128070.9962827337
131049.2460908690 126791.1850780000
122584.8495513342 126631.2086774083
137277.7642992059 138469.4623211953
125140.1390727032 130150.6894904260
131049.2460908690 130790.5950927929
139673.3482254893 134470.0523064024

137277.7642992059 139749.2735259290
135840.4139434358 139589.2971253373
136479.2363237781 139589.2971253373
138076.2922746337 137989.5331194201
139194.2314402326 137669.5803182367
136479.2363237781 137509.6039176450
141270.4041763449 136869.6983152781
141909.2265566872 136869.6983152781
136638.9419188637 136709.7219146864
140471.8762009171 136549.7455140947
132806.0076368102 136069.8163123195
139353.9370353182 135909.8399117278
142867.4601272005 135909.8399117278
133125.4188269813 135429.9107099526
131688.0684712112 135269.9343093609
135521.0027532647 135269.9343093609
136958.3531090347 134630.0287069941
134243.3579925802 134470.0523064024
130570.1293056123 134150.0995052189
131049.2460908690 133670.1703034438
136798.6475139492 133670.1703034438
134882.1803729225 133510.1939028521
136958.3531090347 133350.2175022603
130410.4237105267 132550.3354993018
134882.1803729225 132390.3590987101
132326.8908515535 132230.3826981183
138395.7034648048 131590.4770957515
126098.3726432166 131270.5242945681
138555.4090598904 131270.5242945681
129452.1901400134 130790.5950927929
135041.8859680080 130630.6186922012
134882.1803729225 129510.7838880592
135201.5915630936 129510.7838880592
123862.4943120187 129190.8310868758
135680.7083483503 129190.8310868758
128973.0733547567 128550.9254845089
132486.5964466390 128070.9962827337
125619.2558579599 127911.0198821420
124661.0222874465 127751.0434815503
122584.8495513342 127591.0670809586
124501.3166923610 126791.1850780000
121307.2047906497 126631.2086774083
126258.0782383021 126631.2086774083
132646.3020417246 126151.2794756331
132806.0076368102 125831.3266744497
129771.6013301845 125511.3738732663
127535.7229989866 124871.4682708994
126896.9006186444 124711.4918703077
128973.0733547567 124551.5154697160
119071.3264594519 124391.5390691243
129452.1901400134 124391.5390691243
120189.2656250508 124231.5626685325
118272.7984840241 124071.5862679408
122744.5551464198 123911.6098673491
123702.7887169332 123751.6334667574
119071.3264594519 123591.6570661657
121147.4991955642 123591.6570661657
124181.9055021898 123271.7042649823
116516.0369380829 122311.8458614319
115557.8033675695 121991.8930602485
120348.9712201364 121831.9166596568
119071.3264594519 121192.0110572899
123862.4943120187 121192.0110572899
119071.3264594519 121032.0346566982
122265.4383611631 120872.0582561065
115078.6865823128 120712.0818555148
118272.7984840241 120712.0818555148
120508.6768152219 120712.0818555148
116356.3313429973 120552.1054549231
120029.5600299652 119272.2942501893
114759.2753921417 119112.3178495976
115238.3921773984 119112.3178495976
123543.0831218476 119112.3178495976
125459.5502628743 118792.3650484142
116356.3313429973 118152.4594460473
123383.3775267620 117992.4830454556
116675.7425331684 117352.5774430888
121626.6159808209 117352.5774430888
117793.6816987674 116552.6954401302
121946.0271709920 116232.7426389467
121626.6159808209 116072.7662383550
120987.7936004786 115432.8606359882
119710.1488397941 114792.9550336213
119869.8544348797 114153.0494312544
134403.0635876658 132070.4062975266
116036.9201528262 121991.8930602485
127535.7229989866 132390.3590987101
130889.5404957834 124551.5154697160
128334.2509744144 125671.3502738580

134882.1803729225 137029.6747158698
141909.2265566872 136869.6983152781
138076.2922746337 136549.7455140947
140471.8762009171 136549.7455140947
142228.6377468583 136229.7927129113
142548.0489370294 136069.8163123195
134243.3579925802 135269.9343093609
136479.2363237781 135109.9579087693
137277.7642992059 134790.0051075858
136159.8251336069 133990.1231046272
138395.7034648048 132710.3118998935
127695.4285940722 131910.4298969349
135201.5915630936 129510.7838880592
127376.0174039011 129030.8546862840
129132.7789498422 128710.9018851006
133604.5356122380 128710.9018851006
134562.7691827513 127431.0906803669
130250.7181154412 126471.2322768166
122105.7327660775 125831.3266744497
132806.0076368102 125831.3266744497
128813.3677596711 124071.5862679408
122744.5551464198 123911.6098673491
124181.9055021898 123271.7042649823
120029.5600299652 121671.9402590651
122265.4383611631 120872.0582561065
127216.3118088155 120552.1054549231
125778.9614530455 120072.1762531479
116516.0369380829 119752.2234519645
118272.7984840241 119592.2470513728
116835.4481282540 118312.4358466390
117154.8593184251 118312.4358466390
122744.5551464198 117032.6246419053
119869.8544348797 116872.6482413136
120348.9712201364 116552.6954401302
123223.6719316765 116392.7190395385
121626.6159808209 116072.7662383550
117633.9761036818 115912.7898377633
118911.6208643663 117352.5774430888
116356.3313429973 120552.1054549231
119071.3264594519 117032.6246419053
122744.5551464198 118792.3650484142
136958.3531090347 135269.9343093609
122584.8495513342 127431.0906803669
138715.1146549759 132710.3118998935
124022.1999071043 118792.3650484142
120189.2656250508 124231.5626685325
130729.8349006979 130790.5950927929
141749.5209616016 135269.9343093609
132806.0076368102 136069.8163123195
125778.9614530455 130630.6186922012
140471.8762009171 134150.0995052189
135521.0027532647 135269.9343093609
125459.5502628743 129670.7602886509
131208.9516859546 130950.5714933846
118592.2096741952 115112.9078348047
122744.5551464198 116552.6954401302
135680.7083483503 137829.5567188284
135361.2971581791 136229.7927129113
128014.8397842433 124871.4682708994
119390.7376496230 123431.6806655739
118911.6208643663 121192.0110572899
127216.3118088155 126631.2086774083
123063.9663365909 123591.6570661657
121307.2047906497 114792.9550336213
138555.4090598904 131910.4298969349
121626.6159808209 125831.3266744497
122584.8495513342 118472.4122472308
122744.5551464198 120232.1526537396
136479.2363237781 134150.0995052189
128973.0733547567 133350.2175022603
118592.2096741952 115752.8134371716
129132.7789498422 127271.1142797751
127535.7229989866 127591.0670809586
137277.7642992059 137189.6511164615
120029.5600299652 120392.1290543314
123383.3775267620 117832.5066448639
114759.2753921417 121351.9874578817
142867.4601272005 135909.8399117278
133764.2412073235 129670.7602886509
130729.8349006979 126791.1850780000
115398.0977724840 119112.3178495976
124181.9055021898 125511.3738732663
119231.0320545374 114792.9550336213
138555.4090598904 131270.5242945681
132806.0076368102 132870.2883004852
129771.6013301845 122791.7750632071
128973.0733547567 132070.4062975266
115557.8033675695 121991.8930602485
125778.9614530455 119272.2942501893

137277.7642992059 139749.2735259290
136479.2363237781 139589.2971253373
137916.5866795481 139269.3443241538
139833.0538205749 137829.5567188284
136479.2363237781 137509.6039176450
141909.2265566872 136869.6983152781
142228.6377468583 136229.7927129113
142548.0489370294 136069.8163123195
139353.9370353182 135909.8399117278
142867.4601272005 135909.8399117278
134562.7691827513 135269.9343093609
136000.1195385214 135109.9579087693
130410.4237105267 134949.9815081775
136958.3531090347 134630.0287069941
134243.3579925802 134470.0523064024
131049.2460908690 133670.1703034438
139673.3482254893 133350.2175022603
139992.7594156604 133350.2175022603
138715.1146549759 132710.3118998935
137437.4698942915 132230.3826981183
134403.0635876658 132070.4062975266
131368.6572810401 131910.4298969349
138395.7034648048 131590.4770957515
138555.4090598904 131270.5242945681
135041.8859680080 130630.6186922012
130570.1293056123 129670.7602886509
125778.9614530455 129510.7838880592
135201.5915630936 129510.7838880592
123862.4943120187 129190.8310868758
135680.7083483503 129190.8310868758
127376.0174039011 129030.8546862840
125938.6670481310 128710.9018851006
128813.3677596711 128710.9018851006
129132.7789498422 128710.9018851006
133604.5356122380 128710.9018851006
130729.8349006979 128550.9254845089
132486.5964466390 128070.9962827337
122105.7327660775 127431.0906803669
130091.0125203556 127271.1142797751
124501.3166923610 126791.1850780000
121307.2047906497 126631.2086774083
123223.6719316765 126631.2086774083
128014.8397842433 126151.2794756331
132646.3020417246 126151.2794756331
132806.0076368102 125831.3266744497
128334.2509744144 125671.3502738580
128813.3677596711 125351.3974726746
127535.7229989866 124871.4682708994
126896.9006186444 124711.4918703077
130091.0125203556 124551.5154697160
119071.3264594519 124391.5390691243
123383.3775267620 124231.5626685325
121147.4991955642 123591.6570661657
116516.0369380829 122311.8458614319
117314.5649135107 122311.8458614319
115557.8033675695 121991.8930602485
116516.0369380829 121831.9166596568
120029.5600299652 121671.9402590651
114759.2753921417 121351.9874578817
125140.1390727032 121351.9874578817
119071.3264594519 121192.0110572899
122265.4383611631 120872.0582561065
115078.6865823128 120712.0818555148
118272.7984840241 120712.0818555148
120508.6768152219 120712.0818555148
126417.7838333877 120072.1762531479
125778.9614530455 119752.2234519645
120029.5600299652 119272.2942501893
115398.0977724840 119112.3178495976
116196.6257479118 118792.3650484142
123383.3775267620 118792.3650484142
116835.4481282540 118312.4358466390
117154.8593184251 118312.4358466390
116356.3313429973 118152.4594460473
120348.9712201364 117352.5774430888
123383.3775267620 117192.6010424970
117793.6816987674 116552.6954401302
120348.9712201364 116552.6954401302
121946.0271709920 116232.7426389467
121626.6159808209 116072.7662383550
120987.7936004786 115432.8606359882
119710.1488397941 114792.9550336213
119869.8544348797 114153.0494312544
120348.9712201364 113673.1202294793
127056.6062137299 131590.4770957515
137277.7642992059 130150.6894904260
127855.1341891577 126791.1850780000
122744.5551464198 117032.6246419053
136798.6475139492 133670.1703034438

136319.5307286925 139909.2499265207
137597.1754893770 138309.4859206035
140312.1706058315 137829.5567188284
136479.2363237781 137669.5803182367
133923.9468024091 137189.6511164615
140312.1706058315 137029.6747158698
141270.4041763449 136869.6983152781
138715.1146549759 136389.7691135029
140471.8762009171 136229.7927129113
132806.0076368102 136069.8163123195
141909.2265566872 136069.8163123195
142548.0489370294 136069.8163123195
132007.4796613824 135589.8871105444
135840.4139434358 135589.8871105444
133764.2412073235 135269.9343093609
141110.6985812593 135269.9343093609
133444.8300171524 135109.9579087693
140791.2873910882 135109.9579087693
137277.7642992059 134790.0051075858
136159.8251336069 133990.1231046272
130410.4237105267 133830.1467040355
134562.7691827513 133830.1467040355
137597.1754893770 133830.1467040355
128973.0733547567 133670.1703034438
130410.4237105267 132550.3354993018
133764.2412073235 132070.4062975266
138874.8202500615 131910.4298969349
136479.2363237781 131750.4534963432
126737.1950235588 131430.5006951598
130729.8349006979 130790.5950927929
131688.0684712112 130630.6186922012
129771.6013301845 130310.6658910178
128493.9565695000 129830.7366892426
135680.7083483503 129190.8310868758
130570.1293056123 129030.8546862840
131528.3628761257 128870.8782856923
124022.1999071043 128710.9018851006
132965.7132318957 128710.9018851006
134882.1803729225 128710.9018851006
127535.7229989866 128230.9726833254
132167.1852564679 128230.9726833254
125619.2558579599 127911.0198821420
122584.8495513342 127591.0670809586
123543.0831218476 127111.1378791834
125459.5502628743 126951.1614785917
120987.7936004786 126631.2086774083
124181.9055021898 126631.2086774083
127535.7229989866 126631.2086774083
129931.3069252701 126631.2086774083
130889.5404957834 126631.2086774083
122744.5551464198 126471.2322768166
132167.1852564679 125831.3266744497
132806.0076368102 125831.3266744497
130889.5404957834 125511.3738732663
119071.3264594519 124391.5390691243
122584.8495513342 124391.5390691243
129452.1901400134 124391.5390691243
120987.7936004786 124231.5626685325
123702.7887169332 123751.6334667574
120189.2656250508 123591.6570661657
124501.3166923610 122951.7514637988
125459.5502628743 122471.8222620237
117633.9761036818 122311.8458614319
128493.9565695000 122311.8458614319
117793.6816987674 122151.8694608402
116036.9201528262 121991.8930602485
116036.9201528262 121671.9402590651
116196.6257479118 121511.9638584734
116835.4481282540 121351.9874578817
119231.0320545374 121351.9874578817
114918.9809872273 121192.0110572899
123862.4943120187 121192.0110572899
114280.1586068850 121032.0346566982
118113.0928889385 120872.0582561065
125299.8446677888 120712.0818555148
122744.5551464198 120552.1054549231
123063.9663365909 120392.1290543314
115717.5089626551 119912.1998525562
126417.7838333877 119912.1998525562
124181.9055021898 119752.2234519645
115078.6865823128 119272.2942501893
119231.0320545374 119112.3178495976
121466.9103857353 119112.3178495976
122425.1439562487 118792.3650484142
123383.3775267620 118792.3650484142
118432.5040791096 118152.4594460473
119231.0320545374 117992.4830454556
120029.5600299652 117672.5302442722
123862.4943120187 117672.5302442722

134083.6523974946 132070.4062975266
135680.7083483503 135109.9579087693
129771.6013301845 124391.5390691243
130889.5404957834 134310.0759058106
133764.2412073235 130950.5714933846
136319.5307286925 131750.4534963432
126417.7838333877 120712.0818555148
136319.5307286925 139909.2499265207
129452.1901400134 125511.3738732663
128973.0733547567 127111.1378791834
119550.4432447086 118472.4122472308
129931.3069252701 131910.4298969349
132806.0076368102 131110.5478939763
132965.7132318957 136549.7455140947
137437.4698942915 136549.7455140947
128973.0733547567 123751.6334667574
139992.7594156604 132870.2883004852
129452.1901400134 123111.7278643905
120668.3824103075 124391.5390691243
135041.8859680080 130790.5950927929
140950.9929861738 133990.1231046272
137118.0587041203 133190.2411016686
135521.0027532647 132230.3826981183
129452.1901400134 125031.4446714911
121307.2047906497 117032.6246419053
140791.2873910882 134949.9815081775
119710.1488397941 115112.9078348047
132486.5964466390 127431.0906803669
131847.7740662968 133190.2411016686
137916.5866795481 136549.7455140947
126258.0782383021 131270.5242945681
118592.2096741952 115272.8842353965
118592.2096741952 119112.3178495976
124341.6110972754 126151.2794756331
116995.1537233396 117032.6246419053
133285.1244220668 132550.3354993018
121946.0271709920 121351.9874578817
122584.8495513342 127591.0670809586
125938.6670481310 130150.6894904260
139833.0538205749 134310.0759058106
120029.5600299652 119432.2706507811
120189.2656250508 118312.4358466390
120348.9712201364 119112.3178495976
119390.7376496230 117512.5538436805
125299.8446677888 121351.9874578817
116356.3313429973 118952.3414490059
132646.3020417246 127271.1142797751
118113.0928889385 116392.7190395385
129611.8957350989 124071.5862679408
134243.3579925802 127751.0434815503
122584.8495513342 118952.3414490059
139034.5258451471 132230.3826981183
133764.2412073235 129190.8310868758
122904.2607415053 117832.5066448639
119071.3264594519 123271.7042649823
132007.4796613824 130630.6186922012
118432.5040791096 119592.2470513728
125459.5502628743 130470.6422916094
123383.3775267620 117032.6246419053
124661.0222874465 119272.2942501893
125938.6670481310 124391.5390691243
129771.6013301845 122951.7514637988
134243.3579925802 136069.8163123195
118113.0928889385 124231.5626685325
124501.3166923610 118152.4594460473
120828.0880053930 121831.9166596568
126098.3726432166 120552.1054549231
121786.3215759064 118792.3650484142
119390.7376496230 116552.6954401302
128174.5453793289 129830.7366892426
119390.7376496230 114313.0258318461
133125.4188269813 133830.1467040355
134562.7691827513 137829.5567188284
119710.1488397941 119112.3178495976
132646.3020417246 134470.0523064024
123702.7887169332 120552.1054549231
121466.9103857353 119432.2706507811
132806.0076368102 135589.8871105444
119231.0320545374 118952.3414490059
134243.3579925802 137349.6275170533
135201.5915630936 128230.9726833254
118911.6208643663 117832.5066448639
142068.9321517727 135269.9343093609
121466.9103857353 117832.5066448639
126417.7838333877 121351.9874578817
119390.7376496230 115752.8134371716
135361.2971581791 129030.8546862840
127535.7229989866 126471.2322768166
122265.4383611631 127751.0434815503

129611.8957350989 125831.3266744497
137597.1754893770 132870.2883004852
126098.3726432166 130630.6186922012
124022.1999071043 125031.4446714911
125299.8446677888 123271.7042649823
118911.6208643663 118152.4594460473
127855.1341891577 122791.7750632071
140950.9929861738 133990.1231046272
120668.3824103075 117352.5774430888
134722.4747778369 135269.9343093609
120828.0880053930 117992.4830454556
138395.7034648048 138629.4387217870
120029.5600299652 117192.6010424970
124501.3166923610 119432.2706507811
135361.2971581791 131590.4770957515
134882.1803729225 134630.0287069941
119390.7376496230 119752.2234519645
137277.7642992059 136709.7219146864
136000.1195385214 136229.7927129113
128014.8397842433 125991.3030750414
136798.6475139492 136229.7927129113
138874.8202500615 137989.5331194201
123383.3775267620 116552.6954401302
119231.0320545374 118632.3886478225
120987.7936004786 116712.6718407219
124980.4334776177 125351.3974726746
127216.3118088155 125191.4210720828
135521.0027532647 129670.7602886509
136958.3531090347 132390.3590987101
118751.9152692808 121671.9402590651
139673.3482254893 133190.2411016686
121466.9103857353 115272.8842353965
137597.1754893770 132710.3118998935
131688.0684712112 127111.1378791834
132486.5964466390 133350.2175022603
121147.4991955642 118632.3886478225
134722.4747778369 133990.1231046272
130570.1293056123 128390.9490839171
136638.9419188637 135109.9579087693
138555.4090598904 137349.6275170533
138235.9978697193 136709.7219146864
115238.3921773984 121032.0346566982
134083.6523974946 136229.7927129113
126896.9006186444 129350.8074874674
128653.6621645856 123751.6334667574
122105.7327660775 120552.1054549231
135840.4139434358 137189.6511164615
138395.7034648048 137349.6275170533
118592.2096741952 119592.2470513728
136638.9419188637 137189.6511164615
134243.3579925802 138149.5095200118
137916.5866795481 132230.3826981183
128973.0733547567 123751.6334667574
125299.8446677888 122151.8694608402
129931.3069252701 124071.5862679408
130091.0125203556 123591.6570661657
132326.8908515535 135749.8635111361
129931.3069252701 132710.3118998935
133604.5356122380 126471.2322768166
129452.1901400134 124871.4682708994
124980.4334776177 124071.5862679408
125299.8446677888 126151.2794756331
138395.7034648048 132870.2883004852
129132.7789498422 132550.3354993018
130729.8349006979 133670.1703034438
129452.1901400134 133190.2411016686
134083.6523974946 134949.9815081775
120828.0880053930 120552.1054549231
128493.9565695000 127911.0198821420
124501.3166923610 125191.4210720828
122744.5551464198 119752.2234519645
130570.1293056123 132070.4062975266
120668.3824103075 117512.5538436805
130250.7181154412 129510.7838880592
117793.6816987674 116392.7190395385
134243.3579925802 131110.5478939763
142068.9321517727 135909.8399117278
126577.4894284733 128550.9254845089
131528.3628761257 133030.2647010769
121466.9103857353 117832.5066448639
123223.6719316765 125831.3266744497
120508.6768152219 115432.8606359882
126896.9006186444 128230.9726833254
130729.8349006979 134630.0287069941
133125.4188269813 128870.8782856923
128174.5453793289 121671.9402590651
127216.3118088155 121991.8930602485
118911.6208643663 119912.1998525562
122105.7327660775 115432.8606359882

138076.2922746337 138789.4151223787
138395.7034648048 138789.4151223787
136159.8251336069 138469.4623211953
138395.7034648048 137829.5567188284
140631.5817960027 137029.6747158698
141909.2265566872 136869.6983152781
134562.7691827513 136229.7927129113
140471.8762009171 136229.7927129113
142548.0489370294 136069.8163123195
136479.2363237781 135909.8399117278
141909.2265566872 135749.8635111361
133125.4188269813 135429.9107099526
133604.5356122380 135269.9343093609
132646.3020417246 135109.9579087693
137277.7642992059 134790.0051075858
136958.3531090347 134630.0287069941
136000.1195385214 134310.0759058106
130729.8349006979 133670.1703034438
134882.1803729225 133510.1939028521
128973.0733547567 133030.2647010769
139513.6426304037 132870.2883004852
129132.7789498422 132710.3118998935
129931.3069252701 132710.3118998935
138874.8202500615 132550.3354993018
126737.1950235588 131430.5006951598
131528.3628761257 131430.5006951598
127376.0174039011 131110.5478939763
131688.0684712112 130470.6422916094
128973.0733547567 130150.6894904260
130570.1293056123 129670.7602886509
135840.4139434358 129670.7602886509
131528.3628761257 129510.7838880592
134882.1803729225 129510.7838880592
123862.4943120187 129350.8074874674
133604.5356122380 129190.8310868758
126098.3726432166 128870.8782856923
134243.3579925802 128870.8782856923
134882.1803729225 128710.9018851006
132007.4796613824 128550.9254845089
124022.1999071043 128390.9490839171
127056.6062137299 128230.9726833254
127216.3118088155 128070.9962827337
132806.0076368102 127911.0198821420
127855.1341891577 127591.0670809586
124661.0222874465 127431.0906803669
128174.5453793289 127431.0906803669
122265.4383611631 127271.1142797751
125938.6670481310 127271.1142797751
126417.7838333877 126951.1614785917
129931.3069252701 126631.2086774083
130091.0125203556 126471.2322768166
128014.8397842433 126151.2794756331
122265.4383611631 125991.3030750414
122105.7327660775 125831.3266744497
132007.4796613824 125831.3266744497
122584.8495513342 125351.3974726746
128813.3677596711 125351.3974726746
130570.1293056123 125351.3974726746
126577.4894284733 124711.4918703077
122105.7327660775 124551.5154697160
122584.8495513342 124391.5390691243
123702.7887169332 123751.6334667574
122744.5551464198 123591.6570661657
129132.7789498422 123431.6806655739
124820.7278825321 123271.7042649823
117314.5649135107 122311.8458614319
117633.9761036818 122311.8458614319
120029.5600299652 121671.9402590651
123862.4943120187 121511.9638584734
115078.6865823128 120712.0818555148
118113.0928889385 120712.0818555148
120348.9712201364 120712.0818555148
124501.3166923610 120712.0818555148
126417.7838333877 120712.0818555148
121466.9103857353 120232.1526537396
117154.8593184251 120072.1762531479
116196.6257479118 119912.1998525562
124022.1999071043 119752.2234519645
115238.3921773984 119592.2470513728
126098.3726432166 119432.2706507811
121466.9103857353 119112.3178495976
117314.5649135107 118152.4594460473
123383.3775267620 117992.4830454556
122105.7327660775 117832.5066448639
118911.6208643663 117192.6010424970
119071.3264594519 117032.6246419053
118432.5040791096 116872.6482413136
122904.2607415053 116392.7190395385
118911.6208643663 116072.7662383550

137916.5866795481 139269.3443241538
138076.2922746337 137989.5331194201
140471.8762009171 137349.6275170533
134882.1803729225 137029.6747158698
135840.4139434358 137029.6747158698
140471.8762009171 136549.7455140947
134562.7691827513 136229.7927129113
140471.8762009171 136069.8163123195
142228.6377468583 136069.8163123195
139353.9370353182 135909.8399117278
134243.3579925802 135269.9343093609
134562.7691827513 135269.9343093609
129611.8957350989 134310.0759058106
131528.3628761257 134310.0759058106
131528.3628761257 133830.1467040355
135521.0027532647 133670.1703034438
132806.0076368102 133510.1939028521
132167.1852564679 133350.2175022603
135840.4139434358 133350.2175022603
136000.1195385214 133350.2175022603
138235.9978697193 132710.3118998935
134882.1803729225 132390.3590987101
127695.4285940722 131910.4298969349
132646.3020417246 131750.4534963432
138395.7034648048 131590.4770957515
133125.4188269813 131430.5006951598
137118.0587041203 131110.5478939763
129452.1901400134 130790.5950927929
130729.8349006979 130630.6186922012
129452.1901400134 129990.7130898343
126896.9006186444 129830.7366892426
127855.1341891577 129510.7838880592
134882.1803729225 129510.7838880592
125938.6670481310 128710.9018851006
131847.7740662968 128390.9490839171
122265.4383611631 127591.0670809586
128493.9565695000 127431.0906803669
133125.4188269813 127271.1142797751
128973.0733547567 126951.1614785917
133444.8300171524 126951.1614785917
133923.9468024091 126951.1614785917
124501.3166923610 126791.1850780000
124661.0222874465 126631.2086774083
129611.8957350989 126151.2794756331
121626.6159808209 125831.3266744497
131528.3628761257 125511.3738732663
128813.3677596711 125351.3974726746
124341.6110972754 124871.4682708994
125619.2558579599 124871.4682708994
130250.7181154412 124871.4682708994
123223.6719316765 123751.6334667574
129771.6013301845 123431.6806655739
116675.7425331684 123111.7278643905
128493.9565695000 122311.8458614319
117633.9761036818 122151.8694608402
120348.9712201364 121831.9166596568
120029.5600299652 121671.9402590651
116516.0369380829 121351.9874578817
125140.1390727032 121351.9874578817
122265.4383611631 120872.0582561065
126737.1950235588 120872.0582561065
115078.6865823128 120712.0818555148
125299.8446677888 120712.0818555148
118113.0928889385 120552.1054549231
118911.6208643663 120392.1290543314
114120.4530117995 120232.1526537396
119710.1488397941 119752.2234519645
117154.8593184251 119592.2470513728
114918.9809872273 119432.2706507811
121466.9103857353 119112.3178495976
123543.0831218476 119112.3178495976
124820.7278825321 119112.3178495976
115238.3921773984 118952.3414490059
123383.3775267620 118792.3650484142
120029.5600299652 118312.4358466390
119390.7376496230 117992.4830454556
123862.4943120187 117672.5302442722
120348.9712201364 117352.5774430888
119869.8544348797 116872.6482413136
117314.5649135107 116552.6954401302
118911.6208643663 116232.7426389467
120348.9712201364 115592.8370365799
120828.0880053930 115272.8842353965
135521.0027532647 136869.6983152781
137597.1754893770 133830.1467040355
137756.8810844626 138309.4859206035
140950.9929861738 134790.0051075858
119869.8544348797 117352.5774430888
120029.5600299652 114473.0022324379

118272.7984840241 120552.1054549231
119390.7376496230 118632.3886478225
123702.7887169332 118152.4594460473
124341.6110972754 118472.4122472308
118751.9152692808 119112.3178495976
120668.3824103075 125191.4210720828
130729.8349006979 134949.9815081775
135680.7083483503 137189.6511164615
129931.3069252701 131910.4298969349
128973.0733547567 125671.3502738580
136638.9419188637 138149.5095200118
118432.5040791096 118152.4594460473
118113.0928889385 117192.6010424970
119231.0320545374 114313.0258318461
137597.1754893770 138309.4859206035
131368.6572810401 132870.2883004852
131847.7740662968 126791.1850780000
134562.7691827513 132390.3590987101
129771.6013301845 126311.2558762248
119550.4432447086 117032.6246419053
122265.4383611631 115752.8134371716
119390.7376496230 119112.3178495976
114759.2753921417 121351.9874578817
139034.5258451471 135749.8635111361
126737.1950235588 127271.1142797751
125459.5502628743 121511.9638584734
129132.7789498422 129990.7130898343
119869.8544348797 113673.1202294793
125938.6670481310 129350.8074874674
124661.0222874465 122631.7986626154
123223.6719316765 128070.9962827337
135840.4139434358 133030.2647010769
132806.0076368102 125831.3266744497
128334.2509744144 127111.1378791834
126896.9006186444 131590.4770957515
122584.8495513342 117192.6010424970
118432.5040791096 120552.1054549231
122105.7327660775 117992.4830454556
141110.6985812593 136709.7219146864
118911.6208643663 117512.5538436805
120348.9712201364 120872.0582561065
130250.7181154412 131430.5006951598
118751.9152692808 116552.6954401302
125140.1390727032 127271.1142797751
133923.9468024091 137509.6039176450
124820.7278825321 126631.2086774083
131368.6572810401 131430.5006951598
134083.6523974946 127591.0670809586
127056.6062137299 130950.5714933846
119869.8544348797 121032.0346566982
116995.1537233396 119112.3178495976
138235.9978697193 137349.6275170533
124501.3166923610 118152.4594460473
129931.3069252701 130470.6422916094
120029.5600299652 117032.6246419053
134403.0635876658 127271.1142797751
131049.2460908690 128070.9962827337
129931.3069252701 128870.8782856923
139673.3482254893 134630.0287069941
127376.0174039011 129190.8310868758
132486.5964466390 136709.7219146864
123063.9663365909 120712.0818555148
128973.0733547567 122791.7750632071
137916.5866795481 131750.4534963432
136798.6475139492 137349.6275170533
130889.5404957834 126151.2794756331
136000.1195385214 138789.4151223787
130570.1293056123 133990.1231046272
128813.3677596711 123431.6806655739
137756.8810844626 130470.6422916094
132965.7132318957 132390.3590987101
128014.8397842433 121511.9638584734
134722.4747778369 135109.9579087693
124022.1999071043 120712.0818555148
130889.5404957834 130150.6894904260
137277.7642992059 131430.5006951598
128973.0733547567 129030.8546862840
124181.9055021898 126151.2794756331
131528.3628761257 135749.8635111361
131847.7740662968 134790.0051075858
132007.4796613824 131590.4770957515
132007.4796613824 128870.8782856923
136159.8251336069 130310.6658910178
134882.1803729225 137989.5331194201
124661.0222874465 124231.5626685325
123702.7887169332 117512.5538436805
138235.9978697193 138149.5095200118
121786.3215759064 125671.3502738580
139034.5258451471 133670.1703034438

136958.3531090347 139589.2971253373
137118.0587041203 138149.5095200118
134243.3579925802 137989.5331194201
140312.1706058315 137829.5567188284
141909.2265566872 136869.6983152781
137277.7642992059 136549.7455140947
140471.8762009171 136229.7927129113
132167.1852564679 135909.8399117278
136479.2363237781 135909.8399117278
143346.5769124572 135909.8399117278
137437.4698942915 135429.9107099526
132646.3020417246 135269.9343093609
142388.3433419438 135269.9343093609
132167.1852564679 134630.0287069941
141430.1097714305 134630.0287069941
141749.5209616016 134310.0759058106
130570.1293056123 134150.0995052189
136159.8251336069 133990.1231046272
140312.1706058315 133830.1467040355
137437.4698942915 133350.2175022603
133604.5356122380 133190.2411016686
128973.0733547567 133030.2647010769
138235.9978697193 133030.2647010769
137277.7642992059 132550.3354993018
128334.2509744144 132390.3590987101
130091.0125203556 132070.4062975266
134562.7691827513 131910.4298969349
135361.2971581791 131750.4534963432
137756.8810844626 131270.5242945681
130889.5404957834 131110.5478939763
129292.4845449278 130310.6658910178
125619.2558579599 129670.7602886509
125778.9614530455 129510.7838880592
127695.4285940722 129510.7838880592
131368.6572810401 129510.7838880592
134882.1803729225 129510.7838880592
133604.5356122380 129190.8310868758
127056.6062137299 129030.8546862840
129132.7789498422 128870.8782856923
124501.3166923610 128390.9490839171
124980.4334776177 128390.9490839171
122425.1439562487 128070.9962827337
125938.6670481310 128070.9962827337
127216.3118088155 127431.0906803669
126417.7838333877 126951.1614785917
130729.8349006979 126791.1850780000
128014.8397842433 126151.2794756331
121786.3215759064 125831.3266744497
126417.7838333877 124871.4682708994
120987.7936004786 124231.5626685325
122584.8495513342 123111.7278643905
129452.1901400134 122791.7750632071
116356.3313429973 122471.8222620237
119071.3264594519 122311.8458614319
117793.6816987674 122151.8694608402
115557.8033675695 121991.8930602485
128014.8397842433 121511.9638584734
114280.1586068850 121032.0346566982
115398.0977724840 121032.0346566982
117314.5649135107 120872.0582561065
118272.7984840241 120712.0818555148
123702.7887169332 120712.0818555148
114918.9809872273 120552.1054549231
114280.1586068850 120392.1290543314
122105.7327660775 120072.1762531479
124661.0222874465 120072.1762531479
119550.4432447086 119752.2234519645
122265.4383611631 119752.2234519645
117154.8593184251 119592.2470513728
115877.2145577406 119432.2706507811
118113.0928889385 118792.3650484142
120828.0880053930 118472.4122472308
120029.5600299652 117832.5066448639
123862.4943120187 117352.5774430888
117793.6816987674 117192.6010424970
118911.6208643663 117192.6010424970
118432.5040791096 116872.6482413136
117793.6816987674 116552.6954401302
119390.7376496230 114313.0258318461
124820.7278825321 119912.1998525562
138715.1146549759 132710.3118998935
120828.0880053930 117352.5774430888
139034.5258451471 133830.1467040355
135041.8859680080 133830.1467040355
127855.1341891577 122471.8222620237
141430.1097714305 135269.9343093609
137916.5866795481 139269.3443241538
134562.7691827513 136869.6983152781
120668.3824103075 115112.9078348047

132806.0076368102 128870.8782856923
138235.9978697193 136709.7219146864
122584.8495513342 124391.5390691243
121466.9103857353 115272.8842353965
134722.4747778369 137829.5567188284
118592.2096741952 119912.1998525562
127855.1341891577 128390.9490839171
119869.8544348797 124551.5154697160
128653.6621645856 128870.8782856923
132806.0076368102 133830.1467040355
132167.1852564679 128390.9490839171
125140.1390727032 125671.3502738580
118751.9152692808 123751.6334667574
118272.7984840241 118312.4358466390
140950.9929861738 133670.1703034438
119550.4432447086 113833.0966300710
126737.1950235588 128710.9018851006
130570.1293056123 125671.3502738580
122904.2607415053 118152.4594460473
125938.6670481310 126151.2794756331
137437.4698942915 131270.5242945681
120029.5600299652 116072.7662383550
125778.9614530455 124551.5154697160
136638.9419188637 134310.0759058106
129771.6013301845 128230.9726833254
122105.7327660775 123591.6570661657
119550.4432447086 118472.4122472308
115238.3921773984 120712.0818555148
128973.0733547567 125671.3502738580
136638.9419188637 136709.7219146864
127695.4285940722 131270.5242945681
125938.6670481310 119112.3178495976
115557.8033675695 118792.3650484142
122265.4383611631 119432.2706507811
114439.8642019706 120552.1054549231
129292.4845449278 125351.3974726746
117474.2705085963 117832.5066448639
127535.7229989866 121671.9402590651
134882.1803729225 133190.2411016686
117474.2705085963 118472.4122472308
132167.1852564679 131110.5478939763
120348.9712201364 117992.4830454556
132965.7132318957 128070.9962827337
124341.6110972754 128550.9254845089
119390.7376496230 122471.8222620237
140791.2873910882 134790.0051075858
136638.9419188637 130630.6186922012
126417.7838333877 130150.6894904260
116036.9201528262 118472.4122472308
120348.9712201364 114632.9786330296
124022.1999071043 124231.5626685325
137118.0587041203 136389.7691135029
138076.2922746337 135269.9343093609
124501.3166923610 125191.4210720828
135361.2971581791 136229.7927129113
125140.1390727032 129510.7838880592
128813.3677596711 121991.8930602485
136798.6475139492 133670.1703034438
125140.1390727032 127271.1142797751
127695.4285940722 129350.8074874674
138395.7034648048 131110.5478939763
134882.1803729225 128390.9490839171
139353.9370353182 134790.0051075858
139034.5258451471 134630.0287069941
134403.0635876658 128070.9962827337
118272.7984840241 115752.8134371716
134562.7691827513 129830.7366892426
123223.6719316765 118952.3414490059
137597.1754893770 132710.3118998935
118751.9152692808 116872.6482413136
134083.6523974946 133830.1467040355
135361.2971581791 132710.3118998935
126896.9006186444 130790.5950927929
124181.9055021898 126311.2558762248
124820.7278825321 119752.2234519645
136319.5307286925 131110.5478939763
119550.4432447086 117352.5774430888
120348.9712201364 124231.5626685325
134403.0635876658 133350.2175022603
133444.8300171524 131590.4770957515
124661.0222874465 124391.5390691243
128334.2509744144 121671.9402590651
139833.0538205749 132710.3118998935
136638.9419188637 139109.3679235621
121946.0271709920 120232.1526537396
131847.7740662968 135109.9579087693
129132.7789498422 130150.6894904260
120828.0880053930 121671.9402590651
134083.6523974946 129830.7366892426

127535.7229989866 126951.1614785917
119390.7376496230 113993.0730306627
120029.5600299652 114313.0258318461
124980.4334776177 123911.6098673491
123702.7887169332 123591.6570661657
121466.9103857353 120872.0582561065
124022.1999071043 121671.9402590651
136159.8251336069 134949.9815081775
135840.4139434358 138629.4387217870
122265.4383611631 124711.4918703077
127216.3118088155 128870.8782856923
119550.4432447086 116392.7190395385
124661.0222874465 121511.9638584734
118911.6208643663 116872.6482413136
138874.8202500615 132230.3826981183
117314.5649135107 118792.3650484142
138395.7034648048 137829.5567188284
120189.2656250508 120392.1290543314
122105.7327660775 121032.0346566982
140471.8762009171 134790.0051075858
118592.2096741952 118152.4594460473
132965.7132318957 132710.3118998935
136319.5307286925 131430.5006951598
123063.9663365909 117512.5538436805
129931.3069252701 129510.7838880592
130091.0125203556 123591.6570661657
137916.5866795481 131430.5006951598
122425.1439562487 123911.6098673491
136319.5307286925 137029.6747158698
122904.2607415053 126791.1850780000
128014.8397842433 123111.7278643905
118751.9152692808 116392.7190395385
121307.2047906497 117672.5302442722
134562.7691827513 130630.6186922012
131528.3628761257 124551.5154697160
123063.9663365909 128550.9254845089
127376.0174039011 125031.4446714911
127535.7229989866 120712.0818555148
120987.7936004786 117672.5302442722
124181.9055021898 127431.0906803669
124501.3166923610 117992.4830454556
122904.2607415053 118632.3886478225
128813.3677596711 122151.8694608402
116196.6257479118 120072.1762531479
118911.6208643663 114792.9550336213
127855.1341891577 131590.4770957515
123383.3775267620 120232.1526537396
128014.8397842433 132710.3118998935
142388.3433419438 135589.8871105444
124022.1999071043 122311.8458614319
117793.6816987674 117832.5066448639
121626.6159808209 120712.0818555148
134722.4747778369 129510.7838880592
120987.7936004786 115272.8842353965
127056.6062137299 123911.6098673491
139992.7594156604 134949.9815081775
132486.5964466390 136229.7927129113
119710.1488397941 118312.4358466390
119550.4432447086 123751.6334667574
130729.8349006979 129830.7366892426
123702.7887169332 122471.8222620237
140631.5817960027 134310.0759058106
121946.0271709920 124711.4918703077
125619.2558579599 124391.5390691243
129292.4845449278 125831.3266744497
128174.5453793289 129670.7602886509
129132.7789498422 129190.8310868758
126737.1950235588 130630.6186922012
135201.5915630936 130470.6422916094
130091.0125203556 131430.5006951598
134722.4747778369 138629.4387217870
130091.0125203556 133510.1939028521
136319.5307286925 137989.5331194201
123862.4943120187 118952.3414490059
131049.2460908690 125991.3030750414
127855.1341891577 123271.7042649823
120189.2656250508 125031.4446714911
116995.1537233396 118952.3414490059
123223.6719316765 119432.2706507811
118911.6208643663 120872.0582561065
125299.8446677888 125511.3738732663
130729.8349006979 125671.3502738580
120668.3824103075 115752.8134371716
126896.9006186444 130150.6894904260
118432.5040791096 116232.7426389467
128973.0733547567 125991.3030750414
129771.6013301845 132070.4062975266
130250.7181154412 126311.2558762248
137597.1754893770 137349.6275170533

