954634216.2456356287 14653226.2285156250
978508592.5780980587 14802125.4941406250
953487181.8135514259 14628940.8710937500
951715196.1644152403 14597270.1074218750
982464638.2348983288 14809304.0605468750
955240178.1020532846 14656302.1289062500
952382251.9754964113 14627757.9667968750
959680277.3556170464 14721374.1640625000
978222361.3159450293 14784993.3632812500
966459271.3929955959 14759617.1875000000
955538552.4015543461 14688429.8183593750
962022337.1248929501 14723236.7597656250
954489299.1464164257 14647679.1816406250
954023537.9746942520 14634625.8964843750
957212641.2885483503 14697063.6757812500
955375257.1082358360 14669623.7109375000
957594612.1564326286 14697999.1289062500
962521311.2204428911 14725176.4882812500
964709681.9996134043 14734679.2187500000
964273641.1211435795 14730783.9921875000
947237643.9192365408 14248152.5058593750
975550971.3939828873 14777573.6171875000
974703992.3212897778 14764675.6152343750
949487958.0097601414 14552466.6074218750
970589584.6605623960 14760945.9921875000
950136979.0989509821 14590360.4863281250
954953442.8189276457 14653794.2089843750
