1154316691.9660081863 4739689.4970703125
1145024930.8521881104 4694444.2265625000
1137381664.9686758518 4489581.3225097656
1137897284.3596246243 4501639.9158935547
1138672542.5477650166 4625107.3195800781
1138196955.5367932320 4535884.0971679688
1148123559.7797844410 4705841.8146972656
1137198576.0124385357 4145379.6478271484
1157962874.2315537930 4780127.1469726562
1143782763.2333621979 4674891.8990478516
1155918548.7742650509 4739784.8947753906
1139928962.7303738594 4674182.1087646484
1146067685.8433082104 4698272.2446289062
1162380427.4554493427 4806312.1685791016
1148272790.7106502056 4739263.8073730469
1157030303.7605776787 4748980.3981933594
