1191772663.4191045761 128739.5816354752
1196720557.6904940605 131811.2243542671
1195546402.2439541817 130697.9927721024
1191917906.4090478420 130551.1455192566
1211418720.9529671669 134515.2709736824
1215106682.4822354317 135596.2757587433
1200435045.4970231056 132348.6777324677
1186912502.2690618038 127715.7097387314
1200148004.6217410564 132033.4169511795
1214906156.0266690254 134933.8385953903
1206297036.5185682774 133398.3692855835
1201683120.8327240944 133288.2288818359
1212316268.2084982395 134581.7577857971
1206461147.7673056126 133895.1985740662
1190663017.4170181751 128641.6539812088
1196584800.9556379318 131472.7971625328
1184307424.4492819309 124487.1739521027
