161393443.9290299714 214217.9782104492
162478231.5281842351 216218.0360107422
161440515.6630633771 214784.7537231445
161630565.1185114980 216211.4383544922
160947924.2614873946 214158.7431030273
162739528.2850809395 218022.5831298828
160068144.3389648199 214027.8291625977
158000700.2550537288 198206.5605163574
161025175.1088314056 214164.7900695801
159255191.4338476956 212899.1058044434
159095411.0208769143 210055.1068420410
163597164.1661002636 218456.6740722656
158483458.4752705395 209848.5628051758
164929120.1839764416 219783.8698730469
