271632546.3435647488 117991.5314941406
275346388.6704056263 123053.7782745361
276653014.2723318934 125371.1704254150
273217514.0777233243 121842.1447525024
277869667.7814782858 126037.3975677490
271511570.4919829369 105763.7032089233
273341357.8699545860 122011.7381286621
274154777.4140048027 122161.6786460876
279335627.6811892390 127110.5649414062
271877483.4819630384 120572.2173080444
274638508.4157767892 122874.6030120850
273098711.5358957052 121644.8617935181
274997541.2112529278 122944.0821304321
272349193.7709900737 121024.4823913574
275437265.4142537117 125037.0087280273
