821816821.4198623896 28281.7094879150
791796592.4812378883 26635.7616624832
789128448.9220590591 25736.3366613388
791039396.9251483679 26220.0645647049
795618655.7587062120 27129.1737375259
788956482.4091031551 21507.7576785088
818318173.0944598913 28276.3588504791
793417520.5547100306 26923.0573122501
791335562.2459112406 26555.3724164963
800037029.0953809023 27548.8384761810
806634253.0270488262 27746.4187555313
792734549.0042291880 26808.5403385162
824210316.6991305351 28288.4710187912
795036323.7020916939 26938.7374219894
788413574.8548381329 20785.9977416992
810656164.3343160152 28234.4364900589
788932696.7266353369 21250.2250820398
806890143.6251648664 27974.7299504280
796189268.8714205027 27437.1419434547
