323156393.1412353516 819947.6804504395
338652148.0395846963 900321.4904174805
321619443.7518785000 772454.4286499023
340587754.8993231654 912050.3756713867
340149571.2612825632 908021.8218994141
344321879.2478662133 920900.1408691406
323295709.8003908992 833876.4363861084
327640740.3175351620 882277.6132812500
339817728.7995154262 906151.3388671875
322358676.3423183560 800878.5260009766
337699828.3609446883 888748.3973999023
327834303.1813408732 886227.4530639648
323511971.4716898799 864542.8395996094
337705939.6140686870 890881.8033447266
326241567.5544940829 866654.4270629883
337894048.5840114355 895844.5593566895
339069862.3908131123 901529.4418945312
322305940.7460191846 791131.6751708984
