127141.0794910769 129648.0201191364
132923.4633938461 127081.7331009546
133565.9504941538 123232.3025736818
136939.0077707692 129166.8413032273
135654.0335701538 135101.3800327728
132280.9762935385 129166.8413032273
134529.6811446154 133657.8435850455
126016.7270655384 134780.5941555000
133244.7069440000 129006.4483645909
137581.4948710769 132535.0930145909
128104.8101415385 124996.6248986818
133726.5722692308 126921.3401623182
125695.4835153846 130449.9848123182
131317.2456430769 121628.3731873182
129389.7843421539 122751.1237577727
135493.4117950769 130129.1989350455
134690.3029196923 127562.9119168637
129871.6496673846 128525.2695486818
139669.5779470769 131251.9495055000
126659.2141658462 130610.3777509546
127783.5665913846 124034.2672668636
130514.1367676923 124675.8390214091
133726.5722692308 120505.6226168636
135011.5464698462 129808.4130577727
124892.3746400000 132695.4859532273
135011.5464698462 129006.4483645909
135654.0335701538 120024.4438009546
132762.8416187692 130129.1989350455
128747.2972418461 124515.4460827727
126177.3488406154 130129.1989350455
133887.1940443077 123232.3025736818
130996.0020929231 130770.7706895909
132923.4633938461 133978.6294623182
125856.1052904615 129968.8059964091
133405.3287190769 118420.5144145909
133887.1940443077 120024.4438009546
133565.9504941538 120184.8367395909
125374.2399652308 125958.9825305000
135654.0335701538 130289.5918736818
128265.4319166154 125798.5895918637
133405.3287190769 132535.0930145909
126016.7270655384 132214.3071373182
132280.9762935385 118901.6932305000
134208.4375944615 123713.4813895909
125856.1052904615 129808.4130577727
135654.0335701538 133497.4506464091
132280.9762935385 119382.8720464091
138063.3601963077 130449.9848123182
125695.4835153846 130289.5918736818
132602.2198436923 119703.6579236818
133726.5722692308 133016.2718305000
126980.4577160000 132374.7000759546
138223.9819713846 133176.6647691364
129711.0278923077 122109.5520032273
139187.7126218461 132695.4859532273
126498.5923907692 130289.5918736818
135654.0335701538 117939.3355986818
137260.2513209231 132214.3071373182
133726.5722692308 118099.7285373182
133084.0851689231 123873.8743282273
130835.3803178462 131733.1283214091
135654.0335701538 133016.2718305000
126337.9706156923 125477.8037145909
126980.4577160000 131572.7353827727
130996.0020929231 130289.5918736818
127462.3230412308 131251.9495055000
135332.7900200000 123553.0884509546
139027.0908467692 130931.1636282273
135011.5464698462 122751.1237577727
129871.6496673846 128685.6624873182
137581.4948710769 129968.8059964091
125213.6181901538 129006.4483645909
133084.0851689231 131893.5212600455
129389.7843421539 121949.1590645909
131799.1109683077 133016.2718305000
127301.7012661538 131412.3424441364
135332.7900200000 132214.3071373182
135975.2771203077 134459.8082782273
134047.8158193846 118580.9073532273
131959.7327433846 131251.9495055000
131959.7327433846 124034.2672668636
131156.6238680000 127081.7331009546
137581.4948710769 132374.7000759546
139027.0908467692 130770.7706895909
137260.2513209231 128685.6624873182
127301.7012661538 130289.5918736818
134047.8158193846 119864.0508623182
138866.4690716923 130129.1989350455
131317.2456430769 127242.1260395909
139990.8214972308 132374.7000759546
134690.3029196923 119703.6579236818
132602.2198436923 125157.0178373182
129871.6496673846 122430.3378805000
136778.3859956923 132374.7000759546
137260.2513209231 129487.6271805000
125374.2399652308 125638.1966532273
131156.6238680000 128044.0907327727
134529.6811446154 131251.9495055000
135814.6553452308 129327.2342418636
128907.9190169231 123873.8743282273
128426.0536916923 132374.7000759546
127622.9448163077 133016.2718305000
135011.5464698462 125958.9825305000
130353.5149926154 125798.5895918637
135975.2771203077 128846.0554259545
130996.0020929231 123553.0884509546
128265.4319166154 131251.9495055000
131638.4891932308 128204.4836714091
131317.2456430769 130449.9848123182
133244.7069440000 134139.0224009545
127301.7012661538 126119.3754691364
127462.3230412308 132855.8788918637
126980.4577160000 124194.6602055000
134369.0593695384 126279.7684077727
130032.2714424615 121788.7661259545
126819.8359409231 128846.0554259545
131959.7327433846 134139.0224009545
137902.7384212308 133818.2365236818
136617.7642206154 117778.9426600455
135654.0335701538 132053.9141986818
131477.8674181539 130289.5918736818
130353.5149926154 127723.3048555000
129550.4061172308 127723.3048555000
133887.1940443077 117939.3355986818
139027.0908467692 129808.4130577727
129550.4061172308 130129.1989350455
124089.2657646154 127562.9119168637
132120.3545184615 132053.9141986818
125213.6181901538 132214.3071373182
126980.4577160000 134459.8082782273
125052.9964150769 129487.6271805000
124089.2657646154 127883.6977941364
124892.3746400000 128044.0907327727
133887.1940443077 129648.0201191364
130835.3803178462 120184.8367395909

134850.9246947692 133176.6647691364
133405.3287190769 125477.8037145909
130835.3803178462 128846.0554259545
127783.5665913846 131091.5565668636
127944.1883664615 126279.7684077727
130353.5149926154 123232.3025736818
134529.6811446154 130610.3777509546
135814.6553452308 125157.0178373182
134850.9246947692 117778.9426600455
126177.3488406154 130770.7706895909
134047.8158193846 131733.1283214091
140151.4432723077 131733.1283214091
128747.2972418461 122430.3378805000
135814.6553452308 116976.9779668636
130674.7585427692 123713.4813895909
124249.8875396923 129006.4483645909
139187.7126218461 132855.8788918637
133084.0851689231 118420.5144145909
129871.6496673846 122911.5166964091
134208.4375944615 119543.2649850454
129711.0278923077 127562.9119168637
136457.1424455385 130770.7706895909
136939.0077707692 132535.0930145909
137581.4948710769 131091.5565668636
133244.7069440000 123392.6955123182
136778.3859956923 130610.3777509546
130192.8932175385 127081.7331009546
132120.3545184615 125477.8037145909
132280.9762935385 130770.7706895909
131156.6238680000 127562.9119168637
135493.4117950769 129968.8059964091
128747.2972418461 125157.0178373182
133887.1940443077 124355.0531441364
130514.1367676923 123392.6955123182
133244.7069440000 125157.0178373182
133887.1940443077 131572.7353827727
134208.4375944615 129487.6271805000
132762.8416187692 118741.3002918636
136778.3859956923 130129.1989350455
127301.7012661538 130289.5918736818
126819.8359409231 129968.8059964091
129068.5407920000 130129.1989350455
132923.4633938461 119062.0861691364
131156.6238680000 129968.8059964091
134208.4375944615 133176.6647691364
131638.4891932308 125157.0178373182
125695.4835153846 125638.1966532273
128265.4319166154 126760.9472236818
130032.2714424615 126921.3401623182
131638.4891932308 124836.2319600455
129068.5407920000 125317.4107759545
134369.0593695384 124194.6602055000
130353.5149926154 128364.8766100455
129550.4061172308 128685.6624873182
129229.1625670769 123392.6955123182
134369.0593695384 131893.5212600455
132602.2198436923 126921.3401623182
131959.7327433846 128525.2695486818
133405.3287190769 132855.8788918637
131156.6238680000 131412.3424441364
127141.0794910769 132214.3071373182
135493.4117950769 133497.4506464091
133084.0851689231 131572.7353827727
133405.3287190769 119222.4791077727
129711.0278923077 128846.0554259545
133405.3287190769 125157.0178373182
129389.7843421539 122269.9449418636
135975.2771203077 133016.2718305000
136778.3859956923 130289.5918736818
125213.6181901538 128685.6624873182
134208.4375944615 119222.4791077727
133565.9504941538 133337.0577077727
133887.1940443077 134780.5941555000
128426.0536916923 122430.3378805000
128747.2972418461 132695.4859532273
130353.5149926154 123713.4813895909
131317.2456430769 129808.4130577727
128907.9190169231 128204.4836714091
135493.4117950769 131893.5212600455
131959.7327433846 119062.0861691364
128747.2972418461 131412.3424441364
138063.3601963077 129327.2342418636
135011.5464698462 116976.9779668636
128104.8101415385 129006.4483645909
134208.4375944615 126440.1613464091
135332.7900200000 133818.2365236818
124571.1310898462 129327.2342418636
136457.1424455385 131412.3424441364
134208.4375944615 130610.3777509546
133887.1940443077 128685.6624873182
127622.9448163077 133978.6294623182
129229.1625670769 132695.4859532273
131799.1109683077 123553.0884509546
134850.9246947692 125958.9825305000
127141.0794910769 124194.6602055000
125695.4835153846 130610.3777509546
135172.1682449231 120184.8367395909
126016.7270655384 131251.9495055000
133405.3287190769 130610.3777509546
132923.4633938461 119222.4791077727
126337.9706156923 128044.0907327727
126177.3488406154 128204.4836714091
125534.8617403077 126119.3754691364
127783.5665913846 130610.3777509546
131317.2456430769 122911.5166964091
132602.2198436923 129327.2342418636
130835.3803178462 125157.0178373182
131959.7327433846 127562.9119168637
132280.9762935385 120826.4084941364
133887.1940443077 124515.4460827727
135814.6553452308 117137.3709055000
128586.6754667692 127723.3048555000
128265.4319166154 130770.7706895909
132602.2198436923 120345.2296782273
130192.8932175385 127242.1260395909
131638.4891932308 129487.6271805000
133887.1940443077 125958.9825305000
133565.9504941538 134620.2012168636
130192.8932175385 122590.7308191364
136135.8988953846 129006.4483645909
132923.4633938461 129968.8059964091
135493.4117950769 135261.7729714091
131477.8674181539 125638.1966532273
135172.1682449231 125798.5895918637
126337.9706156923 133176.6647691364
130514.1367676923 127402.5189782273
136135.8988953846 130129.1989350455
131638.4891932308 126440.1613464091
128104.8101415385 128525.2695486818
131477.8674181539 131893.5212600455
135493.4117950769 124355.0531441364
131156.6238680000 125958.9825305000
128586.6754667692 125958.9825305000
136778.3859956923 133497.4506464091
134208.4375944615 129648.0201191364

133084.0851689231 134459.8082782273
126980.4577160000 134139.0224009545
132602.2198436923 134139.0224009545
134690.3029196923 134139.0224009545
133084.0851689231 133818.2365236818
126980.4577160000 133497.4506464091
132280.9762935385 133497.4506464091
129871.6496673846 133337.0577077727
129871.6496673846 132855.8788918637
131317.2456430769 132855.8788918637
135172.1682449231 132695.4859532273
129711.0278923077 132535.0930145909
134850.9246947692 132535.0930145909
129229.1625670769 132374.7000759546
125534.8617403077 132214.3071373182
124892.3746400000 131733.1283214091
136778.3859956923 131572.7353827727
138384.6037464615 131412.3424441364
127622.9448163077 131091.5565668636
130353.5149926154 130770.7706895909
137260.2513209231 129808.4130577727
138223.9819713846 129166.8413032273
137902.7384212308 128685.6624873182
129068.5407920000 128204.4836714091
125534.8617403077 127883.6977941364
124410.5093147692 127402.5189782273
128104.8101415385 127242.1260395909
134690.3029196923 127242.1260395909
136778.3859956923 127242.1260395909
135332.7900200000 127081.7331009546
123928.6439895385 126760.9472236818
134369.0593695384 126600.5542850455
133887.1940443077 126279.7684077727
136457.1424455385 125958.9825305000
126337.9706156923 125798.5895918637
129229.1625670769 125798.5895918637
131317.2456430769 125638.1966532273
129229.1625670769 125157.0178373182
128907.9190169231 124996.6248986818
130996.0020929231 124996.6248986818
128265.4319166154 122590.7308191364
132280.9762935385 122269.9449418636
133887.1940443077 121788.7661259545
132923.4633938461 121628.3731873182
132602.2198436923 121147.1943714091
134850.9246947692 120826.4084941364
132602.2198436923 120184.8367395909
136617.7642206154 118420.5144145909
137099.6295458461 117939.3355986818
135814.6553452308 117618.5497214091
134850.9246947692 117137.3709055000
136296.5206704615 116976.9779668636
134850.9246947692 116495.7991509546
135332.7900200000 131733.1283214091
126177.3488406154 125477.8037145909
125374.2399652308 134299.4153395909
130996.0020929231 127562.9119168637
136457.1424455385 132695.4859532273
128265.4319166154 133497.4506464091
125374.2399652308 127562.9119168637
137742.1166461539 131572.7353827727
132923.4633938461 129648.0201191364
132120.3545184615 128846.0554259545
129389.7843421539 121788.7661259545
136617.7642206154 131412.3424441364
134850.9246947692 120184.8367395909
130835.3803178462 129166.8413032273
136778.3859956923 128204.4836714091
130514.1367676923 127723.3048555000
130192.8932175385 124675.8390214091
137742.1166461539 128525.2695486818
137420.8730960000 127081.7331009546
133887.1940443077 125798.5895918637
136457.1424455385 118099.7285373182
135654.0335701538 130449.9848123182
139348.3343969231 130931.1636282273
133084.0851689231 132695.4859532273
137420.8730960000 117137.3709055000
128104.8101415385 130449.9848123182
138384.6037464615 133657.8435850455
136778.3859956923 127723.3048555000
131959.7327433846 130129.1989350455
135332.7900200000 133818.2365236818
131156.6238680000 130610.3777509546
132762.8416187692 120345.2296782273
138384.6037464615 130931.1636282273
125374.2399652308 125638.1966532273
138063.3601963077 133016.2718305000
136296.5206704615 134780.5941555000
129871.6496673846 127081.7331009546
135814.6553452308 116656.1920895909
138063.3601963077 128044.0907327727
130674.7585427692 121949.1590645909
137420.8730960000 127402.5189782273
125695.4835153846 126440.1613464091
127141.0794910769 128204.4836714091
133565.9504941538 124675.8390214091
138384.6037464615 131893.5212600455
124571.1310898462 130610.3777509546
132280.9762935385 130610.3777509546
126498.5923907692 127402.5189782273
123928.6439895385 127242.1260395909
135654.0335701538 118099.7285373182
127622.9448163077 133337.0577077727
128907.9190169231 127402.5189782273
126659.2141658462 126119.3754691364
124249.8875396923 126440.1613464091
128265.4319166154 132855.8788918637
132280.9762935385 123232.3025736818
131799.1109683077 128364.8766100455
131638.4891932308 121467.9802486818
133726.5722692308 130770.7706895909
132762.8416187692 127242.1260395909
126177.3488406154 127402.5189782273
135332.7900200000 120024.4438009546
134850.9246947692 119062.0861691364
135172.1682449231 133176.6647691364
126337.9706156923 126440.1613464091
135654.0335701538 116335.4062123182
133565.9504941538 129006.4483645909
129229.1625670769 132695.4859532273
130835.3803178462 126600.5542850455
137260.2513209231 131733.1283214091
135011.5464698462 127883.6977941364
129871.6496673846 127562.9119168637
131638.4891932308 132855.8788918637
125534.8617403077 129968.8059964091
127622.9448163077 126600.5542850455
139027.0908467692 133016.2718305000
136778.3859956923 125958.9825305000
127622.9448163077 131733.1283214091
132120.3545184615 121147.1943714091
133084.0851689231 130129.1989350455
126337.9706156923 128685.6624873182
132602.2198436923 129166.8413032273

136296.5206704615 134780.5941555000
133084.0851689231 134459.8082782273
125374.2399652308 134299.4153395909
126016.7270655384 134299.4153395909
132441.5980686154 133978.6294623182
133084.0851689231 133818.2365236818
125534.8617403077 133657.8435850455
130353.5149926154 133337.0577077727
129871.6496673846 132855.8788918637
129229.1625670769 132695.4859532273
133084.0851689231 132695.4859532273
124892.3746400000 131733.1283214091
128907.9190169231 131572.7353827727
125695.4835153846 131412.3424441364
137099.6295458461 131412.3424441364
137420.8730960000 131412.3424441364
132762.8416187692 131091.5565668636
132280.9762935385 130610.3777509546
134047.8158193846 130289.5918736818
131959.7327433846 130129.1989350455
138705.8472966154 130129.1989350455
125213.6181901538 129808.4130577727
128907.9190169231 129487.6271805000
129871.6496673846 129166.8413032273
130996.0020929231 129166.8413032273
138223.9819713846 129166.8413032273
133565.9504941538 129006.4483645909
129229.1625670769 128525.2695486818
131799.1109683077 128364.8766100455
130353.5149926154 128204.4836714091
124731.7528649231 127883.6977941364
128265.4319166154 127883.6977941364
136778.3859956923 127723.3048555000
124731.7528649231 127242.1260395909
131477.8674181539 127242.1260395909
135332.7900200000 127081.7331009546
136135.8988953846 127081.7331009546
137420.8730960000 127081.7331009546
126016.7270655384 126600.5542850455
126337.9706156923 126440.1613464091
133887.1940443077 126440.1613464091
127462.3230412308 126279.7684077727
136778.3859956923 125958.9825305000
133726.5722692308 125798.5895918637
127944.1883664615 125638.1966532273
134690.3029196923 125638.1966532273
128265.4319166154 125477.8037145909
127944.1883664615 124996.6248986818
128907.9190169231 124996.6248986818
126980.4577160000 124836.2319600455
128265.4319166154 124194.6602055000
132280.9762935385 123232.3025736818
132762.8416187692 121788.7661259545
131317.2456430769 120505.6226168636
133244.7069440000 120345.2296782273
131317.2456430769 119703.6579236818
132120.3545184615 118901.6932305000
137099.6295458461 118099.7285373182
134850.9246947692 117939.3355986818
135814.6553452308 117939.3355986818
136939.0077707692 117939.3355986818
135654.0335701538 116816.5850282273
134850.9246947692 116495.7991509546
134369.0593695384 132855.8788918637
137581.4948710769 116656.1920895909
124571.1310898462 130610.3777509546
128265.4319166154 122590.7308191364
130835.3803178462 129968.8059964091
125695.4835153846 126440.1613464091
134690.3029196923 134139.0224009545
132602.2198436923 119062.0861691364
131156.6238680000 130610.3777509546
127462.3230412308 126600.5542850455
125856.1052904615 128846.0554259545
134850.9246947692 122430.3378805000
132762.8416187692 132053.9141986818
127462.3230412308 130931.1636282273
125052.9964150769 125798.5895918637
130835.3803178462 129327.2342418636
132120.3545184615 125958.9825305000
136457.1424455385 125958.9825305000
134529.6811446154 128044.0907327727
125374.2399652308 131412.3424441364
130996.0020929231 128525.2695486818
130996.0020929231 127562.9119168637
134047.8158193846 117137.3709055000
130353.5149926154 123392.6955123182
136457.1424455385 125157.0178373182
130674.7585427692 127562.9119168637
134369.0593695384 126600.5542850455
140312.0650473846 132374.7000759546
135814.6553452308 117778.9426600455
138866.4690716923 130289.5918736818
127462.3230412308 124996.6248986818
137099.6295458461 129327.2342418636
132602.2198436923 121147.1943714091
132602.2198436923 128846.0554259545
138063.3601963077 128846.0554259545
132762.8416187692 127242.1260395909
130192.8932175385 124675.8390214091
128426.0536916923 132374.7000759546
133726.5722692308 118901.6932305000
138384.6037464615 131412.3424441364
130835.3803178462 123553.0884509546
129068.5407920000 132535.0930145909
133565.9504941538 122590.7308191364
133405.3287190769 121307.5873100455
123928.6439895385 126760.9472236818
136457.1424455385 118099.7285373182
138705.8472966154 131412.3424441364
124410.5093147692 127402.5189782273
131317.2456430769 121467.9802486818
127301.7012661538 128364.8766100455
125052.9964150769 132374.7000759546
135332.7900200000 134780.5941555000
136778.3859956923 118260.1214759545
124249.8875396923 129327.2342418636
129068.5407920000 128364.8766100455
130996.0020929231 131893.5212600455
128265.4319166154 129006.4483645909
133565.9504941538 129487.6271805000
130674.7585427692 120345.2296782273
137260.2513209231 129968.8059964091
129229.1625670769 125157.0178373182
126659.2141658462 125958.9825305000
126980.4577160000 134139.0224009545
127622.9448163077 131091.5565668636
137420.8730960000 127883.6977941364
132441.5980686154 121467.9802486818
135975.2771203077 130610.3777509546
132923.4633938461 129648.0201191364
129871.6496673846 124515.4460827727
128104.8101415385 130770.7706895909
125374.2399652308 125638.1966532273
137260.2513209231 131733.1283214091

135493.4117950769 134940.9870941364
125856.1052904615 134620.2012168636
125374.2399652308 134299.4153395909
126016.7270655384 134299.4153395909
126980.4577160000 134139.0224009545
132602.2198436923 134139.0224009545
128265.4319166154 133337.0577077727
130353.5149926154 133337.0577077727
135493.4117950769 133176.6647691364
129068.5407920000 132535.0930145909
132762.8416187692 132053.9141986818
135172.1682449231 131893.5212600455
124892.3746400000 131733.1283214091
135332.7900200000 131733.1283214091
132762.8416187692 131572.7353827727
138384.6037464615 131412.3424441364
139187.7126218461 131412.3424441364
127462.3230412308 130931.1636282273
138384.6037464615 130770.7706895909
124571.1310898462 130610.3777509546
128747.2972418461 130129.1989350455
130835.3803178462 129327.2342418636
131799.1109683077 129166.8413032273
127301.7012661538 128364.8766100455
128747.2972418461 128364.8766100455
127141.0794910769 128204.4836714091
130353.5149926154 128204.4836714091
137902.7384212308 128204.4836714091
124731.7528649231 127883.6977941364
128265.4319166154 127883.6977941364
137420.8730960000 127883.6977941364
137742.1166461539 127723.3048555000
126177.3488406154 127402.5189782273
135172.1682449231 127402.5189782273
136778.3859956923 127242.1260395909
135332.7900200000 127081.7331009546
137420.8730960000 127081.7331009546
126016.7270655384 126600.5542850455
130192.8932175385 126600.5542850455
132120.3545184615 126440.1613464091
133887.1940443077 126440.1613464091
126177.3488406154 126279.7684077727
127462.3230412308 126279.7684077727
132120.3545184615 125958.9825305000
136778.3859956923 125958.9825305000
133726.5722692308 125798.5895918637
128265.4319166154 125477.8037145909
130192.8932175385 125317.4107759545
127462.3230412308 124996.6248986818
130192.8932175385 124675.8390214091
129871.6496673846 124515.4460827727
132280.9762935385 123232.3025736818
131317.2456430769 121467.9802486818
131638.4891932308 121467.9802486818
132602.2198436923 121147.1943714091
132762.8416187692 120986.8014327727
132280.9762935385 120826.4084941364
131317.2456430769 119703.6579236818
132602.2198436923 119062.0861691364
135654.0335701538 116816.5850282273
137581.4948710769 116656.1920895909
134850.9246947692 116495.7991509546
135654.0335701538 116335.4062123182
133084.0851689231 134459.8082782273
129871.6496673846 132855.8788918637
129871.6496673846 131412.3424441364
132280.9762935385 133497.4506464091
124731.7528649231 127242.1260395909
139348.3343969231 132053.9141986818
138384.6037464615 131893.5212600455
136457.1424455385 125958.9825305000
135814.6553452308 117939.3355986818
137099.6295458461 131412.3424441364
128104.8101415385 131251.9495055000
134369.0593695384 126600.5542850455
129871.6496673846 129166.8413032273
134690.3029196923 125638.1966532273
132762.8416187692 121788.7661259545
133565.9504941538 129006.4483645909
125052.9964150769 128846.0554259545
131638.4891932308 131091.5565668636
131477.8674181539 127242.1260395909
131156.6238680000 132535.0930145909
132120.3545184615 118901.6932305000
135332.7900200000 134780.5941555000
131799.1109683077 128364.8766100455
125695.4835153846 126440.1613464091
133726.5722692308 124355.0531441364
136778.3859956923 133978.6294623182
131317.2456430769 125638.1966532273
134529.6811446154 133176.6647691364
126659.2141658462 125798.5895918637
126337.9706156923 133818.2365236818
130353.5149926154 127723.3048555000
125213.6181901538 129808.4130577727
134850.9246947692 120826.4084941364
127622.9448163077 132374.7000759546
137742.1166461539 131572.7353827727
134529.6811446154 128044.0907327727
134047.8158193846 121788.7661259545
133084.0851689231 133818.2365236818
130032.2714424615 133176.6647691364
129068.5407920000 128364.8766100455
130835.3803178462 128204.4836714091
135814.6553452308 117778.9426600455
125052.9964150769 132374.7000759546
134047.8158193846 117618.5497214091
136296.5206704615 134780.5941555000
137260.2513209231 129808.4130577727
124892.3746400000 130449.9848123182
131638.4891932308 132535.0930145909
127944.1883664615 124996.6248986818
125856.1052904615 132855.8788918637
134047.8158193846 120505.6226168636
126980.4577160000 124836.2319600455
129389.7843421539 121788.7661259545
125374.2399652308 131412.3424441364
139508.9561720000 131893.5212600455
134529.6811446154 131893.5212600455
132923.4633938461 121628.3731873182
132762.8416187692 134459.8082782273
129711.0278923077 129968.8059964091
128265.4319166154 122590.7308191364
129711.0278923077 132535.0930145909
125856.1052904615 128846.0554259545
132602.2198436923 128846.0554259545
125052.9964150769 125798.5895918637
125695.4835153846 131412.3424441364
129229.1625670769 132374.7000759546
140312.0650473846 132374.7000759546
130514.1367676923 124996.6248986818
128104.8101415385 130770.7706895909
134529.6811446154 120826.4084941364
125374.2399652308 125638.1966532273
131959.7327433846 130129.1989350455

136296.5206704615 134780.5941555000
125374.2399652308 134299.4153395909
126016.7270655384 134299.4153395909
133084.0851689231 133818.2365236818
130353.5149926154 133337.0577077727
133084.0851689231 132695.4859532273
139348.3343969231 132053.9141986818
138384.6037464615 131893.5212600455
124892.3746400000 131733.1283214091
125374.2399652308 131412.3424441364
137420.8730960000 131412.3424441364
138384.6037464615 131412.3424441364
139187.7126218461 131412.3424441364
127462.3230412308 130931.1636282273
124571.1310898462 130610.3777509546
124892.3746400000 130449.9848123182
128747.2972418461 130129.1989350455
131959.7327433846 130129.1989350455
138705.8472966154 130129.1989350455
130835.3803178462 129968.8059964091
131799.1109683077 129166.8413032273
138223.9819713846 129166.8413032273
129229.1625670769 128525.2695486818
130996.0020929231 128525.2695486818
137742.1166461539 128525.2695486818
131799.1109683077 128364.8766100455
127141.0794910769 128204.4836714091
130353.5149926154 128204.4836714091
133726.5722692308 127242.1260395909
136778.3859956923 127242.1260395909
135332.7900200000 127081.7331009546
136135.8988953846 127081.7331009546
126337.9706156923 126440.1613464091
132120.3545184615 126440.1613464091
127462.3230412308 126279.7684077727
132120.3545184615 125958.9825305000
136778.3859956923 125958.9825305000
125052.9964150769 125798.5895918637
125374.2399652308 125638.1966532273
131317.2456430769 125638.1966532273
128265.4319166154 125477.8037145909
128907.9190169231 124996.6248986818
132280.9762935385 123232.3025736818
133565.9504941538 122590.7308191364
134850.9246947692 122430.3378805000
132762.8416187692 121788.7661259545
131317.2456430769 120505.6226168636
134850.9246947692 117939.3355986818
135814.6553452308 117939.3355986818
136939.0077707692 117939.3355986818
135814.6553452308 117778.9426600455
135654.0335701538 116495.7991509546
135654.0335701538 116335.4062123182
133244.7069440000 120345.2296782273
134047.8158193846 130289.5918736818
138223.9819713846 133016.2718305000
124731.7528649231 127242.1260395909
136296.5206704615 132214.3071373182
126659.2141658462 125958.9825305000
133726.5722692308 128525.2695486818
127783.5665913846 127242.1260395909
132120.3545184615 118901.6932305000
134690.3029196923 125638.1966532273
126980.4577160000 124836.2319600455
128907.9190169231 125798.5895918637
132602.2198436923 128846.0554259545
137420.8730960000 127081.7331009546
129711.0278923077 132535.0930145909
136457.1424455385 125157.0178373182
131156.6238680000 130610.3777509546
133565.9504941538 129006.4483645909
138063.3601963077 133016.2718305000
135654.0335701538 116816.5850282273
125534.8617403077 133657.8435850455
132120.3545184615 125317.4107759545
134369.0593695384 126600.5542850455
126980.4577160000 134139.0224009545
134850.9246947692 116495.7991509546
125052.9964150769 128846.0554259545
135172.1682449231 127402.5189782273
136457.1424455385 125958.9825305000
126016.7270655384 126600.5542850455
124410.5093147692 127402.5189782273
131317.2456430769 119703.6579236818
133405.3287190769 121307.5873100455
129229.1625670769 132695.4859532273
125052.9964150769 132374.7000759546
130353.5149926154 127723.3048555000
132762.8416187692 118580.9073532273
136778.3859956923 127723.3048555000
127944.1883664615 125638.1966532273
133405.3287190769 126921.3401623182
132280.9762935385 120826.4084941364
128265.4319166154 133497.4506464091
132441.5980686154 133978.6294623182
134529.6811446154 118260.1214759545
130353.5149926154 123392.6955123182
130996.0020929231 129166.8413032273
132923.4633938461 121628.3731873182
128265.4319166154 129006.4483645909
133726.5722692308 118901.6932305000
129068.5407920000 132535.0930145909
137581.4948710769 116656.1920895909
132762.8416187692 131091.5565668636
130835.3803178462 129327.2342418636
133084.0851689231 134459.8082782273
132923.4633938461 129648.0201191364
135332.7900200000 132214.3071373182
139508.9561720000 131893.5212600455
127944.1883664615 124996.6248986818
135011.5464698462 133176.6647691364
138063.3601963077 128846.0554259545
132280.9762935385 130610.3777509546
135332.7900200000 134780.5941555000
135975.2771203077 130610.3777509546
137099.6295458461 131412.3424441364
136457.1424455385 127242.1260395909
130192.8932175385 125317.4107759545
128426.0536916923 132374.7000759546
131638.4891932308 121467.9802486818
128265.4319166154 124194.6602055000
140312.0650473846 132374.7000759546
138545.2255215385 129166.8413032273
134529.6811446154 128044.0907327727
136457.1424455385 118099.7285373182
133565.9504941538 129487.6271805000
134690.3029196923 134139.0224009545
137260.2513209231 129808.4130577727
139027.0908467692 133016.2718305000
131638.4891932308 132535.0930145909
127622.9448163077 131091.5565668636
124731.7528649231 128044.0907327727
125534.8617403077 127402.5189782273
124410.5093147692 129968.8059964091
137742.1166461539 131572.7353827727

124731.7528649231 129487.6271805000
125052.9964150769 132855.8788918637
137902.7384212308 130289.5918736818
133244.7069440000 125798.5895918637
129389.7843421539 129327.2342418636
138223.9819713846 131091.5565668636
130835.3803178462 124836.2319600455
130353.5149926154 127242.1260395909
130192.8932175385 130610.3777509546
131638.4891932308 125477.8037145909
135172.1682449231 125157.0178373182
130514.1367676923 131412.3424441364
133887.1940443077 117939.3355986818
136296.5206704615 127081.7331009546
129871.6496673846 123071.9096350455
134369.0593695384 118580.9073532273
125374.2399652308 129808.4130577727
131317.2456430769 120345.2296782273
126498.5923907692 124675.8390214091
131638.4891932308 120986.8014327727
128907.9190169231 123713.4813895909
128907.9190169231 131733.1283214091
125534.8617403077 130931.1636282273
134208.4375944615 120666.0155555000
129068.5407920000 128204.4836714091
135493.4117950769 128525.2695486818
129711.0278923077 130610.3777509546
137260.2513209231 128846.0554259545
125856.1052904615 129006.4483645909
133887.1940443077 121307.5873100455
138384.6037464615 130931.1636282273
136135.8988953846 124675.8390214091
131799.1109683077 127242.1260395909
129871.6496673846 128525.2695486818
136778.3859956923 133978.6294623182
134850.9246947692 133657.8435850455
130514.1367676923 124355.0531441364
133244.7069440000 129327.2342418636
136296.5206704615 133818.2365236818
135332.7900200000 128685.6624873182
134850.9246947692 119703.6579236818
135011.5464698462 134139.0224009545
136617.7642206154 133818.2365236818
129550.4061172308 127562.9119168637
127462.3230412308 124996.6248986818
131959.7327433846 122430.3378805000
136617.7642206154 128364.8766100455
123928.6439895385 127081.7331009546
126177.3488406154 130449.9848123182
135975.2771203077 118901.6932305000
132923.4633938461 126921.3401623182
131477.8674181539 125638.1966532273
124731.7528649231 128364.8766100455
132280.9762935385 132695.4859532273
124571.1310898462 128685.6624873182
131638.4891932308 127402.5189782273
125856.1052904615 127723.3048555000
135654.0335701538 132855.8788918637
134850.9246947692 126760.9472236818
125534.8617403077 129327.2342418636
128907.9190169231 123873.8743282273
135011.5464698462 117618.5497214091
128265.4319166154 125798.5895918637
126337.9706156923 131091.5565668636
130353.5149926154 123553.0884509546
137902.7384212308 130129.1989350455
133084.0851689231 124355.0531441364
124249.8875396923 128525.2695486818
135654.0335701538 130770.7706895909
133726.5722692308 125798.5895918637
129550.4061172308 132695.4859532273
131799.1109683077 124996.6248986818
132602.2198436923 118741.3002918636
129389.7843421539 132053.9141986818
133726.5722692308 117778.9426600455
129229.1625670769 131091.5565668636
133726.5722692308 118741.3002918636
134690.3029196923 130289.5918736818
130835.3803178462 130610.3777509546
134208.4375944615 134139.0224009545
135332.7900200000 129968.8059964091
127462.3230412308 125477.8037145909
129550.4061172308 122911.5166964091
130674.7585427692 131091.5565668636
132120.3545184615 127081.7331009546
126659.2141658462 133176.6647691364
134369.0593695384 125477.8037145909
130835.3803178462 128525.2695486818
129711.0278923077 121307.5873100455
129711.0278923077 126119.3754691364
130674.7585427692 133657.8435850455
135011.5464698462 130770.7706895909
131638.4891932308 127562.9119168637
134047.8158193846 129808.4130577727
134369.0593695384 117778.9426600455
129389.7843421539 128044.0907327727
125213.6181901538 130770.7706895909
135493.4117950769 134459.8082782273
134690.3029196923 133657.8435850455
134529.6811446154 127081.7331009546
134850.9246947692 125638.1966532273
134369.0593695384 131091.5565668636
133084.0851689231 126760.9472236818
133084.0851689231 119222.4791077727
130353.5149926154 125477.8037145909
127301.7012661538 133497.4506464091
127301.7012661538 129006.4483645909
140151.4432723077 132374.7000759546
128265.4319166154 133497.4506464091
136296.5206704615 134780.5941555000
130996.0020929231 120505.6226168636
131799.1109683077 123071.9096350455
131638.4891932308 125958.9825305000
133084.0851689231 123553.0884509546
129389.7843421539 130610.3777509546
127301.7012661538 129487.6271805000
134369.0593695384 119382.8720464091
129229.1625670769 130610.3777509546
129389.7843421539 126440.1613464091
127301.7012661538 133657.8435850455
130835.3803178462 131091.5565668636
132602.2198436923 127723.3048555000
132280.9762935385 126440.1613464091
134529.6811446154 123392.6955123182
131156.6238680000 130129.1989350455
135493.4117950769 119543.2649850454
131799.1109683077 121307.5873100455
127622.9448163077 124034.2672668636
134850.9246947692 123071.9096350455
131799.1109683077 126921.3401623182
136617.7642206154 126921.3401623182
134529.6811446154 132374.7000759546
131317.2456430769 129166.8413032273
133405.3287190769 131572.7353827727
135493.4117950769 133978.6294623182

126980.4577160000 134139.0224009545
134690.3029196923 134139.0224009545
135975.2771203077 134139.0224009545
133084.0851689231 133818.2365236818
133084.0851689231 133337.0577077727
135493.4117950769 133176.6647691364
138063.3601963077 133016.2718305000
129871.6496673846 132855.8788918637
129068.5407920000 132535.0930145909
129711.0278923077 132535.0930145909
131156.6238680000 132535.0930145909
125052.9964150769 132374.7000759546
128426.0536916923 132374.7000759546
129550.4061172308 132214.3071373182
136296.5206704615 132214.3071373182
135172.1682449231 131893.5212600455
138384.6037464615 131893.5212600455
125374.2399652308 131412.3424441364
137099.6295458461 131412.3424441364
135975.2771203077 130610.3777509546
134690.3029196923 129808.4130577727
129871.6496673846 129166.8413032273
131799.1109683077 129166.8413032273
133565.9504941538 129006.4483645909
125052.9964150769 128846.0554259545
129229.1625670769 128525.2695486818
137742.1166461539 128525.2695486818
137902.7384212308 128204.4836714091
134529.6811446154 128044.0907327727
137420.8730960000 127883.6977941364
124410.5093147692 127402.5189782273
124731.7528649231 127242.1260395909
136457.1424455385 127242.1260395909
136778.3859956923 127242.1260395909
137420.8730960000 127081.7331009546
126337.9706156923 126440.1613464091
132120.3545184615 126440.1613464091
133887.1940443077 126440.1613464091
126980.4577160000 124836.2319600455
129871.6496673846 124515.4460827727
131638.4891932308 121467.9802486818
133405.3287190769 121307.5873100455
132602.2198436923 121147.1943714091
134529.6811446154 120826.4084941364
131317.2456430769 120505.6226168636
130674.7585427692 120345.2296782273
132602.2198436923 119062.0861691364
136457.1424455385 118099.7285373182
136778.3859956923 118099.7285373182
137099.6295458461 118099.7285373182
134850.9246947692 117939.3355986818
135814.6553452308 117939.3355986818
134047.8158193846 117137.3709055000
134850.9246947692 116495.7991509546
135654.0335701538 116495.7991509546
135654.0335701538 116335.4062123182
131799.1109683077 128364.8766100455
138384.6037464615 131412.3424441364
133887.1940443077 123392.6955123182
128907.9190169231 124996.6248986818
130192.8932175385 125317.4107759545
135493.4117950769 127081.7331009546
132280.9762935385 123232.3025736818
124892.3746400000 131733.1283214091
125695.4835153846 126440.1613464091
124731.7528649231 127883.6977941364
134369.0593695384 126600.5542850455
130996.0020929231 127562.9119168637
133405.3287190769 119543.2649850454
129229.1625670769 125798.5895918637
128747.2972418461 128364.8766100455
130996.0020929231 128525.2695486818
127462.3230412308 124996.6248986818
130514.1367676923 126921.3401623182
132280.9762935385 133497.4506464091
133405.3287190769 123553.0884509546
133726.5722692308 125798.5895918637
135493.4117950769 134940.9870941364
135814.6553452308 117778.9426600455
128104.8101415385 131251.9495055000
126177.3488406154 126279.7684077727
126177.3488406154 127402.5189782273
132120.3545184615 118901.6932305000
125052.9964150769 125798.5895918637
139508.9561720000 131893.5212600455
127301.7012661538 128364.8766100455
132120.3545184615 125958.9825305000
134208.4375944615 134780.5941555000
136778.3859956923 125958.9825305000
131638.4891932308 132535.0930145909
133726.5722692308 124355.0531441364
125213.6181901538 126119.3754691364
136778.3859956923 131572.7353827727
139669.5779470769 131091.5565668636
124892.3746400000 130449.9848123182
137099.6295458461 132535.0930145909
137420.8730960000 130129.1989350455
134850.9246947692 120826.4084941364
128265.4319166154 122590.7308191364
130996.0020929231 121628.3731873182
126337.9706156923 133818.2365236818
132923.4633938461 121628.3731873182
130996.0020929231 124996.6248986818
132762.8416187692 132053.9141986818
134047.8158193846 117618.5497214091
138705.8472966154 130129.1989350455
130835.3803178462 129166.8413032273
128265.4319166154 127883.6977941364
124731.7528649231 130610.3777509546
139027.0908467692 133016.2718305000
137581.4948710769 116656.1920895909
130032.2714424615 133176.6647691364
132441.5980686154 133978.6294623182
137260.2513209231 129808.4130577727
135654.0335701538 127723.3048555000
130835.3803178462 129327.2342418636
128265.4319166154 133337.0577077727
125534.8617403077 133016.2718305000
136135.8988953846 116976.9779668636
127141.0794910769 128204.4836714091
133565.9504941538 129487.6271805000
124731.7528649231 132053.9141986818
132120.3545184615 121147.1943714091
131156.6238680000 130610.3777509546
125856.1052904615 132855.8788918637
136617.7642206154 125638.1966532273
133244.7069440000 132695.4859532273
128907.9190169231 131572.7353827727
137420.8730960000 131412.3424441364
134690.3029196923 125638.1966532273
128265.4319166154 124194.6602055000
130192.8932175385 126600.5542850455
135654.0335701538 116816.5850282273
127622.9448163077 131091.5565668636
133084.0851689231 124355.0531441364

133084.0851689231 134459.8082782273
126016.7270655384 134299.4153395909
126980.4577160000 134139.0224009545
128265.4319166154 133337.0577077727
129871.6496673846 133337.0577077727
125374.2399652308 133176.6647691364
133565.9504941538 133016.2718305000
138063.3601963077 133016.2718305000
125856.1052904615 132855.8788918637
133084.0851689231 132695.4859532273
137099.6295458461 132535.0930145909
128426.0536916923 132374.7000759546
125213.6181901538 132053.9141986818
124892.3746400000 131733.1283214091
137260.2513209231 131733.1283214091
137099.6295458461 131412.3424441364
138384.6037464615 131412.3424441364
131638.4891932308 131091.5565668636
132602.2198436923 131091.5565668636
138866.4690716923 130289.5918736818
131959.7327433846 130129.1989350455
129711.0278923077 129968.8059964091
130835.3803178462 129968.8059964091
134690.3029196923 129808.4130577727
124892.3746400000 129648.0201191364
128907.9190169231 129487.6271805000
134208.4375944615 129487.6271805000
138223.9819713846 129166.8413032273
133565.9504941538 129006.4483645909
137099.6295458461 129006.4483645909
129229.1625670769 128525.2695486818
131799.1109683077 128364.8766100455
130353.5149926154 127723.3048555000
136778.3859956923 127723.3048555000
133726.5722692308 127242.1260395909
135332.7900200000 127081.7331009546
137420.8730960000 127081.7331009546
134369.0593695384 126600.5542850455
125213.6181901538 126119.3754691364
136457.1424455385 125958.9825305000
133726.5722692308 125798.5895918637
128104.8101415385 125157.0178373182
127462.3230412308 124996.6248986818
129871.6496673846 124996.6248986818
129711.0278923077 124675.8390214091
132441.5980686154 123713.4813895909
133887.1940443077 121788.7661259545
133405.3287190769 121307.5873100455
130674.7585427692 120345.2296782273
131638.4891932308 119543.2649850454
135814.6553452308 119222.4791077727
136778.3859956923 118260.1214759545
135332.7900200000 118099.7285373182
136457.1424455385 118099.7285373182
136778.3859956923 118099.7285373182
135654.0335701538 116816.5850282273
135654.0335701538 116495.7991509546
130996.0020929231 124996.6248986818
134369.0593695384 118420.5144145909
132280.9762935385 123232.3025736818
135172.1682449231 131893.5212600455
138384.6037464615 129006.4483645909
133084.0851689231 133818.2365236818
132923.4633938461 119382.8720464091
134850.9246947692 117137.3709055000
124731.7528649231 127883.6977941364
126659.2141658462 126119.3754691364
138705.8472966154 131412.3424441364
134850.9246947692 116495.7991509546
128265.4319166154 129006.4483645909
131638.4891932308 132535.0930145909
131317.2456430769 119703.6579236818
131156.6238680000 130610.3777509546
139508.9561720000 131893.5212600455
137099.6295458461 118099.7285373182
129711.0278923077 132535.0930145909
135654.0335701538 116335.4062123182
129871.6496673846 129166.8413032273
131317.2456430769 120505.6226168636
135654.0335701538 126921.3401623182
133084.0851689231 124355.0531441364
129229.1625670769 125157.0178373182
134850.9246947692 120826.4084941364
126819.8359409231 133978.6294623182
130835.3803178462 126119.3754691364
135814.6553452308 117778.9426600455
132280.9762935385 133497.4506464091
136457.1424455385 132695.4859532273
136778.3859956923 125958.9825305000
125213.6181901538 132214.3071373182
130835.3803178462 129327.2342418636
128265.4319166154 127883.6977941364
125534.8617403077 132214.3071373182
131799.1109683077 131251.9495055000
127622.9448163077 131733.1283214091
125052.9964150769 128846.0554259545
133887.1940443077 126279.7684077727
135011.5464698462 133176.6647691364
127622.9448163077 132374.7000759546
129068.5407920000 128204.4836714091
130835.3803178462 132214.3071373182
133405.3287190769 123553.0884509546
133405.3287190769 131251.9495055000
131638.4891932308 121467.9802486818
136778.3859956923 126600.5542850455
125695.4835153846 129166.8413032273
131959.7327433846 133176.6647691364
137420.8730960000 127883.6977941364
132602.2198436923 134139.0224009545
128104.8101415385 129648.0201191364
126337.9706156923 129166.8413032273
133405.3287190769 134620.2012168636
132923.4633938461 121628.3731873182
132762.8416187692 125317.4107759545
135975.2771203077 134139.0224009545
128907.9190169231 124996.6248986818
129389.7843421539 121788.7661259545
133565.9504941538 129487.6271805000
127462.3230412308 130931.1636282273
134690.3029196923 125638.1966532273
133084.0851689231 124675.8390214091
134690.3029196923 134139.0224009545
130514.1367676923 126921.3401623182
124571.1310898462 130610.3777509546
126177.3488406154 131251.9495055000
132602.2198436923 121307.5873100455
129229.1625670769 129166.8413032273
138063.3601963077 131091.5565668636
132120.3545184615 128846.0554259545
137902.7384212308 131893.5212600455
123928.6439895385 126760.9472236818
136296.5206704615 127883.6977941364
137260.2513209231 129808.4130577727
137420.8730960000 127402.5189782273
128265.4319166154 122590.7308191364

135332.7900200000 134780.5941555000
133084.0851689231 134459.8082782273
132602.2198436923 134139.0224009545
134690.3029196923 134139.0224009545
133084.0851689231 133818.2365236818
132280.9762935385 133497.4506464091
129871.6496673846 133337.0577077727
130353.5149926154 133337.0577077727
132120.3545184615 133337.0577077727
133084.0851689231 133337.0577077727
125374.2399652308 133176.6647691364
135493.4117950769 133176.6647691364
128265.4319166154 132855.8788918637
133084.0851689231 132695.4859532273
135172.1682449231 132695.4859532273
136457.1424455385 132695.4859532273
129068.5407920000 132535.0930145909
131638.4891932308 132535.0930145909
125052.9964150769 132374.7000759546
128426.0536916923 132374.7000759546
125534.8617403077 132214.3071373182
135975.2771203077 132214.3071373182
136617.7642206154 131412.3424441364
138384.6037464615 131412.3424441364
138705.8472966154 131412.3424441364
124571.1310898462 130610.3777509546
129550.4061172308 130610.3777509546
131959.7327433846 130129.1989350455
130835.3803178462 129968.8059964091
132923.4633938461 129648.0201191364
130835.3803178462 129327.2342418636
131799.1109683077 129166.8413032273
138063.3601963077 128846.0554259545
137902.7384212308 128685.6624873182
129068.5407920000 128364.8766100455
136778.3859956923 127723.3048555000
137742.1166461539 127723.3048555000
125374.2399652308 127562.9119168637
126177.3488406154 127402.5189782273
128907.9190169231 127402.5189782273
135654.0335701538 127402.5189782273
136778.3859956923 127242.1260395909
135332.7900200000 127081.7331009546
136135.8988953846 127081.7331009546
123928.6439895385 126760.9472236818
124731.7528649231 126119.3754691364
136778.3859956923 125958.9825305000
125695.4835153846 125798.5895918637
130996.0020929231 125638.1966532273
131959.7327433846 125477.8037145909
129711.0278923077 124675.8390214091
128265.4319166154 122590.7308191364
129229.1625670769 122269.9449418636
132923.4633938461 121628.3731873182
134850.9246947692 120826.4084941364
132280.9762935385 120666.0155555000
131477.8674181539 120345.2296782273
134529.6811446154 119864.0508623182
131638.4891932308 119543.2649850454
133405.3287190769 119543.2649850454
132602.2198436923 119062.0861691364
136457.1424455385 118099.7285373182
135654.0335701538 116816.5850282273
134850.9246947692 116495.7991509546
135654.0335701538 116335.4062123182
135172.1682449231 124515.4460827727
137420.8730960000 130129.1989350455
128426.0536916923 124836.2319600455
134369.0593695384 132855.8788918637
126659.2141658462 126119.3754691364
127462.3230412308 132855.8788918637
136778.3859956923 118099.7285373182
125534.8617403077 131572.7353827727
135493.4117950769 127242.1260395909
130353.5149926154 124355.0531441364
134369.0593695384 118420.5144145909
136457.1424455385 116495.7991509546
127462.3230412308 126279.7684077727
129871.6496673846 132855.8788918637
127622.9448163077 132374.7000759546
136457.1424455385 127242.1260395909
138384.6037464615 131893.5212600455
133405.3287190769 126760.9472236818
130032.2714424615 124355.0531441364
126498.5923907692 127402.5189782273
134850.9246947692 117939.3355986818
133887.1940443077 121788.7661259545
132602.2198436923 124836.2319600455
124892.3746400000 130449.9848123182
136457.1424455385 125157.0178373182
125213.6181901538 126119.3754691364
137260.2513209231 131733.1283214091
131477.8674181539 130449.9848123182
137420.8730960000 131412.3424441364
130996.0020929231 127562.9119168637
135975.2771203077 132855.8788918637
133726.5722692308 133176.6647691364
134529.6811446154 127081.7331009546
125213.6181901538 132053.9141986818
138063.3601963077 133016.2718305000
131156.6238680000 126440.1613464091
129068.5407920000 128204.4836714091
131317.2456430769 125638.1966532273
134850.9246947692 132535.0930145909
128104.8101415385 127242.1260395909
135011.5464698462 117137.3709055000
130835.3803178462 126600.5542850455
131959.7327433846 133176.6647691364
130674.7585427692 121949.1590645909
132441.5980686154 133978.6294623182
139508.9561720000 131893.5212600455
129871.6496673846 127081.7331009546
133726.5722692308 127242.1260395909
135814.6553452308 116976.9779668636
131317.2456430769 119703.6579236818
136778.3859956923 125638.1966532273
134850.9246947692 120184.8367395909
124731.7528649231 132053.9141986818
127944.1883664615 129808.4130577727
129068.5407920000 130449.9848123182
126337.9706156923 128685.6624873182
137260.2513209231 127402.5189782273
133726.5722692308 129166.8413032273
138223.9819713846 129166.8413032273
126980.4577160000 134139.0224009545
139027.0908467692 133016.2718305000
136778.3859956923 126600.5542850455
132602.2198436923 131091.5565668636
136939.0077707692 132855.8788918637
126337.9706156923 125157.0178373182
125856.1052904615 132855.8788918637
125374.2399652308 134299.4153395909
127301.7012661538 126119.3754691364
132602.2198436923 121467.9802486818
135011.5464698462 133176.6647691364

131799.1109683077 120184.8367395909
128907.9190169231 122109.5520032273
128265.4319166154 126600.5542850455
127301.7012661538 124355.0531441364
130353.5149926154 132214.3071373182
136457.1424455385 116495.7991509546
131156.6238680000 128685.6624873182
126016.7270655384 130449.9848123182
127944.1883664615 126760.9472236818
130996.0020929231 131893.5212600455
128426.0536916923 125317.4107759545
130192.8932175385 127081.7331009546
135814.6553452308 129968.8059964091
127141.0794910769 124034.2672668636
125695.4835153846 133657.8435850455
135814.6553452308 119382.8720464091
128907.9190169231 128204.4836714091
134369.0593695384 124194.6602055000
137742.1166461539 133978.6294623182
126659.2141658462 131412.3424441364
129550.4061172308 127883.6977941364
130835.3803178462 123873.8743282273
133244.7069440000 122751.1237577727
132120.3545184615 122269.9449418636
133887.1940443077 122109.5520032273
128747.2972418461 128846.0554259545
134369.0593695384 122109.5520032273
139669.5779470769 131733.1283214091
129068.5407920000 132695.4859532273
127783.5665913846 127723.3048555000
135172.1682449231 127562.9119168637
133887.1940443077 134620.2012168636
127944.1883664615 128044.0907327727
133887.1940443077 117458.1567827727
128104.8101415385 128525.2695486818
125695.4835153846 133176.6647691364
135654.0335701538 124515.4460827727
136135.8988953846 118580.9073532273
138545.2255215385 129968.8059964091
125856.1052904615 135101.3800327728
133565.9504941538 133978.6294623182
134208.4375944615 119222.4791077727
133244.7069440000 119222.4791077727
133244.7069440000 124194.6602055000
137902.7384212308 132535.0930145909
127944.1883664615 124194.6602055000
130674.7585427692 129968.8059964091
125856.1052904615 127242.1260395909
133084.0851689231 126921.3401623182
128747.2972418461 124515.4460827727
131959.7327433846 127242.1260395909
125213.6181901538 126760.9472236818
129871.6496673846 121949.1590645909
128747.2972418461 124836.2319600455
134047.8158193846 123392.6955123182
126980.4577160000 129968.8059964091
135172.1682449231 132855.8788918637
129068.5407920000 122911.5166964091
124249.8875396923 127562.9119168637
130996.0020929231 122269.9449418636
134690.3029196923 126279.7684077727
131477.8674181539 130610.3777509546
135654.0335701538 129327.2342418636
129550.4061172308 121467.9802486818
131477.8674181539 125798.5895918637
139348.3343969231 130770.7706895909
126337.9706156923 125477.8037145909
126819.8359409231 125638.1966532273
135654.0335701538 133657.8435850455
134690.3029196923 130931.1636282273
126337.9706156923 128685.6624873182
133565.9504941538 127402.5189782273
132923.4633938461 119222.4791077727
139990.8214972308 132374.7000759546
125534.8617403077 134139.0224009545
134690.3029196923 123232.3025736818
131959.7327433846 127402.5189782273
134690.3029196923 116495.7991509546
137099.6295458461 116495.7991509546
127462.3230412308 125638.1966532273
134850.9246947692 116816.5850282273
126980.4577160000 124836.2319600455
139187.7126218461 131893.5212600455
129871.6496673846 130449.9848123182
138866.4690716923 133176.6647691364
129229.1625670769 123071.9096350455
124249.8875396923 129166.8413032273
131959.7327433846 119062.0861691364
136617.7642206154 126119.3754691364
134369.0593695384 120184.8367395909
133565.9504941538 133657.8435850455
131799.1109683077 127242.1260395909
133726.5722692308 125477.8037145909
135011.5464698462 122590.7308191364
137420.8730960000 132695.4859532273
132280.9762935385 125958.9825305000
132602.2198436923 129006.4483645909
127783.5665913846 123713.4813895909
132923.4633938461 119062.0861691364
135493.4117950769 123553.0884509546
125213.6181901538 125958.9825305000
128265.4319166154 126279.7684077727
134850.9246947692 126440.1613464091
136457.1424455385 134459.8082782273
132923.4633938461 131572.7353827727
132762.8416187692 131091.5565668636
132441.5980686154 130289.5918736818
135493.4117950769 116816.5850282273
131959.7327433846 125638.1966532273
127622.9448163077 131091.5565668636
130996.0020929231 127562.9119168637
133244.7069440000 119703.6579236818
132441.5980686154 126440.1613464091
138384.6037464615 129648.0201191364
133084.0851689231 133978.6294623182
138063.3601963077 132535.0930145909
127622.9448163077 132053.9141986818
134850.9246947692 124034.2672668636
136457.1424455385 129166.8413032273
126659.2141658462 130770.7706895909
131317.2456430769 125958.9825305000
124892.3746400000 130129.1989350455
127783.5665913846 130129.1989350455
125213.6181901538 125798.5895918637
133405.3287190769 119382.8720464091
128104.8101415385 123232.3025736818
127783.5665913846 128204.4836714091
133244.7069440000 133978.6294623182
132441.5980686154 118741.3002918636
132120.3545184615 127081.7331009546
130353.5149926154 129968.8059964091
131156.6238680000 132695.4859532273
127462.3230412308 129006.4483645909
126819.8359409231 133978.6294623182
133244.7069440000 121467.9802486818

128907.9190169231 130931.1636282273
137420.8730960000 134299.4153395909
139348.3343969231 131733.1283214091
137581.4948710769 128685.6624873182
138545.2255215385 129808.4130577727
137099.6295458461 117297.7638441364
134690.3029196923 122269.9449418636
132120.3545184615 122751.1237577727
125374.2399652308 134620.2012168636
128907.9190169231 123232.3025736818
136135.8988953846 133657.8435850455
127141.0794910769 133978.6294623182
137099.6295458461 134459.8082782273
127301.7012661538 131893.5212600455
128104.8101415385 129648.0201191364
133244.7069440000 124996.6248986818
128426.0536916923 125157.0178373182
138223.9819713846 129327.2342418636
135332.7900200000 125317.4107759545
133726.5722692308 125477.8037145909
128586.6754667692 129648.0201191364
133084.0851689231 120666.0155555000
139669.5779470769 132855.8788918637
133726.5722692308 134299.4153395909
131638.4891932308 132695.4859532273
130192.8932175385 127562.9119168637
133084.0851689231 122109.5520032273
133887.1940443077 127081.7331009546
128426.0536916923 129006.4483645909
126177.3488406154 127723.3048555000
126337.9706156923 134299.4153395909
133726.5722692308 128525.2695486818
130674.7585427692 120345.2296782273
131156.6238680000 125317.4107759545
124892.3746400000 127562.9119168637
134369.0593695384 119703.6579236818
126498.5923907692 131572.7353827727
124892.3746400000 128846.0554259545
134529.6811446154 117297.7638441364
130996.0020929231 124675.8390214091
135975.2771203077 129968.8059964091
132280.9762935385 124194.6602055000
129871.6496673846 129808.4130577727
129550.4061172308 124836.2319600455
132280.9762935385 120024.4438009546
125213.6181901538 126279.7684077727
134047.8158193846 132855.8788918637
131477.8674181539 130449.9848123182
135975.2771203077 133016.2718305000
136457.1424455385 134139.0224009545
135172.1682449231 132053.9141986818
132120.3545184615 127723.3048555000
133887.1940443077 119062.0861691364
135814.6553452308 116816.5850282273
132280.9762935385 131572.7353827727
128426.0536916923 133337.0577077727
135332.7900200000 116495.7991509546
132762.8416187692 120666.0155555000
133244.7069440000 121307.5873100455
134369.0593695384 120505.6226168636
138063.3601963077 128204.4836714091
126498.5923907692 124675.8390214091
127783.5665913846 132695.4859532273
129389.7843421539 129648.0201191364
128265.4319166154 130610.3777509546
124410.5093147692 128525.2695486818
132923.4633938461 120345.2296782273
128586.6754667692 122430.3378805000
130835.3803178462 132214.3071373182
127783.5665913846 130931.1636282273
125052.9964150769 129166.8413032273
132120.3545184615 120184.8367395909
131799.1109683077 133016.2718305000
134047.8158193846 119222.4791077727
124571.1310898462 128846.0554259545
129229.1625670769 123071.9096350455
130353.5149926154 132855.8788918637
125534.8617403077 133497.4506464091
135654.0335701538 132374.7000759546
138384.6037464615 133657.8435850455
126177.3488406154 125317.4107759545
136939.0077707692 127723.3048555000
126819.8359409231 128364.8766100455
133244.7069440000 123071.9096350455
126498.5923907692 131091.5565668636
137902.7384212308 134139.0224009545
128586.6754667692 122269.9449418636
129550.4061172308 122430.3378805000
133084.0851689231 122430.3378805000
126177.3488406154 130449.9848123182
133084.0851689231 134459.8082782273
130353.5149926154 122751.1237577727
130514.1367676923 129808.4130577727
128104.8101415385 131733.1283214091
134529.6811446154 129648.0201191364
124410.5093147692 129808.4130577727
133887.1940443077 131251.9495055000
125213.6181901538 125798.5895918637
137260.2513209231 116495.7991509546
124410.5093147692 130770.7706895909
135493.4117950769 123873.8743282273
130192.8932175385 129648.0201191364
126819.8359409231 134459.8082782273
125695.4835153846 130770.7706895909
139187.7126218461 133016.2718305000
135172.1682449231 129327.2342418636
133084.0851689231 118741.3002918636
132120.3545184615 133016.2718305000
125534.8617403077 131572.7353827727
128907.9190169231 131572.7353827727
135654.0335701538 117939.3355986818
135172.1682449231 120184.8367395909
125374.2399652308 128685.6624873182
133726.5722692308 123553.0884509546
132280.9762935385 121949.1590645909
131477.8674181539 124675.8390214091
139187.7126218461 130770.7706895909
133405.3287190769 126760.9472236818
132923.4633938461 119703.6579236818
133405.3287190769 133176.6647691364
135493.4117950769 129166.8413032273
135493.4117950769 130931.1636282273
126659.2141658462 129006.4483645909
126016.7270655384 134299.4153395909
138063.3601963077 129006.4483645909
140312.0650473846 132374.7000759546
135975.2771203077 125958.9825305000
134850.9246947692 117137.3709055000
129711.0278923077 127883.6977941364
128907.9190169231 124355.0531441364
135654.0335701538 127723.3048555000
129711.0278923077 128364.8766100455
131799.1109683077 128685.6624873182
129711.0278923077 124996.6248986818
134369.0593695384 119864.0508623182

134208.4375944615 134780.5941555000
135332.7900200000 134780.5941555000
136939.0077707692 134780.5941555000
133084.0851689231 134459.8082782273
135332.7900200000 134139.0224009545
136778.3859956923 133978.6294623182
133084.0851689231 133818.2365236818
126980.4577160000 133497.4506464091
132280.9762935385 133497.4506464091
128265.4319166154 133337.0577077727
130032.2714424615 133176.6647691364
131638.4891932308 133016.2718305000
138063.3601963077 133016.2718305000
125856.1052904615 132855.8788918637
129871.6496673846 132855.8788918637
131638.4891932308 132535.0930145909
128426.0536916923 132374.7000759546
129229.1625670769 132374.7000759546
135172.1682449231 131893.5212600455
139508.9561720000 131893.5212600455
124892.3746400000 131733.1283214091
137099.6295458461 131412.3424441364
138384.6037464615 131412.3424441364
131638.4891932308 131091.5565668636
138384.6037464615 130931.1636282273
137420.8730960000 130129.1989350455
136778.3859956923 129808.4130577727
128907.9190169231 129487.6271805000
133565.9504941538 129487.6271805000
127462.3230412308 129327.2342418636
128747.2972418461 129327.2342418636
137099.6295458461 129006.4483645909
137742.1166461539 128525.2695486818
129068.5407920000 128364.8766100455
127141.0794910769 128204.4836714091
124731.7528649231 127883.6977941364
128265.4319166154 127883.6977941364
135011.5464698462 127883.6977941364
137420.8730960000 127883.6977941364
130353.5149926154 127723.3048555000
124410.5093147692 127402.5189782273
137260.2513209231 127402.5189782273
135493.4117950769 127242.1260395909
135332.7900200000 127081.7331009546
125695.4835153846 126440.1613464091
127462.3230412308 126279.7684077727
129871.6496673846 124996.6248986818
132441.5980686154 123713.4813895909
128586.6754667692 123553.0884509546
129389.7843421539 121788.7661259545
132762.8416187692 121788.7661259545
131638.4891932308 121467.9802486818
132280.9762935385 120826.4084941364
134850.9246947692 120826.4084941364
135332.7900200000 120505.6226168636
131317.2456430769 119703.6579236818
131638.4891932308 119543.2649850454
132602.2198436923 119062.0861691364
134850.9246947692 117137.3709055000
136135.8988953846 116976.9779668636
135654.0335701538 116816.5850282273
134850.9246947692 116495.7991509546
131638.4891932308 129166.8413032273
127462.3230412308 124996.6248986818
124249.8875396923 129327.2342418636
131799.1109683077 126119.3754691364
125213.6181901538 132214.3071373182
130514.1367676923 126921.3401623182
138223.9819713846 129166.8413032273
138223.9819713846 132053.9141986818
137420.8730960000 127402.5189782273
129068.5407920000 130289.5918736818
134047.8158193846 117137.3709055000
128104.8101415385 125157.0178373182
136457.1424455385 127242.1260395909
132762.8416187692 120345.2296782273
134690.3029196923 134139.0224009545
137099.6295458461 118099.7285373182
132602.2198436923 131091.5565668636
125052.9964150769 125798.5895918637
129229.1625670769 128525.2695486818
128907.9190169231 131572.7353827727
134047.8158193846 120505.6226168636
134369.0593695384 132855.8788918637
126659.2141658462 126119.3754691364
130674.7585427692 120345.2296782273
134529.6811446154 130931.1636282273
131799.1109683077 131251.9495055000
133726.5722692308 125798.5895918637
134529.6811446154 120826.4084941364
131477.8674181539 120345.2296782273
125374.2399652308 134299.4153395909
126980.4577160000 134139.0224009545
133244.7069440000 120345.2296782273
128265.4319166154 122590.7308191364
137742.1166461539 128685.6624873182
130192.8932175385 125317.4107759545
135975.2771203077 132855.8788918637
135493.4117950769 133176.6647691364
127783.5665913846 131893.5212600455
132280.9762935385 123232.3025736818
133565.9504941538 129006.4483645909
135975.2771203077 134139.0224009545
125695.4835153846 131412.3424441364
132120.3545184615 121147.1943714091
138223.9819713846 133016.2718305000
124892.3746400000 130449.9848123182
136778.3859956923 127242.1260395909
131156.6238680000 132535.0930145909
135654.0335701538 116335.4062123182
131317.2456430769 120505.6226168636
130835.3803178462 129968.8059964091
126498.5923907692 126921.3401623182
131477.8674181539 121147.1943714091
133887.1940443077 119382.8720464091
129871.6496673846 129006.4483645909
129550.4061172308 132214.3071373182
123928.6439895385 126760.9472236818
129229.1625670769 125157.0178373182
125052.9964150769 128846.0554259545
136778.3859956923 125958.9825305000
133084.0851689231 124355.0531441364
135975.2771203077 128846.0554259545
132120.3545184615 126440.1613464091
127944.1883664615 130610.3777509546
131156.6238680000 130610.3777509546
132120.3545184615 133337.0577077727
130996.0020929231 124996.6248986818
130996.0020929231 121628.3731873182
128586.6754667692 131893.5212600455
139348.3343969231 132053.9141986818
133405.3287190769 126921.3401623182
128586.6754667692 126921.3401623182
134529.6811446154 131893.5212600455
126016.7270655384 126600.5542850455

128104.8101415385 124034.2672668636
134850.9246947692 129808.4130577727
132120.3545184615 129808.4130577727
129711.0278923077 126279.7684077727
125695.4835153846 131091.5565668636
134850.9246947692 131893.5212600455
134850.9246947692 122430.3378805000
128586.6754667692 129968.8059964091
129229.1625670769 124675.8390214091
134047.8158193846 118099.7285373182
127462.3230412308 130129.1989350455
133405.3287190769 118580.9073532273
132280.9762935385 126119.3754691364
134369.0593695384 123873.8743282273
130996.0020929231 122109.5520032273
126819.8359409231 130770.7706895909
133244.7069440000 125798.5895918637
128426.0536916923 131893.5212600455
138545.2255215385 130770.7706895909
129711.0278923077 121467.9802486818
132762.8416187692 120986.8014327727
134047.8158193846 129968.8059964091
130996.0020929231 132535.0930145909
128586.6754667692 132695.4859532273
135172.1682449231 124034.2672668636
125534.8617403077 134299.4153395909
127944.1883664615 132214.3071373182
130674.7585427692 123232.3025736818
134850.9246947692 124355.0531441364
127141.0794910769 130449.9848123182
134047.8158193846 128525.2695486818
135332.7900200000 125477.8037145909
125534.8617403077 130449.9848123182
128104.8101415385 123713.4813895909
130514.1367676923 128685.6624873182
128907.9190169231 128364.8766100455
134369.0593695384 123071.9096350455
131638.4891932308 130610.3777509546
135011.5464698462 122911.5166964091
129871.6496673846 124194.6602055000
130674.7585427692 130610.3777509546
127301.7012661538 129487.6271805000
134208.4375944615 134940.9870941364
133565.9504941538 118099.7285373182
135814.6553452308 135261.7729714091
125856.1052904615 131091.5565668636
135172.1682449231 133657.8435850455
137902.7384212308 131733.1283214091
130514.1367676923 128364.8766100455
138545.2255215385 129968.8059964091
135332.7900200000 126119.3754691364
134690.3029196923 121147.1943714091
138866.4690716923 130931.1636282273
127944.1883664615 128364.8766100455
130996.0020929231 124034.2672668636
131638.4891932308 128525.2695486818
126337.9706156923 133497.4506464091
131477.8674181539 124355.0531441364
131959.7327433846 131893.5212600455
133244.7069440000 120024.4438009546
133405.3287190769 132695.4859532273
127462.3230412308 125477.8037145909
131959.7327433846 132214.3071373182
132280.9762935385 124194.6602055000
127141.0794910769 131412.3424441364
132762.8416187692 119543.2649850454
126659.2141658462 124515.4460827727
134047.8158193846 125477.8037145909
129229.1625670769 126440.1613464091
136617.7642206154 126921.3401623182
126498.5923907692 126600.5542850455
136457.1424455385 133016.2718305000
130353.5149926154 124194.6602055000
139027.0908467692 129968.8059964091
131317.2456430769 120826.4084941364
135493.4117950769 118580.9073532273
132120.3545184615 133657.8435850455
135975.2771203077 134299.4153395909
130192.8932175385 123873.8743282273
124410.5093147692 130129.1989350455
136457.1424455385 129968.8059964091
136617.7642206154 118420.5144145909
129871.6496673846 128846.0554259545
129068.5407920000 127081.7331009546
130674.7585427692 127723.3048555000
133405.3287190769 125798.5895918637
129550.4061172308 123071.9096350455
137420.8730960000 116495.7991509546
137420.8730960000 116816.5850282273
130192.8932175385 127723.3048555000
135654.0335701538 134620.2012168636
134850.9246947692 117939.3355986818
133887.1940443077 118901.6932305000
135814.6553452308 132695.4859532273
126980.4577160000 133818.2365236818
135172.1682449231 127562.9119168637
125695.4835153846 128846.0554259545
134047.8158193846 123232.3025736818
134850.9246947692 126921.3401623182
134850.9246947692 118260.1214759545
128104.8101415385 132374.7000759546
131156.6238680000 133657.8435850455
124249.8875396923 126600.5542850455
134850.9246947692 117458.1567827727
129871.6496673846 132374.7000759546
132923.4633938461 119703.6579236818
134850.9246947692 125638.1966532273
134529.6811446154 134620.2012168636
136778.3859956923 133818.2365236818
124571.1310898462 126760.9472236818
128907.9190169231 124836.2319600455
136617.7642206154 117618.5497214091
131477.8674181539 127883.6977941364
124410.5093147692 126440.1613464091
132120.3545184615 132695.4859532273
133726.5722692308 120184.8367395909
130032.2714424615 125638.1966532273
137420.8730960000 134139.0224009545
126980.4577160000 124194.6602055000
136939.0077707692 117458.1567827727
131799.1109683077 131733.1283214091
135011.5464698462 124515.4460827727
133565.9504941538 131412.3424441364
129871.6496673846 127562.9119168637
134208.4375944615 129006.4483645909
125374.2399652308 134780.5941555000
131959.7327433846 130610.3777509546
127462.3230412308 125317.4107759545
138866.4690716923 129968.8059964091
126819.8359409231 127723.3048555000
138063.3601963077 128364.8766100455
133244.7069440000 132214.3071373182
132602.2198436923 119062.0861691364
126337.9706156923 130931.1636282273
137420.8730960000 133657.8435850455

134369.0593695384 127242.1260395909
128265.4319166154 133657.8435850455
131317.2456430769 125798.5895918637
126016.7270655384 128525.2695486818
135493.4117950769 125317.4107759545
134369.0593695384 133497.4506464091
129389.7843421539 121949.1590645909
132441.5980686154 129006.4483645909
135814.6553452308 134139.0224009545
133887.1940443077 126600.5542850455
139187.7126218461 130129.1989350455
137260.2513209231 131091.5565668636
127783.5665913846 126279.7684077727
128265.4319166154 124515.4460827727
124571.1310898462 128044.0907327727
132120.3545184615 118901.6932305000
135493.4117950769 116656.1920895909
127622.9448163077 123553.0884509546
134208.4375944615 119543.2649850454
138223.9819713846 133497.4506464091
136617.7642206154 131893.5212600455
133565.9504941538 122590.7308191364
132120.3545184615 130770.7706895909
130674.7585427692 123071.9096350455
126498.5923907692 129006.4483645909
133887.1940443077 131893.5212600455
131156.6238680000 121628.3731873182
138545.2255215385 132053.9141986818
132120.3545184615 126760.9472236818
133084.0851689231 126921.3401623182
130514.1367676923 131572.7353827727
126498.5923907692 131572.7353827727
128586.6754667692 128525.2695486818
131959.7327433846 132053.9141986818
136778.3859956923 128044.0907327727
133726.5722692308 119222.4791077727
125052.9964150769 129327.2342418636
132923.4633938461 124675.8390214091
132602.2198436923 119864.0508623182
128104.8101415385 126119.3754691364
134690.3029196923 133497.4506464091
126498.5923907692 130931.1636282273
126016.7270655384 134780.5941555000
136617.7642206154 131733.1283214091
128747.2972418461 124515.4460827727
127141.0794910769 132053.9141986818
137260.2513209231 133978.6294623182
136617.7642206154 132695.4859532273
130996.0020929231 121949.1590645909
126177.3488406154 131733.1283214091
127944.1883664615 128846.0554259545
134369.0593695384 134780.5941555000
128265.4319166154 130129.1989350455
125695.4835153846 133497.4506464091
124249.8875396923 126921.3401623182
125213.6181901538 131733.1283214091
133405.3287190769 118901.6932305000
135975.2771203077 117297.7638441364
132602.2198436923 127242.1260395909
135493.4117950769 128204.4836714091
131638.4891932308 124675.8390214091
132762.8416187692 130449.9848123182
137581.4948710769 132053.9141986818
128426.0536916923 123873.8743282273
131959.7327433846 129808.4130577727
136135.8988953846 118420.5144145909
132762.8416187692 118580.9073532273
127301.7012661538 133497.4506464091
136778.3859956923 127402.5189782273
134369.0593695384 116816.5850282273
136617.7642206154 125958.9825305000
125856.1052904615 128846.0554259545
130835.3803178462 128364.8766100455
136296.5206704615 126440.1613464091
137260.2513209231 117458.1567827727
133726.5722692308 119864.0508623182
138866.4690716923 132855.8788918637
134850.9246947692 119062.0861691364
123928.6439895385 126760.9472236818
126016.7270655384 125477.8037145909
135172.1682449231 129808.4130577727
139830.1997221539 132374.7000759546
130192.8932175385 130129.1989350455
135332.7900200000 133497.4506464091
125856.1052904615 127402.5189782273
131959.7327433846 122911.5166964091
126498.5923907692 124836.2319600455
132923.4633938461 133016.2718305000
126819.8359409231 131733.1283214091
133405.3287190769 125317.4107759545
129229.1625670769 130770.7706895909
139508.9561720000 132695.4859532273
137099.6295458461 128364.8766100455
135654.0335701538 131733.1283214091
137420.8730960000 127402.5189782273
131959.7327433846 130610.3777509546
129229.1625670769 123232.3025736818
129711.0278923077 127402.5189782273
127944.1883664615 131091.5565668636
133726.5722692308 125477.8037145909
132120.3545184615 128204.4836714091
128426.0536916923 132374.7000759546
133084.0851689231 118580.9073532273
129068.5407920000 128204.4836714091
135814.6553452308 117458.1567827727
134850.9246947692 130931.1636282273
128907.9190169231 129487.6271805000
134850.9246947692 128044.0907327727
125534.8617403077 129648.0201191364
125213.6181901538 129166.8413032273
138223.9819713846 129006.4483645909
130192.8932175385 123392.6955123182
137902.7384212308 133818.2365236818
126659.2141658462 131572.7353827727
131799.1109683077 122269.9449418636
127622.9448163077 130770.7706895909
132762.8416187692 123713.4813895909
131156.6238680000 130931.1636282273
132120.3545184615 127242.1260395909
134690.3029196923 124355.0531441364
133887.1940443077 134459.8082782273
136296.5206704615 125638.1966532273
132762.8416187692 127562.9119168637
134369.0593695384 125958.9825305000
132441.5980686154 130770.7706895909
135975.2771203077 125638.1966532273
132441.5980686154 132214.3071373182
131477.8674181539 126119.3754691364
134529.6811446154 123553.0884509546
132602.2198436923 133497.4506464091
138063.3601963077 116816.5850282273
130835.3803178462 121307.5873100455
132280.9762935385 132053.9141986818
135332.7900200000 119222.4791077727
137581.4948710769 116656.1920895909

126659.2141658462 131251.9495055000
138705.8472966154 129166.8413032273
131638.4891932308 132855.8788918637
133244.7069440000 123873.8743282273
133726.5722692308 124836.2319600455
139508.9561720000 132535.0930145909
132762.8416187692 131251.9495055000
131156.6238680000 122430.3378805000
132280.9762935385 119222.4791077727
136457.1424455385 116656.1920895909
128907.9190169231 131572.7353827727
132602.2198436923 124836.2319600455
139348.3343969231 130931.1636282273
131156.6238680000 126600.5542850455
129711.0278923077 122590.7308191364
129550.4061172308 133176.6647691364
130674.7585427692 123553.0884509546
134690.3029196923 127081.7331009546
135654.0335701538 129166.8413032273
132762.8416187692 133818.2365236818
136135.8988953846 130289.5918736818
129389.7843421539 122590.7308191364
125534.8617403077 131572.7353827727
137099.6295458461 131733.1283214091
131477.8674181539 129006.4483645909
126819.8359409231 129487.6271805000
130353.5149926154 127562.9119168637
136296.5206704615 129808.4130577727
129229.1625670769 128685.6624873182
132280.9762935385 122430.3378805000
131638.4891932308 128044.0907327727
136296.5206704615 124996.6248986818
128747.2972418461 126279.7684077727
126337.9706156923 129006.4483645909
128265.4319166154 123392.6955123182
133084.0851689231 132855.8788918637
127301.7012661538 131733.1283214091
135172.1682449231 125317.4107759545
136778.3859956923 126760.9472236818
133887.1940443077 117618.5497214091
135654.0335701538 133978.6294623182
132120.3545184615 128364.8766100455
129550.4061172308 128685.6624873182
138866.4690716923 133016.2718305000
136778.3859956923 125958.9825305000
126819.8359409231 125157.0178373182
134529.6811446154 134459.8082782273
126337.9706156923 129808.4130577727
132923.4633938461 119543.2649850454
126819.8359409231 131733.1283214091
130514.1367676923 127723.3048555000
125534.8617403077 132535.0930145909
135011.5464698462 124034.2672668636
135011.5464698462 124675.8390214091
130353.5149926154 130449.9848123182
131317.2456430769 121147.1943714091
136939.0077707692 128525.2695486818
138545.2255215385 130449.9848123182
135493.4117950769 129648.0201191364
127141.0794910769 132053.9141986818
131638.4891932308 128846.0554259545
135814.6553452308 127081.7331009546
128426.0536916923 132374.7000759546
134047.8158193846 118099.7285373182
135975.2771203077 131733.1283214091
137902.7384212308 131251.9495055000
126337.9706156923 128364.8766100455
133565.9504941538 119864.0508623182
130835.3803178462 124355.0531441364
133887.1940443077 118420.5144145909
130674.7585427692 124034.2672668636
131477.8674181539 120024.4438009546
125856.1052904615 133818.2365236818
136296.5206704615 130770.7706895909
134529.6811446154 129648.0201191364
126659.2141658462 132374.7000759546
134047.8158193846 133657.8435850455
136296.5206704615 133016.2718305000
131638.4891932308 120184.8367395909
127141.0794910769 133978.6294623182
133084.0851689231 118420.5144145909
134850.9246947692 130931.1636282273
127783.5665913846 125798.5895918637
126819.8359409231 124034.2672668636
133244.7069440000 132053.9141986818
132280.9762935385 121467.9802486818
136296.5206704615 128525.2695486818
139508.9561720000 131412.3424441364
130192.8932175385 124515.4460827727
126016.7270655384 127723.3048555000
126177.3488406154 126600.5542850455
135493.4117950769 123713.4813895909
134369.0593695384 120345.2296782273
127622.9448163077 130770.7706895909
124571.1310898462 127723.3048555000
135654.0335701538 135422.1659100455
131959.7327433846 131412.3424441364
124410.5093147692 130770.7706895909
134529.6811446154 120505.6226168636
128907.9190169231 124355.0531441364
129068.5407920000 123873.8743282273
134529.6811446154 124034.2672668636
133887.1940443077 124355.0531441364
129550.4061172308 126600.5542850455
125052.9964150769 130931.1636282273
126016.7270655384 131733.1283214091
134690.3029196923 116816.5850282273
130192.8932175385 125317.4107759545
134690.3029196923 134780.5941555000
129871.6496673846 126921.3401623182
137099.6295458461 129006.4483645909
126177.3488406154 125798.5895918637
129871.6496673846 132535.0930145909
134690.3029196923 133657.8435850455
130674.7585427692 123071.9096350455
127944.1883664615 133978.6294623182
131959.7327433846 130129.1989350455
132441.5980686154 132535.0930145909
135975.2771203077 133337.0577077727
125695.4835153846 135101.3800327728
133244.7069440000 125157.0178373182
128907.9190169231 122911.5166964091
131799.1109683077 127562.9119168637
133244.7069440000 120505.6226168636
134208.4375944615 122911.5166964091
135814.6553452308 129808.4130577727
128747.2972418461 130289.5918736818
132762.8416187692 134459.8082782273
136939.0077707692 133497.4506464091
130674.7585427692 127883.6977941364
134208.4375944615 132535.0930145909
125374.2399652308 132374.7000759546
134690.3029196923 119703.6579236818
128747.2972418461 132053.9141986818
134850.9246947692 123873.8743282273

135332.7900200000 133657.8435850455
135332.7900200000 125317.4107759545
125695.4835153846 128846.0554259545
135975.2771203077 126921.3401623182
136296.5206704615 134459.8082782273
125534.8617403077 129968.8059964091
136135.8988953846 125157.0178373182
136135.8988953846 134139.0224009545
125856.1052904615 126279.7684077727
137581.4948710769 130610.3777509546
130674.7585427692 121949.1590645909
127622.9448163077 127242.1260395909
133565.9504941538 128364.8766100455
124410.5093147692 127402.5189782273
135814.6553452308 131893.5212600455
126177.3488406154 128204.4836714091
135172.1682449231 116656.1920895909
136778.3859956923 127562.9119168637
131959.7327433846 126760.9472236818
136778.3859956923 129487.6271805000
128265.4319166154 125638.1966532273
124089.2657646154 127242.1260395909
135654.0335701538 119062.0861691364
131638.4891932308 126921.3401623182
137902.7384212308 127883.6977941364
127301.7012661538 133337.0577077727
138545.2255215385 130129.1989350455
128426.0536916923 131733.1283214091
128426.0536916923 127883.6977941364
133565.9504941538 125798.5895918637
138384.6037464615 130289.5918736818
138384.6037464615 133176.6647691364
130514.1367676923 132855.8788918637
134529.6811446154 121949.1590645909
124731.7528649231 128685.6624873182
127783.5665913846 132535.0930145909
138063.3601963077 133978.6294623182
136296.5206704615 128846.0554259545
130835.3803178462 130129.1989350455
136296.5206704615 133337.0577077727
134369.0593695384 124034.2672668636
135814.6553452308 133497.4506464091
139027.0908467692 130449.9848123182
125695.4835153846 132214.3071373182
131156.6238680000 128525.2695486818
127462.3230412308 124996.6248986818
135654.0335701538 134299.4153395909
136778.3859956923 129166.8413032273
136617.7642206154 130610.3777509546
137099.6295458461 127723.3048555000
130996.0020929231 130610.3777509546
134208.4375944615 121307.5873100455
133726.5722692308 130129.1989350455
125374.2399652308 133818.2365236818
125374.2399652308 126440.1613464091
134208.4375944615 124034.2672668636
134047.8158193846 119543.2649850454
127944.1883664615 127883.6977941364
134850.9246947692 133978.6294623182
125052.9964150769 127402.5189782273
131638.4891932308 123392.6955123182
133405.3287190769 118901.6932305000
129711.0278923077 123071.9096350455
125856.1052904615 128364.8766100455
133244.7069440000 126119.3754691364
135332.7900200000 116816.5850282273
138545.2255215385 132535.0930145909
128747.2972418461 123392.6955123182
125695.4835153846 134620.2012168636
133565.9504941538 134299.4153395909
136296.5206704615 118901.6932305000
130353.5149926154 121147.1943714091
134690.3029196923 133016.2718305000
133084.0851689231 134459.8082782273
125534.8617403077 128204.4836714091
133084.0851689231 125477.8037145909
131317.2456430769 122590.7308191364
132441.5980686154 122911.5166964091
128426.0536916923 125638.1966532273
133084.0851689231 129006.4483645909
126016.7270655384 130770.7706895909
130514.1367676923 121467.9802486818
133565.9504941538 129648.0201191364
127783.5665913846 125958.9825305000
131156.6238680000 129648.0201191364
133244.7069440000 133497.4506464091
133244.7069440000 120024.4438009546
139348.3343969231 132053.9141986818
134690.3029196923 122430.3378805000
137902.7384212308 129006.4483645909
136939.0077707692 134299.4153395909
133244.7069440000 132374.7000759546
132441.5980686154 118741.3002918636
125213.6181901538 133016.2718305000
124892.3746400000 129487.6271805000
136939.0077707692 116976.9779668636
125374.2399652308 133176.6647691364
131317.2456430769 130770.7706895909
129550.4061172308 128846.0554259545
135011.5464698462 123873.8743282273
134369.0593695384 116816.5850282273
129229.1625670769 122109.5520032273
128586.6754667692 124515.4460827727
131638.4891932308 130129.1989350455
134690.3029196923 134620.2012168636
136135.8988953846 130129.1989350455
134047.8158193846 117618.5497214091
135332.7900200000 118580.9073532273
126016.7270655384 129968.8059964091
126337.9706156923 131893.5212600455
124249.8875396923 126440.1613464091
136778.3859956923 131733.1283214091
130835.3803178462 123392.6955123182
131799.1109683077 132053.9141986818
135332.7900200000 124355.0531441364
133084.0851689231 118901.6932305000
131638.4891932308 120505.6226168636
135493.4117950769 124194.6602055000
133244.7069440000 129487.6271805000
130032.2714424615 124675.8390214091
131959.7327433846 128846.0554259545
131477.8674181539 126921.3401623182
138866.4690716923 131733.1283214091
132120.3545184615 123713.4813895909
136617.7642206154 134459.8082782273
129871.6496673846 126119.3754691364
129389.7843421539 124515.4460827727
126819.8359409231 126600.5542850455
126016.7270655384 131412.3424441364
125374.2399652308 131893.5212600455
131799.1109683077 131572.7353827727
136457.1424455385 126921.3401623182
127944.1883664615 127081.7331009546
126819.8359409231 130770.7706895909
129229.1625670769 123232.3025736818

135493.4117950769 135101.3800327728
131799.1109683077 133497.4506464091
130353.5149926154 133337.0577077727
137581.4948710769 133337.0577077727
131638.4891932308 133016.2718305000
138063.3601963077 133016.2718305000
125856.1052904615 132855.8788918637
134369.0593695384 132855.8788918637
133244.7069440000 132695.4859532273
126337.9706156923 132535.0930145909
131156.6238680000 132535.0930145909
131638.4891932308 132535.0930145909
128426.0536916923 132374.7000759546
129229.1625670769 132374.7000759546
125052.9964150769 132214.3071373182
135975.2771203077 132214.3071373182
139508.9561720000 131893.5212600455
124892.3746400000 131733.1283214091
137260.2513209231 131733.1283214091
125695.4835153846 131572.7353827727
129871.6496673846 131572.7353827727
136617.7642206154 131412.3424441364
137902.7384212308 129968.8059964091
132120.3545184615 129648.0201191364
130835.3803178462 129327.2342418636
137581.4948710769 129327.2342418636
132120.3545184615 129166.8413032273
136296.5206704615 129166.8413032273
128586.6754667692 129006.4483645909
125052.9964150769 128846.0554259545
136778.3859956923 128685.6624873182
137742.1166461539 128525.2695486818
135654.0335701538 127562.9119168637
135172.1682449231 127402.5189782273
127783.5665913846 127242.1260395909
131477.8674181539 127242.1260395909
136778.3859956923 127242.1260395909
129871.6496673846 127081.7331009546
133405.3287190769 126921.3401623182
133084.0851689231 126760.9472236818
136778.3859956923 126600.5542850455
126337.9706156923 126279.7684077727
128907.9190169231 125798.5895918637
131317.2456430769 125638.1966532273
128104.8101415385 125157.0178373182
129229.1625670769 125157.0178373182
130514.1367676923 124996.6248986818
126980.4577160000 124836.2319600455
133084.0851689231 124355.0531441364
134850.9246947692 123553.0884509546
132280.9762935385 123232.3025736818
129389.7843421539 121788.7661259545
132762.8416187692 121788.7661259545
132120.3545184615 121147.1943714091
134047.8158193846 120505.6226168636
135493.4117950769 119382.8720464091
135011.5464698462 117939.3355986818
133565.9504941538 117778.9426600455
134850.9246947692 117137.3709055000
137581.4948710769 116656.1920895909
136617.7642206154 117618.5497214091
128907.9190169231 129487.6271805000
133565.9504941538 129487.6271805000
131477.8674181539 120345.2296782273
126016.7270655384 124836.2319600455
131317.2456430769 121467.9802486818
135654.0335701538 127402.5189782273
125534.8617403077 127402.5189782273
134529.6811446154 120826.4084941364
135493.4117950769 131572.7353827727
138384.6037464615 131412.3424441364
132441.5980686154 124515.4460827727
137420.8730960000 131412.3424441364
133084.0851689231 133337.0577077727
135332.7900200000 134780.5941555000
134850.9246947692 122430.3378805000
123928.6439895385 127242.1260395909
139669.5779470769 131091.5565668636
125213.6181901538 129808.4130577727
129550.4061172308 133016.2718305000
138063.3601963077 131091.5565668636
132923.4633938461 129648.0201191364
132120.3545184615 133337.0577077727
131799.1109683077 123873.8743282273
128586.6754667692 130931.1636282273
127783.5665913846 131893.5212600455
131156.6238680000 126440.1613464091
126337.9706156923 129166.8413032273
133887.1940443077 125477.8037145909
132923.4633938461 124836.2319600455
126980.4577160000 130289.5918736818
130996.0020929231 128525.2695486818
133565.9504941538 120345.2296782273
135172.1682449231 126921.3401623182
130514.1367676923 121467.9802486818
135172.1682449231 122911.5166964091
135975.2771203077 134139.0224009545
130032.2714424615 133176.6647691364
136457.1424455385 125317.4107759545
135332.7900200000 120345.2296782273
132602.2198436923 124836.2319600455
131799.1109683077 126119.3754691364
131638.4891932308 119543.2649850454
135654.0335701538 116495.7991509546
128907.9190169231 124996.6248986818
133565.9504941538 133016.2718305000
130353.5149926154 128204.4836714091
126016.7270655384 134299.4153395909
131317.2456430769 129327.2342418636
132602.2198436923 128846.0554259545
135654.0335701538 116335.4062123182
133405.3287190769 131251.9495055000
133084.0851689231 125638.1966532273
128586.6754667692 123553.0884509546
128907.9190169231 129006.4483645909
135493.4117950769 133176.6647691364
126337.9706156923 125157.0178373182
127944.1883664615 125638.1966532273
136778.3859956923 118099.7285373182
126980.4577160000 133497.4506464091
137742.1166461539 127723.3048555000
130353.5149926154 122590.7308191364
134047.8158193846 121788.7661259545
133244.7069440000 129648.0201191364
124731.7528649231 127402.5189782273
134529.6811446154 131893.5212600455
133405.3287190769 132053.9141986818
125534.8617403077 127883.6977941364
126659.2141658462 126119.3754691364
137099.6295458461 118099.7285373182
136778.3859956923 127723.3048555000
124249.8875396923 129327.2342418636
128426.0536916923 122911.5166964091
135493.4117950769 127242.1260395909
129711.0278923077 129968.8059964091

135172.1682449231 133497.4506464091
135011.5464698462 134459.8082782273
134529.6811446154 133016.2718305000
132441.5980686154 124836.2319600455
125534.8617403077 127081.7331009546
132923.4633938461 127723.3048555000
127301.7012661538 133497.4506464091
132762.8416187692 121307.5873100455
136939.0077707692 117137.3709055000
138705.8472966154 130449.9848123182
131477.8674181539 125317.4107759545
134850.9246947692 134299.4153395909
129389.7843421539 131091.5565668636
129068.5407920000 122590.7308191364
134047.8158193846 120345.2296782273
135975.2771203077 133497.4506464091
131638.4891932308 124996.6248986818
134850.9246947692 123392.6955123182
126016.7270655384 133818.2365236818
134529.6811446154 122911.5166964091
126659.2141658462 134299.4153395909
135011.5464698462 134139.0224009545
129068.5407920000 132214.3071373182
126980.4577160000 125157.0178373182
132120.3545184615 125798.5895918637
126819.8359409231 130931.1636282273
132280.9762935385 118741.3002918636
135172.1682449231 129808.4130577727
127141.0794910769 133657.8435850455
126980.4577160000 133016.2718305000
127944.1883664615 129648.0201191364
131317.2456430769 129648.0201191364
133084.0851689231 134139.0224009545
136296.5206704615 130289.5918736818
131317.2456430769 132053.9141986818
136457.1424455385 125317.4107759545
139669.5779470769 130770.7706895909
132120.3545184615 122109.5520032273
133726.5722692308 125477.8037145909
131638.4891932308 122269.9449418636
138705.8472966154 133497.4506464091
138705.8472966154 132214.3071373182
130353.5149926154 120666.0155555000
131156.6238680000 127562.9119168637
134690.3029196923 125958.9825305000
130674.7585427692 128364.8766100455
131799.1109683077 120666.0155555000
129550.4061172308 123553.0884509546
130353.5149926154 120826.4084941364
125695.4835153846 126119.3754691364
128426.0536916923 126440.1613464091
135493.4117950769 116816.5850282273
125213.6181901538 127242.1260395909
126337.9706156923 127081.7331009546
126016.7270655384 128685.6624873182
131959.7327433846 120826.4084941364
129711.0278923077 129648.0201191364
129550.4061172308 133176.6647691364
132280.9762935385 121307.5873100455
134369.0593695384 118260.1214759545
131638.4891932308 126279.7684077727
137420.8730960000 130931.1636282273
127622.9448163077 123232.3025736818
133405.3287190769 118901.6932305000
130032.2714424615 126921.3401623182
135493.4117950769 123713.4813895909
128747.2972418461 125798.5895918637
131799.1109683077 129808.4130577727
132923.4633938461 118260.1214759545
134529.6811446154 131091.5565668636
136296.5206704615 128525.2695486818
130514.1367676923 129327.2342418636
128104.8101415385 129648.0201191364
125213.6181901538 127883.6977941364
124249.8875396923 127562.9119168637
137902.7384212308 130770.7706895909
134208.4375944615 121467.9802486818
128747.2972418461 129968.8059964091
127944.1883664615 123392.6955123182
134690.3029196923 129006.4483645909
124731.7528649231 127562.9119168637
125534.8617403077 133016.2718305000
134529.6811446154 120024.4438009546
133887.1940443077 134139.0224009545
133726.5722692308 132214.3071373182
126659.2141658462 134620.2012168636
132762.8416187692 124996.6248986818
137099.6295458461 134139.0224009545
132762.8416187692 134459.8082782273
129389.7843421539 123071.9096350455
136135.8988953846 126119.3754691364
127944.1883664615 133657.8435850455
130032.2714424615 133337.0577077727
131477.8674181539 121467.9802486818
128265.4319166154 126119.3754691364
134850.9246947692 133818.2365236818
127301.7012661538 134139.0224009545
135654.0335701538 116335.4062123182
133726.5722692308 118099.7285373182
129871.6496673846 122430.3378805000
128104.8101415385 127723.3048555000
133405.3287190769 117939.3355986818
132441.5980686154 126600.5542850455
134208.4375944615 130931.1636282273
126980.4577160000 134459.8082782273
135172.1682449231 134299.4153395909
128426.0536916923 129968.8059964091
133565.9504941538 125157.0178373182
128426.0536916923 129808.4130577727
129068.5407920000 123232.3025736818
136457.1424455385 129968.8059964091
135493.4117950769 129808.4130577727
130353.5149926154 126760.9472236818
134690.3029196923 123713.4813895909
128586.6754667692 129487.6271805000
130192.8932175385 127723.3048555000
132602.2198436923 121628.3731873182
129871.6496673846 127883.6977941364
129871.6496673846 127081.7331009546
132120.3545184615 131572.7353827727
132602.2198436923 118901.6932305000
132280.9762935385 125958.9825305000
127783.5665913846 124194.6602055000
137420.8730960000 133818.2365236818
135011.5464698462 118901.6932305000
132762.8416187692 132214.3071373182
136135.8988953846 130289.5918736818
130192.8932175385 124034.2672668636
129711.0278923077 123713.4813895909
132923.4633938461 125477.8037145909
133726.5722692308 124355.0531441364
130192.8932175385 123232.3025736818
129711.0278923077 126921.3401623182
138063.3601963077 128525.2695486818
125052.9964150769 127242.1260395909

