705076089.1419235468 3344372.0134277344
689060656.8934996128 3261754.5314941406
701590632.0524766445 3324003.7795410156
710556202.3651156425 3352883.3593750000
689884410.4016817808 3275401.1533203125
685493133.5465245247 3239279.8928222656
709336298.4710292816 3350227.4582519531
686897494.1480265856 3254160.0356445312
683555929.3368140459 3188007.5612792969
706687099.3524410725 3348575.8059082031
692569629.9072067738 3280363.9921875000
684132670.2482171059 3227716.5748291016
683191726.8503401279 3109307.6075439453
694086702.0074574947 3305006.5798339844
690969063.0624326468 3278249.7734375000
704763009.7899087667 3326350.7587890625
695059589.9989147186 3313920.1679687500
