150462222.5548903644 1550680.5273437500
146066714.3035574853 1537615.5722656250
147348168.3713379800 1547904.6455078125
152812202.9270825386 1554909.0039062500
147034976.1736551225 1541065.8505859375
141052379.3507398665 1517778.7021484375
153492847.0699651837 1558380.5917968750
145203682.0320363939 1531713.2026367188
142316239.1659771800 1531399.0244140625
152032155.2218058705 1551550.6582031250
152013760.8081008196 1551136.4306640625
145671570.5364966393 1536640.4863281250
147382893.6040116847 1548182.2802734375
