780830228.2336950302 86662.8814802170
773251136.8626683950 82916.3598260880
790313279.9336804152 89228.8414993286
798593844.5709429979 89596.5455474854
775114073.4777557850 84339.8334771693
769483994.4237059355 82879.6808420420
794635096.3131722212 89231.5777673721
774235576.3726046085 83483.9955844879
775511645.7814060450 84924.0244379044
769471434.0675684214 63700.5605063438
788745625.0892322063 87979.3817157745
782965065.3848524094 87479.5605716705
774851281.2723629475 84031.0746526718
773850686.5751744509 83156.7326011658
776561083.2849768400 86436.1732606888
773804435.3736584187 83061.2159748077
