836949373.4856473207 6554.2841909528
853666821.7954932451 6847.4518194199
833673172.6032060385 5422.4803710878
853368432.2280914783 6833.8434680700
844601329.1084133387 6752.7727699280
837622518.4202075005 6626.9880748987
834889166.2056103945 6412.7473736405
850566174.8997749090 6763.0889313221
834934243.0801755190 6413.8818886280
853006449.8742568493 6802.5337476134
851087924.7112710476 6785.3616783619
834947469.6178042889 6467.4540774822
833526978.2689771652 5334.5401774645
837336552.5343387127 6576.9558753967
834385403.0017940998 6409.9075326920
839370833.7117162943 6670.6755598336
843496353.5942271948 6727.3992639184
834376819.5721484423 6286.1923921108
836589616.6338311434 6524.1566801071
842583413.8576648235 6672.0206830502
835709205.7597548962 6516.7261862755
833060869.7743488550 5271.2900351733
838488904.7286288738 6639.1081540585
