229723584.4933896363 2364436.1503906250
223473544.7031764686 2321933.0166015625
225159144.4091904759 2348518.4326171875
223600169.5073456168 2338302.0722656250
225132209.6735938191 2343538.8466796875
221835329.7774271965 2301119.3173828125
223267868.2189093232 2321248.7744140625
228973214.5511088967 2359145.0419921875
231084096.9920293391 2371782.2509765625
229331897.0172603726 2359279.4238281250
223266240.0482539535 2313524.3271484375
222999092.1970233023 2313448.3593750000
226722816.6098209620 2348704.0898437500
227010592.5315229893 2354010.3027343750
230297952.1746675670 2367707.2597656250
