75069138.4488067627 1081794.6103515625
71439249.8850534260 1078001.6728515625
70676958.5670608282 1074908.2841796875
69854088.5349944830 1061648.1582031250
70798304.4897988141 1076983.0283203125
72092137.1935674697 1081218.2294921875
71555267.0536148846 1078697.3173828125
69815524.0974671394 1061180.4804687500
69895193.9470629692 1063850.6914062500
70725366.8789636344 1076059.9531250000
70295342.7298850566 1071279.1982421875
68690378.1869628131 1043072.6748046875
70222260.2741193622 1067886.4482421875
69019431.3597265631 1052401.6376953125
