112564.8699743182 126537.2370412560
119460.3110905909 128129.1242297083
117054.9246546818 135610.9940154345
120422.4656649545 131312.8986066131
120903.5429521364 130357.7662935417
117696.3610375909 127492.3693543274
114970.2564102273 132586.4083573750
117054.9246546818 125422.9160093393
117696.3610375909 127014.8031977917
111923.4335914091 127492.3693543274
114489.1791230454 132268.0309196845
115611.6927931364 134815.0504212083
114328.8200273182 127810.7467920179
121544.9793350455 124786.1611339583
113847.7427401364 132586.4083573750
120422.4656649545 127969.9355108631
121224.2611435909 126537.2370412560
120743.1838564091 128606.6903862441
117215.2837504091 132268.0309196845
116253.1291760454 131790.4647631488
117375.6428461364 136884.5037661964
115290.9746016818 134496.6729835179
118177.4383247727 130357.7662935417
109357.6880597727 126537.2370412560
111763.0744956818 128129.1242297083
114489.1791230454 133859.9181081369
112404.5108785909 129880.2001370060
111763.0744956818 127651.5580731726
120422.4656649545 129880.2001370060
114970.2564102273 130357.7662935417
115130.6155059546 131312.8986066131
121063.9020478636 124467.7836962679
111121.6381127727 128606.6903862441
117215.2837504091 127014.8031977917
110800.9199213182 127014.8031977917
115451.3336974091 130676.1437312322
110961.2790170454 129084.2565427798
122346.7748136818 132745.5970762203
112564.8699743182 127014.8031977917

117536.0019418636 137043.6924850417
116734.2064632273 136725.3150473512
117536.0019418636 136088.5601719703
118017.0792290454 135451.8052965893
117054.9246546818 134815.0504212083
117215.2837504091 134496.6729835179
121865.6975265000 134178.2955458274
114489.1791230454 134019.1068269822
118818.8747076818 134019.1068269822
115932.4109845909 133700.7293892917
118498.1565162273 133700.7293892917
119781.0292820454 133223.1632327560
113366.6654529545 132586.4083573750
113527.0245486818 132268.0309196845
116734.2064632273 130994.5211689226
112564.8699743182 130198.5775746965
112885.5881657727 129880.2001370060
122186.4157179545 129880.2001370060
115451.3336974091 129243.4452616250
121384.6202393182 129243.4452616250
115932.4109845909 128925.0678239345
121063.9020478636 128765.8791050893
121705.3384307727 127969.9355108631
112885.5881657727 127651.5580731726
115772.0518888636 127651.5580731726
112885.5881657727 127333.1806354821
115932.4109845909 127333.1806354821
115451.3336974091 126855.6144789464
116092.7700803182 126537.2370412560
120903.5429521364 126537.2370412560
120101.7474735000 126059.6708847202
112564.8699743182 125741.2934470298
116734.2064632273 125741.2934470298
116894.5655589545 125422.9160093393
121063.9020478636 125263.7272904941
119460.3110905909 124945.3498528036
112725.2290700454 128447.5016673988
115611.6927931364 128129.1242297083
113687.3836444091 130516.9550123869

117054.9246546818 137202.8812038869
116573.8473675000 136884.5037661964
116894.5655589545 136247.7488908155
118337.7974205000 135929.3714531250
115772.0518888636 135451.8052965893
116092.7700803182 134974.2391400536
115451.3336974091 133859.9181081369
114970.2564102273 133541.5406704464
113527.0245486818 132745.5970762203
115290.9746016818 132586.4083573750
115772.0518888636 131631.2760443036
121224.2611435909 131312.8986066131
122186.4157179545 130835.3324500774
116253.1291760454 130516.9550123869
120903.5429521364 130198.5775746965
122026.0566222273 128925.0678239345
114328.8200273182 128447.5016673988
113847.7427401364 127969.9355108631
119460.3110905909 127810.7467920179
114168.4609315909 127651.5580731726
112083.7926871364 127333.1806354821
113206.3063572273 127014.8031977917
121705.3384307727 126537.2370412560
117536.0019418636 125900.4821658750
114970.2564102273 125263.7272904941
120422.4656649545 125104.5385716488
117856.7201333182 124945.3498528036
119460.3110905909 124626.9724151131
117536.0019418636 125741.2934470298
121063.9020478636 128606.6903862441
114970.2564102273 133382.3519516012
121865.6975265000 129880.2001370060
113527.0245486818 129402.6339804702
110640.5608255909 127651.5580731726
113847.7427401364 133063.9745139107
120422.4656649545 128288.3129485536
114168.4609315909 129243.4452616250
118337.7974205000 131153.7098877679
121705.3384307727 126059.6708847202

115772.0518888636 135451.8052965893
117375.6428461364 133859.9181081369
113206.3063572273 127014.8031977917
114970.2564102273 125263.7272904941
117536.0019418636 125900.4821658750
118337.7974205000 131153.7098877679
116092.7700803182 134974.2391400536
115290.9746016818 133859.9181081369
114970.2564102273 133382.3519516012
112885.5881657727 126696.4257601012
118337.7974205000 135929.3714531250
115772.0518888636 126218.8596035655
120101.7474735000 133063.9745139107
119299.9519948636 134496.6729835179
114168.4609315909 132586.4083573750
120743.1838564091 127969.9355108631
114970.2564102273 133541.5406704464
115932.4109845909 127333.1806354821
122346.7748136818 132586.4083573750
113847.7427401364 127969.9355108631
118498.1565162273 129880.2001370060
119139.5928991364 126537.2370412560
114328.8200273182 134178.2955458274
121224.2611435909 131312.8986066131
114328.8200273182 128925.0678239345
110159.4835384091 127014.8031977917
121063.9020478636 134178.2955458274
120262.1065692273 129084.2565427798
111763.0744956818 129721.0114181607
122186.4157179545 130835.3324500774
110800.9199213182 128129.1242297083
116894.5655589545 136247.7488908155
120903.5429521364 130198.5775746965
116573.8473675000 136884.5037661964
114168.4609315909 127651.5580731726
117696.3610375909 136247.7488908155
119460.3110905909 124626.9724151131
119139.5928991364 132108.8422008393
115772.0518888636 131631.2760443036

114809.8973145000 133859.9181081369
115772.0518888636 130516.9550123869
120903.5429521364 129880.2001370060
121384.6202393182 125263.7272904941
117215.2837504091 127014.8031977917
117215.2837504091 126218.8596035655
115932.4109845909 130198.5775746965
120422.4656649545 125900.4821658750
120582.8247606818 126537.2370412560
116413.4882717727 133223.1632327560
119781.0292820454 127969.9355108631
112083.7926871364 127810.7467920179
113045.9472615000 125741.2934470298
116092.7700803182 131312.8986066131
114168.4609315909 131631.2760443036
115772.0518888636 133541.5406704464
120743.1838564091 131153.7098877679
118017.0792290454 129561.8226993155
114489.1791230454 130835.3324500774
112083.7926871364 127333.1806354821
114328.8200273182 130198.5775746965
120903.5429521364 128288.3129485536
121384.6202393182 126696.4257601012
118337.7974205000 129243.4452616250
119620.6701863182 130357.7662935417
115130.6155059546 131472.0873254584
114809.8973145000 132427.2196385298
122186.4157179545 131949.6534819941
120422.4656649545 126218.8596035655
113847.7427401364 129402.6339804702
114649.5382187727 134178.2955458274
119299.9519948636 130039.3888558512
119460.3110905909 134496.6729835179
109678.4062512273 127173.9919166369
115451.3336974091 132586.4083573750
116413.4882717727 136088.5601719703
118818.8747076818 127173.9919166369
120903.5429521364 130835.3324500774
110480.2017298636 126537.2370412560

117054.9246546818 131790.4647631488
117215.2837504091 130039.3888558512
117054.9246546818 127333.1806354821
109518.0471555000 126537.2370412560
121544.9793350455 129561.8226993155
118658.5156119545 130835.3324500774
120743.1838564091 125900.4821658750
116894.5655589545 136884.5037661964
111281.9972085000 126855.6144789464
116734.2064632273 127014.8031977917
110319.8426341364 128129.1242297083
114328.8200273182 132745.5970762203
114168.4609315909 129721.0114181607
118017.0792290454 132586.4083573750
117215.2837504091 128765.8791050893
112083.7926871364 126059.6708847202
121224.2611435909 125582.1047281845
117215.2837504091 126696.4257601012
115932.4109845909 136406.9376096607
120743.1838564091 130676.1437312322
120582.8247606818 129084.2565427798
116734.2064632273 136406.9376096607
115932.4109845909 135610.9940154345
115932.4109845909 131472.0873254584
111763.0744956818 130039.3888558512
118818.8747076818 127651.5580731726
119299.9519948636 128129.1242297083
115290.9746016818 130516.9550123869
118017.0792290454 136406.9376096607
118177.4383247727 135133.4278588988
121384.6202393182 124308.5949774226
121865.6975265000 126378.0483224107
120903.5429521364 125263.7272904941
114328.8200273182 133063.9745139107
116573.8473675000 126537.2370412560
117856.7201333182 134337.4842646726
119460.3110905909 127014.8031977917
122026.0566222273 132904.7857950655
115130.6155059546 132904.7857950655

122026.0566222273 132745.5970762203
118337.7974205000 136088.5601719703
111281.9972085000 128129.1242297083
121705.3384307727 125263.7272904941
121705.3384307727 126537.2370412560
114970.2564102273 132586.4083573750
115932.4109845909 127969.9355108631
117696.3610375909 127651.5580731726
121544.9793350455 124308.5949774226
120262.1065692273 129561.8226993155
112725.2290700454 129880.2001370060
121063.9020478636 133382.3519516012
120422.4656649545 127014.8031977917
110159.4835384091 127173.9919166369
110480.2017298636 128606.6903862441
118658.5156119545 136406.9376096607
116734.2064632273 131949.6534819941
114489.1791230454 132268.0309196845
114809.8973145000 130516.9550123869
115451.3336974091 132427.2196385298
116413.4882717727 131631.2760443036
115611.6927931364 134019.1068269822
110159.4835384091 127333.1806354821
116253.1291760454 133700.7293892917
117054.9246546818 126696.4257601012
118017.0792290454 127810.7467920179
121705.3384307727 128288.3129485536
114008.1018358636 133063.9745139107
112083.7926871364 126218.8596035655
117054.9246546818 134337.4842646726
110961.2790170454 126537.2370412560
113687.3836444091 133223.1632327560
116413.4882717727 126855.6144789464
114489.1791230454 127651.5580731726
119139.5928991364 131631.2760443036
116413.4882717727 130198.5775746965
118337.7974205000 129561.8226993155
120582.8247606818 127969.9355108631
115451.3336974091 125263.7272904941

116413.4882717727 126059.6708847202
118337.7974205000 132586.4083573750
120262.1065692273 126218.8596035655
114328.8200273182 127173.9919166369
119460.3110905909 130516.9550123869
117054.9246546818 133063.9745139107
114649.5382187727 134019.1068269822
117696.3610375909 130994.5211689226
121544.9793350455 132904.7857950655
120582.8247606818 131153.7098877679
120582.8247606818 130994.5211689226
121384.6202393182 124945.3498528036
113527.0245486818 130676.1437312322
109999.1244426818 126378.0483224107
122026.0566222273 127651.5580731726
116253.1291760454 134496.6729835179
115130.6155059546 129243.4452616250
110640.5608255909 127969.9355108631
114168.4609315909 133382.3519516012
117054.9246546818 137362.0699227322
117375.6428461364 127492.3693543274
114008.1018358636 128447.5016673988
110800.9199213182 127492.3693543274
120903.5429521364 129880.2001370060
117215.2837504091 134019.1068269822
115130.6155059546 132268.0309196845
121705.3384307727 129721.0114181607
121063.9020478636 124467.7836962679
119941.3883777727 127173.9919166369
109678.4062512273 126855.6144789464
121705.3384307727 134178.2955458274
117856.7201333182 132268.0309196845
120582.8247606818 134815.0504212083
117696.3610375909 129880.2001370060
114649.5382187727 132745.5970762203
119299.9519948636 135451.8052965893
117696.3610375909 132108.8422008393
120422.4656649545 128765.8791050893
112404.5108785909 129561.8226993155

115451.3336974091 131312.8986066131
120262.1065692273 128925.0678239345
121384.6202393182 126218.8596035655
111602.7153999545 125900.4821658750
114649.5382187727 130994.5211689226
119299.9519948636 127810.7467920179
119781.0292820454 131312.8986066131
118979.2338034091 128925.0678239345
115130.6155059546 127014.8031977917
121865.6975265000 130516.9550123869
109999.1244426818 127651.5580731726
113847.7427401364 129243.4452616250
116894.5655589545 126378.0483224107
120743.1838564091 125104.5385716488
118658.5156119545 131472.0873254584
120903.5429521364 126537.2370412560
122667.4930051364 133223.1632327560
113687.3836444091 125741.2934470298
117054.9246546818 127492.3693543274
115451.3336974091 131949.6534819941
115772.0518888636 133063.9745139107
120743.1838564091 125741.2934470298
115611.6927931364 132108.8422008393
110159.4835384091 126218.8596035655
118979.2338034091 127651.5580731726
114328.8200273182 126218.8596035655
111602.7153999545 127651.5580731726
111121.6381127727 128765.8791050893
110800.9199213182 126537.2370412560
111602.7153999545 129721.0114181607
115451.3336974091 132904.7857950655
118498.1565162273 131472.0873254584
118177.4383247727 129084.2565427798
117215.2837504091 129880.2001370060
121063.9020478636 125582.1047281845
114008.1018358636 125741.2934470298
112244.1517828636 127492.3693543274
113045.9472615000 129561.8226993155
113847.7427401364 133382.3519516012

