513961306.3578904271 9390556.0810546875
498579299.5661417842 9264350.2216796875
514866416.6772908568 9391351.1318359375
502014416.2281332016 9302777.4443359375
501098430.9176616073 9268139.6591796875
502012960.3469721079 9274835.6552734375
499682692.1959830523 9265542.8583984375
496600854.8209052682 9027630.8701171875
497540233.6625822783 9219300.7294921875
504042529.4837113619 9330995.6083984375
497414910.6424593329 9059961.5966796875
501828339.7098327279 9272018.0615234375
497638999.9407119155 9235127.3896484375
498382865.2779225707 9257415.8037109375
503471095.4454431534 9317375.6162109375
496699619.5885534286 9051825.9130859375
508978183.4191991687 9341116.0556640625
503768802.6614484787 9320809.1318359375
509427108.3981543183 9376664.7998046875
509407675.8198419809 9354388.9482421875
512653422.7955111861 9380598.3310546875
497536845.4896968007 9165134.1826171875
500532649.7322999835 9266852.3583984375
507427430.7546659112 9338730.0146484375
