181026537.3926715851 680230.5532226562
171354539.6110602021 634332.4705810547
170189231.5923169255 634206.3612060547
180430904.7628045380 678185.1088867188
175928214.6053052843 671819.8001708984
179117117.6834615469 674857.0288085938
174821090.6666500568 664662.6894531250
177888981.6817526817 672171.3026123047
171584181.0960722268 634385.5999145508
179739069.6535885334 676897.3327636719
172372494.6855810285 658138.8725585938
171711066.4882742167 643033.5908203125
180064764.3647775054 677992.3110351562
170083603.9096388221 524528.2648925781
174022919.7027945518 661534.4407958984
178419965.9798508883 672549.6469726562
172337351.3224473000 644230.1994628906
