129730.5916782857 128373.8075764608
126533.7307411428 125320.8487386965
131009.3360531429 125320.8487386965
131808.5512874286 127249.0332678108
129091.2194908571 128534.4896205537
128931.3764440000 127891.7614441823
126533.7307411428 128695.1716646465
131488.8651937143 125320.8487386965
126373.8876942857 125160.1666946036
127173.1029285714 128373.8075764608
132767.6095685714 126124.2589591608
129410.9055845714 126606.3050914393
127520.1739603646 132525.3267689500
119865.6545646979 143061.9221518167
113167.9500934896 141146.1775367500
115241.0490964826 140667.2413829833
118270.9630239340 137314.6883066167
122098.2227217673 140826.8867675722
117952.0247157812 138591.8513833278
120184.5928728507 136676.1067682611
117952.0247157812 137314.6883066167
114284.2341720243 137953.2698449722
115081.5799424062 138432.2059987389
118908.8396402396 138591.8513833278
115719.4565587118 140667.2413829833
130390.6187337396 132206.0359997722
119706.1854106215 137633.9790757945
116516.8023290937 140667.2413829833
121938.7535676910 135079.6529223722
127201.2356522118 135877.8798453167
113486.8884016424 138591.8513833278
121141.4077973090 137793.6244603833
114284.2341720243 143221.5675364055
115400.5182505590 139549.7236908611
122417.1610299201 136516.4613836722
113486.8884016424 143540.8583055833
114443.7033261007 138432.2059987389
119387.2471024688 138591.8513833278
123373.9759543785 134121.7806148389
122576.6301839965 134600.7167686055
121141.4077973090 141784.7590751056
128317.5197307465 133163.9083073056

132128.2373811429 127088.3512237179
130689.6499594286 127731.0794000894
131329.0221468571 125160.1666946036
125414.8294131429 129177.2177969251
128451.8473034286 127409.7153119037
131169.1791000000 124999.4846505107
129251.0625377143 124678.1205623250
127492.7890222857 125481.5307827893
127812.4751160000 125481.5307827893
126214.0446474286 126124.2589591608
131488.8651937143 126606.3050914393
127173.1029285714 125963.5769150679
119865.6545646979 136676.1067682611
113327.4192475660 138911.1421525055
111413.7893986493 139709.3690754500
125287.6058032951 137633.9790757945
119865.6545646979 142742.6313826389
118111.4938698576 140188.3052292166
123214.5068003021 136037.5252299056
115878.9257127882 138272.5606141500
114443.7033261007 138751.4967679167
111892.1968608785 139549.7236908611
121779.2844136146 136356.8159990833
114443.7033261007 138272.5606141500
118908.8396402396 137314.6883066167
119387.2471024688 141625.1136905166
120184.5928728507 137314.6883066167
125287.6058032951 134920.0075377833
116516.8023290937 139549.7236908611
113008.4809394132 141305.8229213389
115719.4565587118 139230.4329216833
121938.7535676910 141146.1775367500
112530.0734771840 140986.5321521611
119706.1854106215 136516.4613836722
118749.3704861632 136197.1706144944
114124.7650179479 138272.5606141500
113805.8267097951 143860.1490747611
126563.3590359062 136037.5252299056
120503.5311810035 137953.2698449722
118430.4321780104 142742.6313826389
121460.3461054618 140188.3052292166
118111.4938698576 139390.0783062722

127332.9459754286 128695.1716646465
125574.6724600000 128373.8075764608
129570.7486314286 127409.7153119037
131329.0221468571 127409.7153119037
130529.8069125714 126445.6230473465
126373.8876942857 125160.1666946036
129410.9055845714 124678.1205623250
127812.4751160000 125160.1666946036
131329.0221468571 127891.7614441823
125734.5155068571 126766.9871355322
130529.8069125714 127088.3512237179
129730.5916782857 125802.8948709751
113486.8884016424 144339.0852285278
115719.4565587118 143061.9221518167
111573.2585527257 140986.5321521611
113327.4192475660 140986.5321521611
114922.1107883299 140826.8867675722
113965.2958638715 139230.4329216833
118430.4321780104 139230.4329216833
116995.2097913229 139070.7875370945
121779.2844136146 138591.8513833278
114124.7650179479 138272.5606141500
121300.8769513854 137633.9790757945
125606.5441114479 136835.7521528500
117792.5555617049 136356.8159990833
125287.6058032951 136356.8159990833
124171.3217247604 135877.8798453167
121619.8152595382 135718.2344607278
122257.6918758438 135079.6529223722
125925.4824196007 134760.3621531944
124011.8525706840 133962.1352302500
127998.5814225938 132844.6175381278
130231.1495796632 132844.6175381278
119706.1854106215 142582.9859980500
110456.9744741910 138911.1421525055
124490.2600329132 133802.4898456611
125287.6058032951 133642.8444610722
119227.7779483924 138751.4967679167
116357.3331750174 141146.1775367500
114284.2341720243 140667.2413829833
129593.2729633577 131727.0998460056
117952.0247157812 144019.7944593500

128931.3764440000 125642.2128268822
127173.1029285714 127409.7153119037
126373.8876942857 125481.5307827893
131169.1791000000 126606.3050914393
130529.8069125714 128052.4434882751
127492.7890222857 125320.8487386965
126373.8876942857 128695.1716646465
125894.3585537143 127249.0332678108
126054.2016005714 129980.6280173894
130529.8069125714 126445.6230473465
125734.5155068571 127570.3973559965
127332.9459754286 125802.8948709751
127839.1122685173 133962.1352302500
112689.5426312604 142902.2767672277
123692.9142625312 137953.2698449722
120184.5928728507 137953.2698449722
118430.4321780104 137155.0429220278
122417.1610299201 134441.0713840167
114443.7033261007 138911.1421525055
113965.2958638715 140667.2413829833
119546.7162565451 137155.0429220278
115241.0490964826 140028.6598446278
119706.1854106215 141465.4683059278
120025.1237187743 138591.8513833278
125606.5441114479 136995.3975374389
121779.2844136146 134920.0075377833
114124.7650179479 138112.9152295611
117633.0864076285 142104.0498442833
125447.0749573715 135877.8798453167
119227.7779483924 136676.1067682611
114443.7033261007 143540.8583055833
112530.0734771840 138112.9152295611
123852.3834166076 138911.1421525055
116516.8023290937 140507.5959983944
118908.8396402396 138591.8513833278
113965.2958638715 144498.7306131167
125447.0749573715 136356.8159990833
116995.2097913229 137633.9790757945
119706.1854106215 137633.9790757945
124011.8525706840 135398.9436915500
121141.4077973090 141625.1136905166
120822.4694891562 138112.9152295611

126054.2016005714 129980.6280173894
125894.3585537143 129016.5357528323
129570.7486314286 128052.4434882751
125574.6724600000 127891.7614441823
128931.3764440000 127891.7614441823
128771.5333971428 127570.3973559965
131329.0221468571 127409.7153119037
132607.7665217143 127409.7153119037
131169.1791000000 125963.5769150679
131488.8651937143 125963.5769150679
127972.3181628571 125481.5307827893
129730.5916782857 124838.8026064179
117792.5555617049 143381.2129209944
115719.4565587118 143061.9221518167
116835.7406372465 143061.9221518167
119706.1854106215 142582.9859980500
120184.5928728507 142423.3406134611
114603.1724801771 141784.7590751056
117314.1480994757 141465.4683059278
119387.2471024688 141465.4683059278
112530.0734771840 140826.8867675722
114284.2341720243 140667.2413829833
117473.6172535521 140667.2413829833
121779.2844136146 140347.9506138056
110616.4436282674 139709.3690754500
110138.0361660382 139070.7875370945
112370.6043231076 139070.7875370945
116995.2097913229 139070.7875370945
110456.9744741910 138911.1421525055
117633.0864076285 138911.1421525055
120344.0620269271 138591.8513833278
112211.1351690312 138272.5606141500
117314.1480994757 137953.2698449722
122895.5684921493 137474.3336912055
121938.7535676910 136995.3975374389
125925.4824196007 135718.2344607278
126722.8281899826 133802.4898456611
129274.3346552049 132684.9721535389
131666.3719663507 130928.8729230611
129912.2112715104 132684.9721535389
124649.7291869896 133802.4898456611
114762.6416342535 139390.0783062722

126214.0446474286 129659.2639292037
125254.9863662857 128052.4434882751
128931.3764440000 127891.7614441823
128771.5333971428 127570.3973559965
132607.7665217143 127409.7153119037
130210.1208188571 126606.3050914393
130529.8069125714 126445.6230473465
131169.1791000000 125963.5769150679
132128.2373811429 125481.5307827893
129410.9055845714 124678.1205623250
132447.9234748571 125320.8487386965
127492.7890222857 128855.8537087394
114603.1724801771 144179.4398439389
115081.5799424062 143860.1490747611
116197.8640209410 143221.5675364055
115400.5182505590 142263.6952288722
115241.0490964826 141784.7590751056
119706.1854106215 141784.7590751056
111573.2585527257 141465.4683059278
112051.6660149549 141146.1775367500
116357.3331750174 141146.1775367500
111573.2585527257 140986.5321521611
113805.8267097951 140986.5321521611
114603.1724801771 140826.8867675722
115241.0490964826 140826.8867675722
121300.8769513854 140826.8867675722
110935.3819364201 140347.9506138056
110935.3819364201 139709.3690754500
111732.7277068021 139549.7236908611
124011.8525706840 138751.4967679167
114124.7650179479 138272.5606141500
124649.7291869896 138112.9152295611
115241.0490964826 137953.2698449722
117633.0864076285 137793.6244603833
124011.8525706840 137793.6244603833
122098.2227217673 137633.9790757945
119706.1854106215 137314.6883066167
120184.5928728507 135558.5890761389
126563.3590359062 133642.8444610722
130231.1495796632 132844.6175381278
131666.3719663507 130928.8729230611
129274.3346552049 132684.9721535389

127173.1029285714 125802.8948709751
125734.5155068571 126927.6691796251
131968.3943342857 127249.0332678108
131488.8651937143 125481.5307827893
128292.0042565714 124838.8026064179
129890.4347251429 125320.8487386965
130210.1208188571 127409.7153119037
131808.5512874286 126927.6691796251
127812.4751160000 127731.0794000894
127332.9459754286 125802.8948709751
130050.2777720000 127249.0332678108
127652.6320691429 128534.4896205537
119387.2471024688 137793.6244603833
114443.7033261007 143700.5036901722
113805.8267097951 143221.5675364055
117633.0864076285 136516.4613836722
113327.4192475660 137953.2698449722
113327.4192475660 141465.4683059278
118749.3704861632 143700.5036901722
113965.2958638715 143700.5036901722
130709.5570418923 131248.1636922389
121460.3461054618 136995.3975374389
112689.5426312604 138911.1421525055
115081.5799424062 138112.9152295611
128636.4580388993 133642.8444610722
119068.3087943160 140667.2413829833
122257.6918758438 140188.3052292166
123852.3834166076 135558.5890761389
117314.1480994757 139709.3690754500
125128.1366492188 135718.2344607278
119387.2471024688 141625.1136905166
125925.4824196007 136676.1067682611
116197.8640209410 138432.2059987389
112849.0117853368 139230.4329216833
122098.2227217673 138112.9152295611
123373.9759543785 139390.0783062722
124490.2600329132 138112.9152295611
120503.5311810035 137314.6883066167
122257.6918758438 138911.1421525055
113965.2958638715 137793.6244603833
118111.4938698576 138112.9152295611
119546.7162565451 139390.0783062722

130210.1208188571 126766.9871355322
129730.5916782857 125481.5307827893
125414.8294131429 128855.8537087394
131488.8651937143 125963.5769150679
129730.5916782857 125320.8487386965
126853.4168348572 128213.1255323680
131968.3943342857 127570.3973559965
128292.0042565714 125642.2128268822
130529.8069125714 125642.2128268822
127972.3181628571 125320.8487386965
125734.5155068571 126927.6691796251
130529.8069125714 125802.8948709751
124330.7908788368 138112.9152295611
113167.9500934896 142423.3406134611
126882.2973440590 136037.5252299056
114922.1107883299 138911.1421525055
115719.4565587118 139869.0144600389
119068.3087943160 135877.8798453167
113486.8884016424 142104.0498442833
126244.4207277535 134760.3621531944
125925.4824196007 134441.0713840167
124649.7291869896 137793.6244603833
117473.6172535521 137633.9790757945
116835.7406372465 138432.2059987389
118908.8396402396 136197.1706144944
113965.2958638715 144339.0852285278
119865.6545646979 138911.1421525055
125447.0749573715 134920.0075377833
117154.6789453993 144179.4398439389
118430.4321780104 141305.8229213389
117952.0247157812 137633.9790757945
124968.6674951423 137633.9790757945
128795.9271929757 133642.8444610722
116995.2097913229 139390.0783062722
126563.3590359062 133802.4898456611
117314.1480994757 138112.9152295611
120503.5311810035 141305.8229213389
124809.1983410660 135079.6529223722
124171.3217247604 136037.5252299056
113965.2958638715 142742.6313826389
126403.8898818299 134121.7806148389
125128.1366492188 134121.7806148389

128931.3764440000 127891.7614441823
127972.3181628571 125481.5307827893
129410.9055845714 124678.1205623250
130849.4930062857 125320.8487386965
127652.6320691429 124838.8026064179
130529.8069125714 126445.6230473465
129091.2194908571 124838.8026064179
132288.0804280000 127249.0332678108
129091.2194908571 125802.8948709751
131648.7082405714 126927.6691796251
129890.4347251429 128373.8075764608
128931.3764440000 127249.0332678108
114603.1724801771 144179.4398439389
115559.9874046354 143860.1490747611
112530.0734771840 140826.8867675722
118111.4938698576 140028.6598446278
110935.3819364201 139230.4329216833
116038.3948668646 139070.7875370945
115241.0490964826 137953.2698449722
118430.4321780104 137314.6883066167
121938.7535676910 136995.3975374389
125287.6058032951 136676.1067682611
127520.1739603646 132525.3267689500
131347.4336581979 131886.7452305944
120184.5928728507 140188.3052292166
128636.4580388993 134441.0713840167
112211.1351690312 138911.1421525055
119865.6545646979 139230.4329216833
116038.3948668646 142263.6952288722
123852.3834166076 134281.4259994278
124490.2600329132 133802.4898456611
132304.2485826562 130928.8729230611
113805.8267097951 141465.4683059278
111413.7893986493 141146.1775367500
125925.4824196007 134760.3621531944
119227.7779483924 141305.8229213389
127839.1122685173 133323.5536918945
119546.7162565451 136835.7521528500
122895.5684921493 139390.0783062722
118270.9630239340 140188.3052292166
113646.3575557187 142742.6313826389
117952.0247157812 136676.1067682611

127652.6320691429 125481.5307827893
126214.0446474286 125642.2128268822
130050.2777720000 126284.9410032536
129890.4347251429 128534.4896205537
129091.2194908571 127249.0332678108
126054.2016005714 128534.4896205537
132607.7665217143 126766.9871355322
132288.0804280000 126927.6691796251
129570.7486314286 125963.5769150679
129730.5916782857 124999.4846505107
127332.9459754286 128695.1716646465
130369.9638657143 124999.4846505107
116357.3331750174 143860.1490747611
119068.3087943160 137793.6244603833
119706.1854106215 141305.8229213389
115878.9257127882 137953.2698449722
117952.0247157812 143221.5675364055
115241.0490964826 140667.2413829833
118430.4321780104 141784.7590751056
115559.9874046354 139709.3690754500
124330.7908788368 138751.4967679167
124809.1983410660 136516.4613836722
121141.4077973090 141146.1775367500
119706.1854106215 135558.5890761389
125287.6058032951 133642.8444610722
120503.5311810035 135558.5890761389
125766.0132655243 135718.2344607278
117473.6172535521 140188.3052292166
116835.7406372465 138112.9152295611
129912.2112715104 131886.7452305944
121300.8769513854 139390.0783062722
112530.0734771840 138112.9152295611
131347.4336581979 131886.7452305944
113805.8267097951 140028.6598446278
112689.5426312604 140667.2413829833
120503.5311810035 140347.9506138056
126722.8281899826 136516.4613836722
128317.5197307465 133962.1352302500
114443.7033261007 140826.8867675722
123852.3834166076 135558.5890761389
118908.8396402396 139070.7875370945
113008.4809394132 142104.0498442833

127173.1029285714 125481.5307827893
128451.8473034286 125160.1666946036
128451.8473034286 127409.7153119037
130689.6499594286 125802.8948709751
127492.7890222857 129177.2177969251
129091.2194908571 126766.9871355322
129251.0625377143 127570.3973559965
131808.5512874286 127731.0794000894
125734.5155068571 128534.4896205537
126853.4168348572 128213.1255323680
127173.1029285714 129016.5357528323
125894.3585537143 126927.6691796251
116357.3331750174 138112.9152295611
114762.6416342535 142104.0498442833
114443.7033261007 143860.1490747611
115559.9874046354 138751.4967679167
116835.7406372465 137793.6244603833
124649.7291869896 136995.3975374389
116676.2714831701 137474.3336912055
113965.2958638715 138272.5606141500
111892.1968608785 139390.0783062722
113805.8267097951 137953.2698449722
113486.8884016424 143061.9221518167
112530.0734771840 142582.9859980500
112530.0734771840 139549.7236908611
116995.2097913229 139070.7875370945
127679.6431144410 132525.3267689500
119706.1854106215 139230.4329216833
125925.4824196007 136835.7521528500
115878.9257127882 139230.4329216833
125925.4824196007 134760.3621531944
118589.9013320868 142902.2767672277
129114.8655011285 133163.9083073056
111892.1968608785 140667.2413829833
124968.6674951423 134281.4259994278
119706.1854106215 139709.3690754500
120981.9386432326 139709.3690754500
119227.7779483924 140188.3052292166
126882.2973440590 136197.1706144944
121300.8769513854 141625.1136905166
125766.0132655243 137314.6883066167
120184.5928728507 142263.6952288722

131169.1791000000 127891.7614441823
129730.5916782857 125802.8948709751
132128.2373811429 126927.6691796251
128931.3764440000 124838.8026064179
125574.6724600000 127570.3973559965
130689.6499594286 125320.8487386965
129251.0625377143 127570.3973559965
127332.9459754286 129659.2639292037
131968.3943342857 125802.8948709751
130689.6499594286 126927.6691796251
129251.0625377143 125802.8948709751
131329.0221468571 125160.1666946036
124330.7908788368 135558.5890761389
120025.1237187743 142423.3406134611
119865.6545646979 139869.0144600389
116995.2097913229 139709.3690754500
120663.0003350799 140986.5321521611
118908.8396402396 142263.6952288722
117633.0864076285 136676.1067682611
118908.8396402396 137474.3336912055
122895.5684921493 134920.0075377833
118589.9013320868 141784.7590751056
125766.0132655243 136995.3975374389
124490.2600329132 138591.8513833278
121779.2844136146 137633.9790757945
125287.6058032951 134121.7806148389
118749.3704861632 142582.9859980500
118111.4938698576 136835.7521528500
125447.0749573715 134920.0075377833
119387.2471024688 137155.0429220278
119387.2471024688 142582.9859980500
113805.8267097951 144019.7944593500
124330.7908788368 137314.6883066167
112849.0117853368 142104.0498442833
120344.0620269271 141625.1136905166
118908.8396402396 136676.1067682611
117633.0864076285 141305.8229213389
113805.8267097951 142902.2767672277
117633.0864076285 136197.1706144944
116197.8640209410 140188.3052292166
116676.2714831701 140826.8867675722
116197.8640209410 137633.9790757945

131329.0221468571 126927.6691796251
129730.5916782857 128534.4896205537
127812.4751160000 128052.4434882751
127652.6320691429 126766.9871355322
130849.4930062857 127570.3973559965
128132.1612097143 129337.8998410180
131968.3943342857 126445.6230473465
131488.8651937143 125160.1666946036
128132.1612097143 128373.8075764608
129251.0625377143 125642.2128268822
130369.9638657143 127249.0332678108
131169.1791000000 126766.9871355322
113327.4192475660 142742.6313826389
126403.8898818299 133642.8444610722
118908.8396402396 142104.0498442833
119546.7162565451 136197.1706144944
115559.9874046354 140188.3052292166
115241.0490964826 142902.2767672277
111254.3202445729 140507.5959983944
120663.0003350799 140667.2413829833
117952.0247157812 136995.3975374389
124649.7291869896 133962.1352302500
119227.7779483924 142582.9859980500
115081.5799424062 137474.3336912055
117792.5555617049 140507.5959983944
120344.0620269271 139549.7236908611
125606.5441114479 137474.3336912055
120344.0620269271 141625.1136905166
119387.2471024688 139230.4329216833
110935.3819364201 140028.6598446278
118589.9013320868 137953.2698449722
119546.7162565451 137633.9790757945
120503.5311810035 142423.3406134611
113327.4192475660 138911.1421525055
117952.0247157812 137155.0429220278
124968.6674951423 136676.1067682611
119546.7162565451 139390.0783062722
113805.8267097951 137793.6244603833
124011.8525706840 137633.9790757945
112051.6660149549 138911.1421525055
117314.1480994757 139390.0783062722
119227.7779483924 143221.5675364055

125894.3585537143 126606.3050914393
126853.4168348572 124838.8026064179
128771.5333971428 127249.0332678108
129730.5916782857 128534.4896205537
129570.7486314286 125802.8948709751
128132.1612097143 128213.1255323680
129570.7486314286 127570.3973559965
125414.8294131429 128855.8537087394
126214.0446474286 127891.7614441823
132288.0804280000 126927.6691796251
131488.8651937143 126766.9871355322
127013.2598817143 128213.1255323680
114922.1107883299 138432.2059987389
119706.1854106215 138112.9152295611
114124.7650179479 137793.6244603833
118430.4321780104 137155.0429220278
120184.5928728507 138911.1421525055
119227.7779483924 138272.5606141500
112370.6043231076 140986.5321521611
116835.7406372465 136676.1067682611
121619.8152595382 136197.1706144944
111892.1968608785 140347.9506138056
118589.9013320868 137314.6883066167
120503.5311810035 142582.9859980500
114603.1724801771 138272.5606141500
125287.6058032951 136835.7521528500
121938.7535676910 140667.2413829833
126244.4207277535 134760.3621531944
124011.8525706840 135239.2983069611
125925.4824196007 134600.7167686055
116676.2714831701 140188.3052292166
113008.4809394132 143700.5036901722
127520.1739603646 133323.5536918945
116038.3948668646 143221.5675364055
123533.4451084549 134760.3621531944
122257.6918758438 136676.1067682611
112051.6660149549 138591.8513833278
120503.5311810035 139869.0144600389
117792.5555617049 139390.0783062722
114124.7650179479 142263.6952288722
116676.2714831701 144339.0852285278
118430.4321780104 139070.7875370945

129570.7486314286 128695.1716646465
126054.2016005714 129016.5357528323
127492.7890222857 125802.8948709751
128132.1612097143 129337.8998410180
128611.6903502857 126766.9871355322
127652.6320691429 124356.7564741393
131808.5512874286 127409.7153119037
130849.4930062857 125160.1666946036
129251.0625377143 127249.0332678108
129251.0625377143 125802.8948709751
129410.9055845714 126284.9410032536
125734.5155068571 128213.1255323680
112530.0734771840 138432.2059987389
130709.5570418923 132206.0359997722
117314.1480994757 138911.1421525055
124649.7291869896 137474.3336912055
118908.8396402396 139230.4329216833
110775.9127823437 139230.4329216833
116676.2714831701 144339.0852285278
117633.0864076285 137474.3336912055
116357.3331750174 144019.7944593500
131028.4953500451 132206.0359997722
111413.7893986493 138751.4967679167
113167.9500934896 141625.1136905166
113805.8267097951 142423.3406134611
117952.0247157812 143381.2129209944
119546.7162565451 141625.1136905166
124490.2600329132 138272.5606141500
121141.4077973090 139070.7875370945
125925.4824196007 135079.6529223722
120663.0003350799 135718.2344607278
112370.6043231076 141305.8229213389
115878.9257127882 139390.0783062722
118430.4321780104 143061.9221518167
118589.9013320868 143860.1490747611
127041.7664981354 134600.7167686055
126563.3590359062 136676.1067682611
125766.0132655243 134121.7806148389
118111.4938698576 139709.3690754500
111573.2585527257 139390.0783062722
113167.9500934896 137953.2698449722
114124.7650179479 144019.7944593500

132128.2373811429 126445.6230473465
129251.0625377143 125642.2128268822
131488.8651937143 125320.8487386965
129570.7486314286 128695.1716646465
127492.7890222857 128695.1716646465
128771.5333971428 124678.1205623250
130050.2777720000 125481.5307827893
126533.7307411428 129177.2177969251
131808.5512874286 126606.3050914393
127812.4751160000 127088.3512237179
129091.2194908571 124838.8026064179
132767.6095685714 125802.8948709751
116516.8023290937 138911.1421525055
118270.9630239340 137474.3336912055
119546.7162565451 136197.1706144944
117314.1480994757 136835.7521528500
118430.4321780104 140347.9506138056
131506.9028122743 131407.8090768278
120822.4694891562 141146.1775367500
124968.6674951423 135079.6529223722
113646.3575557187 144339.0852285278
114443.7033261007 140667.2413829833
119865.6545646979 138272.5606141500
121779.2844136146 139230.4329216833
128476.9888848229 132365.6813843611
118270.9630239340 143860.1490747611
118430.4321780104 139070.7875370945
124490.2600329132 133642.8444610722
119706.1854106215 139390.0783062722
119546.7162565451 141305.8229213389
116516.8023290937 137314.6883066167
115400.5182505590 137793.6244603833
118111.4938698576 137155.0429220278
122736.0993380729 134920.0075377833
117792.5555617049 141305.8229213389
125287.6058032951 135877.8798453167
116357.3331750174 143860.1490747611
116197.8640209410 137474.3336912055
119387.2471024688 137314.6883066167
128636.4580388993 132525.3267689500
119068.3087943160 136676.1067682611
125447.0749573715 135877.8798453167

129410.9055845714 125481.5307827893
127492.7890222857 126445.6230473465
127972.3181628571 129337.8998410180
126533.7307411428 128213.1255323680
129251.0625377143 124999.4846505107
126214.0446474286 126284.9410032536
127173.1029285714 128695.1716646465
127812.4751160000 129177.2177969251
126054.2016005714 126606.3050914393
130529.8069125714 126606.3050914393
132447.9234748571 126766.9871355322
125894.3585537143 128534.4896205537
126722.8281899826 136197.1706144944
114124.7650179479 144658.3759977056
126244.4207277535 133483.1990764833
119387.2471024688 135877.8798453167
118430.4321780104 140347.9506138056
124171.3217247604 138591.8513833278
121300.8769513854 135718.2344607278
117154.6789453993 140507.5959983944
118908.8396402396 136197.1706144944
120663.0003350799 141625.1136905166
120344.0620269271 138751.4967679167
120663.0003350799 135877.8798453167
123692.9142625312 134121.7806148389
113327.4192475660 138432.2059987389
125447.0749573715 133962.1352302500
125606.5441114479 136676.1067682611
125925.4824196007 135877.8798453167
113486.8884016424 138751.4967679167
116835.7406372465 143700.5036901722
120663.0003350799 135079.6529223722
128158.0505766701 132844.6175381278
116357.3331750174 138272.5606141500
113646.3575557187 139230.4329216833
116835.7406372465 137474.3336912055
117633.0864076285 141465.4683059278
114443.7033261007 143221.5675364055
120503.5311810035 140507.5959983944
114124.7650179479 143221.5675364055
116197.8640209410 140188.3052292166
116038.3948668646 138272.5606141500

126214.0446474286 129016.5357528323
125574.6724600000 127249.0332678108
127972.3181628571 127088.3512237179
129570.7486314286 125320.8487386965
131968.3943342857 125642.2128268822
131648.7082405714 126606.3050914393
127492.7890222857 128052.4434882751
130849.4930062857 127088.3512237179
125894.3585537143 128534.4896205537
130050.2777720000 128534.4896205537
125414.8294131429 128855.8537087394
129570.7486314286 126445.6230473465
116038.3948668646 144339.0852285278
113486.8884016424 144019.7944593500
119387.2471024688 141944.4044596944
120822.4694891562 140667.2413829833
124330.7908788368 137474.3336912055
120981.9386432326 135718.2344607278
129593.2729633577 132046.3906151833
131985.3102745035 130928.8729230611
129433.8038092812 133004.2629227167
119546.7162565451 135877.8798453167
116516.8023290937 141305.8229213389
116995.2097913229 141784.7590751056
117792.5555617049 137633.9790757945
117154.6789453993 136516.4613836722
111573.2585527257 139230.4329216833
121779.2844136146 141146.1775367500
118749.3704861632 136516.4613836722
124968.6674951423 134281.4259994278
124171.3217247604 136197.1706144944
126244.4207277535 133962.1352302500
118749.3704861632 139549.7236908611
127998.5814225938 133323.5536918945
123692.9142625312 137474.3336912055
115559.9874046354 136995.3975374389
119706.1854106215 139549.7236908611
116676.2714831701 144019.7944593500
113486.8884016424 138112.9152295611
126722.8281899826 133642.8444610722
120025.1237187743 142582.9859980500
114284.2341720243 141944.4044596944

130849.4930062857 125481.5307827893
128292.0042565714 128695.1716646465
127013.2598817143 128213.1255323680
129091.2194908571 125963.5769150679
127812.4751160000 126124.2589591608
130689.6499594286 125160.1666946036
129730.5916782857 128373.8075764608
131648.7082405714 126606.3050914393
128451.8473034286 128373.8075764608
125734.5155068571 127088.3512237179
125894.3585537143 128213.1255323680
129570.7486314286 127249.0332678108
126882.2973440590 135239.2983069611
111573.2585527257 141146.1775367500
116995.2097913229 142104.0498442833
116197.8640209410 140347.9506138056
130869.0261959688 131407.8090768278
116835.7406372465 137793.6244603833
123533.4451084549 138272.5606141500
119865.6545646979 142104.0498442833
113486.8884016424 139230.4329216833
115719.4565587118 138272.5606141500
120663.0003350799 138911.1421525055
125766.0132655243 136197.1706144944
117792.5555617049 139709.3690754500
112849.0117853368 139549.7236908611
118908.8396402396 137314.6883066167
121619.8152595382 138751.4967679167
120344.0620269271 142742.6313826389
117633.0864076285 143540.8583055833
114922.1107883299 138751.4967679167
117473.6172535521 137314.6883066167
117314.1480994757 142104.0498442833
119387.2471024688 136197.1706144944
113486.8884016424 142902.2767672277
112051.6660149549 140347.9506138056
118589.9013320868 143221.5675364055
119387.2471024688 142582.9859980500
118749.3704861632 137314.6883066167
112370.6043231076 142423.3406134611
118111.4938698576 136995.3975374389
121460.3461054618 138911.1421525055

