157529715.0948079526 10.5931408764
154548971.5057305694 9.7669210932
154495344.8654259145 8.8231625436
163303207.1820400059 11.1325347293
162722857.3311875165 11.0795928780
154465184.8648101389 7.8470647458
159364982.8542475104 10.7401093990
155851301.0500444472 10.3692528107
153358466.4154522717 7.7561855818
159731232.8261010647 10.8844992574
155343198.0988498032 10.3131929329
161639275.4409305155 10.8954395363
156964506.0308784246 10.4404733032
162359790.1145479977 11.0002503358
158433881.7850236893 10.6274431162
158848023.2271469831 10.7187545749
157029111.6361548603 10.5570165282
162276628.4898628294 10.9485928640
161901815.1309129894 10.9331882382
156255952.9421307743 10.4194418024
155192454.7505225837 9.8388016904
