163076165.9263569117 11.0655428544
162888023.4422701001 11.0054707173
154465184.8648101389 7.8470647458
159364982.8542475104 10.7401093990
154528473.0509475768 7.9133362326
155851301.0500444472 10.3692528107
153358466.4154522717 7.7561855818
159731232.8261010647 10.8844992574
158432618.4104003012 10.5906483829
155343198.0988498032 10.3131929329
163108022.5966776907 11.0789288897
161639275.4409305155 10.8954395363
156964506.0308784246 10.4404733032
162359790.1145479977 11.0002503358
158433881.7850236893 10.6274431162
155155204.0562456548 9.5758702876
158848023.2271469831 10.7187545749
157029111.6361548603 10.5570165282
154685484.4500394166 9.2776016868
162276628.4898628294 10.9485928640
154878723.7572603226 9.3202844956
154876515.6027017534 9.2872323487
161901815.1309129894 10.9331882382
156255952.9421307743 10.4194418024
155192454.7505225837 9.8388016904
