253937552.4763879776 676759.4967041016
254382156.9758929908 706309.1730346680
257394853.7564217448 738074.3460693359
264954424.8863317370 773776.7108383179
253795394.9211342037 676207.7275390625
260907398.1508397162 748991.2589111328
259346958.9810765386 741185.2044067383
258167237.8696985245 740905.2438964844
255315512.4258225560 708696.9246826172
262439076.1619974375 762663.5592041016
262784080.2461860776 771359.9918212891
265266387.5896686018 783783.8570556641
262405447.0261532068 756344.3944702148
253079664.8816393316 667907.5415649414
256056280.2401498556 735854.5651855469
260689376.0438695848 748719.2644042969
255810918.7283835411 724171.8851928711
259545432.0740618408 746589.0014038086
265016726.4197523594 778383.2550048828
255562370.1024490297 716017.8961181641
253637895.2158637345 674641.5064086914
261140438.6491931677 753860.4140625000
255367237.5071530044 710271.2009277344
