172722951.7767878771 1335002.5708007812
170398341.8535294235 1321668.3188476562
169284009.4092816412 1215250.6174316406
180885518.4472745359 1371744.8134765625
172376942.3903934658 1325521.4282226562
172870506.3035744429 1345621.8142089844
174290673.1439683139 1347464.6840820312
179811254.4042938650 1366390.5000000000
174502790.4822656512 1353798.5458984375
170300922.0016224086 1275204.9448242188
177999053.6468291879 1361325.7099609375
172089714.0426853001 1323353.2558593750
176830161.4929257631 1359952.7744140625
175391372.6366041005 1358969.1823730469
