313206905.7278941274 5623363.5527343750
312754338.7404268980 5619208.0253906250
323443363.6885793805 5661516.5351562500
314392159.9499150515 5633473.7949218750
315611021.7822859883 5648254.6953125000
319026574.0847135782 5651905.8652343750
323384188.2517339587 5655972.4726562500
309807977.6013783216 5610139.1777343750
313523277.3340599537 5624459.7304687500
314189413.1247850657 5627173.7070312500
313543132.2297334671 5626524.7324218750
307241394.0471122265 5516592.6113281250
321895926.4478186965 5653813.5722656250
309378856.1874561906 5538856.4199218750
