259762296.5756472647 976397.7044067383
257189793.4204199314 962713.2966918945
257455017.5703799129 969597.1151123047
254585362.6428343356 927011.4427490234
272783574.6341320276 1006217.8586425781
261111603.7832190394 989405.9978027344
253304698.5765282214 906046.3755493164
260003254.1638822258 982918.3436279297
258116568.5388073027 971092.2597045898
258490235.9469235241 974008.9741210938
258788938.1579315960 974757.9561767578
254725758.3431971073 958087.2449951172
262375225.7370805144 1004441.1706542969
264098216.9024660885 1005374.5174560547
256213548.2905972004 962412.5019531250
261078515.4522532821 984659.4547119141
