254024287.8898468018 4242567.3808593750
255509481.6062041819 4262945.8515625000
254762449.6200641096 4252580.2558593750
262686936.7192582786 4304674.5683593750
253980952.6271948814 4224541.5625000000
254525424.7142750025 4244482.5371093750
253381617.3643238246 4189886.3222656250
253357517.0224019587 4172883.9218750000
256029604.3668331206 4268295.6796875000
264676408.7278754115 4314872.2792968750
256996715.6547829211 4291833.0546875000
255435135.2713250518 4256538.6113281250
256513911.9792377949 4270180.2109375000
253462756.3904035687 4217624.9492187500
257763534.8567827344 4299551.9296875000
256004466.0811239183 4267363.6992187500
264466586.7817278206 4305575.4238281250
