574745726.4186357260 21103104.3964843750
577719777.9061130285 21117261.6152343750
570570344.3822623491 21060424.8886718750
571077516.4994722605 21075271.2011718750
567064315.8416739702 21033966.2636718750
569074425.2656731606 21059963.9199218750
573354521.5112930536 21076491.1230468750
564336000.6739392281 20989063.3261718750
581537939.3731743097 21134471.1464843750
563628241.4052729607 20683124.7714843750
580809878.7288837433 21119771.8496093750
566302524.4598164558 21015717.6074218750
566514112.4327145815 21023037.9121093750
568391356.0830523968 21036728.3652343750
563941579.9426864386 20932086.0605468750
573654601.0922391415 21086981.2324218750
575482154.4955109358 21116655.8652343750
564155332.9226710796 20966961.9746093750
571767258.5413312912 21075434.3730468750
575246331.8045876026 21107979.5527343750
570594093.9918456078 21064337.4042968750
571050917.6333339214 21071671.9746093750
568833700.4357692003 21049047.7636718750
573604025.9963717461 21080746.3964843750
573806042.8651509285 21100079.3730468750
563485993.9195892811 20674975.7636718750
581434061.5229870081 21120982.4824218750
