571887041.2143473625 20272.5400471687
554473060.7775161266 14937.3266525865
556785009.8987820148 19027.8694949150
555243239.2741680145 18673.9632782936
566100411.8995215893 20010.8364324570
567561474.8228673935 20075.3197078705
559301828.5876508951 19391.1910533905
561710877.9080388546 19517.9829282761
569588999.6072987318 20249.7848958969
558496451.3159562349 19311.6527442932
558275382.9010657072 19070.8036556244
561513463.3688206673 19508.1045112610
567321684.9402189255 20025.6256942749
572188049.7397099733 20475.9985103607
570058954.6049275398 20268.4835557938
571090420.2755807638 20269.5728769302
554483314.3484147787 18266.7909340858
561294947.7044100761 19396.6175079346
565558199.1198363304 19989.3924970627
563217038.2632740736 19670.8909621239
564700878.8121122122 19909.4401693344
567996440.8820276260 20181.2148489952
563847460.3408380747 19766.9940290451
562432044.6362888813 19613.0048274994
