164948844.3413516879 852080.7316894531
163247911.5233407021 827352.3413085938
168504560.8998596370 872775.0036621094
161796000.5226768255 800990.1455078125
164224105.7953862250 848848.5207519531
164440780.1587266028 849708.0908203125
169031285.2631753087 880867.9521484375
167873894.7357377708 871345.0014648438
165448280.7434598804 856827.6860351562
162312977.7030368745 809347.5229492188
167241300.4905790985 869510.6364746094
165011467.8286344111 854125.3276367188
162693179.0728226006 825748.9299316406
162317846.9174787104 820978.0666503906
166242769.3674570918 869273.0119628906
166023048.3204553723 864643.2202148438
164134267.6446397603 838758.2841796875
165815627.1386185288 861173.1884765625
161391987.7886175811 753098.4252929688
165120167.5495474339 856780.2475585938
164154787.9944275320 842684.8449707031
163831329.4696123600 838485.1572265625
