1043309926.9727519751 117735.9943084717
1040106428.2683905363 117107.6461987495
1045021852.1189441681 118504.9381628036
1047157160.3663210869 118759.9559764862
1038101907.4235194921 116031.0893783569
1047708013.8381997347 118963.4773941040
1060167044.5100631714 123214.6148872375
1036918489.7150689363 114908.4541018009
1047226468.2762228251 118865.5256156921
1045355109.8715735674 118665.5741233826
1061069779.4977205992 123829.6233625412
1048418895.3786163330 119620.6709651947
1049690974.8533338308 120520.7885055542
1051477432.6173185110 120686.9422817230
1043548410.9568637609 118129.3944854736
1041995741.3448268175 117445.4453792572
1043133676.6402412653 117535.6226720810
1034584211.7523446083 112368.8453831673
1053956979.9848465919 122035.8323001862
1053183854.6190512180 121067.7818698883
1040035272.6766153574 116041.5896310806
