889691138.5760943890 9111930.4248046875
887772145.4153147936 9088346.9023437500
878958482.0586678982 8982033.6933593750
878053195.4590781927 8952508.2548828125
888046629.6807358265 9097437.5947265625
890717207.0002936125 9130828.2558593750
885868099.5584636927 9086603.0517578125
888311548.4483176470 9105131.9570312500
895003774.5542241335 9144731.0576171875
890852094.3179891109 9133804.8261718750
891728754.6739979982 9140254.1992187500
892148887.9952176809 9140803.2753906250
899184564.5568431616 9193231.8085937500
883156521.9102524519 9085704.4121093750
895282658.5141713619 9179323.5058593750
887191866.7638976574 9086851.3320312500
881130333.2662589550 9030961.5302734375
889498101.9233518839 9105324.5986328125
882389956.9957278967 9084085.6533203125
