799764693.8238292933 478958.2410125732
793343049.3334859610 476792.0263462067
771064717.6331716776 428947.5899181366
777258232.1378561258 452766.6333007812
790434741.3466513157 476239.7210922241
787307945.9939770699 471587.0684452057
788057683.5921822786 471740.4866714478
774003193.1492078304 449524.0750198364
771733426.7737653255 448342.8812026978
797893008.3447049856 478218.3162765503
777273432.0372183323 459379.6422042847
770163981.5624376535 409920.4064025879
780299594.0182418823 467549.9215621948
776279076.3859860897 452570.6493568420
