652530275.4233355522 3334892.3400878906
658196164.4196933508 3350967.9993896484
656921178.5274968147 3338339.3100585938
650901048.0499784946 2933428.0884399414
674921923.9196468592 3422390.0888671875
649107993.7213612795 2845737.2916259766
658963545.3483788967 3357920.2084960938
667801581.6206033230 3396482.6530761719
657800736.5763766766 3350021.8334960938
663515097.4979209900 3394026.2419433594
651596467.7420361042 3263069.8664550781
661569554.5495529175 3363122.4531250000
662844072.3725444078 3366684.4479980469
651850801.1269806623 3263578.5217285156
651335663.1070086956 2940747.7784423828
671045935.5657308102 3402992.2170410156
650484506.6262694597 2920736.2192382812
663296842.5708452463 3368591.1706542969
651964225.1442880630 3311940.7409667969
