740225555.8558883667 26714053.7617187500
739760293.6892106533 26700906.1738281250
744593796.1706303358 26724412.1621093750
740863810.9161252975 26714683.9707031250
741830458.0648703575 26720621.4492187500
734489149.1233296394 26367933.9257812500
746700883.8779333830 26747858.5156250000
735747528.8654476404 26652660.1894531250
733953934.2252880335 26297237.3164062500
739542742.3134204149 26699464.1757812500
736525674.4605107307 26661108.3339843750
738329815.8166990280 26674357.4960937500
738840259.2626417875 26680089.3183593750
746706877.2618342638 26773174.4433593750
740083460.5784236193 26703741.7773437500
737747315.1600109339 26669254.5078125000
744785813.6323260069 26741794.2109375000
739345624.1785377264 26681105.1503906250
734569546.3695496321 26648366.4648437500
