140470226.9391280115 675737.5293579102
145607052.4375054240 758317.6838378906
148014535.0521309078 762307.5954589844
143688555.3486363888 749745.4511718750
142413711.9187837541 738055.5140380859
149996439.1750850677 769658.7617187500
140375520.2086467445 670476.4038696289
142718594.8339506388 740718.3405151367
145176448.5937014222 751356.6765136719
138510661.1563553214 649872.6752319336
141192650.8805223107 733002.9045410156
140470556.5742996037 712992.9729614258
140836042.7700500786 722094.3967285156
149409619.0152945817 767077.6511230469
143605184.9554503858 748011.5013427734
139902849.2871369123 667551.3046264648
143513120.8770067394 741839.3045654297
148490765.8093670309 763865.0007324219
140509132.1727648079 722012.9467773438
