860604225.4932317734 582353.4814910889
858438375.5411484241 579400.0582771301
860010650.4200801849 579704.5094909668
857814667.4688098431 576960.3077850342
861058557.8131518364 583521.9204254150
839079150.4109863043 544584.2449302673
854594842.1577234268 570729.2623443604
834070990.7370381355 520416.4428100586
837772112.5030860901 542071.6861877441
841853904.6894744635 556392.7448120117
844825011.2290149927 559097.3320465088
849838480.7211245298 566639.6059417725
837013453.7055453062 536040.3677215576
861495395.2304654121 587938.5171356201
860201127.8986655474 580846.6022491455
866642421.0714596510 594606.2620201111
850289791.5382961035 567119.0248184204
860117407.5276736021 580342.9310302734
844666178.0910393000 558111.8512954712
849829123.7103049755 562478.1552543640
839670529.0371980667 548144.8164138794
837009721.7013607025 520564.6860523224
845590679.6279976368 561722.9668407440
840871020.8644816875 552855.0926361084
839600565.7953120470 544887.0125579834
856049952.7512830496 576306.6311798096
837050565.3745840788 537825.9137115479
