119649317.0895879269 47545.6977462769
121024500.7766901404 51311.6469726562
120181958.1910552233 48560.0696029663
121355141.3917152882 51441.3675994873
120855443.7618861049 50339.4790534973
122471558.3112738132 53115.9544067383
127589576.5660398901 55465.8151550293
121934984.4417950958 51554.0291595459
122331227.1004429460 52461.3634872437
124403903.8250013143 54892.8572921753
127084963.7885845304 55316.2286300659
122185583.0174609423 51895.9430541992
123471117.3178403229 54333.9805603027
119526047.1103614420 43982.9097576141
122016975.7185700834 51762.5482101440
123077561.1321073323 53927.2833251953
120627276.2428776175 48692.6839904785
