274094010.0394836664 954332.8437500000
274520795.2979561687 961975.8379211426
277619949.3348818421 998386.7376098633
281609661.7202548981 1009391.9227294922
272064202.4952799082 942880.6439819336
269022506.7568879128 831208.8104743958
272468046.9428401589 948964.1265869141
277017154.1944668889 992977.1788940430
276922363.7147868276 991156.6870117188
278145379.9075905085 1007636.0847778320
274613740.7534573674 976752.9529418945
270840567.3021097779 924125.0952148438
271236382.4715746045 926773.1830444336
276323772.4882029891 982777.7490844727
273849888.2872814536 951888.9088439941
269716332.5448117256 914519.6286010742
