542035751.0485922098 4321.5071794987
535302034.0935266614 4136.0343253613
534981438.7509184480 4133.5144951344
543117251.7726376057 4323.0595140457
538503952.5879470110 4263.8370585442
532562651.3980266452 4072.7002086639
537122471.0262703896 4239.5186138153
540798977.9735242128 4287.2885355949
541830566.9807134867 4304.2963681221
535765279.6169884801 4185.3299872875
530946528.8447836637 3881.9095531702
548149531.4854115248 4334.2770961523
534153724.8917285800 4079.6008731127
538983764.9934489727 4275.2053345442
536538639.3410005569 4195.7589805126
541406797.1612499952 4293.0448663235
535523413.3029797673 4184.1540701389
537725441.2356245518 4251.6794354916
536677426.8674176931 4213.9890398979
532441013.1914551854 4016.5362719297
