129652.5783700112 134331.9928974951
116877.3663741903 129858.4112713382
124223.1132717873 137687.1791171127
131728.5503193321 139764.1991578284
129173.5079201679 135450.3883040343
129652.5783700112 132254.9728567794
125340.9443214216 140722.8237920049
131728.5503193321 136409.0129382108
133485.1419687574 138486.0329789265
115759.5353245560 132095.2020844167
117675.8171239291 135929.7006211226
118154.8875737724 134651.5344422206
120230.8595230933 128420.4743200735
131568.8601693843 134172.2221251324
115280.4648747127 129858.4112713382
125820.0147712649 127781.3912306226
127576.6064206903 130337.7235884265
128375.0571704291 134172.2221251324
125181.2541714739 139125.1160683775
116877.3663741903 132414.7436291421
119432.4087733545 134172.2221251324
123584.3526719963 138645.8037512892
117196.7466740858 128740.0158647990
127736.2965706380 129379.0989542500
132367.3109191231 138645.8037512892
129013.8177702201 125864.1419622696
117516.1269739813 134491.7636698578
124063.4231218395 139923.9699301912
118314.5777237201 136249.2421658480
120709.9299729365 134331.9928974951
116398.2959243470 134971.0759869461
127257.2261207948 137367.6375723873
131249.4798694888 134651.5344422206
122466.5216223619 128580.2450924363
120709.9299729365 126822.7665964461
130291.3389698022 130976.8066778775
120550.2398229888 133213.5974909559
120869.6201228843 131775.6605396912
126778.1556709515 127142.3081411716
126458.7753710560 138486.0329789265
116398.2959243470 130657.2651331520
127736.2965706380 127941.1620029853
122945.5920722052 137207.8668000245
124542.4935716828 125864.1419622696
125340.9443214216 132734.2851738677
124382.8034217351 130497.4943607892
133964.2124186007 139764.1991578284
125340.9443214216 130497.4943607892
120869.6201228843 128260.7035477108
120071.1693731455 138006.7206618382
126139.3950711604 140083.7407025539
122306.8314724142 126662.9958240833
128375.0571704291 125544.6004175441
132527.0010690709 135450.3883040343
121987.4511725187 133692.9098080441
124382.8034217351 132414.7436291421
117196.7466740858 135290.6175316716
130770.4094196455 139284.8868407402
127097.5359708470 134172.2221251324
128854.1276202724 138805.5745236519
129492.8882200634 125864.1419622696
119113.0284734590 131775.6605396912
124382.8034217351 127302.0789135343
125340.9443214216 133053.8267185931
125181.2541714739 126183.6835069951
123424.6625220485 138486.0329789265
128534.7473203769 134012.4513527696
131728.5503193321 141042.3653367304
122306.8314724142 129379.0989542500
126458.7753710560 127941.1620029853
130291.3389698022 129219.3281818872
121827.7610225709 134172.2221251324
122147.1413224664 139125.1160683775
120550.2398229888 132414.7436291421
132367.3109191231 139284.8868407402
120390.5496730410 136409.0129382108
129013.8177702201 139444.6576131030
118314.5777237201 136409.0129382108
125660.3246213172 137048.0960276618
129173.5079201679 128740.0158647990
123903.7329718918 130177.9528160637
128215.3670204813 129379.0989542500
120071.1693731455 137207.8668000245
126937.8458208993 130976.8066778775
119751.7890732500 137048.0960276618
122147.1413224664 137527.4083447500
134123.9025685485 135610.1590763970
120390.5496730410 128899.7866371618
132367.3109191231 133533.1390356813
125979.7049212127 140243.5114749167
115440.1550246604 130657.2651331520
130770.4094196455 140083.7407025539
118633.9580236157 137367.6375723873
123744.0428219440 133533.1390356813
124861.8738715783 136888.3252552990
118474.2678736679 133053.8267185931
134443.2828684440 138486.0329789265
129013.8177702201 141042.3653367304
126937.8458208993 138645.8037512892
126618.4655210037 131296.3482226029
120071.1693731455 133692.9098080441
126937.8458208993 126023.9127346323
125500.6344713694 127142.3081411716
121029.3102728321 126982.5373688088
120869.6201228843 130817.0359055147
115280.4648747127 133213.5974909559
122626.2117723097 139125.1160683775
125500.6344713694 135929.7006211226
118793.6481735634 128100.9327753480
133485.1419687574 134971.0759869461
125660.3246213172 138805.5745236519
130131.6488198545 135450.3883040343
122626.2117723097 126503.2250517206
121987.4511725187 130018.1820437010
117675.8171239291 134651.5344422206
117835.5072738769 129219.3281818872
125979.7049212127 138965.3452960147
131249.4798694888 134971.0759869461
123903.7329718918 125544.6004175441
123903.7329718918 126023.9127346323
127257.2261207948 132574.5144015049
130131.6488198545 125544.6004175441
116877.3663741903 136409.0129382108
119272.7186234067 133373.3682633186
133485.1419687574 140083.7407025539
128534.7473203769 135610.1590763970

132367.3109191231 138965.3452960147
122626.2117723097 129219.3281818872
134443.2828684440 138805.5745236519
126299.0852211082 135130.8467593088
123424.6625220485 139604.4283854657
116238.6057743993 131615.8897673285
120390.5496730410 133533.1390356813
124382.8034217351 134971.0759869461
124861.8738715783 138166.4914342010
133644.8321187052 138166.4914342010
134602.9730183918 136568.7837105735
126778.1556709515 127941.1620029853
122466.5216223619 127781.3912306226
128055.6768705336 132095.2020844167
133006.0715189142 139125.1160683775
126299.0852211082 127621.6204582598
116078.9156244515 131296.3482226029
129971.9586699067 125864.1419622696
130451.0291197500 133373.3682633186
125500.6344713694 127142.3081411716
120550.2398229888 128580.2450924363
118793.6481735634 129219.3281818872
130610.7192696978 137048.0960276618
120869.6201228843 132414.7436291421
132527.0010690709 134811.3052145833
124223.1132717873 135450.3883040343
133804.5222686530 137687.1791171127
119592.0989233022 132894.0559462304
131888.2404692798 132574.5144015049
125021.5640215261 129219.3281818872
132527.0010690709 132894.0559462304
115919.2254745037 131136.5774502402
119911.4792231978 135769.9298487598
132527.0010690709 136409.0129382108
121029.3102728321 132254.9728567794
127257.2261207948 130018.1820437010
120550.2398229888 128100.9327753480
119272.7186234067 134491.7636698578
126458.7753710560 125864.1419622696
132527.0010690709 135290.6175316716
131409.1700194366 137687.1791171127
123903.7329718918 136888.3252552990
115120.7747247649 135450.3883040343
123424.6625220485 131935.4313120539
124382.8034217351 128740.0158647990
125820.0147712649 125704.3711899069
120390.5496730410 133373.3682633186
117037.0565241381 130497.4943607892
128694.4374703246 137048.0960276618
116238.6057743993 130018.1820437010
129492.8882200634 137527.4083447500
123424.6625220485 138645.8037512892
118953.3383235112 133053.8267185931
127097.5359708470 125864.1419622696
129652.5783700112 129219.3281818872
125820.0147712649 131615.8897673285
129333.1980701157 129858.4112713382
130291.3389698022 130976.8066778775
130930.0995695933 135929.7006211226
125340.9443214216 135290.6175316716
123105.2822221530 128899.7866371618
128055.6768705336 126503.2250517206
117196.7466740858 133213.5974909559
123424.6625220485 126023.9127346323
130291.3389698022 139125.1160683775
128055.6768705336 125704.3711899069
122147.1413224664 135769.9298487598
129652.5783700112 129379.0989542500
125820.0147712649 138965.3452960147
127257.2261207948 125864.1419622696
127736.2965706380 126503.2250517206
124223.1132717873 129219.3281818872
129333.1980701157 136728.5544829363
119592.0989233022 130177.9528160637
126618.4655210037 128580.2450924363
127576.6064206903 128100.9327753480
131888.2404692798 140563.0530196422
121987.4511725187 134811.3052145833
124223.1132717873 127781.3912306226
119272.7186234067 137687.1791171127
132207.6207691754 135130.8467593088
117675.8171239291 133053.8267185931
128854.1276202724 126343.4542793579
124542.4935716828 139444.6576131030
132047.9306192276 139284.8868407402
125660.3246213172 126662.9958240833
124542.4935716828 138965.3452960147
115120.7747247649 134331.9928974951
116877.3663741903 135769.9298487598
124382.8034217351 133053.8267185931
120709.9299729365 133373.3682633186
126778.1556709515 130817.0359055147
126299.0852211082 139604.4283854657
120550.2398229888 128740.0158647990
117675.8171239291 134331.9928974951
121987.4511725187 131296.3482226029
115440.1550246604 131456.1189949657
123424.6625220485 138006.7206618382
129971.9586699067 131775.6605396912
119272.7186234067 129379.0989542500
130610.7192696978 136249.2421658480
118633.9580236157 128740.0158647990
116877.3663741903 131775.6605396912
132846.3813689664 140722.8237920049
127416.9162707425 131456.1189949657
130770.4094196455 134651.5344422206
129333.1980701157 141042.3653367304
121189.0004227798 137048.0960276618
128215.3670204813 129379.0989542500
118314.5777237201 134651.5344422206
128534.7473203769 129538.8697266128
123424.6625220485 128580.2450924363
123903.7329718918 136568.7837105735
133006.0715189142 138166.4914342010
128854.1276202724 129379.0989542500
121029.3102728321 138006.7206618382
120390.5496730410 127302.0789135343
129333.1980701157 132574.5144015049
125500.6344713694 140243.5114749167
133485.1419687574 135769.9298487598
121827.7610225709 128260.7035477108
123105.2822221530 127621.6204582598
129333.1980701157 135610.1590763970
128694.4374703246 130817.0359055147
120230.8595230933 127461.8496858971
119751.7890732500 133692.9098080441

125181.2541714739 131615.8897673285
119113.0284734590 135610.1590763970
126937.8458208993 140882.5945643676
117995.1974238246 134651.5344422206
130930.0995695933 135290.6175316716
126618.4655210037 131935.4313120539
115280.4648747127 132414.7436291421
130610.7192696978 133692.9098080441
123903.7329718918 130018.1820437010
126139.3950711604 128100.9327753480
122945.5920722052 126982.5373688088
128534.7473203769 126183.6835069951
119592.0989233022 135450.3883040343
122945.5920722052 130337.7235884265
121668.0708726231 133213.5974909559
119113.0284734590 129858.4112713382
125660.3246213172 138166.4914342010
126778.1556709515 137687.1791171127
125820.0147712649 139284.8868407402
117037.0565241381 134012.4513527696
122945.5920722052 128100.9327753480
117835.5072738769 132734.2851738677
116717.6762242425 136249.2421658480
123903.7329718918 128580.2450924363
132207.6207691754 132734.2851738677
128055.6768705336 129858.4112713382
117356.4368240336 135290.6175316716
118154.8875737724 134491.7636698578
130131.6488198545 139764.1991578284
123264.9723721007 139764.1991578284
122626.2117723097 127302.0789135343
128215.3670204813 133852.6805804069
124382.8034217351 134651.5344422206
119911.4792231978 133852.6805804069
125181.2541714739 138006.7206618382
114641.7042749216 132894.0559462304
125340.9443214216 137367.6375723873
125021.5640215261 135929.7006211226
128055.6768705336 129698.6404989755
124702.1837216306 129858.4112713382
127736.2965706380 139923.9699301912
130131.6488198545 126023.9127346323
132686.6912190187 134971.0759869461
125500.6344713694 140563.0530196422
127416.9162707425 137527.4083447500
133006.0715189142 139125.1160683775
121189.0004227798 130817.0359055147
116557.9860742948 130657.2651331520
126618.4655210037 128740.0158647990
119911.4792231978 136728.5544829363
133006.0715189142 140243.5114749167
133644.8321187052 137207.8668000245
115440.1550246604 131296.3482226029
124063.4231218395 129538.8697266128
128854.1276202724 140722.8237920049
126618.4655210037 135450.3883040343
129652.5783700112 126023.9127346323
124223.1132717873 126183.6835069951
123105.2822221530 132414.7436291421
115919.2254745037 130976.8066778775
122306.8314724142 131615.8897673285
124861.8738715783 129538.8697266128
121508.3807226754 137846.9498894755
115759.5353245560 135610.1590763970
120869.6201228843 137367.6375723873
120390.5496730410 127941.1620029853
132846.3813689664 136409.0129382108
115280.4648747127 130337.7235884265
134602.9730183918 136888.3252552990
122945.5920722052 125544.6004175441
130131.6488198545 140403.2822472794
125500.6344713694 130177.9528160637
127097.5359708470 133852.6805804069
123105.2822221530 126503.2250517206
117516.1269739813 131935.4313120539
130131.6488198545 138326.2622065637
124542.4935716828 126183.6835069951
121029.3102728321 128580.2450924363
122785.9019222575 134491.7636698578
121827.7610225709 134811.3052145833
128854.1276202724 127621.6204582598
130770.4094196455 136728.5544829363
120230.8595230933 128420.4743200735
126299.0852211082 134331.9928974951
130291.3389698022 130817.0359055147
125181.2541714739 127621.6204582598
121189.0004227798 126503.2250517206
121987.4511725187 138166.4914342010
128055.6768705336 141202.1361090931
115599.8451746082 130018.1820437010
122466.5216223619 139444.6576131030
121189.0004227798 138326.2622065637
124382.8034217351 132095.2020844167
130770.4094196455 139604.4283854657
131728.5503193321 133053.8267185931
125979.7049212127 125544.6004175441
125340.9443214216 127142.3081411716
126139.3950711604 137207.8668000245
118474.2678736679 128899.7866371618
119751.7890732500 128100.9327753480
120071.1693731455 137048.0960276618
132846.3813689664 133692.9098080441
126778.1556709515 136409.0129382108
128534.7473203769 136888.3252552990
122466.5216223619 130976.8066778775
123744.0428219440 130976.8066778775
132367.3109191231 138645.8037512892
120230.8595230933 134971.0759869461
125820.0147712649 137367.6375723873
124223.1132717873 134971.0759869461
130770.4094196455 137207.8668000245
120550.2398229888 135610.1590763970
124542.4935716828 125704.3711899069
132367.3109191231 140563.0530196422
130451.0291197500 140243.5114749167
134123.9025685485 136568.7837105735
134283.5927184962 139284.8868407402
124382.8034217351 139764.1991578284
121508.3807226754 136728.5544829363
121827.7610225709 131775.6605396912
130131.6488198545 136568.7837105735
125820.0147712649 135929.7006211226
125660.3246213172 139923.9699301912
128854.1276202724 130177.9528160637
117356.4368240336 129698.6404989755
125500.6344713694 139444.6576131030

130610.7192696978 134651.5344422206
127257.2261207948 130817.0359055147
127736.2965706380 127781.3912306226
126299.0852211082 139764.1991578284
129173.5079201679 128580.2450924363
125500.6344713694 134651.5344422206
116238.6057743993 129698.6404989755
123424.6625220485 130177.9528160637
133165.7616688619 138965.3452960147
123584.3526719963 127142.3081411716
117037.0565241381 134012.4513527696
128055.6768705336 126503.2250517206
130291.3389698022 130177.9528160637
118474.2678736679 134651.5344422206
130610.7192696978 133373.3682633186
130291.3389698022 135290.6175316716
128854.1276202724 130817.0359055147
121348.6905727276 127461.8496858971
134443.2828684440 139284.8868407402
120709.9299729365 127142.3081411716
127576.6064206903 129059.5574095245
131728.5503193321 131615.8897673285
130291.3389698022 130976.8066778775
124223.1132717873 137367.6375723873
123584.3526719963 134971.0759869461
133485.1419687574 138486.0329789265
126299.0852211082 136568.7837105735
130131.6488198545 137367.6375723873
126937.8458208993 140722.8237920049
121508.3807226754 133692.9098080441
128534.7473203769 129858.4112713382
128215.3670204813 127302.0789135343
128375.0571704291 129379.0989542500
124382.8034217351 136888.3252552990
130131.6488198545 136728.5544829363
129812.2685199589 130018.1820437010
133325.4518188097 135769.9298487598
132367.3109191231 137207.8668000245
118953.3383235112 135130.8467593088
124542.4935716828 126503.2250517206
127416.9162707425 125864.1419622696
130930.0995695933 136249.2421658480
133165.7616688619 138326.2622065637
129013.8177702201 128899.7866371618
123744.0428219440 130657.2651331520
130930.0995695933 137687.1791171127
125181.2541714739 130177.9528160637
124223.1132717873 138486.0329789265
116717.6762242425 132574.5144015049
135082.0434682351 138645.8037512892
122945.5920722052 134172.2221251324
121029.3102728321 136568.7837105735
121029.3102728321 137048.0960276618
122306.8314724142 136409.0129382108
125021.5640215261 136888.3252552990
119911.4792231978 130976.8066778775
128375.0571704291 135929.7006211226
114801.3944248694 131456.1189949657
125500.6344713694 129059.5574095245
134602.9730183918 138486.0329789265
126937.8458208993 125864.1419622696
117196.7466740858 134811.3052145833
124861.8738715783 134811.3052145833
124542.4935716828 134331.9928974951
125500.6344713694 132734.2851738677
121668.0708726231 128899.7866371618
123424.6625220485 136728.5544829363
124861.8738715783 138166.4914342010
127895.9867205858 137048.0960276618
120709.9299729365 132894.0559462304
124063.4231218395 129698.6404989755
133325.4518188097 138805.5745236519
134443.2828684440 137846.9498894755
127257.2261207948 130177.9528160637
127895.9867205858 128580.2450924363
133644.8321187052 139923.9699301912
127736.2965706380 125384.8296451814
130930.0995695933 136089.4713934853
125660.3246213172 137846.9498894755
126937.8458208993 130018.1820437010
125181.2541714739 126982.5373688088
121189.0004227798 131136.5774502402
128375.0571704291 137687.1791171127
120550.2398229888 136409.0129382108
128375.0571704291 128899.7866371618
119432.4087733545 127461.8496858971
124702.1837216306 139125.1160683775
116398.2959243470 134172.2221251324
127257.2261207948 131935.4313120539
126139.3950711604 132414.7436291421
121987.4511725187 128580.2450924363
119592.0989233022 130817.0359055147
119113.0284734590 136409.0129382108
118314.5777237201 129698.6404989755
124223.1132717873 135929.7006211226
125979.7049212127 133373.3682633186
118793.6481735634 128740.0158647990
114961.0845748172 134172.2221251324
132686.6912190187 134651.5344422206
130770.4094196455 135450.3883040343
120550.2398229888 133373.3682633186
125820.0147712649 135929.7006211226
126458.7753710560 127302.0789135343
117675.8171239291 130337.7235884265
122147.1413224664 134651.5344422206
126937.8458208993 131456.1189949657
134283.5927184962 139284.8868407402
117675.8171239291 130657.2651331520
129333.1980701157 132414.7436291421
134123.9025685485 138965.3452960147
127576.6064206903 136888.3252552990
128694.4374703246 141361.9068814559
134123.9025685485 135929.7006211226
126618.4655210037 129538.8697266128
122626.2117723097 137527.4083447500
125979.7049212127 125704.3711899069
122945.5920722052 129219.3281818872
115759.5353245560 130018.1820437010
127097.5359708470 132254.9728567794
133804.5222686530 137527.4083447500
122785.9019222575 128580.2450924363
119592.0989233022 132734.2851738677
122147.1413224664 133053.8267185931
133165.7616688619 135450.3883040343
132047.9306192276 134971.0759869461
120071.1693731455 126822.7665964461

124861.8738715783 140083.7407025539
131409.1700194366 140083.7407025539
126458.7753710560 139764.1991578284
125181.2541714739 139444.6576131030
121827.7610225709 137367.6375723873
130610.7192696978 137367.6375723873
125979.7049212127 137048.0960276618
119911.4792231978 136568.7837105735
117675.8171239291 136249.2421658480
126778.1556709515 135769.9298487598
124861.8738715783 135450.3883040343
127736.2965706380 134331.9928974951
118793.6481735634 134012.4513527696
114801.3944248694 132894.0559462304
121508.3807226754 132574.5144015049
120071.1693731455 132414.7436291421
125979.7049212127 132095.2020844167
131568.8601693843 131615.8897673285
120390.5496730410 130497.4943607892
121987.4511725187 129858.4112713382
122945.5920722052 128580.2450924363
126299.0852211082 126662.9958240833
127576.6064206903 138006.7206618382
117037.0565241381 133373.3682633186
123584.3526719963 127621.6204582598
115599.8451746082 135450.3883040343
131888.2404692798 139444.6576131030
123744.0428219440 137687.1791171127
129173.5079201679 138486.0329789265
129492.8882200634 127941.1620029853
123584.3526719963 131935.4313120539
117356.4368240336 133852.6805804069
124063.4231218395 133692.9098080441
125021.5640215261 129538.8697266128
123424.6625220485 127941.1620029853
117516.1269739813 130018.1820437010
132367.3109191231 133213.5974909559
132527.0010690709 136728.5544829363
123903.7329718918 131615.8897673285
129652.5783700112 130497.4943607892
128854.1276202724 129379.0989542500
130131.6488198545 140722.8237920049
122945.5920722052 134331.9928974951
122785.9019222575 129858.4112713382
119113.0284734590 131296.3482226029
117356.4368240336 131935.4313120539
127257.2261207948 141202.1361090931
117835.5072738769 131775.6605396912
129013.8177702201 140722.8237920049
124382.8034217351 135929.7006211226
123424.6625220485 127621.6204582598
123264.9723721007 133692.9098080441
126458.7753710560 139284.8868407402
128534.7473203769 127621.6204582598
132367.3109191231 137527.4083447500
131089.7897195410 133373.3682633186
128375.0571704291 130177.9528160637
122306.8314724142 135610.1590763970
123584.3526719963 129219.3281818872
133165.7616688619 135450.3883040343
118154.8875737724 133373.3682633186
130610.7192696978 131456.1189949657
122147.1413224664 137846.9498894755
132207.6207691754 140722.8237920049
116717.6762242425 129379.0989542500
114961.0845748172 130177.9528160637
127416.9162707425 127461.8496858971
119751.7890732500 130018.1820437010
126618.4655210037 139125.1160683775
133325.4518188097 138645.8037512892
128375.0571704291 126023.9127346323
118474.2678736679 134491.7636698578
121189.0004227798 127621.6204582598
122306.8314724142 139125.1160683775
127097.5359708470 138645.8037512892
125340.9443214216 127621.6204582598
127416.9162707425 132734.2851738677
118314.5777237201 128100.9327753480
117675.8171239291 128899.7866371618
129013.8177702201 136728.5544829363
117675.8171239291 135929.7006211226
120230.8595230933 134651.5344422206
121827.7610225709 138006.7206618382
123903.7329718918 126183.6835069951
126618.4655210037 127781.3912306226
123744.0428219440 135610.1590763970
118154.8875737724 130337.7235884265
119592.0989233022 135610.1590763970
127257.2261207948 127781.3912306226
117675.8171239291 135130.8467593088
119911.4792231978 127461.8496858971
128534.7473203769 135290.6175316716
132527.0010690709 139604.4283854657
120390.5496730410 134172.2221251324
122466.5216223619 129379.0989542500
131568.8601693843 140722.8237920049
121348.6905727276 126503.2250517206
126937.8458208993 134811.3052145833
126618.4655210037 132574.5144015049
130610.7192696978 130657.2651331520
128854.1276202724 126822.7665964461
115280.4648747127 134491.7636698578
120709.9299729365 134331.9928974951
119751.7890732500 130497.4943607892
130930.0995695933 140083.7407025539
127416.9162707425 129858.4112713382
121508.3807226754 129538.8697266128
124063.4231218395 139125.1160683775
123105.2822221530 135929.7006211226
129013.8177702201 133533.1390356813
116078.9156244515 132894.0559462304
128534.7473203769 125384.8296451814
121348.6905727276 129858.4112713382
119751.7890732500 134971.0759869461
120550.2398229888 129698.6404989755
126937.8458208993 130177.9528160637
131249.4798694888 136409.0129382108
123744.0428219440 130976.8066778775
125660.3246213172 130337.7235884265
127576.6064206903 130497.4943607892
129173.5079201679 131296.3482226029
130610.7192696978 135610.1590763970
128694.4374703246 135130.8467593088
120071.1693731455 128100.9327753480
126139.3950711604 126982.5373688088
129971.9586699067 138486.0329789265

117516.1269739813 129538.8697266128
132367.3109191231 137207.8668000245
121508.3807226754 129219.3281818872
131568.8601693843 131296.3482226029
119592.0989233022 130337.7235884265
119592.0989233022 131296.3482226029
117675.8171239291 128420.4743200735
126139.3950711604 126343.4542793579
128215.3670204813 135130.8467593088
129013.8177702201 134491.7636698578
130131.6488198545 126023.9127346323
127736.2965706380 135769.9298487598
124542.4935716828 125864.1419622696
122785.9019222575 131935.4313120539
124063.4231218395 128420.4743200735
118633.9580236157 131935.4313120539
119911.4792231978 130018.1820437010
131888.2404692798 139764.1991578284
132527.0010690709 139125.1160683775
127576.6064206903 128740.0158647990
131409.1700194366 134012.4513527696
129971.9586699067 129219.3281818872
125500.6344713694 132894.0559462304
127895.9867205858 133692.9098080441
123903.7329718918 127621.6204582598
123264.9723721007 137207.8668000245
125660.3246213172 135929.7006211226
132527.0010690709 133213.5974909559
122306.8314724142 127621.6204582598
117196.7466740858 136249.2421658480
123903.7329718918 130657.2651331520
117995.1974238246 135610.1590763970
128375.0571704291 140083.7407025539
133325.4518188097 137207.8668000245
119272.7186234067 129219.3281818872
114961.0845748172 132414.7436291421
125021.5640215261 127621.6204582598
135720.8040680261 138326.2622065637
123264.9723721007 133053.8267185931
124702.1837216306 132574.5144015049
128854.1276202724 125704.3711899069
126937.8458208993 127781.3912306226
118633.9580236157 135929.7006211226
132527.0010690709 138006.7206618382
121827.7610225709 134971.0759869461
114641.7042749216 134172.2221251324
130930.0995695933 138326.2622065637
128375.0571704291 128100.9327753480
124063.4231218395 128260.7035477108
121987.4511725187 136249.2421658480
118633.9580236157 129219.3281818872
133485.1419687574 138326.2622065637
115280.4648747127 132254.9728567794
123264.9723721007 132095.2020844167
132207.6207691754 140722.8237920049
130610.7192696978 131456.1189949657
116078.9156244515 130177.9528160637
116078.9156244515 131456.1189949657
117196.7466740858 131296.3482226029
132047.9306192276 134331.9928974951
130291.3389698022 139923.9699301912
130610.7192696978 132894.0559462304
120230.8595230933 127142.3081411716
118793.6481735634 127941.1620029853
130930.0995695933 140403.2822472794
120230.8595230933 135130.8467593088
125820.0147712649 135130.8467593088
120230.8595230933 131296.3482226029
133165.7616688619 134811.3052145833
119432.4087733545 133053.8267185931
115759.5353245560 133053.8267185931
126458.7753710560 129698.6404989755
121189.0004227798 134491.7636698578
129173.5079201679 128899.7866371618
133644.8321187052 136409.0129382108
123105.2822221530 136409.0129382108
122945.5920722052 135450.3883040343
120550.2398229888 127142.3081411716
119751.7890732500 129698.6404989755
122945.5920722052 131775.6605396912
122147.1413224664 139125.1160683775
125979.7049212127 130177.9528160637
126299.0852211082 128740.0158647990
129652.5783700112 132734.2851738677
118474.2678736679 133852.6805804069
125181.2541714739 140563.0530196422
127576.6064206903 125544.6004175441
119592.0989233022 136089.4713934853
125340.9443214216 137207.8668000245
125500.6344713694 138006.7206618382
132527.0010690709 137527.4083447500
128534.7473203769 135130.8467593088
130770.4094196455 132095.2020844167
119113.0284734590 137687.1791171127
127416.9162707425 128260.7035477108
118953.3383235112 135450.3883040343
134443.2828684440 139284.8868407402
124702.1837216306 135450.3883040343
118633.9580236157 132894.0559462304
131888.2404692798 135929.7006211226
118953.3383235112 135929.7006211226
120390.5496730410 136888.3252552990
133804.5222686530 134971.0759869461
127576.6064206903 126503.2250517206
127097.5359708470 130817.0359055147
115599.8451746082 130177.9528160637
125820.0147712649 133213.5974909559
123105.2822221530 137367.6375723873
126937.8458208993 128740.0158647990
125181.2541714739 139284.8868407402
127097.5359708470 132254.9728567794
130291.3389698022 137527.4083447500
125181.2541714739 129379.0989542500
131249.4798694888 136728.5544829363
125500.6344713694 140722.8237920049
130770.4094196455 135769.9298487598
127257.2261207948 136409.0129382108
116238.6057743993 130817.0359055147
133006.0715189142 135929.7006211226
124063.4231218395 135929.7006211226
132527.0010690709 137207.8668000245
125979.7049212127 132734.2851738677
119911.4792231978 127461.8496858971
124382.8034217351 127461.8496858971
132527.0010690709 137687.1791171127
128854.1276202724 138326.2622065637

126139.3950711604 140882.5945643676
126778.1556709515 140882.5945643676
130451.0291197500 140722.8237920049
124861.8738715783 140083.7407025539
127416.9162707425 139444.6576131030
129173.5079201679 139444.6576131030
133644.8321187052 138965.3452960147
128375.0571704291 138645.8037512892
129173.5079201679 138645.8037512892
132047.9306192276 138645.8037512892
132527.0010690709 138645.8037512892
126299.0852211082 138006.7206618382
123744.0428219440 137687.1791171127
134762.6631683396 137527.4083447500
135241.7336181828 137527.4083447500
121827.7610225709 137367.6375723873
134922.3533182873 137367.6375723873
132846.3813689664 136728.5544829363
119911.4792231978 136568.7837105735
129812.2685199589 136249.2421658480
117995.1974238246 135929.7006211226
118793.6481735634 135929.7006211226
124542.4935716828 135769.9298487598
126778.1556709515 135769.9298487598
122306.8314724142 135610.1590763970
127736.2965706380 135290.6175316716
118793.6481735634 135130.8467593088
114482.0141249739 134811.3052145833
119592.0989233022 134491.7636698578
125340.9443214216 134331.9928974951
133325.4518188097 134172.2221251324
118793.6481735634 134012.4513527696
132846.3813689664 133852.6805804069
124542.4935716828 133692.9098080441
127736.2965706380 133692.9098080441
122945.5920722052 132734.2851738677
124542.4935716828 132734.2851738677
120071.1693731455 132574.5144015049
120390.5496730410 132414.7436291421
114801.3944248694 132254.9728567794
121827.7610225709 132095.2020844167
125979.7049212127 132095.2020844167
117356.4368240336 131935.4313120539
117037.0565241381 131775.6605396912
129173.5079201679 131615.8897673285
130930.0995695933 131456.1189949657
123903.7329718918 131296.3482226029
130930.0995695933 131136.5774502402
128534.7473203769 130976.8066778775
121987.4511725187 130817.0359055147
122785.9019222575 130497.4943607892
114961.0845748172 130177.9528160637
117516.1269739813 129858.4112713382
117037.0565241381 129698.6404989755
128694.4374703246 129538.8697266128
117835.5072738769 129219.3281818872
126618.4655210037 129219.3281818872
118633.9580236157 129059.5574095245
120550.2398229888 129059.5574095245
121668.0708726231 128580.2450924363
128694.4374703246 128580.2450924363
122466.5216223619 128420.4743200735
118953.3383235112 128260.7035477108
123744.0428219440 127941.1620029853
121189.0004227798 127621.6204582598
125181.2541714739 127621.6204582598
125340.9443214216 127461.8496858971
119272.7186234067 127302.0789135343
127736.2965706380 127302.0789135343
120709.9299729365 126982.5373688088
120071.1693731455 126822.7665964461
129173.5079201679 126822.7665964461
123264.9723721007 126662.9958240833
126299.0852211082 126662.9958240833
129652.5783700112 126343.4542793579
123744.0428219440 126023.9127346323
127097.5359708470 125864.1419622696
129652.5783700112 125864.1419622696
121987.4511725187 125704.3711899069
125979.7049212127 125544.6004175441
115120.7747247649 131136.5774502402
117995.1974238246 129219.3281818872
131089.7897195410 132894.0559462304
116877.3663741903 132095.2020844167
123105.2822221530 135929.7006211226
128215.3670204813 141361.9068814559
128375.0571704291 126023.9127346323
117037.0565241381 134012.4513527696
128694.4374703246 140403.2822472794
129492.8882200634 140243.5114749167
116078.9156244515 130817.0359055147
115919.2254745037 134811.3052145833
119432.4087733545 137687.1791171127
133644.8321187052 137846.9498894755
123584.3526719963 127621.6204582598
126139.3950711604 136728.5544829363
114801.3944248694 133852.6805804069
127736.2965706380 133053.8267185931
125500.6344713694 136409.0129382108
130291.3389698022 135610.1590763970
129492.8882200634 126822.7665964461
121987.4511725187 138486.0329789265
131249.4798694888 136888.3252552990
121189.0004227798 130497.4943607892
125340.9443214216 130177.9528160637
128854.1276202724 136089.4713934853
129333.1980701157 131775.6605396912
117037.0565241381 132894.0559462304
133485.1419687574 137207.8668000245
129652.5783700112 139125.1160683775
131249.4798694888 130976.8066778775
123584.3526719963 139444.6576131030
126299.0852211082 129858.4112713382
129013.8177702201 129698.6404989755
120709.9299729365 138486.0329789265
117516.1269739813 130337.7235884265
125820.0147712649 138166.4914342010
120071.1693731455 132414.7436291421
122626.2117723097 132734.2851738677
126139.3950711604 141202.1361090931
130610.7192696978 136728.5544829363
123584.3526719963 138166.4914342010
117675.8171239291 136249.2421658480
123584.3526719963 129219.3281818872
125340.9443214216 134012.4513527696
125500.6344713694 134971.0759869461

125021.5640215261 130497.4943607892
128375.0571704291 141361.9068814559
119272.7186234067 128100.9327753480
131409.1700194366 137367.6375723873
132846.3813689664 140722.8237920049
121348.6905727276 127142.3081411716
125500.6344713694 135929.7006211226
125820.0147712649 129858.4112713382
129812.2685199589 134172.2221251324
132527.0010690709 133533.1390356813
132207.6207691754 138965.3452960147
119272.7186234067 132414.7436291421
116557.9860742948 129858.4112713382
119272.7186234067 131136.5774502402
128694.4374703246 126662.9958240833
125181.2541714739 130337.7235884265
123105.2822221530 138805.5745236519
125979.7049212127 134971.0759869461
123105.2822221530 133533.1390356813
132527.0010690709 140403.2822472794
122466.5216223619 132894.0559462304
129492.8882200634 127781.3912306226
129492.8882200634 131136.5774502402
131089.7897195410 130497.4943607892
122147.1413224664 136568.7837105735
122945.5920722052 131775.6605396912
118154.8875737724 133692.9098080441
123105.2822221530 136249.2421658480
122945.5920722052 133533.1390356813
120869.6201228843 131296.3482226029
126937.8458208993 132095.2020844167
126458.7753710560 127142.3081411716
120550.2398229888 136409.0129382108
125660.3246213172 137846.9498894755
122945.5920722052 125864.1419622696
115759.5353245560 131296.3482226029
121189.0004227798 134811.3052145833
126618.4655210037 130177.9528160637
119592.0989233022 135610.1590763970
118633.9580236157 137367.6375723873
130291.3389698022 136249.2421658480
119592.0989233022 137207.8668000245
127257.2261207948 126503.2250517206
123744.0428219440 130177.9528160637
121348.6905727276 127302.0789135343
121827.7610225709 131615.8897673285
119911.4792231978 133053.8267185931
124861.8738715783 136888.3252552990
131888.2404692798 133533.1390356813
132846.3813689664 139923.9699301912
126139.3950711604 134971.0759869461
134123.9025685485 136409.0129382108
134123.9025685485 137687.1791171127
122306.8314724142 131136.5774502402
127576.6064206903 125384.8296451814
132367.3109191231 137846.9498894755
123264.9723721007 127781.3912306226
132047.9306192276 135929.7006211226
134922.3533182873 136888.3252552990
134123.9025685485 139125.1160683775
127736.2965706380 131615.8897673285
115759.5353245560 134651.5344422206
125500.6344713694 128420.4743200735
128215.3670204813 132734.2851738677
133485.1419687574 135290.6175316716
122626.2117723097 132574.5144015049
115599.8451746082 131136.5774502402
127736.2965706380 130657.2651331520
132047.9306192276 139444.6576131030
130451.0291197500 134331.9928974951
119751.7890732500 134172.2221251324
132527.0010690709 137367.6375723873
126937.8458208993 130337.7235884265
127257.2261207948 127461.8496858971
130610.7192696978 139444.6576131030
118314.5777237201 127941.1620029853
128694.4374703246 126343.4542793579
133165.7616688619 135929.7006211226
128375.0571704291 128260.7035477108
118474.2678736679 134651.5344422206
117835.5072738769 134651.5344422206
118953.3383235112 129698.6404989755
118633.9580236157 130177.9528160637
126139.3950711604 140722.8237920049
129013.8177702201 125384.8296451814
126778.1556709515 139764.1991578284
121827.7610225709 137048.0960276618
123903.7329718918 138006.7206618382
131568.8601693843 140083.7407025539
117995.1974238246 129379.0989542500
131249.4798694888 130657.2651331520
127416.9162707425 130018.1820437010
133804.5222686530 135130.8467593088
127895.9867205858 140083.7407025539
128375.0571704291 127621.6204582598
116078.9156244515 130976.8066778775
124702.1837216306 137207.8668000245
129173.5079201679 128100.9327753480
131728.5503193321 131775.6605396912
127895.9867205858 138326.2622065637
127416.9162707425 128740.0158647990
132207.6207691754 132734.2851738677
121348.6905727276 136089.4713934853
126778.1556709515 136409.0129382108
124382.8034217351 138166.4914342010
128854.1276202724 130497.4943607892
121348.6905727276 133053.8267185931
116717.6762242425 134012.4513527696
116078.9156244515 134491.7636698578
130451.0291197500 132894.0559462304
121508.3807226754 136089.4713934853
133644.8321187052 138326.2622065637
118154.8875737724 131775.6605396912
125340.9443214216 135929.7006211226
129013.8177702201 135929.7006211226
128375.0571704291 140403.2822472794
124382.8034217351 129538.8697266128
122306.8314724142 127461.8496858971
119432.4087733545 134651.5344422206
128694.4374703246 126822.7665964461
127257.2261207948 135450.3883040343
125820.0147712649 138006.7206618382
129333.1980701157 133053.8267185931
123264.9723721007 135769.9298487598
125660.3246213172 140722.8237920049
130610.7192696978 131615.8897673285

126299.0852211082 128260.7035477108
123744.0428219440 133213.5974909559
125181.2541714739 131935.4313120539
120709.9299729365 136568.7837105735
119113.0284734590 137687.1791171127
129652.5783700112 140083.7407025539
126937.8458208993 129219.3281818872
123105.2822221530 128899.7866371618
132527.0010690709 136409.0129382108
120390.5496730410 128740.0158647990
120550.2398229888 129698.6404989755
123264.9723721007 131456.1189949657
124063.4231218395 131935.4313120539
117675.8171239291 135450.3883040343
115759.5353245560 130976.8066778775
131888.2404692798 137846.9498894755
121508.3807226754 132095.2020844167
124223.1132717873 136888.3252552990
125500.6344713694 133213.5974909559
123424.6625220485 134012.4513527696
122147.1413224664 130337.7235884265
118474.2678736679 128580.2450924363
119751.7890732500 127302.0789135343
119911.4792231978 129698.6404989755
125021.5640215261 138326.2622065637
117995.1974238246 133373.3682633186
126937.8458208993 137048.0960276618
129812.2685199589 130817.0359055147
122306.8314724142 139284.8868407402
130770.4094196455 133373.3682633186
131409.1700194366 133852.6805804069
134762.6631683396 137527.4083447500
124861.8738715783 138006.7206618382
128375.0571704291 140722.8237920049
121668.0708726231 128100.9327753480
129173.5079201679 136089.4713934853
128375.0571704291 137846.9498894755
128534.7473203769 130018.1820437010
124382.8034217351 132894.0559462304
126458.7753710560 127941.1620029853
120709.9299729365 127302.0789135343
133644.8321187052 137207.8668000245
117995.1974238246 130657.2651331520
127736.2965706380 126343.4542793579
128375.0571704291 125544.6004175441
133325.4518188097 139764.1991578284
124702.1837216306 127941.1620029853
114801.3944248694 131615.8897673285
132846.3813689664 138965.3452960147
114961.0845748172 135290.6175316716
118953.3383235112 128899.7866371618
119592.0989233022 134491.7636698578
115919.2254745037 132734.2851738677
132846.3813689664 134811.3052145833
124861.8738715783 139604.4283854657
127416.9162707425 141361.9068814559
133804.5222686530 137527.4083447500
126778.1556709515 127302.0789135343
121987.4511725187 131615.8897673285
128534.7473203769 139764.1991578284
123264.9723721007 128100.9327753480
125021.5640215261 127461.8496858971
115120.7747247649 131775.6605396912
127097.5359708470 132095.2020844167
121348.6905727276 126183.6835069951
123105.2822221530 138645.8037512892
122785.9019222575 135450.3883040343
131568.8601693843 132574.5144015049
128055.6768705336 130177.9528160637
125979.7049212127 125544.6004175441
120869.6201228843 128100.9327753480
127895.9867205858 128580.2450924363
130451.0291197500 138166.4914342010
121827.7610225709 129219.3281818872
122147.1413224664 135769.9298487598
120230.8595230933 128420.4743200735
132846.3813689664 136089.4713934853
129652.5783700112 135290.6175316716
131568.8601693843 131456.1189949657
131728.5503193321 140882.5945643676
116717.6762242425 134331.9928974951
122466.5216223619 138805.5745236519
122147.1413224664 133213.5974909559
120550.2398229888 133692.9098080441
119272.7186234067 131296.3482226029
129652.5783700112 129858.4112713382
130131.6488198545 138486.0329789265
122147.1413224664 129698.6404989755
127097.5359708470 125864.1419622696
131249.4798694888 137846.9498894755
119751.7890732500 130817.0359055147
125340.9443214216 132574.5144015049
124382.8034217351 127142.3081411716
122945.5920722052 132574.5144015049
116557.9860742948 132414.7436291421
120869.6201228843 126343.4542793579
122785.9019222575 127142.3081411716
128694.4374703246 125384.8296451814
121508.3807226754 129858.4112713382
129812.2685199589 126343.4542793579
133644.8321187052 134811.3052145833
124702.1837216306 128899.7866371618
126618.4655210037 133533.1390356813
122306.8314724142 130817.0359055147
127097.5359708470 135290.6175316716
130291.3389698022 125704.3711899069
131409.1700194366 138326.2622065637
125021.5640215261 134811.3052145833
124861.8738715783 138486.0329789265
124223.1132717873 138486.0329789265
115440.1550246604 134811.3052145833
131409.1700194366 141042.3653367304
126618.4655210037 126503.2250517206
129173.5079201679 131935.4313120539
120869.6201228843 132574.5144015049
129812.2685199589 128580.2450924363
119432.4087733545 130497.4943607892
115599.8451746082 134172.2221251324
123424.6625220485 134971.0759869461
128055.6768705336 139284.8868407402
119751.7890732500 137207.8668000245
116717.6762242425 134971.0759869461
123584.3526719963 130657.2651331520
122626.2117723097 126503.2250517206
119751.7890732500 138006.7206618382
125979.7049212127 130657.2651331520

126778.1556709515 140882.5945643676
129492.8882200634 140722.8237920049
131409.1700194366 140722.8237920049
124223.1132717873 140083.7407025539
128694.4374703246 139923.9699301912
126458.7753710560 139764.1991578284
124702.1837216306 139444.6576131030
122945.5920722052 139125.1160683775
134922.3533182873 138805.5745236519
129173.5079201679 138645.8037512892
130770.4094196455 138645.8037512892
132527.0010690709 138645.8037512892
125820.0147712649 138166.4914342010
127576.6064206903 138006.7206618382
129492.8882200634 138006.7206618382
132047.9306192276 137846.9498894755
123744.0428219440 137687.1791171127
135241.7336181828 137527.4083447500
121827.7610225709 137367.6375723873
125979.7049212127 137048.0960276618
131249.4798694888 136888.3252552990
121189.0004227798 136728.5544829363
130610.7192696978 136728.5544829363
132846.3813689664 136728.5544829363
120390.5496730410 136568.7837105735
131728.5503193321 136568.7837105735
117675.8171239291 136249.2421658480
118474.2678736679 136249.2421658480
129812.2685199589 136249.2421658480
130291.3389698022 136249.2421658480
117995.1974238246 135929.7006211226
122466.5216223619 135929.7006211226
123105.2822221530 135929.7006211226
130291.3389698022 135610.1590763970
134123.9025685485 135450.3883040343
127736.2965706380 135290.6175316716
118793.6481735634 135130.8467593088
114482.0141249739 134811.3052145833
126778.1556709515 134811.3052145833
132527.0010690709 134811.3052145833
115280.4648747127 134491.7636698578
127736.2965706380 134331.9928974951
117037.0565241381 134012.4513527696
125340.9443214216 134012.4513527696
131728.5503193321 134012.4513527696
131089.7897195410 133852.6805804069
124542.4935716828 133692.9098080441
132367.3109191231 133533.1390356813
124861.8738715783 133373.3682633186
121189.0004227798 133213.5974909559
119432.4087733545 133053.8267185931
120071.1693731455 132574.5144015049
121508.3807226754 132574.5144015049
116877.3663741903 132095.2020844167
127097.5359708470 132095.2020844167
123584.3526719963 131935.4313120539
117037.0565241381 131775.6605396912
114801.3944248694 131615.8897673285
119911.4792231978 131615.8897673285
130930.0995695933 131456.1189949657
123903.7329718918 131296.3482226029
119272.7186234067 130976.8066778775
129013.8177702201 130976.8066778775
116078.9156244515 130817.0359055147
121987.4511725187 130817.0359055147
121189.0004227798 130497.4943607892
116557.9860742948 130337.7235884265
114961.0845748172 130177.9528160637
129652.5783700112 129858.4112713382
117037.0565241381 129698.6404989755
120550.2398229888 129698.6404989755
129013.8177702201 129698.6404989755
126618.4655210037 129219.3281818872
120550.2398229888 129059.5574095245
121508.3807226754 128899.7866371618
124223.1132717873 128899.7866371618
128694.4374703246 128580.2450924363
118953.3383235112 128260.7035477108
121189.0004227798 127621.6204582598
119272.7186234067 127302.0789135343
121508.3807226754 127302.0789135343
125500.6344713694 127142.3081411716
120071.1693731455 126822.7665964461
122147.1413224664 126822.7665964461
124542.4935716828 126822.7665964461
128375.0571704291 126822.7665964461
123264.9723721007 126503.2250517206
129652.5783700112 126343.4542793579
124702.1837216306 126183.6835069951
123264.9723721007 126023.9127346323
125021.5640215261 126023.9127346323
128375.0571704291 126023.9127346323
129652.5783700112 125864.1419622696
121987.4511725187 125704.3711899069
124702.1837216306 125544.6004175441
125021.5640215261 125544.6004175441
125979.7049212127 125544.6004175441
128694.4374703246 129538.8697266128
126778.1556709515 135769.9298487598
117675.8171239291 132894.0559462304
124861.8738715783 132574.5144015049
124063.4231218395 132574.5144015049
120709.9299729365 126982.5373688088
127097.5359708470 138326.2622065637
129173.5079201679 137846.9498894755
118154.8875737724 131456.1189949657
117835.5072738769 129219.3281818872
118953.3383235112 133533.1390356813
119911.4792231978 136568.7837105735
116557.9860742948 132734.2851738677
131089.7897195410 131775.6605396912
114801.3944248694 133852.6805804069
131568.8601693843 131615.8897673285
122785.9019222575 130497.4943607892
131089.7897195410 132894.0559462304
120709.9299729365 138486.0329789265
115919.2254745037 134811.3052145833
126299.0852211082 126822.7665964461
117196.7466740858 134811.3052145833
129013.8177702201 133213.5974909559
117516.1269739813 129858.4112713382
116398.2959243470 134651.5344422206
121508.3807226754 135929.7006211226
118793.6481735634 135929.7006211226
127736.2965706380 133692.9098080441
127736.2965706380 138326.2622065637

132686.6912190187 137846.9498894755
122785.9019222575 137527.4083447500
123903.7329718918 136089.4713934853
126778.1556709515 136089.4713934853
117196.7466740858 128899.7866371618
124542.4935716828 136568.7837105735
128854.1276202724 128260.7035477108
116877.3663741903 129538.8697266128
126299.0852211082 131935.4313120539
124382.8034217351 126822.7665964461
128215.3670204813 131935.4313120539
130291.3389698022 135130.8467593088
129173.5079201679 127142.3081411716
126139.3950711604 133692.9098080441
128694.4374703246 125864.1419622696
117995.1974238246 132414.7436291421
123903.7329718918 130177.9528160637
125181.2541714739 132574.5144015049
124063.4231218395 136888.3252552990
118154.8875737724 128899.7866371618
127257.2261207948 132254.9728567794
133165.7616688619 139284.8868407402
115759.5353245560 131935.4313120539
128694.4374703246 129698.6404989755
123424.6625220485 137207.8668000245
130291.3389698022 134651.5344422206
130610.7192696978 138645.8037512892
128534.7473203769 127302.0789135343
131089.7897195410 138486.0329789265
134922.3533182873 136888.3252552990
124702.1837216306 134651.5344422206
125979.7049212127 140722.8237920049
127416.9162707425 139604.4283854657
120071.1693731455 137846.9498894755
115919.2254745037 134971.0759869461
118154.8875737724 135610.1590763970
119432.4087733545 129538.8697266128
123744.0428219440 140243.5114749167
134602.9730183918 137367.6375723873
129971.9586699067 133533.1390356813
116238.6057743993 130337.7235884265
125660.3246213172 131615.8897673285
125340.9443214216 130018.1820437010
132527.0010690709 140403.2822472794
133006.0715189142 138645.8037512892
124702.1837216306 130817.0359055147
115759.5353245560 133692.9098080441
118474.2678736679 134651.5344422206
117835.5072738769 131615.8897673285
118793.6481735634 134491.7636698578
127736.2965706380 126982.5373688088
124702.1837216306 128899.7866371618
125021.5640215261 126023.9127346323
127097.5359708470 126982.5373688088
121668.0708726231 136728.5544829363
122785.9019222575 129858.4112713382
125021.5640215261 125384.8296451814
134123.9025685485 135929.7006211226
125979.7049212127 137527.4083447500
122785.9019222575 127941.1620029853
129971.9586699067 125544.6004175441
120869.6201228843 129059.5574095245
128055.6768705336 132095.2020844167
118953.3383235112 128899.7866371618
128375.0571704291 131775.6605396912
119911.4792231978 127302.0789135343
128055.6768705336 132414.7436291421
117516.1269739813 135130.8467593088
119432.4087733545 132414.7436291421
127257.2261207948 130976.8066778775
124542.4935716828 137048.0960276618
125820.0147712649 138486.0329789265
124223.1132717873 132254.9728567794
127416.9162707425 128260.7035477108
127257.2261207948 126023.9127346323
129492.8882200634 131136.5774502402
124702.1837216306 138645.8037512892
127097.5359708470 133533.1390356813
127257.2261207948 134811.3052145833
134283.5927184962 135769.9298487598
124861.8738715783 130177.9528160637
120230.8595230933 127461.8496858971
127895.9867205858 141202.1361090931
129492.8882200634 126662.9958240833
129652.5783700112 135769.9298487598
124861.8738715783 136728.5544829363
134443.2828684440 137687.1791171127
121827.7610225709 136089.4713934853
120230.8595230933 135130.8467593088
128534.7473203769 137367.6375723873
126937.8458208993 128260.7035477108
115280.4648747127 133373.3682633186
121508.3807226754 130018.1820437010
120709.9299729365 133373.3682633186
127895.9867205858 131136.5774502402
119272.7186234067 130018.1820437010
128215.3670204813 129858.4112713382
125660.3246213172 136728.5544829363
126618.4655210037 140722.8237920049
132047.9306192276 138805.5745236519
126778.1556709515 130817.0359055147
133165.7616688619 136888.3252552990
129173.5079201679 132414.7436291421
122466.5216223619 131136.5774502402
124063.4231218395 136728.5544829363
133804.5222686530 137527.4083447500
130610.7192696978 137048.0960276618
122147.1413224664 133373.3682633186
125979.7049212127 125704.3711899069
124861.8738715783 126183.6835069951
131568.8601693843 140083.7407025539
133325.4518188097 139923.9699301912
130930.0995695933 132414.7436291421
114641.7042749216 134491.7636698578
130770.4094196455 133692.9098080441
121029.3102728321 134331.9928974951
117356.4368240336 136409.0129382108
122626.2117723097 130177.9528160637
122306.8314724142 139444.6576131030
126139.3950711604 137048.0960276618
121827.7610225709 132414.7436291421
130610.7192696978 139764.1991578284
129971.9586699067 131775.6605396912
116717.6762242425 132414.7436291421
126618.4655210037 132734.2851738677
130131.6488198545 136888.3252552990

117356.4368240336 134172.2221251324
117835.5072738769 136249.2421658480
130451.0291197500 140722.8237920049
127576.6064206903 135610.1590763970
131409.1700194366 135130.8467593088
121827.7610225709 131456.1189949657
132527.0010690709 135450.3883040343
129652.5783700112 136888.3252552990
120230.8595230933 128580.2450924363
132686.6912190187 140882.5945643676
126458.7753710560 127781.3912306226
124702.1837216306 135450.3883040343
124702.1837216306 127302.0789135343
128534.7473203769 132734.2851738677
123584.3526719963 126662.9958240833
130291.3389698022 132574.5144015049
120230.8595230933 137367.6375723873
114801.3944248694 134331.9928974951
126937.8458208993 133852.6805804069
132527.0010690709 138326.2622065637
131089.7897195410 136089.4713934853
126299.0852211082 128740.0158647990
122466.5216223619 129379.0989542500
118953.3383235112 137527.4083447500
118154.8875737724 135769.9298487598
118474.2678736679 129538.8697266128
126618.4655210037 133533.1390356813
131568.8601693843 136409.0129382108
118314.5777237201 136249.2421658480
121987.4511725187 129858.4112713382
119751.7890732500 128740.0158647990
115120.7747247649 132414.7436291421
129013.8177702201 137846.9498894755
128534.7473203769 127941.1620029853
127097.5359708470 126023.9127346323
126139.3950711604 125704.3711899069
116078.9156244515 132414.7436291421
128215.3670204813 138166.4914342010
122466.5216223619 130177.9528160637
128055.6768705336 128740.0158647990
119432.4087733545 135290.6175316716
123105.2822221530 131775.6605396912
121827.7610225709 133533.1390356813
125340.9443214216 134012.4513527696
118793.6481735634 133053.8267185931
130451.0291197500 137367.6375723873
120550.2398229888 135450.3883040343
122147.1413224664 134331.9928974951
120709.9299729365 126822.7665964461
120709.9299729365 127781.3912306226
133804.5222686530 139284.8868407402
129971.9586699067 125864.1419622696
122626.2117723097 125704.3711899069
124382.8034217351 126982.5373688088
129812.2685199589 131296.3482226029
128854.1276202724 138326.2622065637
130131.6488198545 140243.5114749167
129173.5079201679 130976.8066778775
132047.9306192276 132574.5144015049
127736.2965706380 129219.3281818872
124702.1837216306 134491.7636698578
122785.9019222575 134331.9928974951
132207.6207691754 137687.1791171127
115120.7747247649 130497.4943607892
132207.6207691754 137527.4083447500
132527.0010690709 136728.5544829363
117675.8171239291 128740.0158647990
128055.6768705336 131456.1189949657
127895.9867205858 128899.7866371618
127576.6064206903 130657.2651331520
122626.2117723097 132734.2851738677
121668.0708726231 131296.3482226029
116877.3663741903 131456.1189949657
127736.2965706380 133213.5974909559
122466.5216223619 136728.5544829363
125979.7049212127 128420.4743200735
132207.6207691754 137846.9498894755
132527.0010690709 138006.7206618382
124702.1837216306 131935.4313120539
133804.5222686530 135929.7006211226
133006.0715189142 140403.2822472794
117675.8171239291 129059.5574095245
120550.2398229888 137527.4083447500
116717.6762242425 130976.8066778775
123903.7329718918 126343.4542793579
126618.4655210037 125704.3711899069
125021.5640215261 131775.6605396912
120869.6201228843 136089.4713934853
119911.4792231978 132574.5144015049
120390.5496730410 127302.0789135343
122466.5216223619 127142.3081411716
120230.8595230933 127461.8496858971
119272.7186234067 129059.5574095245
126299.0852211082 128899.7866371618
121827.7610225709 137048.0960276618
120869.6201228843 133373.3682633186
131568.8601693843 140563.0530196422
130451.0291197500 130177.9528160637
126299.0852211082 134172.2221251324
118314.5777237201 129538.8697266128
129013.8177702201 127781.3912306226
122785.9019222575 137367.6375723873
127736.2965706380 130817.0359055147
122785.9019222575 135290.6175316716
125979.7049212127 126023.9127346323
133006.0715189142 135929.7006211226
132367.3109191231 134491.7636698578
132527.0010690709 134172.2221251324
124063.4231218395 133533.1390356813
132047.9306192276 138006.7206618382
129173.5079201679 129379.0989542500
125820.0147712649 128580.2450924363
131089.7897195410 140403.2822472794
126618.4655210037 130497.4943607892
133165.7616688619 136089.4713934853
120550.2398229888 126982.5373688088
131089.7897195410 137846.9498894755
129971.9586699067 130497.4943607892
124223.1132717873 136089.4713934853
129173.5079201679 132894.0559462304
127416.9162707425 126503.2250517206
123424.6625220485 134012.4513527696
132367.3109191231 140563.0530196422
126139.3950711604 139284.8868407402
127416.9162707425 127621.6204582598
122945.5920722052 131935.4313120539

120390.5496730410 126982.5373688088
116557.9860742948 135610.1590763970
123105.2822221530 131136.5774502402
117675.8171239291 132254.9728567794
133964.2124186007 136409.0129382108
118953.3383235112 131296.3482226029
129652.5783700112 128100.9327753480
128215.3670204813 130976.8066778775
134922.3533182873 138965.3452960147
119911.4792231978 128420.4743200735
121987.4511725187 137048.0960276618
126139.3950711604 128420.4743200735
122147.1413224664 133373.3682633186
128055.6768705336 135450.3883040343
131568.8601693843 136249.2421658480
132047.9306192276 140243.5114749167
118154.8875737724 133852.6805804069
123903.7329718918 130976.8066778775
131568.8601693843 131296.3482226029
119751.7890732500 130018.1820437010
133485.1419687574 138166.4914342010
126778.1556709515 125384.8296451814
118793.6481735634 127781.3912306226
125660.3246213172 127302.0789135343
128375.0571704291 135290.6175316716
120709.9299729365 126822.7665964461
129971.9586699067 125384.8296451814
133165.7616688619 138006.7206618382
127736.2965706380 125864.1419622696
121668.0708726231 130018.1820437010
124223.1132717873 135130.8467593088
125021.5640215261 131775.6605396912
132527.0010690709 140563.0530196422
119272.7186234067 132095.2020844167
131568.8601693843 138805.5745236519
120230.8595230933 134331.9928974951
130131.6488198545 134811.3052145833
117516.1269739813 132894.0559462304
124861.8738715783 127302.0789135343
119432.4087733545 132894.0559462304
121827.7610225709 128100.9327753480
122626.2117723097 136249.2421658480
115919.2254745037 132414.7436291421
116717.6762242425 130817.0359055147
126618.4655210037 140243.5114749167
116078.9156244515 132254.9728567794
133006.0715189142 139125.1160683775
123264.9723721007 130497.4943607892
115280.4648747127 132095.2020844167
123105.2822221530 135929.7006211226
119113.0284734590 128100.9327753480
117516.1269739813 130817.0359055147
117356.4368240336 130817.0359055147
126937.8458208993 128420.4743200735
120071.1693731455 136728.5544829363
125181.2541714739 128100.9327753480
124861.8738715783 135610.1590763970
128375.0571704291 133213.5974909559
126458.7753710560 129698.6404989755
129812.2685199589 133533.1390356813
130291.3389698022 139444.6576131030
131888.2404692798 140243.5114749167
127736.2965706380 137527.4083447500
118633.9580236157 127941.1620029853
118633.9580236157 131136.5774502402
120071.1693731455 134811.3052145833
127416.9162707425 126822.7665964461
127257.2261207948 127781.3912306226
130291.3389698022 136568.7837105735
130610.7192696978 139284.8868407402
125181.2541714739 137048.0960276618
130610.7192696978 136249.2421658480
123903.7329718918 139284.8868407402
127895.9867205858 131456.1189949657
120390.5496730410 138006.7206618382
132367.3109191231 135610.1590763970
125340.9443214216 136888.3252552990
130770.4094196455 139764.1991578284
126778.1556709515 127781.3912306226
125340.9443214216 130018.1820437010
130291.3389698022 139764.1991578284
121029.3102728321 138486.0329789265
125820.0147712649 139444.6576131030
127895.9867205858 130177.9528160637
134443.2828684440 138486.0329789265
126139.3950711604 130657.2651331520
119432.4087733545 137527.4083447500
132367.3109191231 136089.4713934853
126937.8458208993 134012.4513527696
125181.2541714739 134331.9928974951
114961.0845748172 132414.7436291421
122626.2117723097 129059.5574095245
124861.8738715783 140403.2822472794
122945.5920722052 133373.3682633186
122466.5216223619 132574.5144015049
126458.7753710560 125704.3711899069
120869.6201228843 135290.6175316716
121508.3807226754 130817.0359055147
123903.7329718918 129858.4112713382
126778.1556709515 126503.2250517206
128055.6768705336 126822.7665964461
126778.1556709515 136409.0129382108
123903.7329718918 138326.2622065637
117037.0565241381 134971.0759869461
128375.0571704291 126982.5373688088
120071.1693731455 128740.0158647990
123744.0428219440 132894.0559462304
120709.9299729365 137207.8668000245
129333.1980701157 136888.3252552990
133325.4518188097 134331.9928974951
126778.1556709515 129538.8697266128
125820.0147712649 140243.5114749167
115120.7747247649 135130.8467593088
126458.7753710560 137367.6375723873
118953.3383235112 129219.3281818872
132207.6207691754 136888.3252552990
128534.7473203769 140083.7407025539
127097.5359708470 127621.6204582598
120071.1693731455 135450.3883040343
119911.4792231978 134012.4513527696
119272.7186234067 130018.1820437010
124223.1132717873 136249.2421658480
130930.0995695933 131775.6605396912
121348.6905727276 133692.9098080441
129971.9586699067 139604.4283854657
118793.6481735634 129379.0989542500

134762.6631683396 137527.4083447500
115919.2254745037 131296.3482226029
125021.5640215261 129698.6404989755
124223.1132717873 131456.1189949657
126778.1556709515 128899.7866371618
130770.4094196455 131775.6605396912
129013.8177702201 140882.5945643676
133964.2124186007 139444.6576131030
114961.0845748172 131775.6605396912
127895.9867205858 132254.9728567794
133964.2124186007 138006.7206618382
123105.2822221530 129538.8697266128
126458.7753710560 131136.5774502402
120071.1693731455 132894.0559462304
129333.1980701157 125704.3711899069
118953.3383235112 135450.3883040343
118953.3383235112 132095.2020844167
127895.9867205858 129059.5574095245
117675.8171239291 128899.7866371618
119911.4792231978 132894.0559462304
132367.3109191231 139604.4283854657
123903.7329718918 133053.8267185931
117675.8171239291 132574.5144015049
126618.4655210037 133213.5974909559
121987.4511725187 136568.7837105735
130770.4094196455 138965.3452960147
130770.4094196455 138486.0329789265
132686.6912190187 139764.1991578284
127576.6064206903 126183.6835069951
117675.8171239291 136888.3252552990
129652.5783700112 126822.7665964461
126778.1556709515 128100.9327753480
127257.2261207948 140403.2822472794
123744.0428219440 130018.1820437010
117196.7466740858 132254.9728567794
117516.1269739813 134331.9928974951
125979.7049212127 135769.9298487598
122306.8314724142 136888.3252552990
127736.2965706380 128100.9327753480
120390.5496730410 134331.9928974951
132047.9306192276 133373.3682633186
126139.3950711604 131775.6605396912
117995.1974238246 131935.4313120539
118314.5777237201 134971.0759869461
125500.6344713694 131136.5774502402
124542.4935716828 133213.5974909559
132846.3813689664 137048.0960276618
127895.9867205858 139444.6576131030
126778.1556709515 132894.0559462304
131409.1700194366 137846.9498894755
131089.7897195410 138805.5745236519
115919.2254745037 132574.5144015049
130291.3389698022 138326.2622065637
132207.6207691754 140243.5114749167
120230.8595230933 138166.4914342010
128215.3670204813 138965.3452960147
121508.3807226754 129059.5574095245
121029.3102728321 135450.3883040343
122945.5920722052 126343.4542793579
123903.7329718918 126023.9127346323
122306.8314724142 127142.3081411716
118154.8875737724 131456.1189949657
126139.3950711604 126662.9958240833
121987.4511725187 137687.1791171127
127416.9162707425 130018.1820437010
123424.6625220485 137527.4083447500
125181.2541714739 128260.7035477108
124063.4231218395 138645.8037512892
127736.2965706380 131775.6605396912
134283.5927184962 139284.8868407402
130131.6488198545 131615.8897673285
125181.2541714739 128899.7866371618
120071.1693731455 129698.6404989755
129971.9586699067 129219.3281818872
122147.1413224664 134811.3052145833
128215.3670204813 135450.3883040343
118154.8875737724 128740.0158647990
122785.9019222575 125864.1419622696
125021.5640215261 138645.8037512892
122785.9019222575 132254.9728567794
127257.2261207948 130177.9528160637
126937.8458208993 140563.0530196422
118314.5777237201 136249.2421658480
122466.5216223619 132894.0559462304
126139.3950711604 128740.0158647990
122785.9019222575 132414.7436291421
115440.1550246604 133852.6805804069
117196.7466740858 131296.3482226029
127736.2965706380 129379.0989542500
124542.4935716828 135769.9298487598
121987.4511725187 127781.3912306226
123584.3526719963 128100.9327753480
126458.7753710560 130657.2651331520
128854.1276202724 128899.7866371618
117037.0565241381 134971.0759869461
124223.1132717873 132254.9728567794
128055.6768705336 137367.6375723873
125340.9443214216 128420.4743200735
124861.8738715783 135929.7006211226
123105.2822221530 130817.0359055147
124702.1837216306 138965.3452960147
129013.8177702201 136888.3252552990
127097.5359708470 130497.4943607892
131089.7897195410 135450.3883040343
133006.0715189142 137207.8668000245
121508.3807226754 133692.9098080441
130451.0291197500 139923.9699301912
119592.0989233022 130817.0359055147
125500.6344713694 126023.9127346323
120709.9299729365 127941.1620029853
131728.5503193321 137527.4083447500
120709.9299729365 129538.8697266128
128694.4374703246 141202.1361090931
130610.7192696978 133533.1390356813
122945.5920722052 137048.0960276618
131568.8601693843 136728.5544829363
128534.7473203769 125864.1419622696
116398.2959243470 130337.7235884265
133644.8321187052 136409.0129382108
129492.8882200634 140722.8237920049
124223.1132717873 129059.5574095245
125979.7049212127 136888.3252552990
130451.0291197500 131456.1189949657
127097.5359708470 134971.0759869461
119751.7890732500 128420.4743200735
127416.9162707425 126662.9958240833

126778.1556709515 140882.5945643676
131409.1700194366 140722.8237920049
127416.9162707425 140563.0530196422
129492.8882200634 140243.5114749167
124223.1132717873 140083.7407025539
128534.7473203769 140083.7407025539
128694.4374703246 139923.9699301912
124382.8034217351 139444.6576131030
129173.5079201679 139444.6576131030
128375.0571704291 138645.8037512892
120709.9299729365 138486.0329789265
121987.4511725187 138486.0329789265
129971.9586699067 138486.0329789265
122626.2117723097 138326.2622065637
121987.4511725187 138006.7206618382
126299.0852211082 138006.7206618382
127576.6064206903 138006.7206618382
122147.1413224664 137846.9498894755
129173.5079201679 137846.9498894755
132047.9306192276 137846.9498894755
128375.0571704291 137527.4083447500
122785.9019222575 137207.8668000245
123105.2822221530 137207.8668000245
125979.7049212127 137048.0960276618
128055.6768705336 136568.7837105735
131728.5503193321 136568.7837105735
117675.8171239291 136249.2421658480
118474.2678736679 136249.2421658480
129812.2685199589 136249.2421658480
121508.3807226754 135929.7006211226
115280.4648747127 135450.3883040343
115599.8451746082 134971.0759869461
114482.0141249739 134811.3052145833
115919.2254745037 134811.3052145833
132527.0010690709 134811.3052145833
119592.0989233022 134491.7636698578
127736.2965706380 134331.9928974951
124861.8738715783 133373.3682633186
128215.3670204813 133373.3682633186
121189.0004227798 133213.5974909559
130770.4094196455 133213.5974909559
119432.4087733545 133053.8267185931
117037.0565241381 132894.0559462304
131089.7897195410 132894.0559462304
116557.9860742948 132734.2851738677
121508.3807226754 132574.5144015049
120390.5496730410 132414.7436291421
124702.1837216306 132414.7436291421
131249.4798694888 131935.4313120539
117037.0565241381 131775.6605396912
121987.4511725187 131775.6605396912
130770.4094196455 131615.8897673285
118154.8875737724 131456.1189949657
119113.0284734590 131136.5774502402
126618.4655210037 131136.5774502402
131249.4798694888 130976.8066778775
117196.7466740858 130497.4943607892
120230.8595230933 130497.4943607892
121189.0004227798 130497.4943607892
116557.9860742948 130337.7235884265
121508.3807226754 130177.9528160637
117516.1269739813 129858.4112713382
117037.0565241381 129698.6404989755
117835.5072738769 129219.3281818872
118953.3383235112 128260.7035477108
121189.0004227798 127621.6204582598
123584.3526719963 127621.6204582598
121508.3807226754 127302.0789135343
127416.9162707425 127142.3081411716
123264.9723721007 126662.9958240833
129652.5783700112 126343.4542793579
123744.0428219440 126023.9127346323
127097.5359708470 125864.1419622696
127257.2261207948 133533.1390356813
135241.7336181828 137527.4083447500
126458.7753710560 139764.1991578284
120071.1693731455 126822.7665964461
125181.2541714739 127621.6204582598
121668.0708726231 138965.3452960147
121668.0708726231 128580.2450924363
129652.5783700112 136728.5544829363
121987.4511725187 125704.3711899069
127736.2965706380 135290.6175316716
122945.5920722052 139604.4283854657
130770.4094196455 138645.8037512892
119432.4087733545 130337.7235884265
125500.6344713694 126343.4542793579
114961.0845748172 130177.9528160637
129652.5783700112 129858.4112713382
121348.6905727276 131456.1189949657
128375.0571704291 140563.0530196422
131249.4798694888 136888.3252552990
134283.5927184962 137687.1791171127
125500.6344713694 127142.3081411716
130131.6488198545 129379.0989542500
127736.2965706380 133692.9098080441
127895.9867205858 138486.0329789265
129333.1980701157 138805.5745236519
119272.7186234067 130976.8066778775
114801.3944248694 132254.9728567794
125660.3246213172 131775.6605396912
125181.2541714739 135130.8467593088
129013.8177702201 130976.8066778775
117675.8171239291 133533.1390356813
121827.7610225709 132095.2020844167
125021.5640215261 125544.6004175441
125979.7049212127 125544.6004175441
121348.6905727276 136249.2421658480
126299.0852211082 126662.9958240833
134922.3533182873 138805.5745236519
130610.7192696978 131775.6605396912
127257.2261207948 132414.7436291421
130610.7192696978 136728.5544829363
120390.5496730410 136568.7837105735
129652.5783700112 125864.1419622696
118793.6481735634 135929.7006211226
118474.2678736679 134491.7636698578
128375.0571704291 126822.7665964461
121029.3102728321 127941.1620029853
117675.8171239291 132894.0559462304
116078.9156244515 131935.4313120539
128534.7473203769 130976.8066778775
116557.9860742948 133533.1390356813
118633.9580236157 134491.7636698578
119911.4792231978 131615.8897673285
129013.8177702201 129698.6404989755

127257.2261207948 132095.2020844167
128854.1276202724 126822.7665964461
126299.0852211082 128260.7035477108
120230.8595230933 130497.4943607892
119272.7186234067 127461.8496858971
120071.1693731455 128100.9327753480
133644.8321187052 135130.8467593088
124063.4231218395 138166.4914342010
127895.9867205858 138805.5745236519
123903.7329718918 127781.3912306226
114801.3944248694 133053.8267185931
124223.1132717873 136568.7837105735
122626.2117723097 125704.3711899069
129812.2685199589 140083.7407025539
124223.1132717873 139764.1991578284
125021.5640215261 126503.2250517206
120230.8595230933 133373.3682633186
126458.7753710560 126023.9127346323
123105.2822221530 131456.1189949657
122306.8314724142 132095.2020844167
127576.6064206903 139923.9699301912
117356.4368240336 130817.0359055147
115759.5353245560 131615.8897673285
123264.9723721007 129379.0989542500
127257.2261207948 130177.9528160637
114801.3944248694 133852.6805804069
128534.7473203769 137687.1791171127
124861.8738715783 132254.9728567794
126458.7753710560 127621.6204582598
115120.7747247649 135450.3883040343
125340.9443214216 129698.6404989755
122945.5920722052 139604.4283854657
129173.5079201679 127941.1620029853
129333.1980701157 134491.7636698578
122306.8314724142 138326.2622065637
124223.1132717873 132414.7436291421
128534.7473203769 125384.8296451814
125820.0147712649 129858.4112713382
131728.5503193321 137687.1791171127
116557.9860742948 131296.3482226029
116238.6057743993 130657.2651331520
130770.4094196455 131136.5774502402
128534.7473203769 132734.2851738677
128854.1276202724 129219.3281818872
115599.8451746082 132095.2020844167
127416.9162707425 140243.5114749167
127416.9162707425 130817.0359055147
120390.5496730410 132734.2851738677
125340.9443214216 131296.3482226029
125979.7049212127 137527.4083447500
128694.4374703246 131136.5774502402
115919.2254745037 132734.2851738677
121508.3807226754 128580.2450924363
129333.1980701157 125544.6004175441
129812.2685199589 136089.4713934853
132527.0010690709 133852.6805804069
126299.0852211082 130497.4943607892
123105.2822221530 138166.4914342010
121987.4511725187 130817.0359055147
130770.4094196455 132894.0559462304
119113.0284734590 130177.9528160637
121189.0004227798 130657.2651331520
122147.1413224664 139284.8868407402
120869.6201228843 127461.8496858971
134762.6631683396 137048.0960276618
126937.8458208993 138486.0329789265
121508.3807226754 135769.9298487598
132367.3109191231 137207.8668000245
122945.5920722052 130177.9528160637
118154.8875737724 130657.2651331520
125340.9443214216 139444.6576131030
127257.2261207948 128420.4743200735
126618.4655210037 137367.6375723873
129492.8882200634 140243.5114749167
123744.0428219440 126822.7665964461
130930.0995695933 131136.5774502402
123424.6625220485 133053.8267185931
121348.6905727276 136728.5544829363
125021.5640215261 132095.2020844167
123903.7329718918 134811.3052145833
122147.1413224664 130018.1820437010
125181.2541714739 129858.4112713382
122945.5920722052 131136.5774502402
122785.9019222575 134331.9928974951
133165.7616688619 134651.5344422206
120071.1693731455 132574.5144015049
127576.6064206903 126023.9127346323
130291.3389698022 137527.4083447500
115919.2254745037 135769.9298487598
128375.0571704291 137527.4083447500
128694.4374703246 128260.7035477108
127097.5359708470 127461.8496858971
119751.7890732500 133213.5974909559
123264.9723721007 139125.1160683775
133006.0715189142 137846.9498894755
127736.2965706380 133053.8267185931
127097.5359708470 133053.8267185931
127097.5359708470 129059.5574095245
129971.9586699067 125544.6004175441
128375.0571704291 131615.8897673285
125820.0147712649 139764.1991578284
125820.0147712649 134651.5344422206
120869.6201228843 132734.2851738677
115599.8451746082 133533.1390356813
131728.5503193321 134491.7636698578
127576.6064206903 125384.8296451814
119272.7186234067 133692.9098080441
122466.5216223619 134651.5344422206
132686.6912190187 134971.0759869461
119911.4792231978 136568.7837105735
123584.3526719963 135130.8467593088
127097.5359708470 138965.3452960147
118314.5777237201 134971.0759869461
129971.9586699067 134012.4513527696
131568.8601693843 139764.1991578284
134283.5927184962 137367.6375723873
128375.0571704291 130177.9528160637
120071.1693731455 137367.6375723873
126618.4655210037 130337.7235884265
122466.5216223619 127142.3081411716
132207.6207691754 139284.8868407402
125660.3246213172 131935.4313120539
128375.0571704291 128260.7035477108
124382.8034217351 130976.8066778775
126937.8458208993 130657.2651331520
117995.1974238246 134971.0759869461

126139.3950711604 140882.5945643676
128694.4374703246 139923.9699301912
122785.9019222575 138805.5745236519
132047.9306192276 137846.9498894755
134283.5927184962 136728.5544829363
126458.7753710560 136249.2421658480
134123.9025685485 135450.3883040343
117196.7466740858 132254.9728567794
125340.9443214216 132254.9728567794
114801.3944248694 131615.8897673285
117995.1974238246 130497.4943607892
123424.6625220485 127941.1620029853
123744.0428219440 127941.1620029853
128854.1276202724 127142.3081411716
127736.2965706380 126982.5373688088
129492.8882200634 126822.7665964461
126299.0852211082 135769.9298487598
125500.6344713694 133533.1390356813
123584.3526719963 130817.0359055147
126139.3950711604 137207.8668000245
133485.1419687574 136409.0129382108
120550.2398229888 129059.5574095245
119113.0284734590 131136.5774502402
130770.4094196455 136089.4713934853
124861.8738715783 128260.7035477108
128215.3670204813 134491.7636698578
132686.6912190187 136568.7837105735
120071.1693731455 135130.8467593088
121987.4511725187 134172.2221251324
123744.0428219440 130018.1820437010
128055.6768705336 141042.3653367304
119751.7890732500 127941.1620029853
122626.2117723097 137367.6375723873
131409.1700194366 140403.2822472794
118793.6481735634 137048.0960276618
125820.0147712649 126343.4542793579
122147.1413224664 137846.9498894755
132207.6207691754 140083.7407025539
126778.1556709515 134971.0759869461
129333.1980701157 135290.6175316716
125500.6344713694 139604.4283854657
132527.0010690709 137527.4083447500
131089.7897195410 137207.8668000245
123584.3526719963 125704.3711899069
130291.3389698022 132254.9728567794
120550.2398229888 128260.7035477108
130610.7192696978 129698.6404989755
121508.3807226754 133692.9098080441
126778.1556709515 138006.7206618382
126139.3950711604 127461.8496858971
127736.2965706380 127621.6204582598
120550.2398229888 138486.0329789265
134123.9025685485 138486.0329789265
128055.6768705336 131615.8897673285
125660.3246213172 137527.4083447500
125340.9443214216 131456.1189949657
123105.2822221530 130657.2651331520
127576.6064206903 128100.9327753480
124063.4231218395 131296.3482226029
130451.0291197500 132894.0559462304
123903.7329718918 131935.4313120539
127257.2261207948 134331.9928974951
127736.2965706380 125704.3711899069
125500.6344713694 132894.0559462304
123584.3526719963 132254.9728567794
126778.1556709515 140083.7407025539
121348.6905727276 134172.2221251324
125021.5640215261 135610.1590763970
117835.5072738769 135929.7006211226
118793.6481735634 136409.0129382108
131888.2404692798 133533.1390356813
125340.9443214216 139923.9699301912
116877.3663741903 132254.9728567794
124861.8738715783 127142.3081411716
114961.0845748172 131296.3482226029
122466.5216223619 132574.5144015049
125181.2541714739 137687.1791171127
122945.5920722052 134012.4513527696
121029.3102728321 127941.1620029853
118154.8875737724 130976.8066778775
133165.7616688619 136728.5544829363
125340.9443214216 131615.8897673285
130930.0995695933 141042.3653367304
127576.6064206903 131935.4313120539
119911.4792231978 130657.2651331520
116238.6057743993 131935.4313120539
121029.3102728321 134172.2221251324
132367.3109191231 140882.5945643676
115599.8451746082 134971.0759869461
125340.9443214216 126023.9127346323
117835.5072738769 133213.5974909559
124861.8738715783 138965.3452960147
126618.4655210037 134331.9928974951
119272.7186234067 134811.3052145833
120709.9299729365 133053.8267185931
132367.3109191231 140083.7407025539
126458.7753710560 138486.0329789265
124861.8738715783 138326.2622065637
116398.2959243470 129698.6404989755
119911.4792231978 133852.6805804069
116557.9860742948 130976.8066778775
125340.9443214216 138645.8037512892
120230.8595230933 128899.7866371618
119432.4087733545 130177.9528160637
118793.6481735634 134651.5344422206
134762.6631683396 138166.4914342010
127576.6064206903 136888.3252552990
121348.6905727276 133213.5974909559
119751.7890732500 127302.0789135343
119911.4792231978 133373.3682633186
128055.6768705336 129698.6404989755
120709.9299729365 131136.5774502402
131089.7897195410 131296.3482226029
122945.5920722052 127621.6204582598
129652.5783700112 135290.6175316716
115919.2254745037 131456.1189949657
126458.7753710560 137048.0960276618
121029.3102728321 128740.0158647990
125500.6344713694 135130.8467593088
126937.8458208993 132414.7436291421
120869.6201228843 126343.4542793579
130770.4094196455 131615.8897673285
116238.6057743993 134811.3052145833
132527.0010690709 134651.5344422206
124382.8034217351 130018.1820437010
122785.9019222575 125704.3711899069

123744.0428219440 134651.5344422206
127576.6064206903 138486.0329789265
133165.7616688619 140403.2822472794
123105.2822221530 138645.8037512892
120869.6201228843 130976.8066778775
123264.9723721007 138965.3452960147
117675.8171239291 130337.7235884265
124223.1132717873 135130.8467593088
125340.9443214216 128580.2450924363
126139.3950711604 136728.5544829363
120550.2398229888 133053.8267185931
126139.3950711604 140403.2822472794
125660.3246213172 127941.1620029853
117196.7466740858 128899.7866371618
127097.5359708470 141361.9068814559
125820.0147712649 127302.0789135343
124702.1837216306 139125.1160683775
120071.1693731455 130817.0359055147
131089.7897195410 131136.5774502402
128375.0571704291 125704.3711899069
120550.2398229888 137687.1791171127
123264.9723721007 126183.6835069951
123264.9723721007 126503.2250517206
116238.6057743993 131615.8897673285
129333.1980701157 131775.6605396912
114801.3944248694 132894.0559462304
122306.8314724142 134172.2221251324
121348.6905727276 129698.6404989755
127416.9162707425 135450.3883040343
123584.3526719963 129698.6404989755
121668.0708726231 132574.5144015049
120071.1693731455 133373.3682633186
128694.4374703246 129858.4112713382
134762.6631683396 137207.8668000245
130930.0995695933 140243.5114749167
126618.4655210037 138965.3452960147
123584.3526719963 132894.0559462304
118154.8875737724 128580.2450924363
124382.8034217351 139125.1160683775
119911.4792231978 131775.6605396912
132846.3813689664 139125.1160683775
119432.4087733545 127461.8496858971
127576.6064206903 137367.6375723873
131249.4798694888 136568.7837105735
124542.4935716828 126343.4542793579
132367.3109191231 136888.3252552990
128694.4374703246 138486.0329789265
119272.7186234067 127302.0789135343
121987.4511725187 128899.7866371618
126778.1556709515 141521.6776538186
125820.0147712649 130817.0359055147
119592.0989233022 127142.3081411716
132686.6912190187 139125.1160683775
116078.9156244515 131456.1189949657
125979.7049212127 134811.3052145833
128534.7473203769 130018.1820437010
124063.4231218395 134651.5344422206
117995.1974238246 132894.0559462304
128055.6768705336 127621.6204582598
125340.9443214216 128420.4743200735
129173.5079201679 132894.0559462304
127895.9867205858 129858.4112713382
122785.9019222575 138486.0329789265
118154.8875737724 128100.9327753480
124542.4935716828 134331.9928974951
120869.6201228843 136089.4713934853
126778.1556709515 137367.6375723873
122626.2117723097 129858.4112713382
131888.2404692798 133053.8267185931
129013.8177702201 139923.9699301912
133644.8321187052 135929.7006211226
134123.9025685485 138805.5745236519
119272.7186234067 134971.0759869461
125660.3246213172 132414.7436291421
132207.6207691754 138805.5745236519
119272.7186234067 137207.8668000245
133165.7616688619 138486.0329789265
124542.4935716828 133053.8267185931
130930.0995695933 133373.3682633186
118474.2678736679 136728.5544829363
127895.9867205858 127941.1620029853
121189.0004227798 135290.6175316716
118633.9580236157 130018.1820437010
125340.9443214216 126662.9958240833
133644.8321187052 135130.8467593088
127576.6064206903 129059.5574095245
124382.8034217351 127621.6204582598
120230.8595230933 133213.5974909559
124063.4231218395 132254.9728567794
132047.9306192276 135610.1590763970
119911.4792231978 137207.8668000245
128055.6768705336 136728.5544829363
124861.8738715783 136728.5544829363
128854.1276202724 130018.1820437010
127736.2965706380 130177.9528160637
126299.0852211082 129219.3281818872
116877.3663741903 129538.8697266128
121987.4511725187 136568.7837105735
118633.9580236157 135610.1590763970
116877.3663741903 136249.2421658480
132527.0010690709 133373.3682633186
129812.2685199589 134491.7636698578
132846.3813689664 134012.4513527696
127416.9162707425 128899.7866371618
120230.8595230933 131296.3482226029
129333.1980701157 127781.3912306226
117356.4368240336 129858.4112713382
129652.5783700112 134172.2221251324
115120.7747247649 132894.0559462304
127097.5359708470 128260.7035477108
116238.6057743993 130337.7235884265
131888.2404692798 135769.9298487598
121668.0708726231 129538.8697266128
123264.9723721007 128740.0158647990
126458.7753710560 135130.8467593088
119113.0284734590 132095.2020844167
119272.7186234067 136888.3252552990
122945.5920722052 126183.6835069951
121668.0708726231 134172.2221251324
117675.8171239291 129698.6404989755
133006.0715189142 140563.0530196422
130610.7192696978 137527.4083447500
133644.8321187052 138486.0329789265
128215.3670204813 135130.8467593088
119113.0284734590 133373.3682633186
128534.7473203769 127461.8496858971

130451.0291197500 141202.1361090931
127257.2261207948 139764.1991578284
122945.5920722052 139125.1160683775
132527.0010690709 138645.8037512892
128375.0571704291 136249.2421658480
117995.1974238246 135929.7006211226
114482.0141249739 134811.3052145833
130610.7192696978 134172.2221251324
114961.0845748172 133373.3682633186
122147.1413224664 133373.3682633186
125660.3246213172 132734.2851738677
124861.8738715783 132574.5144015049
128215.3670204813 131615.8897673285
129173.5079201679 131615.8897673285
116238.6057743993 131296.3482226029
115120.7747247649 131136.5774502402
122945.5920722052 130337.7235884265
123903.7329718918 127621.6204582598
120071.1693731455 127142.3081411716
125660.3246213172 126023.9127346323
128375.0571704291 126023.9127346323
127097.5359708470 125864.1419622696
129652.5783700112 125864.1419622696
115440.1550246604 132254.9728567794
127257.2261207948 141361.9068814559
123424.6625220485 126183.6835069951
118154.8875737724 130497.4943607892
117196.7466740858 131136.5774502402
125021.5640215261 128580.2450924363
121029.3102728321 138166.4914342010
128055.6768705336 133692.9098080441
125979.7049212127 137527.4083447500
131888.2404692798 133213.5974909559
121029.3102728321 136249.2421658480
120230.8595230933 135769.9298487598
118314.5777237201 129379.0989542500
126299.0852211082 137367.6375723873
120550.2398229888 132734.2851738677
125660.3246213172 130976.8066778775
131249.4798694888 139444.6576131030
126139.3950711604 135929.7006211226
127895.9867205858 137048.0960276618
119911.4792231978 135130.8467593088
123584.3526719963 130337.7235884265
117995.1974238246 131456.1189949657
122147.1413224664 128580.2450924363
123744.0428219440 136728.5544829363
130131.6488198545 138805.5745236519
128375.0571704291 140403.2822472794
123903.7329718918 138006.7206618382
130930.0995695933 134971.0759869461
119272.7186234067 127461.8496858971
124223.1132717873 127461.8496858971
128215.3670204813 132414.7436291421
126937.8458208993 132574.5144015049
132367.3109191231 135610.1590763970
115599.8451746082 135130.8467593088
125979.7049212127 135610.1590763970
133325.4518188097 136249.2421658480
128854.1276202724 128740.0158647990
131249.4798694888 135929.7006211226
122626.2117723097 126662.9958240833
129492.8882200634 130337.7235884265
128694.4374703246 140563.0530196422
122626.2117723097 135450.3883040343
130610.7192696978 136568.7837105735
127736.2965706380 133373.3682633186
126139.3950711604 141521.6776538186
131888.2404692798 140722.8237920049
125660.3246213172 128740.0158647990
127576.6064206903 136409.0129382108
129333.1980701157 136249.2421658480
128375.0571704291 128899.7866371618
125820.0147712649 134971.0759869461
120550.2398229888 129698.6404989755
124702.1837216306 131775.6605396912
115440.1550246604 130657.2651331520
129492.8882200634 133852.6805804069
129652.5783700112 140403.2822472794
118474.2678736679 129538.8697266128
117675.8171239291 128899.7866371618
127416.9162707425 130497.4943607892
130770.4094196455 133533.1390356813
122306.8314724142 136568.7837105735
121508.3807226754 126023.9127346323
132686.6912190187 137846.9498894755
128375.0571704291 137687.1791171127
123424.6625220485 129219.3281818872
134443.2828684440 138326.2622065637
124382.8034217351 128420.4743200735
119272.7186234067 131775.6605396912
125340.9443214216 133373.3682633186
120230.8595230933 129538.8697266128
130930.0995695933 132095.2020844167
127895.9867205858 136409.0129382108
125979.7049212127 138166.4914342010
121668.0708726231 138805.5745236519
120071.1693731455 126822.7665964461
118633.9580236157 136249.2421658480
128375.0571704291 133213.5974909559
125021.5640215261 137207.8668000245
116078.9156244515 130337.7235884265
130451.0291197500 133373.3682633186
121029.3102728321 131775.6605396912
125021.5640215261 125384.8296451814
128534.7473203769 140722.8237920049
118154.8875737724 135610.1590763970
127895.9867205858 138166.4914342010
118633.9580236157 134651.5344422206
132686.6912190187 136249.2421658480
127576.6064206903 137048.0960276618
126299.0852211082 130976.8066778775
121348.6905727276 131456.1189949657
124861.8738715783 126662.9958240833
125500.6344713694 136409.0129382108
121189.0004227798 127621.6204582598
130770.4094196455 136089.4713934853
120390.5496730410 128420.4743200735
132527.0010690709 139284.8868407402
133644.8321187052 137846.9498894755
131089.7897195410 131775.6605396912
114961.0845748172 134971.0759869461
131888.2404692798 135290.6175316716
135082.0434682351 137687.1791171127
123424.6625220485 131456.1189949657
127576.6064206903 139923.9699301912

