135919858.4283168018 5696980.3730468750
140399428.6244225204 5732433.9687500000
138420760.0698749721 5722848.8691406250
136994522.1469555795 5705861.4570312500
134394898.3629421890 5606931.4199218750
148453263.8749032915 5747459.5527343750
143376968.7238938808 5742699.0039062500
140027262.1345124245 5722863.7851562500
138272150.1330003738 5718921.5292968750
137394522.0046755075 5707816.6484375000
146622681.5710875392 5746963.6816406250
144900088.3418311775 5744582.9648437500
140219072.0534159541 5725901.9609375000
149726005.2721647918 5751099.7382812500
141286853.7872707546 5740509.3710937500
