250312612.6799924374 460987.3787841797
242452108.6144867241 430194.5162963867
250928730.0502438843 462793.1626586914
241732230.5224365294 399410.2107009888
243037383.3575334847 439013.8208007812
247985193.1469563842 458546.1514892578
242037252.9156236947 427947.8806152344
250533336.2464816868 462021.3866577148
250912954.8322966397 462377.3514404297
244340843.7577971816 453248.2603759766
242982709.4710352123 432909.8794555664
246777014.2995355129 455697.0764160156
250925365.5490186214 462468.4738159180
251416906.9272633791 468523.5810546875
248485962.0964854956 460242.6079101562
244216930.0531646013 442495.9677124023
247534222.0334230065 457304.1508789062
