1170412390.8096182346 2902528.8836669922
1139950964.5513734818 2762493.2157287598
1134372578.7600028515 2690378.1943969727
1146567716.3493366241 2807188.2769775391
1160349343.9734516144 2862173.2231140137
1151088117.6359827518 2821452.7479095459
1164950792.2742984295 2880975.2013854980
1146155513.6278119087 2804084.6116027832
1133443666.5019328594 2258655.1409778595
1162896715.3263337612 2863167.9638061523
1168502631.8024251461 2887403.0136413574
1164709851.1799097061 2871059.8947906494
1153178062.8444817066 2821845.9826660156
1159567921.7428462505 2842820.3038330078
1135552458.1637020111 2714121.0010681152
1159555406.9227142334 2839528.7831420898
1139442631.2833466530 2724538.7116394043
1166758001.7577476501 2885060.6799926758
1139926825.1118614674 2727706.4386596680
1148995995.3114054203 2813767.4193725586
1142562918.9331908226 2780587.0680999756
1141156593.1167702675 2770417.5242919922
1145280745.7776081562 2782481.4126586914
1156814122.4054396152 2828794.1885986328
