175848323.1803454459 1138002.1037597656
184957622.9263286293 1197813.8408203125
178183716.1744476557 1181907.8032226562
175660231.1271311641 1135822.8991699219
183618884.8718770146 1192791.7587890625
181891232.1221005917 1186822.5500488281
183984055.8688448071 1193734.3378906250
182666789.3174485862 1192110.5847167969
177503694.2185287178 1171101.1098632812
174375934.0674574673 1134195.9750976562
184569669.6855419874 1194663.0620117188
183073324.5249926448 1192383.5380859375
179362224.0589993298 1182470.7778320312
182432840.6541721225 1188713.4814453125
176270258.3241171539 1169540.6960449219
175955338.4588333964 1146089.6958007812
181576891.7592628896 1184925.3137207031
181065147.2955551445 1184420.0820312500
