155934625.0695318282 2345.0715315342
155402999.6740194857 2332.5848212242
160733073.8327127993 2435.0981960297
154852690.4167104661 2279.7514359951
156459368.9385629892 2364.3186197281
155172267.3096041381 2281.9711697102
156913287.1592005193 2373.4237189293
155527440.8181981742 2341.2615981102
159018933.7807648778 2432.3860466480
160941436.9572825730 2435.4008331299
157097133.0931628346 2391.3188993931
157570238.0245939493 2420.4146361351
161956545.7785205841 2437.8305659294
163596842.2793928981 2438.9658508301
155821220.2459615469 2345.0112614632
