467131535.5689126849 3490.2264729738
468587479.4955019355 3545.4917986393
474539627.4650479555 3619.3782312870
463572955.8631932735 3461.0672610998
458690956.2133503556 3295.0978323221
458668830.4937631488 3141.8474031389
475195220.8843042254 3640.2194936275
465254171.9418314099 3471.0870759487
461028912.2591450214 3378.4673916101
473198473.6517302394 3609.2640800476
471932521.1758780479 3575.1815837622
462144201.3629062772 3447.7967622876
467996384.2046536803 3498.3754459620
478436679.0182184577 3689.0892030001
468242035.6718538404 3521.1113109589
471009419.0128291845 3563.7131180763
460496398.9218751788 3334.2416487932
468721308.5432692766 3548.0153218508
