190287555.2101122737 9360.7322328091
193548484.7442747951 10116.1074914932
198797513.5309768617 10427.5825500488
193027689.2805133164 9826.0201988220
190619450.9798068404 9416.0686855316
191186058.4373348057 9417.6541681290
192631799.6805519462 9793.4129886627
191660089.3136015534 9438.0279793739
192214618.2468584478 9587.3906497955
192339737.5094374418 9641.0842781067
191979436.0894407928 9471.3005638123
190013352.5335884690 9344.5605211258
198251398.4380578399 10302.4114761353
192354205.9273550510 9709.6640977859
192062445.8743205369 9511.1970729828
192849909.3873397112 9796.2289648056
