576954726.9119634628 168824.2625770569
570442495.1654559374 161956.0957527161
570856177.5628384352 162418.0123481750
570055387.1688805819 138759.5428905487
586185394.4262841940 172164.1039733887
590282613.9794250727 177425.2222824097
574773770.0043414831 167085.7696380615
576871282.5006897449 167978.5338134766
589037012.1842951775 174321.4517517090
586982735.8187540770 174214.7388687134
582474106.8981841803 171160.8861255646
576157722.9527996778 167145.7844085693
580715163.9247822762 169583.4470214844
579049253.2072755098 169503.3839187622
578299709.1616423130 169125.0221328735
580757967.0981298685 169590.4855575562
572994753.7054405212 165076.2679557800
580809859.8079750538 170875.8713760376
586807204.8099039793 172521.7490005493
570160318.1813253164 159250.4426727295
584111555.4777278900 171909.5061798096
584161993.0443835258 172025.2528228760
