111047945.7426330894 1142634.4414062500
101727580.5005443245 1102692.7460937500
105139566.2604781240 1124125.9179687500
103843341.2915894687 1121321.7763671875
103661630.0129947215 1109980.0000000000
105685560.5442653000 1133905.9101562500
104391145.2255539894 1121603.3203125000
104626402.5091705620 1123580.8867187500
103809924.2693174034 1112559.0097656250
105144756.3685977906 1126152.9755859375
103811231.1573905349 1118275.0703125000
106733762.9320681095 1134253.5654296875
108087274.6069187671 1140955.5908203125
106759317.9502580911 1136289.6269531250
105358285.8598158360 1127603.9013671875
103788324.1926543713 1112077.8759765625
104427008.4389591813 1123048.3857421875
102762257.7274828553 1109729.3164062500
