62415671.8795655519 1168840.3261718750
62330138.7577342018 1165320.1220703125
62238232.8464396000 1161246.9140625000
66660882.4564186707 1179113.7978515625
65006385.1704362482 1177570.3857421875
68623741.0517175049 1179390.7724609375
61766503.5758083016 1157716.0322265625
63981506.5275527313 1176967.3583984375
63510911.5986703783 1174677.1689453125
65440698.7343508527 1178813.6708984375
64767077.6332347468 1176975.5009765625
65600676.6863030717 1179029.1552734375
62701124.3221364692 1170270.8212890625
65315102.4701598510 1178267.1845703125
61994805.6132889688 1161163.4775390625
62777154.5544510707 1172972.7626953125
60668355.6301356703 1155225.0468750000
62556094.2996932045 1169563.1669921875
