438677378.6542837620 288618.2680358887
434751812.1236036420 279293.6625976562
438432677.9700036645 287893.5364379883
441077210.5913671851 293164.1638488770
434854977.5708163977 284425.5584411621
440594450.2262343168 291854.7319030762
434223726.7719850540 273368.5699996948
446512188.5522242785 297585.8972167969
435468975.2638294697 284797.6478881836
438156409.5144984126 286779.3220291138
433332882.7232129574 263941.0778503418
448422473.8567222357 299868.3718566895
443447822.2605509162 296507.5784225464
440938671.7779318690 292206.4587860107
