1398664678.8839228153 3127190.0338439941
1391387298.8047111034 3073774.4233093262
1379881316.8786985874 3028937.0065765381
1367141172.7939841747 2852850.3293609619
1408415255.8012387753 3144808.5247802734
1399225953.2054555416 3131126.8340148926
1401438774.7366342545 3133592.1251831055
1394880032.0679275990 3089203.7904739380
1398639228.7444252968 3122366.1049194336
1371357732.5757737160 2952237.7664489746
1370302339.1002407074 2921150.6671142578
1396317631.0646629333 3119033.8182373047
1403927739.0758774281 3136806.3316650391
1392087028.1326088905 3085520.4160766602
1386633186.3846890926 3040126.9391174316
1400732973.1658618450 3132788.0723876953
1380041012.4995467663 3030849.9900817871
1387106743.6226112843 3054709.0018920898
1390248730.5245950222 3054999.0046081543
1374111847.6710987091 3009207.5397033691
