228009673.9760866761 313020.6741943359
231756366.3766587675 329538.5755615234
227091931.1680630744 306897.9207153320
232723520.3993773758 347011.4852447510
238792174.6141311526 348773.3329467773
241589437.8258839846 352736.7508239746
241249852.7209027708 352258.8618469238
244022345.7228607237 357890.4563293457
232707257.2428557575 332276.2261962891
251442012.9714872539 368474.7282714844
246177305.2130551934 365182.7526550293
242770218.8534260392 355010.6516723633
244804763.9073568583 363782.4969711304
250051079.4502523541 365242.8813781738
230715086.8350731432 324832.1963958740
251823243.8207317591 369437.0991210938
229758573.5829946995 316457.1619262695
240382855.2993102074 349533.4448547363
232037594.9478808641 330842.8840637207
227013422.1839989722 267888.9542236328
229774258.2514269054 324740.8252410889
