223180398.5940089226 1040000.6748046875
223143581.7486280203 1038012.7084960938
224658206.3546358645 1051186.4436035156
206202989.1192487180 990402.8615722656
229756338.2452566624 1061989.5734863281
201897267.7218441069 918598.6057128906
209657291.1577942967 1022392.1689453125
219228764.4179531634 1036141.1767578125
207866031.0603653491 1005481.9724121094
203302124.7059434652 928606.4785156250
205515065.6028221846 990234.4492187500
214919272.1569630504 1027394.0307617188
218908689.0460432768 1031274.0700683594
224208657.8149627745 1041645.9418945312
204555989.5792494416 983326.1008300781
214575714.4901100993 1022664.2746582031
218623254.0330990255 1028896.3286132812
209451844.6039760709 1009129.1293945312
