167992603.5373391211 162.1041726395
170816058.2712186277 183.9943094254
169707444.4298686087 181.7530422807
172984456.7066625953 194.8686923981
169261002.7413095236 178.1200617999
172491533.1273752153 192.4329915941
171097801.1367708445 185.0766592324
171709907.5560572445 190.0608351231
168583941.1787094176 166.8205853999
168508824.7846342921 166.0133707672
171625676.3235352635 189.0923945308
172661995.2706349194 194.4376312196
172338635.6753963530 190.2786349952
172424659.4780102968 190.8948672116
169565607.1680809855 180.9087009728
168742029.0656114817 171.9924454987
168995588.1334153712 174.1078556776
170505150.6726162136 182.5018811226
168340963.2000512183 164.4775785804
167687584.4521584213 130.8603105210
170989493.3877153993 184.5766932368
171201082.0909187794 187.2242829800
167917589.5606089532 159.1116373986
170225048.4093437493 181.9799745381
167829168.4040079415 143.0818714350
170878116.8281562328 184.0000384450
168626504.4886637032 167.2807775140
168477001.8670528531 165.9981184751
170144696.4970855117 181.8384599984
168875166.0675883293 172.4918271303
169085519.6476294696 176.3447311223
168339783.8241508007 164.2782504559
170315830.0674087107 182.0511864722
