88729224.0726873279 22600.6592254639
87527930.2342562228 22470.1434020996
84218275.0907126069 21061.3217926025
85672705.2387332320 22230.7825164795
84445317.7035401762 21388.6344223022
88215171.3351270109 22480.4362487793
85100451.9212456048 22067.0668945312
87519930.9629153907 22428.7382202148
86594708.6556620449 22331.2446746826
88512509.1563485563 22575.9580688477
87405471.7253034115 22397.9988708496
84595738.7955920100 21490.1426620483
84129350.9025140107 20905.5489540100
84566633.9494189173 21412.1491928101
