355080312.5576741099 16863.1116094589
353773428.2016376257 16654.9336371422
359467016.4191372395 17513.4788331985
358933375.0431153178 17446.5859503746
356380354.2303669453 17040.6402578354
354925889.6036716104 16789.3843505383
352838235.8779140711 14632.4266200066
358658160.2415809631 17427.5610074997
356083331.8675916195 17025.6290807724
361538266.5684730411 17679.9030952454
356600001.9222679138 17198.7265634537
357889695.9094441533 17279.5865602493
354380970.0126542449 16739.3956217766
356029026.8213178515 16963.7897081375
