196241392.5429687798 2461.1093659401
194060612.3541615009 2411.7428681850
199596208.7539567649 2506.2462387085
199210536.1909449100 2482.8206119537
194344316.2679925263 2449.9703445435
192996651.3464137614 2339.0536699295
195214262.4549033344 2457.9221892357
195753246.6444719732 2458.8318037987
197914472.1723699570 2474.0190305710
198485093.3684574664 2480.5611605644
197195242.0863613784 2472.9370985031
193928740.4882189929 2339.1270840168
198264911.2151284516 2478.0106234550
193959902.2827256620 2365.0390238762
198238424.5051654577 2475.6350517273
