167895285.3710663617 64889.9258193970
175417874.3837478459 70773.0666961670
178343506.7154076397 72304.8507080078
168486095.3655923307 65693.5966262817
170269230.1717975140 68440.1437644958
172788230.6653301120 69011.5269851685
171011217.1959463656 68441.6809387207
167706946.4441872239 64295.3341674805
177817186.5282370448 71361.0549163818
177680203.4238134325 70938.4402999878
166940069.2191407681 59672.7874679565
167014359.7272191942 60305.4126358032
168329173.7879692316 65107.4541931152
167153766.0893526375 61048.0437793732
168863996.4324759841 67243.5341186523
169979802.7366201282 67844.7295913696
173494813.6756497622 69382.6298980713
172922014.6813125014 69237.7332153320
171512863.2756588161 68674.9134368896
174325773.1339309812 70668.8448944092
172349349.9350661635 69001.4559860229
167314722.0320883691 62943.9982957840
167172074.6534071267 61344.2803421021
