914913146.0889708996 110269.0301704407
891017258.6605160236 105123.8776569366
899399274.2509971857 108430.2406826019
888355589.1763672829 101297.0526106358
898689157.7462439537 108033.1540079117
903957252.3309596777 108801.7894916534
893546907.8841682673 107494.8689470291
888689089.7233701944 102030.2658681870
898633402.4774864912 107937.5185279846
918133860.4098486900 110270.8246307373
904465258.8945089579 110234.8701213598
900956723.3051626682 108638.5347213745
893291731.7928518057 105563.9816236496
