1081125146.8451559544 6583.9931719899
1076555312.9587056637 6388.0833907723
1107361594.2577884197 6972.7331081629
1092624440.9071247578 6820.8311579227
1084223597.9798815250 6651.6920886189
1075650241.9438157082 6364.1476251334
1079544339.8685607910 6559.2122376561
1085598848.4118435383 6679.9276372194
1085639809.6843502522 6715.5788388848
1085511313.9625558853 6657.0963802338
1082699371.7600898743 6627.4835585356
1080706321.8414161205 6561.8453828096
1087134943.4576475620 6719.7599621415
1078610067.7723152637 6496.2036458850
1090703813.3474299908 6778.1356909871
1085609922.7164564133 6684.4496574998
1094603702.7817308903 6821.0219865739
1099315481.4507281780 6846.6997432709
1099280406.2516107559 6844.0470337868
1095393580.2466650009 6833.2158011794
1090527066.9277782440 6757.8298324347
1081897054.4777319431 6591.8473386765
1100503454.7743482590 6945.7768315077
1077670000.4181871414 6447.9051252902
