496062640.0418235660 139197.3464965820
503565945.1086887121 143985.2152938843
502915567.6948425174 143530.6107940674
502019177.3460846543 141814.4902935028
502323770.4091018438 142087.8505058289
494711687.9156900048 136706.0812492371
510786594.9324162602 146633.0179939270
507999565.6331433058 145676.3311767578
494299705.1257557869 136105.8124198914
510718695.1995334029 145803.0386199951
502647149.4318706989 142120.1882553101
495757698.2224153876 138478.5486068726
491216043.6115667224 132540.8096694946
493621247.8984953165 135699.5772666931
495650997.2411627173 138246.4428749084
507110318.2149497867 145227.2654724121
495179870.1290665865 137644.0068893433
493376194.9590840340 134840.8877315521
497152098.9497876763 139314.4182968140
499107592.5915587544 139558.9296417236
499142058.5740469098 141482.3764953613
