633092166.4646480083 75636.5565357208
632793518.1120991707 75455.6444892883
642451127.9938184023 78674.4942646027
628322645.5907368660 71468.1252861023
631300843.8204731941 74598.9564571381
627614747.0039581060 61603.9034538269
632553419.4569413662 75176.1764640808
633367596.6784209013 75723.5349674225
636868776.5755256414 78146.5835533142
634296220.5780227184 76132.9259128571
629589487.9213584661 73810.3262386322
641966612.3169978857 78419.7396583557
634789056.7162868977 77345.2789268494
640292199.3328408003 78309.8196487427
633886858.7859393358 75831.6336259842
