894624625.0709658861 253865.4866638184
901267701.9366792440 259336.6634368896
888852080.9672197104 207748.1396455765
895782329.7007243633 255704.0176620483
889051577.1893020868 250617.6932830811
896236689.7834941149 257397.6084976196
897169339.8373219967 258137.6457481384
901700455.0121052265 262433.2389984131
895439854.1814199686 254949.0737075806
896169662.8683599234 256767.0725021362
895008956.8147206306 254302.9195709229
901617326.3830777407 260484.7575759888
893220126.2352195978 252658.9047718048
901305200.0797936916 259435.5046920776
905067264.3377890587 266745.8224411011
892423231.9973697662 252585.4794616699
898337046.0252163410 258147.1652622223
899008274.7463498116 259143.3226509094
895424379.5776730776 254800.9297676086
896751032.7737140656 257897.6446609497
