430169352.3406787515 2164966.3786621094
446328548.9741760492 2282705.2221679688
438960578.7560361624 2261699.4797363281
429656397.5596346855 2142653.4152832031
431763230.2209569216 2167827.9785156250
427788193.4451111555 1918071.0093994141
428700738.0183232427 2126837.5810546875
432472306.5649885535 2203711.0356445312
433543291.6739364862 2207200.2944335938
437832942.6195584536 2228187.0783691406
438183025.6463202834 2238889.0905761719
431752946.0275042653 2167447.7788085938
434654492.6040176749 2225253.8542480469
432031742.0264152288 2174478.6091308594
437879965.1114740372 2229724.9655761719
428135488.9042617679 2081481.1054687500
432072895.4399808049 2195154.5551757812
437056916.8857100606 2228163.6955566406
438374621.8605002165 2246815.8500976562
440430044.1209332347 2279913.3491210938
