158825159.4707291424 816685.9135742188
157347716.1753648520 694447.7907714844
166695447.3855806887 847954.7607421875
158358751.1716550291 796688.8198242188
162277885.5005870759 839412.2392578125
160446245.7246323526 830830.4487304688
165498417.7897874117 846253.2460937500
158241198.1507802606 790677.8037109375
156217449.8361115158 681765.7080078125
167387348.5286386311 859821.8115234375
167897202.7399874330 865544.3232421875
165975066.9837195575 847896.6821289062
157608254.8447464705 786882.0854492188
163057998.6261652708 840971.2060546875
159774431.8641703725 823781.7900390625
161149278.3896919489 833559.4689941406
157469232.2320369184 741710.2441406250
166827349.4618180096 851938.7709960938
162025239.1794763505 835074.4516601562
