167040292.2688754797 859188.0302734375
165098167.6032377481 852641.7871093750
166768128.8666262627 857876.6518554688
163143241.7412705421 842579.5036621094
168364444.7244745493 866558.8178710938
157610835.9798292816 801645.5129394531
156751138.1823379695 707434.5739746094
158825159.4707291424 816685.9135742188
162277885.5005870759 839412.2392578125
160446245.7246323526 830830.4487304688
156217449.8361115158 681765.7080078125
167387348.5286386311 859821.8115234375
167897202.7399874330 865544.3232421875
157608254.8447464705 786882.0854492188
163057998.6261652708 840971.2060546875
159774431.8641703725 823781.7900390625
161149278.3896919489 833559.4689941406
157469232.2320369184 741710.2441406250
162025239.1794763505 835074.4516601562
