1035499621.4452685118 4192455.5123291016
1072112127.5555938482 4854924.9313964844
1069539045.6605073214 4833019.3881835938
1039345336.0068610907 4680029.0214843750
1056690585.3774620295 4805144.1535644531
1042526912.7924299240 4735480.2587890625
1045368235.2166402340 4795637.9055175781
1035884326.8723163605 4584730.3771972656
1057854501.3647922277 4822464.3083496094
1044328827.6822462082 4738598.9455566406
1064691003.4284961224 4832029.9245605469
1038472732.3238605261 4650668.4677734375
1042040460.6210489273 4710327.9660644531
