104491226.8718591183 57663.0707397461
104482458.5591974556 57463.2180175781
104133777.0256200433 57159.1746978760
103717182.8231648505 56439.8212280273
107200045.0110099912 59017.6596374512
105950435.3620876223 58254.6192321777
106925237.5128698051 58963.9867858887
104811785.2974135429 57924.9259185791
106146222.3410000056 58547.3802490234
103197491.5267005265 56066.1998138428
102752689.0367748141 55581.1490173340
105586500.2449191362 58035.7498321533
104016848.3010546416 56703.5253906250
104120258.7182292640 56800.3630218506
102588914.5097878873 54394.5132980347
102432317.8578729033 50728.6605072021
102442302.3715068102 52220.7252273560
103522935.0059087425 56219.2878570557
104336930.3139270097 57243.5345458984
106012698.0735540539 58427.6082763672
106466243.8510792851 58670.0436553955
109770479.2995260358 59513.0095214844
102564977.1416863501 52399.5313644409
108439337.7743181437 59306.1275482178
102578436.0114958137 52520.4395065308
104221771.3353207409 57197.4755859375
105706311.1795956045 58118.4739227295
