89693349.4677399695 273434.0079345703
90363366.5985879302 286924.6669921875
94313941.2140023559 293602.3583984375
89223208.3592777848 262860.6170959473
96144582.7179414928 294616.9296875000
90258386.6114875674 284431.8855590820
96171843.1951395273 294885.6801757812
89276658.0543029159 272388.6165771484
89970194.2771866471 281536.7243041992
89430709.5166347325 272767.9485473633
92400948.2551136464 291709.3488769531
91345147.0346206427 289554.5996093750
93178241.5778710395 292444.1911621094
93909906.8315929770 292859.2109375000
90923428.3150342703 289280.3503417969
89772926.7669399530 277579.7763061523
90952625.9924313128 289455.7023925781
95182553.8979378045 294261.6003417969
97528095.8656747341 297203.9626464844
95830254.7725961059 294530.6718750000
89923132.7335539907 281281.7969970703
95172540.3186986148 293652.5607910156
