551605675.5353788137 4066973.7607421875
541836864.3123216629 3964604.7988281250
552772221.6687062979 4074094.2553710938
542033261.4079512358 4000883.0737304688
555332929.7542120218 4111015.3457031250
565654274.5182667971 4116789.0927734375
554103184.7647464275 4102364.2636718750
568963942.6529321671 4143485.7773437500
550863907.9431864023 4052291.7617187500
553013655.2406306267 4092859.0048828125
544232610.6038234234 4050964.8769531250
543051864.7652140856 4008663.1015625000
543255448.7203454971 4015294.3476562500
566836216.5253973007 4121884.8623046875
584657260.8938510418 4153062.7060546875
549381248.7089524269 4052113.0180664062
