135057.7411529402 128306.6225347091
121614.0770793315 124622.9065434727
118893.3355406250 132791.1463501273
132336.9996142337 123661.9371544545
125615.1675774293 127986.2994050364
124174.7749981141 129107.4303588909
137618.4390717228 125103.3912379818
124334.8186180380 127826.1378402000
133777.3921935489 129107.4303588909
134417.5666732446 125263.5528028182
130896.6070349185 123661.9371544545
127375.6473965924 130068.3997479091
119533.5100203207 122220.4830709273
130576.5197950706 128947.2687940545
126415.3856770489 135353.7313875091
128976.0835958315 130068.3997479091
128335.9091161359 125423.7143676546
125615.1675774293 121739.9983764182
113291.8088432880 119657.8980335455
119213.4227804728 125423.7143676546
124974.9930977337 136314.7007765273
117933.0738210815 126064.3606270000
122734.3824187989 124142.4218489636
132336.9996142337 130548.8844424182
124654.9058578859 124302.5834138000
119693.5536402446 128466.7840995455
115692.4631421467 113892.0816994364
123054.4696586467 130869.2075720909
119853.5972601685 133912.2773039818
129936.3453153750 126384.6837566727
113931.9833229837 121419.6752467455
128335.9091161359 133431.7926094728
120813.8589797119 134713.0851281637
132016.9123743859 127345.6531456909
115212.3322823750 127665.9762753637
120813.8589797119 129427.7534885637
125935.2548172772 123822.0987192909
123694.6441383424 120939.1905522364
136978.2645920272 125744.0374973273
128976.0835958315 120779.0289874000
125455.1239575054 127345.6531456909
134577.6102931685 126064.3606270000
125455.1239575054 132470.8232204545
114252.0705628315 123501.7755896182
133937.4358134728 125263.5528028182
129136.1272157554 120458.7058577273
130096.3889352989 132630.9847852909
129136.1272157554 122700.9677654364
124014.7313781902 135033.4082578364
114892.2450425272 128787.1072292182
115852.5067620706 126544.8453215091
124974.9930977337 124783.0681083091
115212.3322823750 126705.0068863455
123534.6005184185 131990.3385259455
113131.7652233641 121900.1599412545
126575.4292969728 126384.6837566727
120653.8153597880 132310.6616556182
122414.2951789511 122380.6446357636
124494.8622379619 127665.9762753637
114354.6510092576 153923.9898812455
108133.4653337121 157605.5735268263
111483.3345436212 147841.3734233294
118342.5905448636 159846.5374850060
111323.8169621970 154884.4030061796
116906.9323120455 157765.6423809821
109409.6059851061 144319.8586319042
116109.3444049242 162087.5014431856
108452.5004965606 145440.3406109940
116587.8971491970 160006.6063391617
108612.0180779848 148321.5799857964
108612.0180779848 157765.6423809821
109569.1235665303 150402.4750898204
109728.6411479545 147521.2357150180
108292.9829151364 147841.3734233294
115311.7564978030 154084.0587354012
108452.5004965606 148641.7176941078
121532.9421733485 164328.4654013652
109250.0884036818 149281.9931107305
118502.1081262879 159526.3997766946
116268.8619863485 156965.2981102036
109888.1587293788 146240.6848817725
114195.1334278333 153443.7833187784
115471.2740792273 158565.9866517605
113557.0631021364 150242.4062356646
113397.5455207121 148161.5111316407
116747.4147306212 162087.5014431856
111323.8169621970 148001.4422774850
114195.1334278333 156164.9538394251
109250.0884036818 158085.7800892934
118502.1081262879 160166.6751933174
111642.8521250455 157925.7112351377

124334.8186180380 130869.2075720909
129136.1272157554 128787.1072292182
132016.9123743859 127665.9762753637
119853.5972601685 131189.5307017636
130256.4325552228 126384.6837566727
119213.4227804728 124622.9065434727
114092.0269429076 124783.0681083091
111051.1981643533 122540.8062006000
120013.6408800924 129267.5919237273
128015.8218762880 133752.1157391455
133137.2177138533 126544.8453215091
111371.2854042011 124943.2296731455
127375.6473965924 120138.3827280546
122574.3387988750 130548.8844424182
123854.6877582663 135513.8929523455
120813.8589797119 123822.0987192909
122734.3824187989 132310.6616556182
128335.9091161359 131830.1769611091
138098.5699314946 124622.9065434727
130256.4325552228 123021.2908951091
128816.0399759076 123021.2908951091
113131.7652233641 124622.9065434727
119213.4227804728 129107.4303588909
114572.1578026793 120939.1905522364
137618.4390717228 125423.7143676546
119853.5972601685 128947.2687940545
133297.2613337772 123181.4524599455
128015.8218762880 133271.6310446364
124334.8186180380 123181.4524599455
134417.5666732446 127505.8147105273
132497.0432341576 123021.2908951091
124974.9930977337 124302.5834138000
136178.0464924076 123822.0987192909
118253.1610609293 131670.0153962728
126895.5165368207 127185.4915808545
125135.0367176576 127986.2994050364
128976.0835958315 126865.1684511818
116012.5503819946 125583.8759324909
137138.3082119511 126224.5221918364
128335.9091161359 121579.8368115818
129136.1272157554 121419.6752467455
112971.7216034402 121739.9983764182
112971.7216034402 121419.6752467455
115212.3322823750 125744.0374973273
118093.1174410054 125744.0374973273
131056.6506548424 129107.4303588909
126575.4292969728 120618.8674225636
112011.4598838967 122060.3215060909
122574.3387988750 126064.3606270000
131376.7378946902 124783.0681083091
127215.6037766685 135674.0545171818
124814.9494778098 125904.1990621637
122894.4260387228 129748.0766182364
134257.5230533206 123181.4524599455
111531.3290241250 124462.7449786364
124174.7749981141 137115.5086007091
124174.7749981141 138556.9626842364
130416.4761751467 121739.9983764182
127855.7782563641 134232.6004336545
112918.9927764394 159686.4686308503
114514.1685906818 154724.3341520239
113557.0631021364 154564.2652978683
113238.0279392879 151362.8882147545
118342.5905448636 158245.8489434491
110845.2642179242 153443.7833187784
114195.1334278333 154884.4030061796
111961.8872878939 148961.8554024191
113397.5455207121 149121.9242565749
114354.6510092576 157605.5735268263
119459.2136148333 159366.3309225389
116428.3795677727 156485.0915477365
109728.6411479545 148161.5111316407
111483.3345436212 154244.1275895569
112440.4400321667 148961.8554024191
108612.0180779848 150562.5439439761
112599.9576135909 150402.4750898204
109569.1235665303 156004.8849852695
112759.4751950151 153603.8521729341
111802.3697064697 145120.2029026826
117066.4498934697 155684.7472769581
111323.8169621970 149602.1308190419
111164.2993807727 152643.4390480000
123287.6355690152 165128.8096721437
112121.4048693182 158565.9866517605
109409.6059851061 141438.6192571018
115152.2389163788 154244.1275895569
108612.0180779848 158565.9866517605
121213.9070105000 163207.9834222754
117545.0026377424 156325.0226935808
108931.0532408333 157445.5046726706
112121.4048693182 155364.6095686467

124494.8622379619 136795.1854710364
123534.6005184185 135193.5698226728
126255.3420571250 135193.5698226728
118413.2046808533 133271.6310446364
129776.3016954511 133271.6310446364
129936.3453153750 132470.8232204545
119213.4227804728 130388.7228775818
123054.4696586467 129427.7534885637
125135.0367176576 129427.7534885637
130096.3889352989 128787.1072292182
119533.5100203207 128466.7840995455
127855.7782563641 127826.1378402000
118413.2046808533 126544.8453215091
122734.3824187989 126544.8453215091
120653.8153597880 126384.6837566727
112011.4598838967 125423.7143676546
118573.2483007772 124783.0681083091
128816.0399759076 124783.0681083091
117933.0738210815 124462.7449786364
112651.6343635924 124142.4218489636
121614.0770793315 124142.4218489636
132657.0868540815 123982.2602841273
136818.2209721032 123822.0987192909
114892.2450425272 123341.6140247818
115532.4195222228 123181.4524599455
128816.0399759076 122861.1293302727
123694.6441383424 122060.3215060909
128655.9963559837 121259.5136819091
128495.9527360598 120779.0289874000
113771.9397030598 117896.1208203455
123054.4696586467 131670.0153962728
124654.9058578859 121739.9983764182
127535.6910165163 125583.8759324909
124334.8186180380 137115.5086007091
130576.5197950706 125583.8759324909
132977.1740939294 121579.8368115818
127535.6910165163 132630.9847852909
119373.4664003967 123822.0987192909
119853.5972601685 125263.5528028182
124814.9494778098 132951.3079149637
117612.9865812337 128466.7840995455
132817.1304740054 123181.4524599455
117132.8557214620 124462.7449786364
119693.5536402446 126544.8453215091
130576.5197950706 127986.2994050364
133777.3921935489 121739.9983764182
125295.0803375815 123982.2602841273
119693.5536402446 128306.6225347091
134897.6975330163 126064.3606270000
129456.2144556033 126224.5221918364
116172.5940019185 114372.5663939455
126255.3420571250 120779.0289874000
127215.6037766685 131990.3385259455
128495.9527360598 127505.8147105273
129616.2580755272 129587.9150534000
111371.2854042011 122861.1293302727
119853.5972601685 124943.2296731455
126735.4729168967 127665.9762753637
126895.5165368207 131349.6922666000
121692.4597547727 163688.1899847425
120575.8366848030 163207.9834222754
117545.0026377424 159686.4686308503
116747.4147306212 159526.3997766946
109888.1587293788 157125.3669643593
116587.8971491970 156965.2981102036
111164.2993807727 155524.6784228024
116587.8971491970 155204.5407144910
113557.0631021364 153923.9898812455
114992.7213349545 151522.9570689102
109409.6059851061 147841.3734233294
109888.1587293788 147361.1668608623
110366.7114736515 145600.4094651497
108771.5356594091 139837.9307155449
118661.6257077121 162567.7080056527
121532.9421733485 164808.6719638323
108771.5356594091 149281.9931107305
108292.9829151364 158245.8489434491
111802.3697064697 153763.9210270898
119778.2487776818 159526.3997766946
108292.9829151364 148641.7176941078
116428.3795677727 160646.8817557844
113716.5806835606 159366.3309225389
109250.0884036818 157285.4358185150
116428.3795677727 159846.5374850060
112280.9224507424 147521.2357150180
110526.2290550758 152643.4390480000
112599.9576135909 149281.9931107305
112759.4751950151 160006.6063391617
109569.1235665303 154084.0587354012
116906.9323120455 162247.5702973413
117225.9674748939 155844.8161311138

129296.1708356793 132310.6616556182
114092.0269429076 123822.0987192909
125775.2111973533 127505.8147105273
130096.3889352989 123822.0987192909
117773.0302011576 132310.6616556182
134417.5666732446 127185.4915808545
122574.3387988750 132310.6616556182
122094.2079391033 125263.5528028182
116172.5940019185 126544.8453215091
124334.8186180380 134713.0851281637
128335.9091161359 127826.1378402000
133777.3921935489 123341.6140247818
135057.7411529402 124622.9065434727
130896.6070349185 128466.7840995455
119373.4664003967 126865.1684511818
110891.1545444293 123982.2602841273
136818.2209721032 124142.4218489636
131056.6506548424 124622.9065434727
115052.2886624511 119177.4133390364
119853.5972601685 132630.9847852909
126735.4729168967 123021.2908951091
125455.1239575054 136795.1854710364
114572.1578026793 123341.6140247818
131536.7815146141 127826.1378402000
120173.6845000163 134392.7619984909
129136.1272157554 120458.7058577273
124334.8186180380 137756.1548600546
124014.7313781902 126224.5221918364
135377.8283927880 125583.8759324909
132977.1740939294 121900.1599412545
127695.7346364402 128947.2687940545
122894.4260387228 134072.4388688182
136498.1337322554 123181.4524599455
120333.7281199402 130869.2075720909
114092.0269429076 119818.0595983818
128015.8218762880 131990.3385259455
133777.3921935489 128626.9456643818
132817.1304740054 126865.1684511818
114732.2014226033 119337.5749038727
134097.4794333967 127986.2994050364
118733.2919207011 127505.8147105273
127375.6473965924 127986.2994050364
128495.9527360598 121259.5136819091
117933.0738210815 123021.2908951091
132016.9123743859 122060.3215060909
115212.3322823750 113731.9201346000
119373.4664003967 131830.1769611091
127215.6037766685 127505.8147105273
115532.4195222228 114212.4048291091
133297.2613337772 125103.3912379818
132016.9123743859 128146.4609698727
119053.3791605489 124302.5834138000
125615.1675774293 126865.1684511818
131216.6942747663 126224.5221918364
124174.7749981141 136795.1854710364
129616.2580755272 130548.8844424182
122734.3824187989 128947.2687940545
125775.2111973533 124142.4218489636
123694.6441383424 127826.1378402000
108612.0180779848 140638.2749863233
113078.5103578636 150722.6127981317
109090.5708222576 158565.9866517605
114354.6510092576 158245.8489434491
116906.9323120455 162087.5014431856
114514.1685906818 157125.3669643593
112918.9927764394 160166.6751933174
108771.5356594091 141918.8258195689
120575.8366848030 164168.3965472096
117704.5202191667 158565.9866517605
112599.9576135909 150082.3373815090
109409.6059851061 144479.9274860599
114195.1334278333 156004.8849852695
115152.2389163788 159686.4686308503
109250.0884036818 158245.8489434491
109090.5708222576 152003.1636313772
110526.2290550758 143039.3077986587
109728.6411479545 149442.0619648862
118661.6257077121 158886.1243600718
116587.8971491970 162247.5702973413
116268.8619863485 152963.5767563114
115311.7564978030 153923.9898812455
110207.1938922273 156325.0226935808
115630.7916606515 156004.8849852695
118023.5553820152 161447.2260265629
115311.7564978030 155844.8161311138
108931.0532408333 151042.7505064431
113716.5806835606 149281.9931107305
109409.6059851061 148961.8554024191
108931.0532408333 150562.5439439761
115790.3092420757 156805.2292560479
111164.2993807727 156325.0226935808

124494.8622379619 136795.1854710364
130736.5634149946 132470.8232204545
120813.8589797119 128466.7840995455
124654.9058578859 128466.7840995455
133777.3921935489 126865.1684511818
120493.7717398641 126224.5221918364
136818.2209721032 125904.1990621637
110090.9364448098 124142.4218489636
132657.0868540815 123982.2602841273
112491.5907436685 123822.0987192909
128976.0835958315 123822.0987192909
115372.3759022989 123661.9371544545
121133.9462195598 122380.6446357636
124974.9930977337 121579.8368115818
128655.9963559837 121259.5136819091
126415.3856770489 133111.4694798000
131216.6942747663 127185.4915808545
119853.5972601685 134072.4388688182
129616.2580755272 124943.2296731455
123214.5132785707 121579.8368115818
130096.3889352989 119818.0595983818
124174.7749981141 131349.6922666000
130736.5634149946 127665.9762753637
115212.3322823750 119497.7364687091
111531.3290241250 125583.8759324909
127535.6910165163 129427.7534885637
116332.6376218424 130228.5613127455
119053.3791605489 130548.8844424182
126095.2984372011 124302.5834138000
114732.2014226033 114692.8895236182
119213.4227804728 131670.0153962728
121133.9462195598 127665.9762753637
112651.6343635924 124462.7449786364
123374.5568984946 128787.1072292182
123214.5132785707 133752.1157391455
131696.8251345381 121739.9983764182
129616.2580755272 129587.9150534000
118413.2046808533 131349.6922666000
112651.6343635924 122540.8062006000
133297.2613337772 126224.5221918364
123054.4696586467 137115.5086007091
131056.6506548424 128626.9456643818
113451.8524632120 119177.4133390364
120653.8153597880 124622.9065434727
110731.1109245054 123822.0987192909
120333.7281199402 130709.0460072545
131056.6506548424 129427.7534885637
118413.2046808533 122540.8062006000
137298.3518318750 125423.7143676546
125775.2111973533 124302.5834138000
116012.5503819946 123021.2908951091
130096.3889352989 121739.9983764182
118733.2919207011 127345.6531456909
122254.2515590272 123501.7755896182
133937.4358134728 122861.1293302727
131376.7378946902 128466.7840995455
129776.3016954511 120939.1905522364
112491.5907436685 120779.0289874000
116492.6812417663 123982.2602841273
121532.9421733485 163688.1899847425
119778.2487776818 161767.3637348742
119778.2487776818 160486.8129016287
116747.4147306212 159526.3997766946
118661.6257077121 158085.7800892934
113557.0631021364 153923.9898812455
112440.4400321667 150242.4062356646
109090.5708222576 147041.0291525509
109888.1587293788 143999.7209235928
108612.0180779848 141118.4815487904
118661.6257077121 163368.0522764311
110845.2642179242 144800.0651943713
117545.0026377424 161767.3637348742
112280.9224507424 149602.1308190419
110845.2642179242 150242.4062356646
117864.0378005909 162567.7080056527
115471.2740792273 155844.8161311138
113397.5455207121 148161.5111316407
113238.0279392879 159846.5374850060
113238.0279392879 153123.6456104671
111961.8872878939 146240.6848817725
111323.8169621970 158245.8489434491
119618.7311962576 159206.2620683832
114833.2037535303 152163.2324855329
114514.1685906818 153443.7833187784
114195.1334278333 150082.3373815090
110366.7114736515 145920.5471734611
110047.6763108030 158405.9177976048
118342.5905448636 158565.9866517605
115790.3092420757 157605.5735268263
109569.1235665303 155204.5407144910
116747.4147306212 160967.0194640958

125935.2548172772 134873.2466930000
119853.5972601685 134392.7619984909
124494.8622379619 133431.7926094728
129616.2580755272 131830.1769611091
116972.8121015380 131189.5307017636
120813.8589797119 131189.5307017636
126255.3420571250 129908.2381830727
116172.5940019185 129427.7534885637
117773.0302011576 128947.2687940545
118253.1610609293 127986.2994050364
123854.6877582663 127345.6531456909
136498.1337322554 125904.1990621637
111211.2417842772 125744.0374973273
123054.4696586467 125423.7143676546
136018.0028724837 125263.5528028182
130416.4761751467 124622.9065434727
126255.3420571250 124302.5834138000
113291.8088432880 124142.4218489636
134097.4794333967 123341.6140247818
120813.8589797119 122861.1293302727
131856.8687544620 122700.9677654364
132016.9123743859 121579.8368115818
123854.6877582663 121419.6752467455
114252.0705628315 120458.7058577273
112811.6779835163 120138.3827280546
113771.9397030598 116774.9898664909
116332.6376218424 113892.0816994364
123054.4696586467 131029.3691369273
137618.4390717228 123982.2602841273
120813.8589797119 132791.1463501273
122734.3824187989 137595.9932952182
126575.4292969728 123501.7755896182
118573.2483007772 132470.8232204545
114892.2450425272 122700.9677654364
125935.2548172772 121259.5136819091
124174.7749981141 132791.1463501273
133937.4358134728 125904.1990621637
115532.4195222228 128306.6225347091
124174.7749981141 137595.9932952182
118093.1174410054 131830.1769611091
133137.2177138533 129908.2381830727
126735.4729168967 122060.3215060909
128335.9091161359 130228.5613127455
114092.0269429076 120138.3827280546
116012.5503819946 126064.3606270000
116172.5940019185 130228.5613127455
127855.7782563641 133111.4694798000
109930.8928248859 123822.0987192909
132336.9996142337 130548.8844424182
112651.6343635924 125583.8759324909
125775.2111973533 125744.0374973273
124974.9930977337 129107.4303588909
121614.0770793315 128306.6225347091
116492.6812417663 129107.4303588909
115052.2886624511 114532.7279587818
118733.2919207011 122380.6446357636
131376.7378946902 124142.4218489636
125775.2111973533 135994.3776468546
131536.7815146141 130869.2075720909
119459.2136148333 159686.4686308503
111004.7817993485 157285.4358185150
111802.3697064697 155364.6095686467
109090.5708222576 152483.3701938443
108292.9829151364 152323.3013396886
109250.0884036818 149602.1308190419
108931.0532408333 144639.9963402156
109888.1587293788 148641.7176941078
110366.7114736515 152483.3701938443
121851.9773361970 163848.2588388982
110366.7114736515 150882.6816522874
114035.6158464091 153123.6456104671
118821.1432891364 157605.5735268263
110845.2642179242 157605.5735268263
108292.9829151364 153603.8521729341
115949.8268235000 160646.8817557844
113557.0631021364 154884.4030061796
116109.3444049242 155364.6095686467
113397.5455207121 159526.3997766946
116587.8971491970 156004.8849852695
121851.9773361970 163047.9145681197
111483.3345436212 156485.0915477365
117864.0378005909 161447.2260265629
114992.7213349545 157125.3669643593
114673.6861721061 156004.8849852695
110047.6763108030 151843.0947772216
109090.5708222576 145600.4094651497
119299.6960334091 158405.9177976048
110047.6763108030 144479.9274860599
115790.3092420757 152963.5767563114
108612.0180779848 148481.6488399521
113557.0631021364 157125.3669643593

125615.1675774293 123982.2602841273
113931.9833229837 128306.6225347091
119213.4227804728 132630.9847852909
132977.1740939294 123021.2908951091
126895.5165368207 134392.7619984909
137138.3082119511 123982.2602841273
116332.6376218424 129748.0766182364
130096.3889352989 124302.5834138000
119853.5972601685 128146.4609698727
124174.7749981141 138877.2858139091
128175.8654962120 122540.8062006000
130576.5197950706 128466.7840995455
123374.5568984946 136955.3470358727
110891.1545444293 121900.1599412545
115532.4195222228 115013.2126532909
116652.7248616902 126064.3606270000
119213.4227804728 126705.0068863455
132016.9123743859 127505.8147105273
129296.1708356793 132791.1463501273
131856.8687544620 128146.4609698727
111051.1981643533 124943.2296731455
133617.3485736250 128466.7840995455
137458.3954517989 123822.0987192909
119373.4664003967 124783.0681083091
124174.7749981141 123021.2908951091
131856.8687544620 129587.9150534000
133617.3485736250 128146.4609698727
128495.9527360598 132791.1463501273
127855.7782563641 132470.8232204545
121133.9462195598 132791.1463501273
126255.3420571250 125583.8759324909
126575.4292969728 135513.8929523455
124334.8186180380 122700.9677654364
123694.6441383424 135193.5698226728
126095.2984372011 134072.4388688182
134737.6539130924 126544.8453215091
124014.7313781902 138396.8011194000
120333.7281199402 125904.1990621637
116492.6812417663 130068.3997479091
122734.3824187989 122540.8062006000
124974.9930977337 137595.9932952182
124334.8186180380 132150.5000907818
123854.6877582663 136474.8623413637
116812.7684816141 131509.8538314364
118893.3355406250 130228.5613127455
119533.5100203207 126384.6837566727
136018.0028724837 123661.9371544545
122254.2515590272 125103.3912379818
124014.7313781902 120779.0289874000
123694.6441383424 121099.3521170727
136658.1773521793 124302.5834138000
125295.0803375815 124142.4218489636
128816.0399759076 120138.3827280546
124814.9494778098 125103.3912379818
128335.9091161359 131830.1769611091
127375.6473965924 128787.1072292182
115052.2886624511 115013.2126532909
115852.5067620706 113571.7585697636
113611.8960831359 123982.2602841273
112280.9224507424 155684.7472769581
118661.6257077121 158726.0555059162
114195.1334278333 158726.0555059162
110685.7466365000 151522.9570689102
108612.0180779848 145920.5471734611
110207.1938922273 143679.5832152815
119140.1784519849 158726.0555059162
108452.5004965606 152483.3701938443
114195.1334278333 155364.6095686467
108292.9829151364 151843.0947772216
112918.9927764394 154244.1275895569
108931.0532408333 147841.3734233294
111802.3697064697 159846.5374850060
121851.9773361970 163528.1211305868
113078.5103578636 149602.1308190419
117704.5202191667 161767.3637348742
110207.1938922273 147681.3045691736
110685.7466365000 156325.0226935808
116747.4147306212 155684.7472769581
117225.9674748939 155684.7472769581
110526.2290550758 157445.5046726706
114992.7213349545 159366.3309225389
108292.9829151364 149121.9242565749
115471.2740792273 154244.1275895569
112440.4400321667 157445.5046726706
123447.1531504394 165448.9473804551
115790.3092420757 157445.5046726706
113557.0631021364 155364.6095686467
114514.1685906818 152163.2324855329
114354.6510092576 149762.1996731976
114833.2037535303 160646.8817557844
116109.3444049242 155684.7472769581

134577.6102931685 127025.3300160182
126895.5165368207 136154.5392116909
128495.9527360598 120779.0289874000
122574.3387988750 136795.1854710364
136978.2645920272 126064.3606270000
127535.6910165163 122060.3215060909
116332.6376218424 128626.9456643818
130576.5197950706 121419.6752467455
120813.8589797119 124462.7449786364
120333.7281199402 131349.6922666000
111371.2854042011 121900.1599412545
114892.2450425272 117896.1208203455
123694.6441383424 138717.1242490727
115372.3759022989 114212.4048291091
125295.0803375815 132630.9847852909
125775.2111973533 124622.9065434727
129776.3016954511 127345.6531456909
133297.2613337772 126384.6837566727
123854.6877582663 120939.1905522364
112811.6779835163 122380.6446357636
119053.3791605489 125583.8759324909
134577.6102931685 123021.2908951091
114732.2014226033 128787.1072292182
125295.0803375815 136795.1854710364
123854.6877582663 126064.3606270000
122734.3824187989 123822.0987192909
119213.4227804728 134072.4388688182
114732.2014226033 115333.5357829636
125455.1239575054 136154.5392116909
137298.3518318750 123661.9371544545
123854.6877582663 137115.5086007091
125615.1675774293 136154.5392116909
120653.8153597880 133752.1157391455
127215.6037766685 128626.9456643818
129456.2144556033 125583.8759324909
137458.3954517989 124142.4218489636
135217.7847728641 123501.7755896182
131696.8251345381 123501.7755896182
129616.2580755272 129107.4303588909
123854.6877582663 123181.4524599455
126415.3856770489 123982.2602841273
111531.3290241250 122220.4830709273
128175.8654962120 134713.0851281637
118413.2046808533 133271.6310446364
120813.8589797119 132791.1463501273
117132.8557214620 128306.6225347091
130576.5197950706 129267.5919237273
124654.9058578859 121099.3521170727
126415.3856770489 123341.6140247818
134257.5230533206 128146.4609698727
133297.2613337772 127986.2994050364
124814.9494778098 127505.8147105273
119213.4227804728 125263.5528028182
112811.6779835163 125103.3912379818
118893.3355406250 122060.3215060909
135857.9592525598 123181.4524599455
127535.6910165163 129908.2381830727
114572.1578026793 129267.5919237273
126735.4729168967 126224.5221918364
114195.1334278333 152803.5079021557
111004.7817993485 152003.1636313772
116587.8971491970 161127.0883182515
112759.4751950151 157285.4358185150
117545.0026377424 159046.1932142276
111961.8872878939 145760.4783193054
110207.1938922273 158565.9866517605
120097.2839405303 160486.8129016287
112280.9224507424 149442.0619648862
115471.2740792273 159686.4686308503
115630.7916606515 157765.6423809821
116268.8619863485 161607.2948807186
108771.5356594091 158565.9866517605
111483.3345436212 147681.3045691736
108612.0180779848 152803.5079021557
110526.2290550758 155364.6095686467
109728.6411479545 143199.3766528144
121213.9070105000 163047.9145681197
109728.6411479545 147521.2357150180
115630.7916606515 158085.7800892934
109090.5708222576 156965.2981102036
114514.1685906818 151042.7505064431
119299.6960334091 158726.0555059162
116747.4147306212 160166.6751933174
116906.9323120455 156805.2292560479
110207.1938922273 148961.8554024191
114514.1685906818 159686.4686308503
111642.8521250455 150082.3373815090
115152.2389163788 156965.2981102036
108931.0532408333 155684.7472769581
110047.6763108030 157765.6423809821
109888.1587293788 143039.3077986587

130416.4761751467 123341.6140247818
130736.5634149946 130709.0460072545
129456.2144556033 125583.8759324909
126735.4729168967 135674.0545171818
112491.5907436685 121099.3521170727
122574.3387988750 123661.9371544545
132176.9559943098 125423.7143676546
115692.4631421467 113091.2738752546
112651.6343635924 121099.3521170727
133137.2177138533 122700.9677654364
128175.8654962120 120779.0289874000
129296.1708356793 120939.1905522364
122254.2515590272 136955.3470358727
137138.3082119511 123822.0987192909
123374.5568984946 121579.8368115818
122574.3387988750 124302.5834138000
115532.4195222228 128787.1072292182
127535.6910165163 130388.7228775818
135537.8720127119 125904.1990621637
131216.6942747663 126544.8453215091
130416.4761751467 123822.0987192909
132497.0432341576 121099.3521170727
112491.5907436685 122060.3215060909
120813.8589797119 124462.7449786364
120493.7717398641 131189.5307017636
126735.4729168967 133752.1157391455
111371.2854042011 124302.5834138000
119853.5972601685 128626.9456643818
113771.9397030598 118056.2823851818
131216.6942747663 125423.7143676546
116172.5940019185 114532.7279587818
126095.2984372011 122700.9677654364
131216.6942747663 122700.9677654364
126895.5165368207 126384.6837566727
135857.9592525598 125423.7143676546
134897.6975330163 127505.8147105273
134897.6975330163 126064.3606270000
131216.6942747663 130068.3997479091
128335.9091161359 125263.5528028182
134897.6975330163 123501.7755896182
120333.7281199402 130548.8844424182
110250.9800647337 124142.4218489636
133777.3921935489 122380.6446357636
115692.4631421467 130388.7228775818
123854.6877582663 128787.1072292182
115212.3322823750 128306.6225347091
113291.8088432880 120458.7058577273
127855.7782563641 131830.1769611091
135537.8720127119 126865.1684511818
119373.4664003967 132791.1463501273
118413.2046808533 126064.3606270000
124014.7313781902 136795.1854710364
113131.7652233641 120939.1905522364
120973.9025996359 124302.5834138000
118733.2919207011 125423.7143676546
118253.1610609293 122220.4830709273
124654.9058578859 121259.5136819091
132497.0432341576 128466.7840995455
118093.1174410054 127025.3300160182
112759.4751950151 153443.7833187784
109569.1235665303 149762.1996731976
114035.6158464091 154724.3341520239
112121.4048693182 146400.7537359281
109888.1587293788 152003.1636313772
119140.1784519849 162567.7080056527
114514.1685906818 153443.7833187784
110685.7466365000 151683.0259230659
117225.9674748939 156645.1604018922
110207.1938922273 142559.1012361916
108771.5356594091 145120.2029026826
109728.6411479545 146240.6848817725
114833.2037535303 159046.1932142276
109090.5708222576 140638.2749863233
122330.5300804697 164328.4654013652
108292.9829151364 157445.5046726706
111323.8169621970 151202.8193605988
112440.4400321667 155364.6095686467
108452.5004965606 156645.1604018922
108931.0532408333 147361.1668608623
116428.3795677727 156805.2292560479
120575.8366848030 161927.4325890299
122171.0124990455 164808.6719638323
120097.2839405303 162087.5014431856
110047.6763108030 146720.8914442395
109888.1587293788 157445.5046726706
122171.0124990455 164488.5342555209
119937.7663591061 159686.4686308503
112280.9224507424 150082.3373815090
110845.2642179242 145120.2029026826
110845.2642179242 154404.1964437126
117225.9674748939 156164.9538394251

124334.8186180380 138556.9626842364
119213.4227804728 133912.2773039818
119853.5972601685 133752.1157391455
121293.9898394837 132951.3079149637
117773.0302011576 131509.8538314364
125135.0367176576 130388.7228775818
119373.4664003967 130068.3997479091
120013.6408800924 129587.9150534000
117132.8557214620 128787.1072292182
125135.0367176576 128626.9456643818
129776.3016954511 128306.6225347091
128816.0399759076 128146.4609698727
128495.9527360598 127665.9762753637
115212.3322823750 127505.8147105273
134417.5666732446 127505.8147105273
133297.2613337772 127185.4915808545
130576.5197950706 127025.3300160182
134097.4794333967 126544.8453215091
134097.4794333967 126224.5221918364
125455.1239575054 126064.3606270000
136978.2645920272 125583.8759324909
120653.8153597880 124302.5834138000
110731.1109245054 123822.0987192909
132817.1304740054 123822.0987192909
115532.4195222228 123501.7755896182
121293.9898394837 122861.1293302727
134097.4794333967 122700.9677654364
134417.5666732446 122540.8062006000
124654.9058578859 120779.0289874000
115852.5067620706 116454.6667368182
127535.6910165163 132310.6616556182
122734.3824187989 122380.6446357636
119853.5972601685 129107.4303588909
124334.8186180380 138396.8011194000
130736.5634149946 129587.9150534000
132977.1740939294 127185.4915808545
113451.8524632120 120618.8674225636
124654.9058578859 127505.8147105273
114732.2014226033 119978.2211632182
116812.7684816141 130068.3997479091
124974.9930977337 132150.5000907818
124334.8186180380 128466.7840995455
123374.5568984946 136955.3470358727
135377.8283927880 127505.8147105273
125135.0367176576 126544.8453215091
129776.3016954511 119657.8980335455
124974.9930977337 130068.3997479091
112011.4598838967 121900.1599412545
113131.7652233641 119497.7364687091
127055.5601567446 125423.7143676546
132977.1740939294 122540.8062006000
125455.1239575054 128947.2687940545
133457.3049537011 125583.8759324909
112971.7216034402 123341.6140247818
125615.1675774293 126865.1684511818
130416.4761751467 121419.6752467455
127535.6910165163 122220.4830709273
111211.2417842772 123341.6140247818
130256.4325552228 127986.2994050364
121373.4245919243 163848.2588388982
112280.9224507424 157765.6423809821
117545.0026377424 156325.0226935808
113876.0982649848 154564.2652978683
112440.4400321667 153123.6456104671
115311.7564978030 151683.0259230659
110207.1938922273 150722.6127981317
111323.8169621970 148801.7865482635
111642.8521250455 146560.8225900838
110845.2642179242 144800.0651943713
109569.1235665303 142559.1012361916
108292.9829151364 156805.2292560479
116587.8971491970 157285.4358185150
108931.0532408333 157125.3669643593
118661.6257077121 163368.0522764311
108452.5004965606 150242.4062356646
116109.3444049242 159206.2620683832
114992.7213349545 160967.0194640958
116906.9323120455 157125.3669643593
116747.4147306212 155684.7472769581
111323.8169621970 149602.1308190419
114035.6158464091 155364.6095686467
108931.0532408333 149281.9931107305
115949.8268235000 159686.4686308503
110685.7466365000 157125.3669643593
114195.1334278333 150082.3373815090
109250.0884036818 156325.0226935808
109569.1235665303 151683.0259230659
116587.8971491970 154724.3341520239
115630.7916606515 160646.8817557844
112121.4048693182 147681.3045691736
112440.4400321667 156645.1604018922

128175.8654962120 127185.4915808545
126095.2984372011 136795.1854710364
128655.9963559837 121259.5136819091
127375.6473965924 130709.0460072545
127215.6037766685 122700.9677654364
122894.4260387228 126064.3606270000
118413.2046808533 133271.6310446364
124014.7313781902 122380.6446357636
118413.2046808533 132951.3079149637
128015.8218762880 121739.9983764182
133457.3049537011 124783.0681083091
129136.1272157554 132791.1463501273
133297.2613337772 122861.1293302727
132497.0432341576 129267.5919237273
115692.4631421467 126865.1684511818
119053.3791605489 124462.7449786364
120493.7717398641 126224.5221918364
126415.3856770489 124302.5834138000
120333.7281199402 130068.3997479091
124174.7749981141 131029.3691369273
116812.7684816141 131509.8538314364
113771.9397030598 117896.1208203455
123054.4696586467 129427.7534885637
120493.7717398641 126544.8453215091
112651.6343635924 125423.7143676546
114572.1578026793 128787.1072292182
118573.2483007772 124783.0681083091
131216.6942747663 121099.3521170727
115532.4195222228 116935.1514313273
124654.9058578859 128466.7840995455
126095.2984372011 131189.5307017636
123534.6005184185 135193.5698226728
136658.1773521793 126224.5221918364
111531.3290241250 125904.1990621637
112491.5907436685 122540.8062006000
133777.3921935489 123661.9371544545
112491.5907436685 126224.5221918364
116492.6812417663 123982.2602841273
130256.4325552228 126544.8453215091
121774.1206992554 128306.6225347091
130736.5634149946 123501.7755896182
128495.9527360598 120779.0289874000
118093.1174410054 129267.5919237273
135057.7411529402 122861.1293302727
110090.9364448098 124142.4218489636
124494.8622379619 128626.9456643818
116172.5940019185 122700.9677654364
114412.1141827554 115814.0204774727
124814.9494778098 135033.4082578364
136818.2209721032 125904.1990621637
115532.4195222228 115013.2126532909
132657.0868540815 127345.6531456909
130736.5634149946 125904.1990621637
118573.2483007772 127826.1378402000
127535.6910165163 132310.6616556182
121614.0770793315 124142.4218489636
115052.2886624511 127345.6531456909
119213.4227804728 130388.7228775818
129616.2580755272 129587.9150534000
118661.6257077121 158085.7800892934
117704.5202191667 162247.5702973413
120575.8366848030 163207.9834222754
110047.6763108030 142399.0323820359
109888.1587293788 147361.1668608623
113078.5103578636 150722.6127981317
108452.5004965606 149762.1996731976
114673.6861721061 150082.3373815090
112280.9224507424 155684.7472769581
112280.9224507424 160166.6751933174
109409.6059851061 142719.1700903473
114833.2037535303 156965.2981102036
112121.4048693182 153443.7833187784
109888.1587293788 143999.7209235928
111164.2993807727 155524.6784228024
116747.4147306212 156645.1604018922
110207.1938922273 155844.8161311138
113397.5455207121 155524.6784228024
116747.4147306212 159526.3997766946
113078.5103578636 154244.1275895569
117066.4498934697 159206.2620683832
109090.5708222576 151042.7505064431
111802.3697064697 157605.5735268263
114992.7213349545 151522.9570689102
109888.1587293788 157125.3669643593
113397.5455207121 153443.7833187784
114195.1334278333 152963.5767563114
118661.6257077121 162567.7080056527
115949.8268235000 156805.2292560479
110685.7466365000 144800.0651943713
121851.9773361970 164328.4654013652
109090.5708222576 149602.1308190419

136018.0028724837 123021.2908951091
121614.0770793315 125103.3912379818
120493.7717398641 126064.3606270000
129936.3453153750 127025.3300160182
113451.8524632120 117896.1208203455
123214.5132785707 131509.8538314364
118733.2919207011 126224.5221918364
121774.1206992554 125583.8759324909
125615.1675774293 131670.0153962728
133457.3049537011 123501.7755896182
124174.7749981141 131830.1769611091
128655.9963559837 128947.2687940545
127055.5601567446 122540.8062006000
125135.0367176576 134552.9235633273
134897.6975330163 127345.6531456909
124174.7749981141 126865.1684511818
125135.0367176576 128626.9456643818
120493.7717398641 131349.6922666000
112651.6343635924 123822.0987192909
114092.0269429076 123181.4524599455
132336.9996142337 121900.1599412545
126575.4292969728 126384.6837566727
133457.3049537011 129587.9150534000
134097.4794333967 124943.2296731455
134577.6102931685 128306.6225347091
131056.6506548424 130548.8844424182
111371.2854042011 124302.5834138000
132497.0432341576 122380.6446357636
122734.3824187989 124783.0681083091
129936.3453153750 127345.6531456909
133137.2177138533 127185.4915808545
125295.0803375815 126865.1684511818
121614.0770793315 121419.6752467455
128175.8654962120 127185.4915808545
128175.8654962120 133591.9541743091
128495.9527360598 130068.3997479091
134257.5230533206 122540.8062006000
137298.3518318750 123501.7755896182
132016.9123743859 122700.9677654364
114092.0269429076 127826.1378402000
123694.6441383424 138877.2858139091
118733.2919207011 132470.8232204545
122094.2079391033 131349.6922666000
122254.2515590272 127345.6531456909
132016.9123743859 130228.5613127455
132336.9996142337 126224.5221918364
112011.4598838967 121900.1599412545
125135.0367176576 122540.8062006000
133457.3049537011 121579.8368115818
118413.2046808533 127185.4915808545
131056.6506548424 123341.6140247818
126575.4292969728 136314.7007765273
124334.8186180380 129427.7534885637
131056.6506548424 130068.3997479091
129616.2580755272 130388.7228775818
125135.0367176576 128146.4609698727
134097.4794333967 125744.0374973273
135217.7847728641 126544.8453215091
115532.4195222228 113892.0816994364
115152.2389163788 151683.0259230659
111323.8169621970 144639.9963402156
118023.5553820152 162247.5702973413
118661.6257077121 160326.7440474731
114354.6510092576 154724.3341520239
109569.1235665303 142719.1700903473
112121.4048693182 149281.9931107305
116428.3795677727 154564.2652978683
116428.3795677727 157445.5046726706
114833.2037535303 154404.1964437126
110526.2290550758 147521.2357150180
121692.4597547727 162407.6391514970
116428.3795677727 161767.3637348742
119299.6960334091 163207.9834222754
111323.8169621970 150082.3373815090
108612.0180779848 152643.4390480000
108771.5356594091 148641.7176941078
108931.0532408333 140798.3438404791
116268.8619863485 159046.1932142276
110685.7466365000 150722.6127981317
110685.7466365000 157125.3669643593
109250.0884036818 142238.9635278803
111802.3697064697 150402.4750898204
111961.8872878939 145920.5471734611
111004.7817993485 156645.1604018922
116428.3795677727 157125.3669643593
111483.3345436212 150722.6127981317
119140.1784519849 159366.3309225389
114354.6510092576 156965.2981102036
110207.1938922273 148161.5111316407
113078.5103578636 155684.7472769581
108771.5356594091 140798.3438404791

