149375054.3658313155 1433882.3046875000
148127526.9599495828 1388292.3603515625
154517531.6633631587 1474597.9257812500
148489818.2570418715 1406627.7656250000
148474407.6773756742 1406579.5712890625
153881783.5635718405 1466440.8798828125
150326986.8545239270 1451346.1250000000
147998224.5282204747 1265447.7021484375
149348906.7797707617 1415529.4199218750
150193180.4743850827 1434819.4169921875
148050558.7855361104 1348264.6044921875
151457101.2377807498 1454043.7587890625
153433985.3215867877 1463562.7822265625
148871182.4673894346 1408916.2119140625
151998791.5964564681 1458612.8710937500
