425324619.4683953524 276088.3105163574
412275185.7959986329 267013.4447631836
448304270.5114539862 290293.0943756104
431374047.7715973854 284203.2865753174
425034284.7081710696 275311.9317626953
434671898.8430609703 285794.2829513550
428974411.3534318805 281049.5605850220
434641914.2650007606 284597.5089950562
405002230.2507794499 224276.2614440918
414871443.1914170384 272322.7416992188
436107498.8302409649 287061.2346496582
407630765.8660642505 260477.3767776489
411671598.8284648657 265092.1794738770
417804138.0587976575 274227.4603805542
400964091.4686441422 220860.6643743515
436817796.3173754215 288913.7826690674
428230173.9461772442 277720.1755981445
404413666.6260909438 221820.3542175293
406480755.9273244143 245144.2082901001
