140548079.2097155154 89573.1701660156
139066447.2716472447 89523.3815307617
133231661.9371630549 83796.2656860352
134409728.3700020611 85621.6961975098
138091789.3725879192 88647.2537231445
132243559.6843666434 81414.0768432617
138345938.8304393291 88896.9464721680
134933224.9372805357 87292.6485595703
137809882.0901077390 88414.9173583984
134393896.4203547537 85550.7959136963
133080558.1141012609 83340.4918670654
133339684.7637143731 84399.9511947632
134152252.3371324837 84987.2879638672
134020633.3856723011 84761.3225479126
134599187.6281140447 86082.7053375244
135305450.4944919348 88282.8512573242
132913667.0797025263 82818.6454162598
133426333.7978363037 84457.2516632080
134615081.7039445341 87286.0975646973
