307015369.8263076544 1657863.5952148438
319344146.4241847396 1723580.0092773438
320471052.4095922112 1727535.8459472656
306362661.0495619178 1605463.7534179688
306371705.8244519234 1627823.8789062500
306324389.8641202450 1604579.3979492188
305828112.0682600141 1600705.5773925781
305051978.9531270862 1561935.6862792969
305600863.8738793135 1600019.6174316406
308617819.6774054170 1684893.0148925781
311977375.6623499393 1706225.8784179688
320827103.3657276034 1727554.1591796875
307573118.1605714560 1668463.7097167969
309868630.4194188118 1700388.0219726562
313090104.7964925170 1707958.8569335938
306523573.1531512141 1629691.9445800781
306250079.3444165587 1601657.5139160156
313876186.0981119275 1716604.4709472656
308585571.5649477243 1673891.3479003906
306675742.7498679757 1655421.9934082031
