154671323.3858591318 2611848.8339843750
153157327.7243381143 2542067.7001953125
165487452.3834913075 2653662.3603515625
155556488.5527614057 2627085.8906250000
154660896.5641126633 2611755.0205078125
155565053.2460117936 2636586.5751953125
152389866.9542902708 2531866.6835937500
159592495.0296775401 2648304.8554687500
153358176.7400262952 2550995.6064453125
161678942.1308794916 2651633.0849609375
153891026.1336761415 2605558.9443359375
154696147.3119912148 2616451.2802734375
162351772.3286684453 2652254.8691406250
158025214.3639573753 2639544.8798828125
153600333.5364827812 2597206.0029296875
158575503.6982471645 2641953.6669921875
154959743.2712744772 2621130.4150390625
157643985.9871591032 2638925.2617187500
158027949.3465974927 2641327.3886718750
154428488.2398757935 2608549.3603515625
