763722575.7385134697 200820.1909408569
764992600.4758148193 201594.8225250244
760778774.6032888889 192099.9539108276
760805743.8247753382 196480.4086227417
763031462.0346202850 197621.7707824707
780235981.6889352798 209740.4004440308
782877016.2665269375 210439.7353897095
786950002.7046772242 211275.2456588745
765227216.4162596464 202567.3918955326
780234609.2681168318 208601.8390235901
763472633.8180618286 200006.7176437378
760367650.2751193047 152084.7210636139
769625598.5068901777 205654.5023574829
766969493.1454553604 205479.1400070190
770007439.7741439342 205770.1050338745
771088895.4154132605 208476.3489837646
