104388.3484731238 108833.6867473404
110159.0978626095 107877.9845075106
108716.4105152381 107559.4170942340
108395.8133269333 118868.5602655532
101983.8695608381 108515.1193340638
105670.7372263429 110585.8075203617
108075.2161386286 118231.4254390000
108556.1119210857 108515.1193340638
105189.8414438857 108515.1193340638
111922.3823982857 112975.0631199362
102785.3625316000 108833.6867473404
113845.9655281143 108833.6867473404
104548.6470672762 108992.9704539787
110479.6950509143 113293.6305332128
109037.0077035429 108674.4030407021
107594.3203561714 117435.0069058085
105831.0358204952 110107.9564004468
124925.4490251945 113614.1887116157
121228.5985662870 114737.0742601198
125407.6469111389 116822.4331359132
128140.1015981574 126607.5786300207
133444.2783435463 119228.6164541364
132319.1499430093 118105.7309056322
127336.4384549167 125805.5175239463
127014.9731976204 118105.7309056322
122675.1922241204 120993.1508875000
123478.8553673611 114095.4253752603
127014.9731976204 125645.1053027314
126693.5079403241 130136.6474967479
122835.9248527685 115699.5475874091
129747.4278846389 120672.3264450703
124121.7858819537 123720.1586481529
126532.7753116759 125163.8686390868
128622.2994841019 116501.6086934835
128943.7647413982 121795.2119935744
129104.4973700463 115539.1353661942
130390.3583992315 115539.1353661942
130068.8931419352 116662.0209146984
133926.4762294908 116982.8453571281
122192.9943381759 112812.1276055413
131515.4867997685 118907.7920117066
128300.8342268056 118586.9675692769
124925.4490251945 118266.1431268471
120424.9354230463 114897.4864813347
130551.0910278796 117464.0820207727
124925.4490251945 116822.4331359132
128140.1015981574 124361.8075330124
130551.0910278796 120030.6775602107
125407.6469111389 119870.2653389959
125729.1121684352 117784.9064632025
126372.0426830278 128853.3497270289
123961.0532533056 123078.5097632934
126050.5774257315 117945.3186844174
130390.3583992315 123559.7464269380
127175.7058262685 116501.6086934835
130390.3583992315 124040.9830905826
123961.0532533056 123559.7464269380
130068.8931419352 116501.6086934835
121067.8659376389 113132.9520479711
123639.5879960093 117464.0820207727
123800.3206246574 117624.4942419876
127014.9731976204 114255.8375964752
119299.8070225093 112812.1276055413
126532.7753116759 129494.9986118884
127657.9037122130 116982.8453571281
128622.2994841019 118426.5553480620
126693.5079403241 121474.3875511446
130711.8236565278 121955.6242147892
121550.0638235833 112491.3031631116
122192.9943381759 114416.2498176901
129425.9626273426 117784.9064632025
127818.6363408611 117303.6697995579
126372.0426830278 122918.0975420785
128783.0321127500 122918.0975420785

108556.1119210857 119824.2625053830
108556.1119210857 119346.4113854681
107273.7231678667 116797.8720792553
106632.5287912572 116479.3046659787
112403.2781807429 114886.4675995958
113685.6669339619 114886.4675995958
112884.1739632000 113452.9142398511
104067.7512848190 112497.2120000213
112403.2781807429 112178.6445867447
110960.5908333714 111700.7934668298
108235.5147327810 111063.6586402766
104708.9456614286 110904.3749336383
107594.3203561714 110745.0912270000
105991.3344146476 110585.8075203617
103105.9597199048 110107.9564004468
103586.8555023619 110107.9564004468
107434.0217620191 109948.6726938085
127818.6363408611 129013.7619482438
126211.3100543796 128532.5252845992
126211.3100543796 128051.2886209545
126211.3100543796 127570.0519573099
126372.0426830278 126607.5786300207
126050.5774257315 126447.1664088058
125729.1121684352 125163.8686390868
123961.0532533056 123559.7464269380
125246.9142824907 123238.9219845083
129104.4973700463 123078.5097632934
125889.8447970834 122597.2730996488
130229.6257705833 122436.8608784339
131836.9520570648 122276.4486572190
123478.8553673611 121474.3875511446
125568.3795397870 121313.9753299297
125407.6469111389 120672.3264450703
125246.9142824907 120511.9142238554
123157.3901100648 119870.2653389959
128622.2994841019 119870.2653389959
130229.6257705833 118907.7920117066
131515.4867997685 118426.5553480620
126372.0426830278 118266.1431268471
133605.0109721944 117784.9064632025
129104.4973700463 117624.4942419876
133444.2783435463 117624.4942419876
134730.1393727315 117624.4942419876
124764.7163965463 117143.2575783430
132801.3478289537 117143.2575783430
120585.6680516945 116982.8453571281
133444.2783435463 116982.8453571281
122514.4595954722 116822.4331359132
134890.8720013796 116822.4331359132
134408.6741154352 116662.0209146984
121228.5985662870 115218.3109237645
127657.9037122130 115057.8987025496
125407.6469111389 114576.6620389050
126854.2405689722 114416.2498176901
119621.2722798056 114255.8375964752
125568.3795397870 113774.6009328306
118496.1438792685 111689.2420570372
128943.7647413982 120511.9142238554
126854.2405689722 128372.1130633843
123639.5879960093 121634.7997723595
124121.7858819537 121153.5631087149
125729.1121684352 126447.1664088058
126854.2405689722 122918.0975420785
130551.0910278796 116180.7842510537
123318.1227387130 118747.3797904917
125407.6469111389 124522.2197542273
130068.8931419352 120832.7386662851
132962.0804576019 117303.6697995579
129908.1605132871 115378.7231449793
123478.8553673611 122918.0975420785
126854.2405689722 125003.4564178719
128943.7647413982 120030.6775602107
128461.5668554537 127249.2275148802
118978.3417652130 112330.8909418967

107113.4245737143 117116.4394925319
108075.2161386286 112337.9282933830
106953.1259795619 111382.2260535532
109517.9034860000 110904.3749336383
108876.7091093905 109630.1052805319
104067.7512848190 108037.2682141489
114807.7570930286 107240.8496809574
105991.3344146476 111222.9423469149
116571.0416287048 107400.1333875957
109998.7992684572 109311.5378672553
112403.2781807429 113452.9142398511
105029.5428497333 108674.4030407021
107594.3203561714 107559.4170942340
108235.5147327810 119664.9787987447
103586.8555023619 109948.6726938085
112242.9795865905 112656.4957066596
112082.6809924381 112337.9282933830
127014.9731976204 128532.5252845992
125407.6469111389 121955.6242147892
124121.7858819537 121153.5631087149
128622.2994841019 118907.7920117066
133605.0109721944 117784.9064632025
134408.6741154352 117143.2575783430
119942.7375371019 113774.6009328306
118978.3417652130 112330.8909418967
118174.6786219722 111528.8298358223
120264.2027943982 114416.2498176901
131194.0215424722 123559.7464269380
125407.6469111389 120672.3264450703
122675.1922241204 120672.3264450703
129586.6952559907 115378.7231449793
128622.2994841019 117143.2575783430
128140.1015981574 123559.7464269380
133283.5457148982 117143.2575783430
131836.9520570648 120191.0897814256
130711.8236565278 123238.9219845083
124925.4490251945 119228.6164541364
122032.2617095278 118907.7920117066
123157.3901100648 115218.3109237645
125086.1816538426 124040.9830905826
125086.1816538426 126767.9908512355
118335.4112506204 111689.2420570372
130229.6257705833 117464.0820207727
122675.1922241204 118907.7920117066
119621.2722798056 114095.4253752603
125568.3795397870 126607.5786300207
125568.3795397870 117464.0820207727
128461.5668554537 119870.2653389959
124764.7163965463 115378.7231449793
121067.8659376389 114416.2498176901
126050.5774257315 126447.1664088058
121389.3311949352 115699.5475874091
128300.8342268056 127249.2275148802
124443.2511392500 118266.1431268471
129265.2299986944 124361.8075330124
121389.3311949352 118586.9675692769
126050.5774257315 114095.4253752603
126211.3100543796 128532.5252845992
130229.6257705833 121795.2119935744
120907.1333089907 115378.7231449793
127818.6363408611 127570.0519573099
127014.9731976204 116822.4331359132
128783.0321127500 121634.7997723595
127175.7058262685 121795.2119935744
126050.5774257315 120191.0897814256
128300.8342268056 124040.9830905826
125729.1121684352 121795.2119935744
125729.1121684352 124522.2197542273
130551.0910278796 119870.2653389959
126854.2405689722 116020.3720298388
127657.9037122130 125645.1053027314
126050.5774257315 116180.7842510537
132962.0804576019 117303.6697995579
127657.9037122130 115057.8987025496

109838.5006743048 120939.2484518511
107273.7231678667 116797.8720792553
106632.5287912572 116479.3046659787
114647.4584988762 116479.3046659787
112403.2781807429 114886.4675995958
105670.7372263429 114727.1838929575
109517.9034860000 113612.1979464894
109197.3062976952 112975.0631199362
110800.2922392191 112656.4957066596
104067.7512848190 112497.2120000213
108235.5147327810 112019.3608801064
106151.6330088000 111700.7934668298
110960.5908333714 111700.7934668298
103586.8555023619 111222.9423469149
108235.5147327810 111063.6586402766
104708.9456614286 110904.3749336383
107594.3203561714 110745.0912270000
127818.6363408611 129013.7619482438
126693.5079403241 128853.3497270289
126532.7753116759 125805.5175239463
128140.1015981574 125324.2808603016
125729.1121684352 125163.8686390868
127175.7058262685 123720.1586481529
127014.9731976204 123559.7464269380
125246.9142824907 123238.9219845083
126211.3100543796 122597.2730996488
130229.6257705833 122436.8608784339
124443.2511392500 121795.2119935744
124121.7858819537 121153.5631087149
125407.6469111389 120672.3264450703
125246.9142824907 120511.9142238554
131836.9520570648 120191.0897814256
124443.2511392500 120030.6775602107
128622.2994841019 119870.2653389959
123318.1227387130 118747.3797904917
121228.5985662870 118266.1431268471
131997.6846857130 118105.7309056322
133444.2783435463 117624.4942419876
134730.1393727315 117624.4942419876
124764.7163965463 117143.2575783430
134408.6741154352 117143.2575783430
120585.6680516945 116982.8453571281
133444.2783435463 116982.8453571281
127014.9731976204 116822.4331359132
132479.8825716574 116662.0209146984
131194.0215424722 116180.7842510537
125729.1121684352 115859.9598086240
129104.4973700463 115699.5475874091
130229.6257705833 115539.1353661942
129908.1605132871 115378.7231449793
121228.5985662870 115218.3109237645
128461.5668554537 115218.3109237645
127657.9037122130 114737.0742601198
125407.6469111389 114576.6620389050
124925.4490251945 114416.2498176901
126854.2405689722 114416.2498176901
119942.7375371019 114255.8375964752
123800.3206246574 114095.4253752603
118656.8765079167 112170.4787206818
119460.5396511574 112170.4787206818
118496.1438792685 111689.2420570372
118174.6786219722 111528.8298358223
123157.3901100648 119870.2653389959
121228.5985662870 112972.5398267562
118978.3417652130 112330.8909418967
119621.2722798056 113935.0131540455
129586.6952559907 124040.9830905826
126854.2405689722 128051.2886209545
134890.8720013796 116822.4331359132
122192.9943381759 119870.2653389959
123157.3901100648 121795.2119935744
125568.3795397870 121313.9753299297
123478.8553673611 119709.8531177810
127497.1710835648 127890.8763997397

102144.1681549905 108196.5519207872
108556.1119210857 111860.0771734681
107434.0217620191 111222.9423469149
111601.7852099810 110745.0912270000
115128.3542813333 108355.8356274255
109838.5006743048 112019.3608801064
102464.7653432952 108833.6867473404
113044.4725573524 113771.4816531277
115128.3542813333 107877.9845075106
109517.9034860000 111063.6586402766
106472.2301971048 116160.7372527021
113685.6669339619 115205.0350128724
109197.3062976952 109789.3889871702
109838.5006743048 110904.3749336383
105670.7372263429 114567.9001863191
106632.5287912572 116320.0209593404
105029.5428497333 109789.3889871702
127014.9731976204 122276.4486572190
123318.1227387130 122436.8608784339
126854.2405689722 120993.1508875000
126211.3100543796 128211.7008421694
122192.9943381759 115539.1353661942
122353.7269668241 120672.3264450703
119621.2722798056 112972.5398267562
123639.5879960093 115218.3109237645
129265.2299986944 119870.2653389959
133444.2783435463 117464.0820207727
122835.9248527685 116501.6086934835
128943.7647413982 118426.5553480620
124443.2511392500 116662.0209146984
128140.1015981574 118426.5553480620
125889.8447970834 118266.1431268471
135212.3372586760 116982.8453571281
127336.4384549167 125645.1053027314
123157.3901100648 113614.1887116157
125889.8447970834 128051.2886209545
127497.1710835648 128372.1130633843
121067.8659376389 113935.0131540455
128943.7647413982 120993.1508875000
129425.9626273426 119709.8531177810
131194.0215424722 116982.8453571281
127014.9731976204 125484.6930815165
123800.3206246574 116180.7842510537
126854.2405689722 119389.0286753512
130711.8236565278 116501.6086934835
123478.8553673611 118747.3797904917
123318.1227387130 118105.7309056322
123478.8553673611 113935.0131540455
119299.8070225093 114255.8375964752
124764.7163965463 122276.4486572190
125246.9142824907 124361.8075330124
130711.8236565278 123399.3342057231
125407.6469111389 120511.9142238554
132801.3478289537 119870.2653389959
129425.9626273426 116662.0209146984
122032.2617095278 113453.7764904008
123318.1227387130 121474.3875511446
122675.1922241204 116341.1964722686
125889.8447970834 124361.8075330124
130390.3583992315 120993.1508875000
126854.2405689722 123238.9219845083
128140.1015981574 118907.7920117066
123478.8553673611 115057.8987025496
127175.7058262685 127890.8763997397
124764.7163965463 125645.1053027314
129265.2299986944 115218.3109237645
124764.7163965463 122757.6853208636
124764.7163965463 117303.6697995579
126854.2405689722 117303.6697995579
134408.6741154352 117143.2575783430
129747.4278846389 116822.4331359132
125086.1816538426 117784.9064632025
125889.8447970834 122918.0975420785
132479.8825716574 120030.6775602107

103426.5569082095 108833.6867473404
102625.0639374476 109470.8215738936
103105.9597199048 110107.9564004468
111281.1880216762 111222.9423469149
106472.2301971048 110904.3749336383
112403.2781807429 107718.7008008723
111281.1880216762 108833.6867473404
105189.8414438857 114090.0490664043
105510.4386321905 108674.4030407021
104869.2442555810 112815.7794132979
110639.9936450667 107559.4170942340
104708.9456614286 110904.3749336383
103907.4526906667 109948.6726938085
106311.9316029524 109789.3889871702
114326.8613105714 108355.8356274255
113525.3683398095 109311.5378672553
110479.6950509143 111382.2260535532
125889.8447970834 125003.4564178719
123961.0532533056 123399.3342057231
131033.2889138241 116501.6086934835
122514.4595954722 118266.1431268471
126050.5774257315 117464.0820207727
128140.1015981574 117464.0820207727
125086.1816538426 117303.6697995579
129908.1605132871 122436.8608784339
132962.0804576019 117784.9064632025
120264.2027943982 114255.8375964752
128943.7647413982 116501.6086934835
126372.0426830278 126607.5786300207
123318.1227387130 116982.8453571281
125568.3795397870 126126.3419663760
125246.9142824907 116180.7842510537
130068.8931419352 118907.7920117066
127336.4384549167 128853.3497270289
126532.7753116759 125163.8686390868
131676.2194284167 122276.4486572190
127818.6363408611 126928.4030724504
127657.9037122130 120191.0897814256
127497.1710835648 126928.4030724504
128461.5668554537 127890.8763997397
131676.2194284167 122757.6853208636
127014.9731976204 126286.7541875909
125407.6469111389 122116.0364360041
124925.4490251945 126126.3419663760
123478.8553673611 118266.1431268471
122675.1922241204 119709.8531177810
125568.3795397870 119709.8531177810
122192.9943381759 116822.4331359132
129425.9626273426 120351.5020026405
121871.5290808796 114095.4253752603
131515.4867997685 116662.0209146984
133122.8130862500 118907.7920117066
130872.5562851759 117143.2575783430
121871.5290808796 118747.3797904917
122192.9943381759 115699.5475874091
125407.6469111389 118426.5553480620
124443.2511392500 124682.6319754422
121067.8659376389 117143.2575783430
126211.3100543796 126286.7541875909
129586.6952559907 119549.4408965661
121389.3311949352 117784.9064632025
124764.7163965463 115057.8987025496
127175.7058262685 121634.7997723595
128783.0321127500 118747.3797904917
131676.2194284167 119389.0286753512
128300.8342268056 120672.3264450703
129425.9626273426 121955.6242147892
132801.3478289537 118747.3797904917
129265.2299986944 121153.5631087149
133122.8130862500 117784.9064632025
128622.2994841019 120672.3264450703
129586.6952559907 116341.1964722686
127014.9731976204 127730.4641785248
131836.9520570648 118426.5553480620

106792.8273854095 116479.3046659787
111441.4866158286 111222.9423469149
102785.3625316000 107718.7008008723
111922.3823982857 113771.4816531277
113845.9655281143 109152.2541606170
109517.9034860000 113452.9142398511
106953.1259795619 116638.5883726170
106632.5287912572 110267.2401070851
113685.6669339619 115045.7513062340
107754.6189503238 109311.5378672553
114166.5627164191 109152.2541606170
110479.6950509143 108355.8356274255
106792.8273854095 107559.4170942340
105189.8414438857 114567.9001863191
106472.2301971048 108833.6867473404
104548.6470672762 110426.5238137234
111441.4866158286 107718.7008008723
130068.8931419352 118586.9675692769
124764.7163965463 115699.5475874091
131354.7541711204 121795.2119935744
122996.6574814167 121313.9753299297
126532.7753116759 127088.8152936653
128783.0321127500 117143.2575783430
126693.5079403241 129334.5863906735
120424.9354230463 116020.3720298388
128622.2994841019 119389.0286753512
119139.0743938611 113614.1887116157
125246.9142824907 117303.6697995579
122675.1922241204 120511.9142238554
124925.4490251945 115539.1353661942
124764.7163965463 113774.6009328306
121389.3311949352 116180.7842510537
125889.8447970834 116822.4331359132
129425.9626273426 120030.6775602107
120103.4701657500 115699.5475874091
129425.9626273426 115539.1353661942
126372.0426830278 117784.9064632025
125568.3795397870 122276.4486572190
125086.1816538426 120993.1508875000
121228.5985662870 112812.1276055413
123478.8553673611 113453.7764904008
131676.2194284167 119709.8531177810
134247.9414867871 116822.4331359132
128140.1015981574 121153.5631087149
124603.9837678981 117143.2575783430
121710.7964522315 113132.9520479711
125729.1121684352 126767.9908512355
128783.0321127500 120351.5020026405
129908.1605132871 115539.1353661942
122835.9248527685 112972.5398267562
129425.9626273426 121955.6242147892
127657.9037122130 119549.4408965661
124282.5185106018 113935.0131540455
128461.5668554537 116501.6086934835
124282.5185106018 119549.4408965661
131033.2889138241 121955.6242147892
124764.7163965463 118586.9675692769
126211.3100543796 123559.7464269380
126854.2405689722 125645.1053027314
128622.2994841019 115057.8987025496
128622.2994841019 116662.0209146984
119782.0049084537 114255.8375964752
122835.9248527685 120672.3264450703
133122.8130862500 120191.0897814256
125246.9142824907 116822.4331359132
128461.5668554537 119068.2042329215
122192.9943381759 118266.1431268471
125407.6469111389 114095.4253752603
119460.5396511574 111849.6542782521
118656.8765079167 112330.8909418967
127497.1710835648 126286.7541875909
124121.7858819537 122436.8608784339
132319.1499430093 120672.3264450703
122032.2617095278 119549.4408965661

109197.3062976952 110426.5238137234
116090.1458462476 107400.1333875957
108075.2161386286 118709.2765589149
114487.1599047238 108037.2682141489
108876.7091093905 108674.4030407021
105350.1400380381 108196.5519207872
113044.4725573524 109311.5378672553
102304.4667491429 108037.2682141489
109197.3062976952 120302.1136252979
105350.1400380381 108674.4030407021
107273.7231678667 107877.9845075106
111120.8894275238 111063.6586402766
111120.8894275238 112815.7794132979
107594.3203561714 111541.5097601915
104869.2442555810 110904.3749336383
112403.2781807429 113771.4816531277
111281.1880216762 108037.2682141489
121067.8659376389 113293.3642691860
123318.1227387130 119228.6164541364
129425.9626273426 122597.2730996488
129104.4973700463 125324.2808603016
127014.9731976204 115859.9598086240
129747.4278846389 117624.4942419876
124121.7858819537 120993.1508875000
125407.6469111389 116341.1964722686
121228.5985662870 113935.0131540455
132962.0804576019 118426.5553480620
126372.0426830278 125805.5175239463
120746.4006803426 115057.8987025496
120585.6680516945 114576.6620389050
130229.6257705833 123559.7464269380
127657.9037122130 119709.8531177810
124764.7163965463 118907.7920117066
130390.3583992315 117624.4942419876
122192.9943381759 114737.0742601198
127818.6363408611 125163.8686390868
124764.7163965463 118266.1431268471
125246.9142824907 125484.6930815165
123318.1227387130 121474.3875511446
128300.8342268056 125163.8686390868
129104.4973700463 116822.4331359132
128140.1015981574 127890.8763997397
127497.1710835648 121474.3875511446
122353.7269668241 119068.2042329215
127014.9731976204 125484.6930815165
130872.5562851759 118426.5553480620
121710.7964522315 115057.8987025496
123639.5879960093 123238.9219845083
126050.5774257315 128211.7008421694
126050.5774257315 125645.1053027314
123800.3206246574 114737.0742601198
128140.1015981574 117303.6697995579
132319.1499430093 116822.4331359132
133765.7436008426 119389.0286753512
124443.2511392500 115057.8987025496
126050.5774257315 127730.4641785248
132319.1499430093 121474.3875511446
129908.1605132871 124522.2197542273
122032.2617095278 117143.2575783430
131676.2194284167 119870.2653389959
131354.7541711204 119709.8531177810
127497.1710835648 118266.1431268471
123478.8553673611 118747.3797904917
129908.1605132871 120993.1508875000
122996.6574814167 114095.4253752603
130551.0910278796 115378.7231449793
122996.6574814167 120672.3264450703
127979.3689695093 120191.0897814256
130229.6257705833 122436.8608784339
122032.2617095278 112972.5398267562
123961.0532533056 123078.5097632934
125246.9142824907 124201.3953117975
119782.0049084537 113935.0131540455
124603.9837678981 116341.1964722686

110960.5908333714 112497.2120000213
114006.2641222667 107559.4170942340
102144.1681549905 108833.6867473404
104388.3484731238 110107.9564004468
107914.9175444762 109948.6726938085
111120.8894275238 113134.3468265745
110960.5908333714 111541.5097601915
107754.6189503238 108992.9704539787
102625.0639374476 109470.8215738936
108235.5147327810 107559.4170942340
108876.7091093905 111382.2260535532
101663.2723725333 108196.5519207872
111762.0838041333 114727.1838929575
109197.3062976952 110426.5238137234
108716.4105152381 119664.9787987447
106311.9316029524 115523.6024261490
111441.4866158286 111063.6586402766
120585.6680516945 113453.7764904008
123800.3206246574 115057.8987025496
125729.1121684352 122276.4486572190
120907.1333089907 113453.7764904008
127497.1710835648 122757.6853208636
123157.3901100648 116020.3720298388
128943.7647413982 116982.8453571281
129586.6952559907 115699.5475874091
134087.2088581389 118586.9675692769
120103.4701657500 112972.5398267562
133926.4762294908 116501.6086934835
127497.1710835648 117784.9064632025
125568.3795397870 117624.4942419876
125568.3795397870 125805.5175239463
126854.2405689722 114416.2498176901
121710.7964522315 115057.8987025496
127336.4384549167 116662.0209146984
126211.3100543796 117945.3186844174
129908.1605132871 125484.6930815165
124925.4490251945 125163.8686390868
123639.5879960093 118747.3797904917
126050.5774257315 126767.9908512355
120585.6680516945 116982.8453571281
121067.8659376389 113774.6009328306
121228.5985662870 114416.2498176901
130229.6257705833 123720.1586481529
127657.9037122130 119709.8531177810
126211.3100543796 119549.4408965661
132801.3478289537 120351.5020026405
124443.2511392500 123720.1586481529
127175.7058262685 129174.1741694587
122514.4595954722 114576.6620389050
132640.6152003056 118266.1431268471
124443.2511392500 122597.2730996488
124925.4490251945 124682.6319754422
128783.0321127500 119228.6164541364
124764.7163965463 114897.4864813347
126372.0426830278 127570.0519573099
128461.5668554537 125484.6930815165
126854.2405689722 130457.4719391777
124603.9837678981 116822.4331359132
131836.9520570648 119228.6164541364
126050.5774257315 123880.5708693678
122192.9943381759 118747.3797904917
127336.4384549167 115378.7231449793
126854.2405689722 120030.6775602107
123961.0532533056 121795.2119935744
124764.7163965463 117464.0820207727
129425.9626273426 119228.6164541364
129265.2299986944 122918.0975420785
128461.5668554537 116662.0209146984
134730.1393727315 116822.4331359132
127336.4384549167 125645.1053027314
125246.9142824907 126767.9908512355
131836.9520570648 116180.7842510537
131836.9520570648 118586.9675692769
122996.6574814167 115218.3109237645

108716.4105152381 109789.3889871702
102144.1681549905 108992.9704539787
105831.0358204952 110745.0912270000
106151.6330088000 109948.6726938085
105991.3344146476 110107.9564004468
113525.3683398095 108992.9704539787
113044.4725573524 114090.0490664043
107434.0217620191 108992.9704539787
102945.6611257524 109789.3889871702
113044.4725573524 113134.3468265745
107914.9175444762 108992.9704539787
102785.3625316000 109311.5378672553
115128.3542813333 107877.9845075106
109838.5006743048 112178.6445867447
107914.9175444762 118868.5602655532
109517.9034860000 112975.0631199362
108716.4105152381 108355.8356274255
130551.0910278796 121955.6242147892
122835.9248527685 115218.3109237645
123318.1227387130 117464.0820207727
128783.0321127500 119228.6164541364
130068.8931419352 119709.8531177810
128461.5668554537 118586.9675692769
129747.4278846389 121955.6242147892
127657.9037122130 117303.6697995579
125246.9142824907 117624.4942419876
123157.3901100648 121474.3875511446
132158.4173143611 119228.6164541364
120585.6680516945 114416.2498176901
119942.7375371019 115539.1353661942
122996.6574814167 118586.9675692769
124764.7163965463 121313.9753299297
121550.0638235833 118586.9675692769
122514.4595954722 112972.5398267562
130551.0910278796 119870.2653389959
132319.1499430093 120832.7386662851
125246.9142824907 118426.5553480620
122996.6574814167 115859.9598086240
120424.9354230463 113614.1887116157
128622.2994841019 120832.7386662851
131354.7541711204 120832.7386662851
131194.0215424722 118105.7309056322
130229.6257705833 117624.4942419876
127497.1710835648 127249.2275148802
131354.7541711204 120351.5020026405
124603.9837678981 122116.0364360041
128140.1015981574 120672.3264450703
125729.1121684352 115218.3109237645
123639.5879960093 118586.9675692769
121550.0638235833 113293.3642691860
128943.7647413982 124201.3953117975
124764.7163965463 116982.8453571281
121389.3311949352 117143.2575783430
122032.2617095278 112812.1276055413
129908.1605132871 121795.2119935744
129908.1605132871 120351.5020026405
130872.5562851759 119389.0286753512
127336.4384549167 125163.8686390868
128943.7647413982 118586.9675692769
129265.2299986944 122757.6853208636
129747.4278846389 115378.7231449793
128300.8342268056 115057.8987025496
123478.8553673611 114095.4253752603
120103.4701657500 115539.1353661942
129425.9626273426 118426.5553480620
126854.2405689722 117303.6697995579
127175.7058262685 117945.3186844174
119942.7375371019 114897.4864813347
127336.4384549167 128051.2886209545
124764.7163965463 116501.6086934835
126693.5079403241 129655.4108331033
129104.4973700463 125484.6930815165
127336.4384549167 118266.1431268471
122835.9248527685 113935.0131540455

109838.5006743048 120939.2484518511
114006.2641222667 115045.7513062340
112563.5767748952 114567.9001863191
112403.2781807429 113930.7653597660
111281.1880216762 113771.4816531277
104067.7512848190 112497.2120000213
109998.7992684572 112497.2120000213
112563.5767748952 112497.2120000213
108235.5147327810 111063.6586402766
104388.3484731238 110745.0912270000
112563.5767748952 109948.6726938085
102464.7653432952 109789.3889871702
106151.6330088000 109470.8215738936
101502.9737783810 108196.5519207872
105029.5428497333 107877.9845075106
107434.0217620191 107877.9845075106
110800.2922392191 107718.7008008723
127657.9037122130 129174.1741694587
126211.3100543796 128051.2886209545
126211.3100543796 127570.0519573099
127014.9731976204 127249.2275148802
129586.6952559907 124040.9830905826
125729.1121684352 123559.7464269380
127818.6363408611 123399.3342057231
130872.5562851759 122757.6853208636
128943.7647413982 122436.8608784339
128140.1015981574 122116.0364360041
125568.3795397870 121313.9753299297
124121.7858819537 121153.5631087149
128622.2994841019 121153.5631087149
125407.6469111389 120832.7386662851
126211.3100543796 120832.7386662851
124925.4490251945 120511.9142238554
123318.1227387130 120191.0897814256
131836.9520570648 120191.0897814256
127818.6363408611 118907.7920117066
127657.9037122130 118747.3797904917
131194.0215424722 118105.7309056322
131997.6846857130 118105.7309056322
125729.1121684352 117624.4942419876
134730.1393727315 117624.4942419876
133765.7436008426 117464.0820207727
132962.0804576019 117303.6697995579
124603.9837678981 117143.2575783430
134408.6741154352 117143.2575783430
133444.2783435463 116982.8453571281
121871.5290808796 116662.0209146984
130711.8236565278 116501.6086934835
130551.0910278796 116180.7842510537
131194.0215424722 116180.7842510537
129747.4278846389 115859.9598086240
125086.1816538426 115057.8987025496
126532.7753116759 115057.8987025496
125729.1121684352 114576.6620389050
124925.4490251945 114416.2498176901
119942.7375371019 114255.8375964752
122835.9248527685 113935.0131540455
119942.7375371019 113774.6009328306
125086.1816538426 113614.1887116157
118656.8765079167 112170.4787206818
118174.6786219722 111528.8298358223
131515.4867997685 117945.3186844174
124443.2511392500 121795.2119935744
125246.9142824907 120511.9142238554
126693.5079403241 123880.5708693678
125568.3795397870 113774.6009328306
131515.4867997685 116341.1964722686
133444.2783435463 117624.4942419876
130229.6257705833 122436.8608784339
132479.8825716574 116662.0209146984
127657.9037122130 122276.4486572190
126372.0426830278 123399.3342057231
124925.4490251945 121955.6242147892
132801.3478289537 117143.2575783430

103907.4526906667 107877.9845075106
107434.0217620191 111541.5097601915
113204.7711515048 113930.7653597660
110800.2922392191 112337.9282933830
102625.0639374476 108355.8356274255
105831.0358204952 114567.9001863191
110639.9936450667 112497.2120000213
103747.1540965143 109789.3889871702
111922.3823982857 110267.2401070851
112403.2781807429 112337.9282933830
107914.9175444762 107718.7008008723
103747.1540965143 108037.2682141489
105350.1400380381 114567.9001863191
108876.7091093905 109311.5378672553
110960.5908333714 113612.1979464894
112723.8753690476 108833.6867473404
109678.2020801524 111222.9423469149
127979.3689695093 117624.4942419876
124443.2511392500 119549.4408965661
122032.2617095278 115218.3109237645
129265.2299986944 117143.2575783430
125729.1121684352 124843.0441966570
128300.8342268056 127730.4641785248
128783.0321127500 126126.3419663760
122514.4595954722 116341.1964722686
131033.2889138241 116341.1964722686
133444.2783435463 119709.8531177810
118496.1438792685 112330.8909418967
122675.1922241204 118105.7309056322
123800.3206246574 115057.8987025496
122032.2617095278 112651.7153843265
127818.6363408611 123720.1586481529
128300.8342268056 115699.5475874091
130711.8236565278 121634.7997723595
121710.7964522315 118747.3797904917
130390.3583992315 117464.0820207727
126372.0426830278 121634.7997723595
124764.7163965463 117143.2575783430
127818.6363408611 126126.3419663760
122032.2617095278 113293.3642691860
125086.1816538426 118426.5553480620
126854.2405689722 130457.4719391777
128461.5668554537 117464.0820207727
129747.4278846389 119549.4408965661
126854.2405689722 127088.8152936653
121710.7964522315 114897.4864813347
131515.4867997685 123078.5097632934
129908.1605132871 120993.1508875000
130068.8931419352 123238.9219845083
131836.9520570648 121474.3875511446
130068.8931419352 120672.3264450703
124282.5185106018 123559.7464269380
131676.2194284167 122436.8608784339
126050.5774257315 126928.4030724504
130711.8236565278 115859.9598086240
122835.9248527685 115218.3109237645
124121.7858819537 116662.0209146984
123318.1227387130 113614.1887116157
130551.0910278796 120511.9142238554
131033.2889138241 116822.4331359132
130711.8236565278 124201.3953117975
123157.3901100648 122116.0364360041
131676.2194284167 116180.7842510537
131676.2194284167 116982.8453571281
122996.6574814167 116180.7842510537
128943.7647413982 120030.6775602107
125729.1121684352 122757.6853208636
128622.2994841019 117945.3186844174
127497.1710835648 118586.9675692769
123318.1227387130 122757.6853208636
128943.7647413982 119870.2653389959
120907.1333089907 116501.6086934835
133283.5457148982 117945.3186844174
125889.8447970834 128211.7008421694

