258402206.6269358695 37240.9335746765
260864360.6112781763 37452.5614128113
247505821.9763291180 34079.4160900116
260430403.6392476559 37303.4207534790
247541184.3954978585 34626.6191596985
253205341.1193247139 36290.5199508667
246655189.7456444204 33207.7576980591
244920658.6485530138 31830.5917510986
243846459.3600760400 28082.7889809608
249991290.7096741498 36278.0256500244
254413275.4832817912 36322.6209602356
246745023.2739198804 33669.0945281982
248499666.1611749530 35844.6323165894
256864887.8064408600 36965.3716278076
257096228.2840415239 37183.1863899231
255608360.7965471148 36881.8435668945
246282554.4631111026 33090.8289299011
