220917051.4160884619 1087505.8847656250
222565485.0661379695 1228113.6259765625
236269024.8741303384 1313316.0102539062
226891904.7734320760 1289523.6579589844
221947577.1830209196 1123522.8742675781
224471337.5729166567 1277690.2250976562
221706251.0848713219 1107770.6181640625
223330043.6388732791 1250458.8486328125
229859141.2762987018 1290468.0585937500
224121584.8014462590 1262347.8530273438
230150409.6288966537 1311768.4436035156
222187101.5011587441 1219010.1904296875
223265546.5039058030 1237336.7778320312
