460798954.2409598827 749245.1872558594
445044827.4620977640 600291.1837387085
452895369.3712353110 727805.0545654297
459959973.9937540293 747207.1334228516
462004987.9604029059 757177.6107635498
463820003.5702617168 759075.3430480957
449403959.6428642273 714736.3379364014
451035704.4072210193 720564.7079162598
458663998.2022488117 736364.5014648438
449400611.0866038799 705973.4009094238
448394314.8201290369 704331.3810729980
452945353.8013781905 733839.0302734375
446990028.0652589798 684363.8736877441
451971430.9972429276 724321.5679321289
458797612.6153357625 737383.4957122803
447911380.4031417370 690420.5300598145
