148401705.1639393568 3719352.1621093750
149439604.8426554501 3759407.1347656250
148817937.0236358941 3723810.1191406250
148898680.6556990743 3744595.7539062500
151055617.5729021132 3767538.8554687500
148041058.7706668377 3716641.9843750000
149397392.4206961393 3747506.3222656250
148013194.1371132433 3716326.1914062500
151092890.7185815573 3770702.1367187500
149154796.2011234462 3746554.1347656250
148852955.5799906850 3736707.5703125000
152597835.5701700747 3779137.6328125000
152659620.5905830860 3781963.2714843750
150503196.0336879790 3767314.2695312500
151974569.6328150928 3778122.8339843750
153882509.6652667522 3787412.5117187500
148576697.6487354934 3723118.2226562500
150255163.1255263090 3766953.6992187500
