340965043.1017323136 3436039.7812500000
346330762.7944279909 3466860.0537109375
345290125.7360442281 3444467.0000000000
346167757.8960688710 3449982.7705078125
335485008.1558637023 3309688.3652343750
336691757.1664021611 3367592.6679687500
350948984.5043471456 3469944.8476562500
334691270.9407233000 3300376.8916015625
340410506.6548749208 3431210.3349609375
345000254.5631904006 3443409.4921875000
337602219.5024467111 3417151.3486328125
346101849.8099989295 3449223.2666015625
339146182.0530414581 3424298.5126953125
351310217.0105066299 3471377.7607421875
337337462.5325961709 3372465.6503906250
345800234.8814535141 3448903.3378906250
349825002.2356233001 3469604.3203125000
336239796.4237473011 3366199.4228515625
347235374.3223047853 3467938.7753906250
345756726.3045259118 3448781.6718750000
336998506.1173425317 3371045.6113281250
342130371.1192920208 3439827.7832031250
345372323.0376070142 3444603.6699218750
