456481054.0645012856 3409.8853107691
456992106.0901865363 3481.2355691195
460371772.5262838602 3618.0829375982
474690311.7274356484 3819.7941854000
457011846.9572978616 3547.3849813938
465267871.1949517131 3740.5945169926
467748215.7106181383 3745.9805145264
456566366.1765139699 3460.3585562706
476867824.3398256302 3823.7276976109
454833674.9048149586 3087.0670343041
474051497.7319690585 3805.1044614315
460403383.5333610773 3675.6430950165
460133386.9282297492 3596.3104712963
458698381.2192522287 3586.2766267061
455691757.2271585464 3401.0659383535
464562304.3328102231 3710.4510297775
458449674.6705058217 3579.2208391428
472715175.2900390625 3794.2117123604
467857802.0857320428 3747.7479386330
459180366.8658928871 3592.1984945536
462234587.5453198552 3705.4302289486
471569300.5581451654 3763.5968790054
466953049.8145948648 3744.0285749435
