928377030.8403861523 293752.2585372925
915643292.6738187075 288154.0471115112
934726959.5935763121 295911.3091049194
937786768.7404831648 297471.4404945374
944386929.3978163004 298998.8347778320
927250872.9058972597 293004.8019657135
935489152.9361722469 296122.3647613525
917993515.7411454916 290717.3380241394
914244226.7434235811 288018.2046279907
932799202.9666925669 295479.4575576782
917828597.9812656641 288573.0149116516
906476412.3331626654 276955.9577789307
920059864.9108480215 292026.4080467224
935943697.6993725300 296654.9107437134
936670961.7692196369 297038.8601531982
913927442.5624029636 286020.0196609497
906720901.7945884466 284442.2231559753
934244712.3045928478 295666.4122619629
932030001.7907412052 295179.4502182007
914072842.5837808847 287569.0367660522
909250075.6565337181 285661.5161209106
