169600950.5303533673 9356.2148389816
171459736.2820690572 10306.5618028641
171675336.6655807197 10462.8811349869
170616274.5261434615 10073.9253349304
171356605.8726322651 10278.4744815826
169390374.5656020939 9021.1738493443
175212690.6806640923 10790.2888183594
172598616.0387660563 10468.3518791199
170821466.1932230890 10186.1133804321
169898674.3572925925 9907.8245186806
172927033.0838297009 10660.8897705078
175008018.0999230146 10772.7573738098
173043625.2328888774 10692.2069864273
170666173.6436172724 10116.4718259573
169667342.7784008980 9732.2823710442
178641468.6879663467 10953.6223468781
172599325.7533387542 10483.4505891800
171239461.7536604702 10258.1487159729
173937482.7145015895 10696.7422714233
174033110.2762740552 10766.8964881897
176896548.7517174482 10903.5154743195
