130136.9041221085 140801.0720013314
124370.6188471273 139685.1656844663
128374.9836214198 138728.6745557247
131097.9516679387 138728.6745557247
127093.5868936462 135859.2011695000
119084.8573450613 135699.7859813764
124050.2696651840 134902.7100407584
130777.6024859953 133308.5581595225
127413.9360755896 132989.7277832753
131097.9516679387 130757.9151495449
132058.9992137689 130598.4999614214
131898.8246227972 130279.6695851742
129656.3803491934 135221.5404170056
129816.5549401651 141598.1479419494
121487.4762096368 136496.8619219944
124690.9680290707 136018.6163576236
125491.8409839292 138409.8441794775
129175.8565762783 136815.6922982416
129976.7295311368 136496.8619219944
127413.9360755896 140960.4871894550
123729.9204832406 139685.1656844663
130457.2533040519 131076.7455257921
125011.3172110141 133946.2189120169
131578.4754408538 136178.0315457472
133180.2213505707 130439.0847732978
119565.3811179764 137612.7682388595
118283.9843902028 136496.8619219944
129656.3803491934 138888.0897438483
129976.7295311368 140482.2416250843
117963.6352082594 136975.1074863652
125171.4918019858 134105.6341001405
130617.4278950236 134265.0492882641
128855.5073943349 139206.9201200955
130297.0787130802 142714.0542588146
121327.3016186651 135540.3707932528
128695.3328033632 134902.7100407584
131578.4754408538 137134.5226744888
125652.0155749009 134265.0492882641
125171.4918019858 132670.8974070281
132699.6975776557 129801.4240208034
125972.3647568443 133786.8037238932
128054.6344394764 139206.9201200955
122768.8729374104 137134.5226744888
126613.0631207311 136656.2771101180
124210.4442561556 133627.3885357697
130297.0787130802 139206.9201200955
128054.6344394764 133786.8037238932
133180.2213505707 129163.7632683090
119725.5557089481 136178.0315457472
123249.3967103255 135540.3707932528
128695.3328033632 135540.3707932528
126132.5393478160 134902.7100407584
124690.9680290707 136815.6922982416
126773.2377117028 136656.2771101180
129816.5549401651 131554.9910901629
120366.2540728349 135221.5404170056
129816.5549401651 136815.6922982416
124851.1426200424 134424.4644763877
130937.7770769670 135221.5404170056
122768.8729374104 137612.7682388595
122608.6983464387 138409.8441794775
130457.2533040519 133467.9733476461
126933.4123026745 137772.1834269831
123890.0950742123 135859.2011695000
126613.0631207311 132192.6518426573
127253.7614846179 133149.1429713989
130617.4278950236 132670.8974070281
130457.2533040519 140482.2416250843
123569.7458922689 136496.8619219944
126933.4123026745 141119.9023775786

127734.2852575330 139685.1656844663
125652.0155749009 139366.3353082191
132699.6975776557 129642.0088326798
129175.8565762783 132830.3125951517
131097.9516679387 132830.3125951517
131738.6500318255 132511.4822189045
130136.9041221085 140641.6568132078
124210.4442561556 138250.4289913539
129816.5549401651 140163.4112488371
129496.2057582217 133786.8037238932
118444.1589811745 136337.4467338708
127574.1106665613 135859.2011695000
125491.8409839292 140163.4112488371
128855.5073943349 139844.5808725899
128855.5073943349 142235.8086944438
128855.5073943349 134424.4644763877
132859.8721686274 130439.0847732978
123890.0950742123 138569.2593676011
121487.4762096368 134902.7100407584
126773.2377117028 137293.9378626124
129015.6819853066 134265.0492882641
126452.8885297594 139844.5808725899
131738.6500318255 130120.2543970506
128695.3328033632 140482.2416250843
129496.2057582217 134743.2948526348
124851.1426200424 134743.2948526348
130457.2533040519 141916.9783181966
126132.5393478160 138091.0138032303
128535.1582123915 138888.0897438483
124690.9680290707 135540.3707932528
124370.6188471273 135062.1252288820
123890.0950742123 135221.5404170056
125171.4918019858 134105.6341001405
130777.6024859953 134583.8796645112
125491.8409839292 133149.1429713989
123089.2221193538 136656.2771101180
128695.3328033632 132033.2366545337
127894.4598485047 136337.4467338708
130297.0787130802 132511.4822189045
124530.7934380990 133149.1429713989
130617.4278950236 136656.2771101180
126292.7139387877 137293.9378626124
125652.0155749009 140482.2416250843
128374.9836214198 133627.3885357697
125011.3172110141 137772.1834269831
131258.1262589104 134424.4644763877
124210.4442561556 133467.9733476461
126773.2377117028 138888.0897438483
132859.8721686274 131236.1607139157
128535.1582123915 134583.8796645112
131258.1262589104 136815.6922982416
130457.2533040519 134743.2948526348
119725.5557089481 135221.5404170056
133340.3959415425 129482.5936445562
125171.4918019858 138091.0138032303
128535.1582123915 135699.7859813764
128855.5073943349 141438.7327538258
130777.6024859953 132192.6518426573
121167.1270276934 136337.4467338708
130297.0787130802 130439.0847732978
124210.4442561556 137772.1834269831
127413.9360755896 134902.7100407584
130297.0787130802 140960.4871894550
120686.6032547783 134743.2948526348
129175.8565762783 140322.8264369607
125171.4918019858 134583.8796645112
119725.5557089481 137293.9378626124
125812.1901658726 132989.7277832753
128054.6344394764 137293.9378626124
128535.1582123915 131076.7455257921

131097.9516679387 139047.5049319719
124050.2696651840 138569.2593676011
118283.9843902028 136496.8619219944
129175.8565762783 134902.7100407584
121487.4762096368 134583.8796645112
124530.7934380990 134583.8796645112
124050.2696651840 133786.8037238932
131097.9516679387 133627.3885357697
133020.0467595991 129163.7632683090
123249.3967103255 139366.3353082191
130617.4278950236 130917.3303376685
124370.6188471273 139206.9201200955
125972.3647568443 133786.8037238932
129976.7295311368 134902.7100407584
117963.6352082594 136656.2771101180
121807.8253915802 136496.8619219944
128054.6344394764 132670.8974070281
119565.3811179764 135380.9556051292
123890.0950742123 138250.4289913539
126452.8885297594 141119.9023775786
123249.3967103255 136656.2771101180
129816.5549401651 132511.4822189045
120045.9048908915 135221.5404170056
124690.9680290707 134902.7100407584
124851.1426200424 134105.6341001405
130457.2533040519 135062.1252288820
126452.8885297594 138409.8441794775
124050.2696651840 135859.2011695000
122128.1745735236 139047.5049319719
128695.3328033632 136815.6922982416
129816.5549401651 142554.6390706910
132379.3483957123 132352.0670307809
129336.0311672500 139844.5808725899
130617.4278950236 134902.7100407584
132379.3483957123 131554.9910901629
125011.3172110141 138409.8441794775
128214.8090304481 131873.8214664101
128214.8090304481 132352.0670307809
132058.9992137689 134902.7100407584
130777.6024859953 132830.3125951517
117963.6352082594 136975.1074863652
124530.7934380990 136337.4467338708
130136.9041221085 131395.5759020393
129015.6819853066 140641.6568132078
128374.9836214198 141279.3175657023
122288.3491644953 136496.8619219944
122929.0475283821 135859.2011695000
131578.4754408538 134265.0492882641
117002.5876624292 136496.8619219944
125972.3647568443 136975.1074863652
129976.7295311368 132670.8974070281
125491.8409839292 137453.3530507360
129496.2057582217 133946.2189120169
129976.7295311368 133467.9733476461
127894.4598485047 141119.9023775786
122128.1745735236 134105.6341001405
130937.7770769670 135859.2011695000
121006.9524367217 136496.8619219944
131738.6500318255 133149.1429713989
119405.2065270047 136178.0315457472
133020.0467595991 130917.3303376685
131097.9516679387 130439.0847732978
129976.7295311368 135859.2011695000
127253.7614846179 134743.2948526348
123569.7458922689 139525.7504963427
131418.3008498821 134902.7100407584
129656.3803491934 138888.0897438483
130297.0787130802 139206.9201200955
132539.5229866840 130917.3303376685
130777.6024859953 140482.2416250843

125011.3172110141 138409.8441794775
130937.7770769670 138250.4289913539
121967.9999825519 136337.4467338708
125652.0155749009 133149.1429713989
132219.1738047406 132830.3125951517
128535.1582123915 131395.5759020393
129496.2057582217 131076.7455257921
132379.3483957123 131076.7455257921
125491.8409839292 139685.1656844663
129496.2057582217 142554.6390706910
124530.7934380990 136178.0315457472
131578.4754408538 137293.9378626124
132539.5229866840 131714.4062782865
128374.9836214198 132830.3125951517
131258.1262589104 135062.1252288820
125652.0155749009 132670.8974070281
131258.1262589104 129960.8392089270
128695.3328033632 140322.8264369607
125491.8409839292 138728.6745557247
126452.8885297594 134743.2948526348
130937.7770769670 132511.4822189045
116842.4130714575 136337.4467338708
126292.7139387877 137772.1834269831
124370.6188471273 138728.6745557247
129816.5549401651 134265.0492882641
127734.2852575330 132033.2366545337
120366.2540728349 136815.6922982416
127253.7614846179 141438.7327538258
132539.5229866840 130757.9151495449
130136.9041221085 140163.4112488371
123569.7458922689 138409.8441794775
124050.2696651840 133467.9733476461
131418.3008498821 135540.3707932528
132539.5229866840 130279.6695851742
133180.2213505707 130279.6695851742
120206.0794818632 135221.5404170056
126933.4123026745 137772.1834269831
127253.7614846179 140163.4112488371
124690.9680290707 135699.7859813764
131097.9516679387 139047.5049319719
128374.9836214198 134902.7100407584
129816.5549401651 137293.9378626124
130777.6024859953 139206.9201200955
125972.3647568443 132511.4822189045
127734.2852575330 137612.7682388595
123729.9204832406 136018.6163576236
131578.4754408538 133786.8037238932
123729.9204832406 135380.9556051292
124210.4442561556 134902.7100407584
130777.6024859953 133786.8037238932
117963.6352082594 136656.2771101180
129336.0311672500 141438.7327538258
125011.3172110141 140003.9960607135
125491.8409839292 133627.3885357697
131578.4754408538 136496.8619219944
130136.9041221085 136178.0315457472
133500.5705325141 129004.3480801854
123890.0950742123 135699.7859813764
120045.9048908915 137134.5226744888
127413.9360755896 134424.4644763877
126132.5393478160 139685.1656844663
128695.3328033632 139685.1656844663
125491.8409839292 140482.2416250843
129015.6819853066 137293.9378626124
129015.6819853066 141916.9783181966
127574.1106665613 131554.9910901629
130136.9041221085 142395.2238825674
118604.3335721462 135540.3707932528
123729.9204832406 138409.8441794775
126452.8885297594 141119.9023775786

130777.6024859953 140482.2416250843
128695.3328033632 131554.9910901629
123729.9204832406 134902.7100407584
132058.9992137689 135221.5404170056
124050.2696651840 133627.3885357697
127894.4598485047 133149.1429713989
120045.9048908915 137931.5986151067
124851.1426200424 139206.9201200955
122288.3491644953 136975.1074863652
123089.2221193538 138569.2593676011
124690.9680290707 139844.5808725899
127093.5868936462 137293.9378626124
130136.9041221085 138091.0138032303
124050.2696651840 135221.5404170056
120686.6032547783 138250.4289913539
130297.0787130802 135540.3707932528
131738.6500318255 134583.8796645112
129816.5549401651 142076.3935063202
129976.7295311368 130439.0847732978
130937.7770769670 133946.2189120169
125652.0155749009 139047.5049319719
124851.1426200424 135380.9556051292
130136.9041221085 138250.4289913539
123729.9204832406 137772.1834269831
129015.6819853066 134105.6341001405
129656.3803491934 139525.7504963427
131738.6500318255 133946.2189120169
120846.7778457500 137293.9378626124
132379.3483957123 131236.1607139157
127574.1106665613 134265.0492882641
132219.1738047406 133308.5581595225
124690.9680290707 138091.0138032303
130457.2533040519 138888.0897438483
132219.1738047406 134105.6341001405
123890.0950742123 133308.5581595225
119405.2065270047 136656.2771101180
126292.7139387877 135540.3707932528
127574.1106665613 136975.1074863652
130297.0787130802 133946.2189120169
119084.8573450613 137293.9378626124
121487.4762096368 136337.4467338708
131258.1262589104 136815.6922982416
129015.6819853066 141279.3175657023
131418.3008498821 133467.9733476461
119084.8573450613 135380.9556051292
129336.0311672500 140641.6568132078
127574.1106665613 136018.6163576236
132859.8721686274 129642.0088326798
128374.9836214198 139525.7504963427
129816.5549401651 132830.3125951517
130937.7770769670 131395.5759020393
120686.6032547783 137931.5986151067
129175.8565762783 140322.8264369607
129656.3803491934 140322.8264369607
130937.7770769670 134583.8796645112
125171.4918019858 138091.0138032303
125171.4918019858 140003.9960607135
123569.7458922689 136496.8619219944
125972.3647568443 133308.5581595225
123569.7458922689 137453.3530507360
131258.1262589104 135062.1252288820
124210.4442561556 135062.1252288820
127894.4598485047 138888.0897438483
126452.8885297594 134265.0492882641
128374.9836214198 139206.9201200955
132539.5229866840 132033.2366545337
120846.7778457500 135380.9556051292
128695.3328033632 139525.7504963427
130777.6024859953 135380.9556051292
124530.7934380990 135859.2011695000

123890.0950742123 133946.2189120169
120206.0794818632 135699.7859813764
127734.2852575330 138569.2593676011
131898.8246227972 132192.6518426573
130457.2533040519 131873.8214664101
126773.2377117028 138091.0138032303
129336.0311672500 131076.7455257921
126132.5393478160 132830.3125951517
122448.5237554670 137931.5986151067
118924.6827540896 136815.6922982416
124851.1426200424 132989.7277832753
128695.3328033632 140801.0720013314
131898.8246227972 135221.5404170056
118444.1589811745 136178.0315457472
122608.6983464387 136656.2771101180
123890.0950742123 138250.4289913539
127093.5868936462 135062.1252288820
132219.1738047406 132033.2366545337
130457.2533040519 133149.1429713989
128535.1582123915 133308.5581595225
132219.1738047406 131395.5759020393
128855.5073943349 141757.5631300730
121647.6508006085 135221.5404170056
124530.7934380990 139366.3353082191
129496.2057582217 140482.2416250843
125812.1901658726 140641.6568132078
121006.9524367217 137612.7682388595
120206.0794818632 135221.5404170056
131097.9516679387 133946.2189120169
132859.8721686274 130917.3303376685
123729.9204832406 138728.6745557247
131418.3008498821 135699.7859813764
129336.0311672500 133467.9733476461
127413.9360755896 136496.8619219944
128214.8090304481 137612.7682388595
122448.5237554670 137453.3530507360
127253.7614846179 138569.2593676011
128374.9836214198 137293.9378626124
124370.6188471273 139525.7504963427
123569.7458922689 136018.6163576236
130617.4278950236 130757.9151495449
123569.7458922689 137772.1834269831
130457.2533040519 141438.7327538258
128054.6344394764 141757.5631300730
130777.6024859953 140322.8264369607
123729.9204832406 137612.7682388595
126132.5393478160 139685.1656844663
125491.8409839292 132670.8974070281
124851.1426200424 136018.6163576236
123729.9204832406 134583.8796645112
129816.5549401651 136975.1074863652
121647.6508006085 134743.2948526348
128374.9836214198 140641.6568132078
127574.1106665613 133946.2189120169
126773.2377117028 135859.2011695000
126773.2377117028 139047.5049319719
124530.7934380990 138091.0138032303
118123.8097992311 137134.5226744888
122608.6983464387 134902.7100407584
123890.0950742123 134743.2948526348
130777.6024859953 136496.8619219944
130457.2533040519 137612.7682388595
123729.9204832406 136815.6922982416
128214.8090304481 136337.4467338708
130937.7770769670 135380.9556051292
127413.9360755896 134424.4644763877
130297.0787130802 139685.1656844663
131258.1262589104 130120.2543970506
128214.8090304481 137293.9378626124
123729.9204832406 136337.4467338708

128374.9836214198 141279.3175657023
130136.9041221085 140801.0720013314
124370.6188471273 139685.1656844663
130136.9041221085 139525.7504963427
128535.1582123915 139366.3353082191
131097.9516679387 139047.5049319719
124050.2696651840 138569.2593676011
125331.6663929575 137931.5986151067
131258.1262589104 137931.5986151067
123409.5713012972 137453.3530507360
120206.0794818632 137134.5226744888
120846.7778457500 137134.5226744888
117963.6352082594 136656.2771101180
121006.9524367217 136496.8619219944
121807.8253915802 135859.2011695000
127093.5868936462 135859.2011695000
121006.9524367217 135699.7859813764
119565.3811179764 135540.3707932528
131258.1262589104 135540.3707932528
131418.3008498821 135380.9556051292
124530.7934380990 134902.7100407584
129175.8565762783 134902.7100407584
121487.4762096368 134583.8796645112
127894.4598485047 134265.0492882641
128054.6344394764 133946.2189120169
124050.2696651840 133786.8037238932
125491.8409839292 133627.3885357697
124690.9680290707 133467.9733476461
129976.7295311368 132670.8974070281
131418.3008498821 132352.0670307809
127574.1106665613 132033.2366545337
128695.3328033632 131395.5759020393
128855.5073943349 131076.7455257921
130297.0787130802 130598.4999614214
132058.9992137689 130598.4999614214
132699.6975776557 130120.2543970506
131898.8246227972 129960.8392089270
132859.8721686274 129642.0088326798
127413.9360755896 132989.7277832753
124530.7934380990 134583.8796645112
132058.9992137689 129482.5936445562
120206.0794818632 135540.3707932528
124210.4442561556 133786.8037238932
133500.5705325141 129004.3480801854
127413.9360755896 137293.9378626124
130777.6024859953 133786.8037238932
123249.3967103255 135221.5404170056
127894.4598485047 131395.5759020393
127734.2852575330 132511.4822189045
130937.7770769670 130279.6695851742
126452.8885297594 141119.9023775786
128374.9836214198 140163.4112488371
131898.8246227972 130279.6695851742
129816.5549401651 136178.0315457472
133020.0467595991 129163.7632683090
131418.3008498821 136656.2771101180
128535.1582123915 135221.5404170056
130136.9041221085 137612.7682388595
129175.8565762783 135540.3707932528
123089.2221193538 133786.8037238932
120045.9048908915 135540.3707932528
119084.8573450613 135699.7859813764
128855.5073943349 142076.3935063202
130617.4278950236 140163.4112488371
123890.0950742123 139685.1656844663
132058.9992137689 134902.7100407584
131898.8246227972 133786.8037238932
131097.9516679387 131873.8214664101
131097.9516679387 137612.7682388595
124851.1426200424 136815.6922982416

130136.9041221085 140801.0720013314
125331.6663929575 137931.5986151067
126933.4123026745 137772.1834269831
131898.8246227972 133786.8037238932
125972.3647568443 132511.4822189045
131258.1262589104 131076.7455257921
131898.8246227972 130279.6695851742
129336.0311672500 135062.1252288820
119565.3811179764 136656.2771101180
130937.7770769670 135062.1252288820
129015.6819853066 136496.8619219944
125972.3647568443 133149.1429713989
129816.5549401651 130917.3303376685
129816.5549401651 135859.2011695000
126132.5393478160 138728.6745557247
130617.4278950236 138250.4289913539
131258.1262589104 133946.2189120169
131898.8246227972 132511.4822189045
129496.2057582217 138091.0138032303
120526.4286638066 136178.0315457472
132699.6975776557 130120.2543970506
118283.9843902028 136178.0315457472
125171.4918019858 140003.9960607135
120526.4286638066 135221.5404170056
128214.8090304481 137612.7682388595
124050.2696651840 137612.7682388595
123729.9204832406 133467.9733476461
125812.1901658726 133627.3885357697
129496.2057582217 131554.9910901629
131258.1262589104 137931.5986151067
119885.7302999198 136496.8619219944
131097.9516679387 134902.7100407584
125171.4918019858 136496.8619219944
123409.5713012972 134583.8796645112
120846.7778457500 135540.3707932528
121807.8253915802 138888.0897438483
121807.8253915802 136496.8619219944
121327.3016186651 135221.5404170056
128695.3328033632 132352.0670307809
125652.0155749009 136815.6922982416
122768.8729374104 137293.9378626124
121327.3016186651 134902.7100407584
130617.4278950236 141438.7327538258
130937.7770769670 136496.8619219944
130297.0787130802 142873.4694469382
128214.8090304481 141438.7327538258
120206.0794818632 137931.5986151067
127574.1106665613 140960.4871894550
129656.3803491934 133786.8037238932
124370.6188471273 135380.9556051292
125011.3172110141 135062.1252288820
132058.9992137689 134902.7100407584
128695.3328033632 139366.3353082191
129656.3803491934 131076.7455257921
125812.1901658726 137612.7682388595
123890.0950742123 136496.8619219944
131898.8246227972 135062.1252288820
123890.0950742123 139047.5049319719
121967.9999825519 136337.4467338708
132058.9992137689 132192.6518426573
125491.8409839292 137772.1834269831
124530.7934380990 133467.9733476461
124530.7934380990 134424.4644763877
131738.6500318255 136337.4467338708
131097.9516679387 133149.1429713989
131898.8246227972 131714.4062782865
123569.7458922689 137134.5226744888
128214.8090304481 133149.1429713989
124050.2696651840 135540.3707932528
129336.0311672500 141598.1479419494

130617.4278950236 136337.4467338708
122608.6983464387 136178.0315457472
125171.4918019858 136496.8619219944
125972.3647568443 137134.5226744888
122288.3491644953 138728.6745557247
130457.2533040519 135699.7859813764
129175.8565762783 141438.7327538258
129816.5549401651 141438.7327538258
131578.4754408538 133627.3885357697
119725.5557089481 135221.5404170056
131578.4754408538 133946.2189120169
119885.7302999198 137931.5986151067
130617.4278950236 137293.9378626124
126452.8885297594 135699.7859813764
128374.9836214198 132830.3125951517
130136.9041221085 138569.2593676011
122128.1745735236 134265.0492882641
127894.4598485047 137134.5226744888
118283.9843902028 136496.8619219944
118604.3335721462 136018.6163576236
129656.3803491934 138728.6745557247
129496.2057582217 142235.8086944438
129336.0311672500 132192.6518426573
130777.6024859953 139366.3353082191
130617.4278950236 140322.8264369607
131738.6500318255 133467.9733476461
126452.8885297594 138569.2593676011
132058.9992137689 131395.5759020393
125972.3647568443 140322.8264369607
128214.8090304481 132192.6518426573
128695.3328033632 141438.7327538258
129175.8565762783 138888.0897438483
129816.5549401651 140801.0720013314
128855.5073943349 137293.9378626124
129816.5549401651 142395.2238825674
121167.1270276934 136656.2771101180
130136.9041221085 131236.1607139157
128374.9836214198 135859.2011695000
128855.5073943349 131554.9910901629
129976.7295311368 139366.3353082191
123249.3967103255 136496.8619219944
130937.7770769670 132033.2366545337
130617.4278950236 134265.0492882641
124050.2696651840 133946.2189120169
132859.8721686274 130279.6695851742
130297.0787130802 141757.5631300730
131738.6500318255 129642.0088326798
129816.5549401651 134424.4644763877
118604.3335721462 137293.9378626124
130297.0787130802 139366.3353082191
125812.1901658726 136178.0315457472
124530.7934380990 132989.7277832753
127413.9360755896 141438.7327538258
126452.8885297594 139366.3353082191
126452.8885297594 132192.6518426573
122288.3491644953 136975.1074863652
129015.6819853066 140641.6568132078
124210.4442561556 132989.7277832753
132539.5229866840 132352.0670307809
123729.9204832406 136496.8619219944
124370.6188471273 133467.9733476461
126613.0631207311 138091.0138032303
124050.2696651840 134902.7100407584
125972.3647568443 140482.2416250843
125972.3647568443 133149.1429713989
130457.2533040519 141598.1479419494
122448.5237554670 138409.8441794775
129656.3803491934 134105.6341001405
128535.1582123915 135380.9556051292
124210.4442561556 133149.1429713989

124210.4442561556 137612.7682388595
131578.4754408538 132670.8974070281
129656.3803491934 136815.6922982416
129976.7295311368 134105.6341001405
130297.0787130802 139844.5808725899
122768.8729374104 138250.4289913539
119565.3811179764 135540.3707932528
129175.8565762783 141279.3175657023
125011.3172110141 133946.2189120169
128214.8090304481 138091.0138032303
118444.1589811745 135699.7859813764
129336.0311672500 132989.7277832753
129336.0311672500 140960.4871894550
129175.8565762783 131714.4062782865
130136.9041221085 139047.5049319719
125972.3647568443 134583.8796645112
128535.1582123915 141438.7327538258
129976.7295311368 132830.3125951517
127093.5868936462 134424.4644763877
129816.5549401651 134265.0492882641
129336.0311672500 136975.1074863652
126773.2377117028 138409.8441794775
123409.5713012972 133467.9733476461
131578.4754408538 134902.7100407584
127093.5868936462 140163.4112488371
130297.0787130802 135221.5404170056
129656.3803491934 141279.3175657023
127093.5868936462 132670.8974070281
131418.3008498821 129801.4240208034
130777.6024859953 133786.8037238932
130617.4278950236 140322.8264369607
123569.7458922689 133308.5581595225
132058.9992137689 132670.8974070281
129816.5549401651 133467.9733476461
130457.2533040519 141438.7327538258
131258.1262589104 133467.9733476461
124370.6188471273 136178.0315457472
129015.6819853066 140641.6568132078
128695.3328033632 136656.2771101180
127093.5868936462 138250.4289913539
131578.4754408538 134265.0492882641
122448.5237554670 138409.8441794775
126452.8885297594 139206.9201200955
130136.9041221085 132670.8974070281
131097.9516679387 133786.8037238932
119885.7302999198 137293.9378626124
129015.6819853066 141757.5631300730
124370.6188471273 133786.8037238932
124690.9680290707 132830.3125951517
125972.3647568443 139047.5049319719
129976.7295311368 142395.2238825674
130617.4278950236 134743.2948526348
123089.2221193538 135699.7859813764
130297.0787130802 131873.8214664101
122768.8729374104 136018.6163576236
128695.3328033632 139206.9201200955
128855.5073943349 138728.6745557247
132379.3483957123 130598.4999614214
120206.0794818632 137293.9378626124
124530.7934380990 132989.7277832753
129816.5549401651 133149.1429713989
131578.4754408538 135221.5404170056
131578.4754408538 136018.6163576236
128214.8090304481 138569.2593676011
129496.2057582217 138728.6745557247
124050.2696651840 133946.2189120169
129175.8565762783 138091.0138032303
128695.3328033632 140960.4871894550
131738.6500318255 135380.9556051292
127894.4598485047 133308.5581595225

127574.1106665613 139206.9201200955
121807.8253915802 134743.2948526348
121006.9524367217 136975.1074863652
124370.6188471273 136178.0315457472
128374.9836214198 141279.3175657023
126773.2377117028 141119.9023775786
129015.6819853066 140641.6568132078
128855.5073943349 138250.4289913539
132219.1738047406 130598.4999614214
128374.9836214198 140801.0720013314
124530.7934380990 139206.9201200955
130297.0787130802 134902.7100407584
129336.0311672500 140482.2416250843
129175.8565762783 142235.8086944438
128855.5073943349 136815.6922982416
123729.9204832406 138409.8441794775
124210.4442561556 136496.8619219944
122929.0475283821 138250.4289913539
129175.8565762783 138409.8441794775
127253.7614846179 132352.0670307809
127734.2852575330 135699.7859813764
127574.1106665613 136656.2771101180
129015.6819853066 137772.1834269831
125812.1901658726 137453.3530507360
131898.8246227972 133149.1429713989
132058.9992137689 134265.0492882641
122929.0475283821 137134.5226744888
130617.4278950236 139525.7504963427
128054.6344394764 132033.2366545337
120846.7778457500 137134.5226744888
126933.4123026745 132989.7277832753
121967.9999825519 138728.6745557247
129976.7295311368 141598.1479419494
121967.9999825519 135380.9556051292
123409.5713012972 134424.4644763877
123890.0950742123 133627.3885357697
130937.7770769670 139844.5808725899
128695.3328033632 134583.8796645112
121967.9999825519 138888.0897438483
125331.6663929575 140003.9960607135
127253.7614846179 135859.2011695000
132219.1738047406 129482.5936445562
128535.1582123915 133149.1429713989
127574.1106665613 141119.9023775786
131258.1262589104 134265.0492882641
128214.8090304481 139525.7504963427
127574.1106665613 138250.4289913539
129816.5549401651 133946.2189120169
123089.2221193538 135699.7859813764
130457.2533040519 133467.9733476461
131578.4754408538 135221.5404170056
130457.2533040519 136178.0315457472
118283.9843902028 136975.1074863652
123249.3967103255 135062.1252288820
130136.9041221085 136815.6922982416
127574.1106665613 140801.0720013314
123890.0950742123 133946.2189120169
126613.0631207311 134583.8796645112
132219.1738047406 132670.8974070281
124530.7934380990 133467.9733476461
130457.2533040519 135221.5404170056
123249.3967103255 137612.7682388595
119405.2065270047 135380.9556051292
131418.3008498821 132033.2366545337
128535.1582123915 139047.5049319719
132859.8721686274 130439.0847732978
131097.9516679387 134583.8796645112
125812.1901658726 140482.2416250843
129336.0311672500 138569.2593676011
130777.6024859953 132989.7277832753

131738.6500318255 133149.1429713989
131578.4754408538 135380.9556051292
131578.4754408538 129960.8392089270
119245.0319360330 136178.0315457472
127413.9360755896 138569.2593676011
131097.9516679387 134105.6341001405
128855.5073943349 140003.9960607135
124210.4442561556 134743.2948526348
131898.8246227972 134424.4644763877
125491.8409839292 133467.9733476461
129816.5549401651 134583.8796645112
131738.6500318255 134105.6341001405
131097.9516679387 137931.5986151067
121006.9524367217 137293.9378626124
125011.3172110141 138728.6745557247
130457.2533040519 140641.6568132078
124210.4442561556 135540.3707932528
127574.1106665613 137772.1834269831
122608.6983464387 136337.4467338708
127894.4598485047 134902.7100407584
132219.1738047406 132670.8974070281
124210.4442561556 139525.7504963427
130777.6024859953 137772.1834269831
132379.3483957123 133467.9733476461
124050.2696651840 135699.7859813764
131898.8246227972 135221.5404170056
119885.7302999198 135859.2011695000
126613.0631207311 140482.2416250843
123409.5713012972 133467.9733476461
121006.9524367217 135699.7859813764
129976.7295311368 132830.3125951517
131898.8246227972 130598.4999614214
123890.0950742123 135062.1252288820
128214.8090304481 131873.8214664101
120846.7778457500 136178.0315457472
129336.0311672500 136178.0315457472
124050.2696651840 133786.8037238932
120686.6032547783 137612.7682388595
123249.3967103255 137134.5226744888
128535.1582123915 142076.3935063202
130136.9041221085 131236.1607139157
128695.3328033632 139047.5049319719
119245.0319360330 135859.2011695000
131578.4754408538 136975.1074863652
123569.7458922689 134105.6341001405
129656.3803491934 130757.9151495449
125491.8409839292 139366.3353082191
130136.9041221085 142873.4694469382
127413.9360755896 139206.9201200955
131578.4754408538 133149.1429713989
129816.5549401651 141279.3175657023
126132.5393478160 137772.1834269831
123890.0950742123 133149.1429713989
128374.9836214198 139366.3353082191
120526.4286638066 137453.3530507360
125812.1901658726 140163.4112488371
120686.6032547783 136656.2771101180
122128.1745735236 138728.6745557247
129015.6819853066 132033.2366545337
128855.5073943349 133786.8037238932
128374.9836214198 138569.2593676011
129816.5549401651 135380.9556051292
128695.3328033632 133149.1429713989
131738.6500318255 135859.2011695000
120526.4286638066 135221.5404170056
128855.5073943349 141438.7327538258
124370.6188471273 135062.1252288820
132699.6975776557 131236.1607139157
128374.9836214198 139685.1656844663
126613.0631207311 135859.2011695000

129015.6819853066 140641.6568132078
119885.7302999198 137931.5986151067
128695.3328033632 137612.7682388595
131097.9516679387 137453.3530507360
122128.1745735236 136018.6163576236
125491.8409839292 133627.3885357697
125652.0155749009 133149.1429713989
127734.2852575330 132511.4822189045
129336.0311672500 131554.9910901629
127894.4598485047 131395.5759020393
131898.8246227972 130120.2543970506
133180.2213505707 129482.5936445562
133020.0467595991 129163.7632683090
133500.5705325141 129004.3480801854
124690.9680290707 134424.4644763877
130617.4278950236 134902.7100407584
124050.2696651840 138250.4289913539
132379.3483957123 131076.7455257921
131898.8246227972 132830.3125951517
131578.4754408538 136178.0315457472
131097.9516679387 133467.9733476461
130777.6024859953 138569.2593676011
131258.1262589104 130917.3303376685
125171.4918019858 140163.4112488371
126613.0631207311 135062.1252288820
123089.2221193538 136656.2771101180
126292.7139387877 132352.0670307809
120526.4286638066 136656.2771101180
127574.1106665613 136496.8619219944
122608.6983464387 138250.4289913539
125491.8409839292 137453.3530507360
127894.4598485047 132989.7277832753
120686.6032547783 135062.1252288820
124690.9680290707 137612.7682388595
127413.9360755896 140322.8264369607
129976.7295311368 140163.4112488371
122768.8729374104 137612.7682388595
129015.6819853066 131873.8214664101
130777.6024859953 139366.3353082191
129336.0311672500 140163.4112488371
129816.5549401651 140801.0720013314
121647.6508006085 136018.6163576236
126292.7139387877 135859.2011695000
124530.7934380990 139844.5808725899
126292.7139387877 137612.7682388595
132219.1738047406 129960.8392089270
129656.3803491934 142235.8086944438
130457.2533040519 135859.2011695000
126613.0631207311 140641.6568132078
131418.3008498821 132989.7277832753
129336.0311672500 141757.5631300730
127413.9360755896 140003.9960607135
118924.6827540896 136337.4467338708
127574.1106665613 132033.2366545337
130136.9041221085 140003.9960607135
124851.1426200424 136815.6922982416
125011.3172110141 138409.8441794775
127093.5868936462 139047.5049319719
129976.7295311368 141757.5631300730
127093.5868936462 132033.2366545337
123729.9204832406 138888.0897438483
124050.2696651840 135380.9556051292
126132.5393478160 136975.1074863652
130297.0787130802 131554.9910901629
127253.7614846179 141119.9023775786
119565.3811179764 135859.2011695000
128535.1582123915 138569.2593676011
128054.6344394764 134902.7100407584
132699.6975776557 130917.3303376685
128374.9836214198 138728.6745557247

125812.1901658726 136975.1074863652
130136.9041221085 133308.5581595225
131578.4754408538 132192.6518426573
124210.4442561556 138888.0897438483
119565.3811179764 135699.7859813764
125972.3647568443 135859.2011695000
121647.6508006085 135540.3707932528
129656.3803491934 142235.8086944438
124210.4442561556 139525.7504963427
129496.2057582217 141757.5631300730
128535.1582123915 137612.7682388595
117803.4606172877 136656.2771101180
124370.6188471273 133946.2189120169
130937.7770769670 130917.3303376685
129015.6819853066 135699.7859813764
125171.4918019858 134902.7100407584
129015.6819853066 135062.1252288820
123729.9204832406 135380.9556051292
132058.9992137689 135062.1252288820
129656.3803491934 142554.6390706910
129656.3803491934 141279.3175657023
130777.6024859953 135540.3707932528
125331.6663929575 140322.8264369607
129015.6819853066 136815.6922982416
123089.2221193538 136178.0315457472
127093.5868936462 132830.3125951517
129976.7295311368 136496.8619219944
126292.7139387877 137931.5986151067
123890.0950742123 135062.1252288820
131418.3008498821 130279.6695851742
126132.5393478160 135859.2011695000
124851.1426200424 140322.8264369607
132539.5229866840 132989.7277832753
128695.3328033632 140003.9960607135
130136.9041221085 136018.6163576236
127413.9360755896 141119.9023775786
128855.5073943349 142076.3935063202
125652.0155749009 136656.2771101180
119885.7302999198 136656.2771101180
130617.4278950236 137612.7682388595
126773.2377117028 139844.5808725899
123089.2221193538 134743.2948526348
133020.0467595991 129323.1784564326
126132.5393478160 140641.6568132078
124050.2696651840 134743.2948526348
122768.8729374104 136337.4467338708
129496.2057582217 135062.1252288820
120366.2540728349 135221.5404170056
127574.1106665613 133467.9733476461
130777.6024859953 139206.9201200955
131097.9516679387 131236.1607139157
130136.9041221085 131236.1607139157
128374.9836214198 136815.6922982416
131898.8246227972 131395.5759020393
122929.0475283821 133786.8037238932
131738.6500318255 134583.8796645112
127253.7614846179 138250.4289913539
130136.9041221085 131873.8214664101
124210.4442561556 136496.8619219944
129656.3803491934 138409.8441794775
129656.3803491934 131236.1607139157
126773.2377117028 139525.7504963427
130937.7770769670 133467.9733476461
125171.4918019858 133627.3885357697
127734.2852575330 136178.0315457472
120686.6032547783 137931.5986151067
126292.7139387877 136656.2771101180
128374.9836214198 137772.1834269831
130777.6024859953 133627.3885357697
124370.6188471273 135380.9556051292

130297.0787130802 142873.4694469382
129656.3803491934 141438.7327538258
126452.8885297594 141119.9023775786
130136.9041221085 140801.0720013314
124370.6188471273 139685.1656844663
130136.9041221085 139525.7504963427
130297.0787130802 139206.9201200955
122128.1745735236 139047.5049319719
131097.9516679387 139047.5049319719
125011.3172110141 138409.8441794775
125331.6663929575 137931.5986151067
131258.1262589104 137931.5986151067
126773.2377117028 137453.3530507360
131578.4754408538 137293.9378626124
120206.0794818632 137134.5226744888
120846.7778457500 137134.5226744888
123249.3967103255 137134.5226744888
121167.1270276934 136496.8619219944
129496.2057582217 136496.8619219944
127574.1106665613 136337.4467338708
131738.6500318255 136337.4467338708
121807.8253915802 135859.2011695000
121006.9524367217 135699.7859813764
120206.0794818632 135540.3707932528
131258.1262589104 135540.3707932528
131418.3008498821 135380.9556051292
123249.3967103255 135221.5404170056
125972.3647568443 135221.5404170056
124530.7934380990 134902.7100407584
128054.6344394764 133946.2189120169
124050.2696651840 133786.8037238932
130777.6024859953 133786.8037238932
127413.9360755896 132989.7277832753
129976.7295311368 132670.8974070281
127734.2852575330 132511.4822189045
130617.4278950236 132511.4822189045
127894.4598485047 131395.5759020393
129496.2057582217 131076.7455257921
132379.3483957123 131076.7455257921
130136.9041221085 130917.3303376685
130297.0787130802 130598.4999614214
131898.8246227972 130279.6695851742
132058.9992137689 129482.5936445562
133180.2213505707 129482.5936445562
133020.0467595991 129163.7632683090
128535.1582123915 139366.3353082191
128374.9836214198 141279.3175657023
131097.9516679387 130757.9151495449
132058.9992137689 134902.7100407584
129175.8565762783 134902.7100407584
130777.6024859953 130598.4999614214
128054.6344394764 140641.6568132078
131418.3008498821 136656.2771101180
129175.8565762783 135859.2011695000
128855.5073943349 131076.7455257921
119885.7302999198 137931.5986151067
122128.1745735236 134743.2948526348
130297.0787130802 131236.1607139157
125812.1901658726 137612.7682388595
132539.5229866840 130279.6695851742
117483.1114353443 136496.8619219944
129336.0311672500 135062.1252288820
126933.4123026745 137772.1834269831
128054.6344394764 132989.7277832753
119565.3811179764 135540.3707932528
129656.3803491934 137453.3530507360
125491.8409839292 133786.8037238932
129656.3803491934 133149.1429713989
132859.8721686274 129642.0088326798
130617.4278950236 140163.4112488371

130297.0787130802 135540.3707932528
120206.0794818632 135540.3707932528
120686.6032547783 136018.6163576236
131097.9516679387 133467.9733476461
126292.7139387877 134424.4644763877
129976.7295311368 139844.5808725899
126132.5393478160 132511.4822189045
129175.8565762783 140482.2416250843
125171.4918019858 136656.2771101180
128855.5073943349 136815.6922982416
124210.4442561556 138091.0138032303
122608.6983464387 136337.4467338708
130136.9041221085 136496.8619219944
131097.9516679387 134424.4644763877
128535.1582123915 132192.6518426573
123569.7458922689 135062.1252288820
123569.7458922689 134265.0492882641
122448.5237554670 138091.0138032303
132699.6975776557 129960.8392089270
132539.5229866840 133149.1429713989
123729.9204832406 139366.3353082191
129175.8565762783 141916.9783181966
127413.9360755896 137293.9378626124
124370.6188471273 136656.2771101180
130457.2533040519 140960.4871894550
124210.4442561556 138728.6745557247
131258.1262589104 136496.8619219944
131738.6500318255 132989.7277832753
131097.9516679387 134105.6341001405
130617.4278950236 133786.8037238932
130457.2533040519 132670.8974070281
129015.6819853066 141598.1479419494
128695.3328033632 139206.9201200955
125812.1901658726 139366.3353082191
130617.4278950236 134743.2948526348
121487.4762096368 136815.6922982416
130297.0787130802 134902.7100407584
122608.6983464387 139047.5049319719
125652.0155749009 140322.8264369607
131898.8246227972 132192.6518426573
123890.0950742123 134105.6341001405
127413.9360755896 132989.7277832753
124690.9680290707 137293.9378626124
129175.8565762783 139525.7504963427
125331.6663929575 134265.0492882641
129336.0311672500 141438.7327538258
132058.9992137689 132670.8974070281
131738.6500318255 131395.5759020393
132219.1738047406 133467.9733476461
121487.4762096368 134583.8796645112
130777.6024859953 133308.5581595225
128535.1582123915 131873.8214664101
126292.7139387877 136178.0315457472
131258.1262589104 133786.8037238932
128535.1582123915 134105.6341001405
132539.5229866840 132830.3125951517
129816.5549401651 142554.6390706910
127894.4598485047 139844.5808725899
129816.5549401651 140801.0720013314
129015.6819853066 136656.2771101180
129175.8565762783 138250.4289913539
129976.7295311368 137931.5986151067
132859.8721686274 129642.0088326798
128695.3328033632 135859.2011695000
131097.9516679387 130598.4999614214
130777.6024859953 136337.4467338708
125812.1901658726 140641.6568132078
132539.5229866840 132511.4822189045
124050.2696651840 136815.6922982416
123569.7458922689 133946.2189120169

127253.7614846179 132352.0670307809
127734.2852575330 138409.8441794775
123890.0950742123 136337.4467338708
131578.4754408538 131554.9910901629
129976.7295311368 138888.0897438483
131258.1262589104 132830.3125951517
127253.7614846179 132989.7277832753
124851.1426200424 135221.5404170056
123249.3967103255 134583.8796645112
132219.1738047406 133786.8037238932
128374.9836214198 138409.8441794775
120366.2540728349 135540.3707932528
129175.8565762783 139525.7504963427
127734.2852575330 136178.0315457472
129336.0311672500 133946.2189120169
126452.8885297594 136337.4467338708
129496.2057582217 137453.3530507360
130457.2533040519 140641.6568132078
119245.0319360330 135699.7859813764
131578.4754408538 133786.8037238932
130937.7770769670 139206.9201200955
125812.1901658726 139844.5808725899
129496.2057582217 141279.3175657023
124210.4442561556 133467.9733476461
121487.4762096368 136656.2771101180
129976.7295311368 140482.2416250843
131898.8246227972 133627.3885357697
125491.8409839292 140322.8264369607
127253.7614846179 137134.5226744888
126132.5393478160 136975.1074863652
130297.0787130802 136178.0315457472
128855.5073943349 132033.2366545337
128855.5073943349 140163.4112488371
127574.1106665613 135859.2011695000
129496.2057582217 139366.3353082191
126933.4123026745 134265.0492882641
130297.0787130802 133308.5581595225
130297.0787130802 142235.8086944438
130457.2533040519 130279.6695851742
123569.7458922689 137612.7682388595
129336.0311672500 137453.3530507360
130777.6024859953 134105.6341001405
128054.6344394764 136018.6163576236
129175.8565762783 142076.3935063202
120686.6032547783 138091.0138032303
123890.0950742123 134265.0492882641
129175.8565762783 135699.7859813764
124851.1426200424 136337.4467338708
130297.0787130802 135699.7859813764
123089.2221193538 138091.0138032303
126613.0631207311 138409.8441794775
130457.2533040519 131236.1607139157
119405.2065270047 135380.9556051292
128695.3328033632 136018.6163576236
127734.2852575330 140003.9960607135
130297.0787130802 140163.4112488371
122929.0475283821 135699.7859813764
130457.2533040519 137293.9378626124
129496.2057582217 134902.7100407584
126132.5393478160 134583.8796645112
123249.3967103255 133467.9733476461
124210.4442561556 135062.1252288820
122288.3491644953 134583.8796645112
124851.1426200424 139685.1656844663
119245.0319360330 136018.6163576236
121167.1270276934 134743.2948526348
130937.7770769670 135062.1252288820
122608.6983464387 139047.5049319719
130777.6024859953 135221.5404170056
131258.1262589104 138409.8441794775

129816.5549401651 142554.6390706910
128374.9836214198 141279.3175657023
131097.9516679387 138888.0897438483
130937.7770769670 138250.4289913539
120206.0794818632 137293.9378626124
121647.6508006085 136018.6163576236
130617.4278950236 132511.4822189045
132539.5229866840 131714.4062782865
127894.4598485047 131395.5759020393
132859.8721686274 129642.0088326798
127093.5868936462 137772.1834269831
130777.6024859953 130757.9151495449
123890.0950742123 135859.2011695000
129175.8565762783 134424.4644763877
128214.8090304481 139844.5808725899
122768.8729374104 136337.4467338708
132219.1738047406 130917.3303376685
121006.9524367217 135380.9556051292
131258.1262589104 134105.6341001405
124851.1426200424 138250.4289913539
129976.7295311368 138888.0897438483
130937.7770769670 138569.2593676011
123249.3967103255 137612.7682388595
127253.7614846179 141119.9023775786
131097.9516679387 137453.3530507360
128695.3328033632 132830.3125951517
119405.2065270047 136018.6163576236
125812.1901658726 135380.9556051292
123729.9204832406 134583.8796645112
125331.6663929575 137293.9378626124
127734.2852575330 138409.8441794775
123569.7458922689 136496.8619219944
125491.8409839292 139047.5049319719
126292.7139387877 138728.6745557247
122929.0475283821 137931.5986151067
128855.5073943349 141757.5631300730
126292.7139387877 138091.0138032303
123249.3967103255 133467.9733476461
124370.6188471273 136496.8619219944
128214.8090304481 140322.8264369607
130136.9041221085 134424.4644763877
128054.6344394764 136178.0315457472
122608.6983464387 138250.4289913539
120686.6032547783 137931.5986151067
126132.5393478160 132192.6518426573
128855.5073943349 137293.9378626124
128535.1582123915 131395.5759020393
123890.0950742123 133308.5581595225
127093.5868936462 133627.3885357697
131258.1262589104 132511.4822189045
126613.0631207311 135221.5404170056
126613.0631207311 134743.2948526348
120045.9048908915 135221.5404170056
126773.2377117028 137453.3530507360
122608.6983464387 136815.6922982416
124210.4442561556 137453.3530507360
127093.5868936462 134583.8796645112
131097.9516679387 131873.8214664101
130136.9041221085 142076.3935063202
124050.2696651840 137134.5226744888
119084.8573450613 136337.4467338708
131418.3008498821 130757.9151495449
124530.7934380990 140003.9960607135
122608.6983464387 138728.6745557247
126773.2377117028 136018.6163576236
130297.0787130802 131236.1607139157
131258.1262589104 134583.8796645112
124210.4442561556 135062.1252288820
132219.1738047406 132830.3125951517
130136.9041221085 139525.7504963427

130297.0787130802 142873.4694469382
129656.3803491934 141438.7327538258
128374.9836214198 141279.3175657023
130136.9041221085 140801.0720013314
128054.6344394764 140641.6568132078
130136.9041221085 139525.7504963427
126933.4123026745 139366.3353082191
130297.0787130802 139206.9201200955
131097.9516679387 139047.5049319719
128855.5073943349 138728.6745557247
124050.2696651840 138569.2593676011
119885.7302999198 137931.5986151067
125331.6663929575 137931.5986151067
125812.1901658726 137612.7682388595
126773.2377117028 137453.3530507360
127413.9360755896 137293.9378626124
120206.0794818632 137134.5226744888
120846.7778457500 137134.5226744888
123249.3967103255 137134.5226744888
129496.2057582217 136496.8619219944
116842.4130714575 136337.4467338708
130136.9041221085 136178.0315457472
121807.8253915802 135859.2011695000
119565.3811179764 135540.3707932528
131258.1262589104 135540.3707932528
131418.3008498821 135380.9556051292
123249.3967103255 135221.5404170056
129175.8565762783 134902.7100407584
132058.9992137689 134902.7100407584
121647.6508006085 134265.0492882641
128374.9836214198 133149.1429713989
128054.6344394764 132989.7277832753
129976.7295311368 132670.8974070281
127734.2852575330 132511.4822189045
131418.3008498821 132352.0670307809
130297.0787130802 130598.4999614214
132539.5229866840 130279.6695851742
132859.8721686274 129642.0088326798
133020.0467595991 129163.7632683090
128535.1582123915 138888.0897438483
124050.2696651840 133786.8037238932
120045.9048908915 135540.3707932528
129496.2057582217 134105.6341001405
125331.6663929575 136975.1074863652
130777.6024859953 133786.8037238932
126452.8885297594 135699.7859813764
126132.5393478160 137134.5226744888
120045.9048908915 136018.6163576236
131738.6500318255 136337.4467338708
121006.9524367217 136496.8619219944
131097.9516679387 131873.8214664101
121006.9524367217 135699.7859813764
131418.3008498821 136656.2771101180
129175.8565762783 135859.2011695000
125491.8409839292 133627.3885357697
126613.0631207311 136815.6922982416
131898.8246227972 133786.8037238932
129336.0311672500 132192.6518426573
127093.5868936462 135221.5404170056
119084.8573450613 135699.7859813764
126613.0631207311 137134.5226744888
117803.4606172877 136656.2771101180
128054.6344394764 138888.0897438483
124370.6188471273 139685.1656844663
130136.9041221085 133946.2189120169
130617.4278950236 132511.4822189045
132379.3483957123 131076.7455257921
131898.8246227972 130279.6695851742
128535.1582123915 139366.3353082191
131097.9516679387 133627.3885357697

129656.3803491934 141438.7327538258
128374.9836214198 141279.3175657023
130136.9041221085 140801.0720013314
130297.0787130802 139206.9201200955
122128.1745735236 139047.5049319719
126292.7139387877 138728.6745557247
125011.3172110141 138409.8441794775
126773.2377117028 137453.3530507360
127413.9360755896 137293.9378626124
120846.7778457500 137134.5226744888
129496.2057582217 136496.8619219944
131738.6500318255 136337.4467338708
129175.8565762783 135859.2011695000
129656.3803491934 135699.7859813764
119565.3811179764 135540.3707932528
120045.9048908915 135540.3707932528
120206.0794818632 135540.3707932528
131258.1262589104 135540.3707932528
122608.6983464387 135221.5404170056
126132.5393478160 134902.7100407584
129175.8565762783 134902.7100407584
132058.9992137689 134902.7100407584
121647.6508006085 134265.0492882641
125491.8409839292 133786.8037238932
127253.7614846179 133627.3885357697
131898.8246227972 133149.1429713989
127413.9360755896 132989.7277832753
129976.7295311368 132670.8974070281
125972.3647568443 132511.4822189045
127734.2852575330 132511.4822189045
130617.4278950236 132511.4822189045
131097.9516679387 131873.8214664101
128535.1582123915 131395.5759020393
128855.5073943349 131076.7455257921
131097.9516679387 130757.9151495449
132058.9992137689 130598.4999614214
132539.5229866840 130279.6695851742
132058.9992137689 129482.5936445562
131097.9516679387 133627.3885357697
124530.7934380990 134902.7100407584
121006.9524367217 135699.7859813764
127093.5868936462 135859.2011695000
130136.9041221085 136178.0315457472
119084.8573450613 136178.0315457472
129336.0311672500 137453.3530507360
125812.1901658726 140801.0720013314
131418.3008498821 132352.0670307809
132859.8721686274 129642.0088326798
126132.5393478160 139685.1656844663
128374.9836214198 134902.7100407584
130777.6024859953 133786.8037238932
129336.0311672500 139366.3353082191
125491.8409839292 140641.6568132078
124530.7934380990 133627.3885357697
121807.8253915802 135859.2011695000
130136.9041221085 130917.3303376685
123409.5713012972 137453.3530507360
129976.7295311368 140641.6568132078
127253.7614846179 140960.4871894550
124370.6188471273 139685.1656844663
121967.9999825519 136337.4467338708
124690.9680290707 133467.9733476461
128374.9836214198 133149.1429713989
128054.6344394764 138888.0897438483
123249.3967103255 135221.5404170056
131097.9516679387 138888.0897438483
133500.5705325141 129004.3480801854
125652.0155749009 139844.5808725899
131258.1262589104 137931.5986151067
126292.7139387877 139206.9201200955

129496.2057582217 141598.1479419494
126613.0631207311 140641.6568132078
125652.0155749009 139844.5808725899
123890.0950742123 139685.1656844663
122128.1745735236 139047.5049319719
131097.9516679387 139047.5049319719
125331.6663929575 137931.5986151067
129336.0311672500 137453.3530507360
123249.3967103255 137134.5226744888
131418.3008498821 136656.2771101180
121167.1270276934 136496.8619219944
126292.7139387877 136337.4467338708
119084.8573450613 136178.0315457472
121807.8253915802 135859.2011695000
127093.5868936462 135859.2011695000
121006.9524367217 135699.7859813764
119565.3811179764 135540.3707932528
131258.1262589104 135540.3707932528
131418.3008498821 135380.9556051292
121647.6508006085 134265.0492882641
131578.4754408538 134265.0492882641
124050.2696651840 133786.8037238932
131097.9516679387 133308.5581595225
132219.1738047406 132830.3125951517
128695.3328033632 131395.5759020393
131097.9516679387 130757.9151495449
130297.0787130802 130598.4999614214
130777.6024859953 130598.4999614214
132058.9992137689 130598.4999614214
131898.8246227972 130279.6695851742
133180.2213505707 129482.5936445562
131097.9516679387 133627.3885357697
127894.4598485047 131395.5759020393
129175.8565762783 135859.2011695000
129175.8565762783 135540.3707932528
122608.6983464387 137293.9378626124
123249.3967103255 135221.5404170056
128054.6344394764 133946.2189120169
127734.2852575330 135540.3707932528
126132.5393478160 139685.1656844663
130136.9041221085 130917.3303376685
125331.6663929575 137453.3530507360
133020.0467595991 129163.7632683090
126452.8885297594 132989.7277832753
132699.6975776557 130120.2543970506
130457.2533040519 132511.4822189045
121807.8253915802 134743.2948526348
131258.1262589104 137931.5986151067
130297.0787130802 131236.1607139157
132058.9992137689 129482.5936445562
125812.1901658726 140801.0720013314
127734.2852575330 132511.4822189045
131097.9516679387 131873.8214664101
128855.5073943349 138091.0138032303
127574.1106665613 132033.2366545337
124690.9680290707 133467.9733476461
129175.8565762783 139525.7504963427
121006.9524367217 137772.1834269831
120846.7778457500 137134.5226744888
124370.6188471273 139685.1656844663
130937.7770769670 136018.6163576236
125652.0155749009 138569.2593676011
126292.7139387877 139206.9201200955
129656.3803491934 135699.7859813764
128054.6344394764 132989.7277832753
128374.9836214198 141279.3175657023
132539.5229866840 130279.6695851742
130136.9041221085 140801.0720013314
131097.9516679387 137453.3530507360
120846.7778457500 138409.8441794775

130297.0787130802 142873.4694469382
126452.8885297594 141119.9023775786
128054.6344394764 140641.6568132078
124370.6188471273 139685.1656844663
130136.9041221085 139525.7504963427
130297.0787130802 139206.9201200955
131097.9516679387 139047.5049319719
125331.6663929575 137931.5986151067
126773.2377117028 137453.3530507360
129656.3803491934 137453.3530507360
127413.9360755896 137293.9378626124
131578.4754408538 137293.9378626124
120846.7778457500 137134.5226744888
131418.3008498821 136656.2771101180
121167.1270276934 136496.8619219944
129496.2057582217 136496.8619219944
131738.6500318255 136337.4467338708
121807.8253915802 135859.2011695000
121006.9524367217 135699.7859813764
119565.3811179764 135540.3707932528
131258.1262589104 135540.3707932528
131418.3008498821 135380.9556051292
124530.7934380990 134902.7100407584
132058.9992137689 134902.7100407584
121647.6508006085 134265.0492882641
128054.6344394764 133946.2189120169
131097.9516679387 133627.3885357697
124690.9680290707 133467.9733476461
127413.9360755896 132989.7277832753
129976.7295311368 132670.8974070281
127734.2852575330 132511.4822189045
128855.5073943349 131076.7455257921
129496.2057582217 131076.7455257921
132379.3483957123 131076.7455257921
130136.9041221085 130917.3303376685
131097.9516679387 130757.9151495449
130297.0787130802 130598.4999614214
132058.9992137689 130598.4999614214
131898.8246227972 130279.6695851742
132539.5229866840 130279.6695851742
132699.6975776557 130120.2543970506
133180.2213505707 129482.5936445562
133020.0467595991 129163.7632683090
129175.8565762783 135859.2011695000
127093.5868936462 135859.2011695000
125972.3647568443 132511.4822189045
130617.4278950236 132511.4822189045
128374.9836214198 141279.3175657023
129175.8565762783 134902.7100407584
132859.8721686274 129642.0088326798
131097.9516679387 131873.8214664101
120206.0794818632 137134.5226744888
128054.6344394764 136178.0315457472
131258.1262589104 137931.5986151067
129336.0311672500 132192.6518426573
132058.9992137689 129482.5936445562
128535.1582123915 139366.3353082191
122128.1745735236 139047.5049319719
126773.2377117028 140641.6568132078
128695.3328033632 131395.5759020393
116842.4130714575 136337.4467338708
126933.4123026745 139366.3353082191
120045.9048908915 135540.3707932528
123249.3967103255 137134.5226744888
125011.3172110141 138409.8441794775
125972.3647568443 135221.5404170056
125812.1901658726 140801.0720013314
122608.6983464387 135221.5404170056
128054.6344394764 132989.7277832753
130136.9041221085 136178.0315457472

132058.9992137689 134743.2948526348
129336.0311672500 135380.9556051292
129496.2057582217 138888.0897438483
129015.6819853066 133946.2189120169
127093.5868936462 133467.9733476461
123890.0950742123 139366.3353082191
122929.0475283821 137612.7682388595
124370.6188471273 133946.2189120169
132539.5229866840 130917.3303376685
121167.1270276934 134424.4644763877
127574.1106665613 140482.2416250843
129656.3803491934 141279.3175657023
120366.2540728349 137772.1834269831
121967.9999825519 134265.0492882641
127734.2852575330 137134.5226744888
125011.3172110141 138569.2593676011
129336.0311672500 131873.8214664101
129656.3803491934 131714.4062782865
125331.6663929575 133149.1429713989
123729.9204832406 135699.7859813764
130136.9041221085 139685.1656844663
125972.3647568443 135380.9556051292
129816.5549401651 136337.4467338708
122288.3491644953 134265.0492882641
123569.7458922689 138569.2593676011
127574.1106665613 139525.7504963427
122929.0475283821 133627.3885357697
130136.9041221085 136178.0315457472
126452.8885297594 136018.6163576236
125171.4918019858 138888.0897438483
124370.6188471273 139366.3353082191
129496.2057582217 139685.1656844663
126933.4123026745 138091.0138032303
123409.5713012972 139525.7504963427
117162.7622534009 136337.4467338708
129336.0311672500 139525.7504963427
123569.7458922689 135380.9556051292
118444.1589811745 137134.5226744888
129496.2057582217 140960.4871894550
125011.3172110141 133627.3885357697
130617.4278950236 140641.6568132078
132699.6975776557 131554.9910901629
132219.1738047406 134424.4644763877
131738.6500318255 136018.6163576236
129015.6819853066 131076.7455257921
126292.7139387877 134902.7100407584
129656.3803491934 134105.6341001405
132379.3483957123 129801.4240208034
124370.6188471273 136656.2771101180
125011.3172110141 138250.4289913539
130937.7770769670 131873.8214664101
125331.6663929575 140322.8264369607
124370.6188471273 138091.0138032303
126613.0631207311 136178.0315457472
131258.1262589104 129960.8392089270
131418.3008498821 135062.1252288820
128535.1582123915 132830.3125951517
125652.0155749009 133627.3885357697
120045.9048908915 135062.1252288820
123729.9204832406 135221.5404170056
129816.5549401651 140801.0720013314
130457.2533040519 138728.6745557247
124851.1426200424 136496.8619219944
131578.4754408538 135540.3707932528
124050.2696651840 139366.3353082191
122929.0475283821 137772.1834269831
122128.1745735236 135699.7859813764
129496.2057582217 140322.8264369607
130136.9041221085 131714.4062782865
117483.1114353443 136337.4467338708

123409.5713012972 137293.9378626124
127734.2852575330 137931.5986151067
130777.6024859953 133308.5581595225
127894.4598485047 136975.1074863652
125331.6663929575 138569.2593676011
127253.7614846179 134743.2948526348
133020.0467595991 129801.4240208034
128855.5073943349 140801.0720013314
124851.1426200424 135062.1252288820
129496.2057582217 132192.6518426573
130297.0787130802 135062.1252288820
128374.9836214198 138888.0897438483
121647.6508006085 136656.2771101180
127894.4598485047 132352.0670307809
128214.8090304481 138250.4289913539
129816.5549401651 134265.0492882641
120045.9048908915 135221.5404170056
129175.8565762783 137931.5986151067
127413.9360755896 135380.9556051292
123890.0950742123 138569.2593676011
123729.9204832406 136815.6922982416
129976.7295311368 136178.0315457472
128054.6344394764 131714.4062782865
132379.3483957123 133627.3885357697
130937.7770769670 134105.6341001405
128855.5073943349 142076.3935063202
122288.3491644953 138569.2593676011
131097.9516679387 135062.1252288820
128535.1582123915 141119.9023775786
130617.4278950236 141119.9023775786
132219.1738047406 134265.0492882641
125171.4918019858 136815.6922982416
128855.5073943349 140641.6568132078
117803.4606172877 136178.0315457472
123569.7458922689 136337.4467338708
123729.9204832406 135540.3707932528
119084.8573450613 135380.9556051292
130937.7770769670 135221.5404170056
122929.0475283821 137612.7682388595
128855.5073943349 141916.9783181966
130937.7770769670 131714.4062782865
127413.9360755896 138888.0897438483
133180.2213505707 129004.3480801854
131097.9516679387 132033.2366545337
122768.8729374104 138091.0138032303
130777.6024859953 139366.3353082191
128535.1582123915 138888.0897438483
127413.9360755896 133786.8037238932
130937.7770769670 130917.3303376685
131258.1262589104 134424.4644763877
128695.3328033632 133308.5581595225
124690.9680290707 133627.3885357697
129976.7295311368 130598.4999614214
131898.8246227972 134265.0492882641
126452.8885297594 136975.1074863652
125171.4918019858 138250.4289913539
130136.9041221085 134265.0492882641
129976.7295311368 135699.7859813764
126933.4123026745 137772.1834269831
131258.1262589104 132830.3125951517
123249.3967103255 138091.0138032303
129656.3803491934 136178.0315457472
130136.9041221085 133467.9733476461
124210.4442561556 134424.4644763877
122448.5237554670 134105.6341001405
125331.6663929575 138728.6745557247
122128.1745735236 134743.2948526348
123569.7458922689 139206.9201200955
125171.4918019858 134424.4644763877
131578.4754408538 135699.7859813764

125812.1901658726 132670.8974070281
125011.3172110141 139685.1656844663
128535.1582123915 136975.1074863652
127413.9360755896 133149.1429713989
125812.1901658726 133149.1429713989
123089.2221193538 135380.9556051292
123890.0950742123 135062.1252288820
120526.4286638066 135699.7859813764
122448.5237554670 138569.2593676011
120366.2540728349 136018.6163576236
127734.2852575330 137931.5986151067
124210.4442561556 133149.1429713989
122768.8729374104 138250.4289913539
129015.6819853066 132830.3125951517
125171.4918019858 138250.4289913539
126292.7139387877 132670.8974070281
125812.1901658726 139206.9201200955
125171.4918019858 133946.2189120169
119084.8573450613 135699.7859813764
130297.0787130802 140482.2416250843
129976.7295311368 141279.3175657023
132699.6975776557 132033.2366545337
128855.5073943349 140960.4871894550
128535.1582123915 135699.7859813764
124690.9680290707 139844.5808725899
126452.8885297594 135540.3707932528
128054.6344394764 134265.0492882641
131578.4754408538 136656.2771101180
118444.1589811745 136178.0315457472
123089.2221193538 136656.2771101180
123409.5713012972 137772.1834269831
129496.2057582217 139525.7504963427
125491.8409839292 133149.1429713989
126292.7139387877 134902.7100407584
128374.9836214198 137134.5226744888
127574.1106665613 138888.0897438483
123569.7458922689 137612.7682388595
123089.2221193538 136975.1074863652
127253.7614846179 139685.1656844663
131097.9516679387 132192.6518426573
130136.9041221085 135221.5404170056
129816.5549401651 135221.5404170056
130777.6024859953 137293.9378626124
124530.7934380990 136656.2771101180
131418.3008498821 131714.4062782865
130617.4278950236 140960.4871894550
131578.4754408538 133627.3885357697
129175.8565762783 138250.4289913539
127093.5868936462 133786.8037238932
123729.9204832406 138409.8441794775
133020.0467595991 129801.4240208034
121167.1270276934 135699.7859813764
132859.8721686274 129960.8392089270
128695.3328033632 141119.9023775786
123890.0950742123 139366.3353082191
131418.3008498821 130598.4999614214
128695.3328033632 132670.8974070281
127093.5868936462 134105.6341001405
130777.6024859953 130279.6695851742
130457.2533040519 132511.4822189045
127734.2852575330 141119.9023775786
130136.9041221085 134743.2948526348
128214.8090304481 132033.2366545337
128535.1582123915 142076.3935063202
130617.4278950236 140163.4112488371
129656.3803491934 134743.2948526348
117963.6352082594 136975.1074863652
123249.3967103255 139525.7504963427
129496.2057582217 137453.3530507360
133020.0467595991 130917.3303376685

