455290784.1343091130 2602314.6337890625
456631429.6117588282 2820239.4199218750
468418980.3344681859 2903043.4003906250
459767596.7855774164 2864494.4042968750
455534597.5845380425 2644141.7558593750
461814706.1929773688 2884355.2192382812
460910967.9543319941 2875133.0273437500
479019536.9938316345 2919546.2929687500
456085111.0789446235 2792436.4501953125
459651538.5339307189 2857668.6689453125
472062421.6017466784 2918626.7412109375
462476328.3539848328 2900912.6113281250
458476231.3603830338 2845248.9072265625
458871966.6470470428 2847000.5463867188
456622334.6904133558 2812023.0258789062
456226417.5181729198 2802211.3671875000
468972556.5935724378 2909580.2275390625
459377177.7740548253 2857513.3266601562
456957005.3296310902 2843293.4677734375
456556771.6945118308 2807062.3789062500
459162058.2899322510 2855497.2070312500
455427071.9388788939 2618997.0351562500
455711461.3814697862 2789005.3203125000
