675471471.5897223949 81799.6492996216
673095013.2677165270 81392.0353879929
671061904.6479350328 81034.5645027161
681744432.7044169903 82787.5505867004
675394129.8224920034 81665.6703853607
677730436.7911649942 81860.1831254959
669206104.2518899441 78358.2089157104
689072154.9769368172 83795.3630371094
682585681.3196140528 83087.6490125656
669646966.5098384619 79134.1265058517
681837735.0428426266 82788.7130393982
668943843.8767393827 77160.6139774323
684143497.7330322266 83505.4139347076
667381127.8401288986 76824.0685796738
678500965.5905766487 82455.3469791412
