562193321.3473761082 5201060.7529296875
551858780.4631786346 5181087.5273437500
542581646.2281054258 5104224.4365234375
572076767.6102396250 5225887.8193359375
558307723.7510319948 5188640.0703125000
550837134.2751374245 5178982.7851562500
559976218.5000444651 5194314.7451171875
563146218.1271771193 5206732.4208984375
547315585.1068515778 5144881.7001953125
546459203.4847605228 5141025.5039062500
547947951.3703112602 5160917.3935546875
577826787.0609608889 5234113.3730468750
561920827.9471971989 5199580.8554687500
541095789.9047940969 5101916.2402343750
563456213.1728014946 5212929.1865234375
582737075.2708401680 5237654.1132812500
554964482.2407950163 5185985.1689453125
537637117.0342305899 5090175.6669921875
563654036.9913229942 5213371.5205078125
567541927.3228027821 5222437.6884765625
543210940.9853544235 5139337.3857421875
