637963348.9042323828 1627340.6726684570
653776283.7627015114 1755138.5556640625
653902354.9570475817 1767538.2075195312
656234339.0179749727 1785964.9275512695
640089741.0365881920 1664108.5497741699
639197079.8109239340 1647506.5436096191
644812909.3634192944 1704485.2473144531
648138151.1577246189 1737622.9499511719
652690326.3578473330 1738316.7241210938
653234290.0002597570 1753837.2642211914
655722841.5538148880 1772795.4854736328
654901569.5716620684 1769350.1183471680
639842498.7102797031 1651253.4304656982
645006306.4554075003 1709985.0837402344
643531932.2130924463 1696968.2505798340
647705029.8150739670 1710964.7566375732
640471448.7107329369 1679153.4375610352
