158561022.6317706704 1130888.0117187500
159436619.6166551709 1134132.6684570312
158425393.5202297270 1127417.3637695312
155906871.1065435112 991445.9031982422
156763530.5832982361 1096153.8930664062
160581365.9886628091 1162356.7363281250
159800352.3740261793 1136438.8774414062
156198325.2883260250 1079301.0214843750
163939862.4164783657 1163780.1884765625
156635957.2902579308 1086016.9604492188
157313929.5293517709 1097628.3676757812
157490950.1042644382 1097759.2502441406
157507200.4702028930 1118725.4750976562
159910525.8021788597 1149012.0078125000
