155497685.9290877879 570576.6337890625
162978892.7530504465 611017.4562988281
157087545.0999241769 592823.7824707031
158398772.9428666532 598304.4730224609
161162827.8715301156 607045.0084228516
157885362.2439359725 596230.5956420898
156056743.0714976192 586263.7072753906
155701455.5860321522 575008.0656127930
165804151.9818606377 617735.8924560547
154944273.6052374840 561869.9399414062
165819509.8666682243 625417.3979492188
160349091.9527797103 606464.0159912109
157548556.6869810224 594650.9158935547
157884820.7108201087 596093.4396972656
163028681.4867038429 613191.0034179688
155684153.3497257233 571023.5229492188
162982117.5554466248 612222.1995849609
154613956.7278758585 545428.4068603516
165701030.6142018735 615621.4582519531
155408641.2926676571 567874.3930664062
158111432.3102448881 596915.9999389648
154906390.3387625217 558275.6630859375
158225740.4367098808 598098.7287597656
163490580.6488808393 615186.1658935547
162622673.3245222867 609272.8698730469
153983130.5415506661 537878.0529785156
158640735.0515681207 604338.5996093750
156418476.2080204189 592570.9138183594
