155436461.0171040297 35560.3554382324
160171643.6620489955 36533.4305114746
153521943.1874613762 34981.5117263794
160659425.6875448823 36689.6537322998
152514405.5827881098 34072.1864948273
151551486.4688895643 33564.0012779236
150711778.1792450249 32688.5614356995
153692038.0487791002 35039.2863006592
152808939.7606360018 34790.5091705322
151053852.5274829865 32969.7073154449
160897982.7179265618 36814.6102752686
151208089.5998661816 32998.6122665405
155699659.6170916557 35687.2951431274
152019463.9335675836 33979.2253141403
153835753.5397503376 35538.2026901245
155991371.1164982021 36471.2753486633
