250428626.3394784033 2363242.9355468750
256052198.3004823327 2366951.4404296875
246227109.4559637606 2354377.9169921875
244441869.4442753196 2334849.2812500000
245053760.4455955625 2338256.4843750000
248507942.7157547176 2361966.3271484375
241963826.5376420319 2334712.2060546875
247987715.7415436208 2356244.8623046875
244617737.3748395145 2335522.3007812500
256830210.4764454663 2369111.0078125000
241959910.0577498972 2297974.1044921875
248192764.4155751467 2359619.2119140625
247598746.6055515409 2354442.6660156250
241697003.7892524898 2289590.8242187500
241468952.7180129886 2235445.1015625000
250334544.1106978357 2362766.9550781250
245533736.3517128229 2348476.3134765625
