487537207.4503214359 22401.2936306000
474275942.4875817299 21491.9269142151
470459302.9019345641 20478.7263088226
477564239.2904472351 22205.1774892807
476275890.0357731581 21789.9671144485
480300143.6564090848 22290.3052387238
484611613.9334033132 22306.8578720093
477306616.1444273591 21869.3939638138
475903168.8633310795 21785.1906168461
483086503.4071788788 22306.4512910843
485194752.4727317095 22362.9178152084
474950226.0024293065 21591.9929037094
476897220.0385003686 21796.9804677963
474679144.3223569989 21568.1607227325
473448712.6288787127 21304.2570381165
472727811.0733630657 21160.5133190155
