930488539.9478809834 5516408.6098632812
917233493.5221912861 5486733.8095703125
932714801.0447689295 5516718.8686523438
932764606.0962835550 5524100.2656250000
924731343.2259950638 5512271.1669921875
935513299.7599411011 5529551.7514648438
904368396.2645838261 5406946.9965820312
930055597.6413160563 5513112.6865234375
912738901.9101319313 5439262.4487304688
935683576.6695288420 5533383.6083984375
906868031.7988919020 5431063.2065429688
914540148.7717632055 5478341.7778320312
935480988.7483100891 5528981.3471679688
903357109.5456310511 5305790.4394531250
913521203.7982769012 5453255.1870117188
913105720.7597304583 5447955.9702148438
923924747.2529999018 5486770.3964843750
