131123.4731761525 154841.4677287442
128093.5094488983 156924.0377150697
128093.5094488983 140423.6755157209
122830.9408699830 149554.9439173023
132877.6627024576 152598.7000511628
135907.6264297118 155322.0608025116
122990.4126451017 151797.7115948837
122193.0537695085 154681.2700374884
122352.5255446271 150996.7231386047
134791.3240038813 156123.0492587907
128412.4529991356 140904.2685894883
129369.2836498475 147472.3739309767
122193.0537695085 156283.2469500465
127774.5658986610 142666.4431933023
128093.5094488983 150676.3277560930
131123.4731761525 138501.3032206511
127615.0941235424 150996.7231386047
125541.9610470000 140744.0708982325
121076.7513436780 156924.0377150697
131282.9449512712 146671.3854746977
131282.9449512712 154040.4792724651
123149.8844202203 142346.0478107907
122830.9408699830 147952.9670047442
125541.9610470000 147792.7693134884
122511.9973197458 146350.9900921860
123947.2432958135 155161.8631112558
122193.0537695085 155642.4561850232
135588.6828794746 151477.3162123721
135110.2675541186 155482.2584937675
131761.3602766271 154200.6769637209
129528.7554249661 145389.8039446512
123628.2997455763 148753.9554610233
123468.8279704576 157885.2238626046
126817.7352479491 142826.6408845581
127136.6787981864 139622.6870594418
123628.2997455763 142826.6408845581
135588.6828794746 154841.4677287442
125701.4328221186 155482.2584937675
124106.7150709322 153239.4908161861
130007.1707503220 145229.6062533953
127615.0941235424 149074.3508435349
131761.3602766271 156123.0492587907
135790.4255517763 134338.1403261648
126371.9974686974 131776.4485800549
126212.3630944079 116566.4038375275
134992.2536803290 112883.9719524945
125893.0943458290 127293.4880243626
111685.6350340658 120408.9414566923
124456.3849772237 110642.4916746484
116155.3975141711 121849.8930638791
113760.8818998289 114645.1350279451
137706.0380432500 108881.3285991978
124775.6537258026 122810.5274686703
117911.3756313553 116406.2981033956
116634.3006370395 127613.6994926264
127968.3412115921 125052.0077465165
128606.8787087500 111282.9146111758
129085.7818316184 114324.9235596813
133715.1786860132 111443.0203453077
128447.2443344605 128414.2281632857
121902.2349885921 123931.2676075934
116793.9350113289 127933.9109608901
119348.0849999605 115605.7694327363
116155.3975141711 113204.1834207582
131001.3943230921 128094.0166950220
127489.4380887237 128254.1224291538
122860.0412343289 130815.8141752637
111845.2694083553 124891.9020123846
124296.7506029342 119608.4127860330
127489.4380887237 124251.4790758571
136748.2317975132 108881.3285991978
120784.7943685658 124571.6905441209
123338.9443571974 120248.8357225604
121263.6974914342 127773.8052267582
128447.2443344605 127133.3822902308
118709.5475028026 119128.0955836374
120146.2568714079 119928.6242542967
118869.1818770921 117206.8267740549
127489.4380887237 131776.4485800549
127170.1693401447 121049.3643932198
124296.7506029342 123771.1618734615
126371.9974686974 112083.4432818352
120625.1599942763 125852.5364171758
126052.7287201184 113044.0776866264
123817.8474800658 112723.8662183626
113920.5162741184 118487.6726471099
121742.6006143026 111443.0203453077
128287.6099601711 119928.6242542967
136428.9630489342 135298.7747309561
121902.2349885921 111763.2318135714
132278.4693174079 113044.0776866264
130522.4912002237 130175.3912387362
137706.0380432500 136419.5148698791
113441.6131512500 116886.6153057912
127170.1693401447 120729.1529249560
122381.1381114605 110962.7031429121
135311.5224289079 111603.1260794395
126052.7287201184 128094.0166950220
118869.1818770921 127453.5937584945
119348.0849999605 125372.2192147802
114559.0537712763 119608.4127860330
126052.7287201184 114965.3464962088
111845.2694083553 119448.3070519011
114239.7850226974 124571.6905441209
120465.5256199868 128894.5453656813
132278.4693174079 113364.2891548901
119188.4506256711 119608.4127860330
120784.7943685658 126172.7478854395
115516.8600170132 127773.8052267582
115197.5912684342 115925.9809010000
128766.5130830395 127613.6994926264
123498.5787314869 126332.8536195714
123019.6756086184 118007.3554447143
136748.2317975132 135138.6689968242
112004.9037826447 118327.5669129780
128926.1474573289 112883.9719524945
123338.9443571974 117046.7210399231
126052.7287201184 112403.6547500989
131959.2005688289 110482.3859405165
135471.1568031974 133377.5059213736
130043.5880773553 129054.6510998132
112004.9037826447 118167.4611788461
116793.9350113289 113524.3948890220
130682.1255745131 116406.2981033956
128926.1474573289 113524.3948890220
124296.7506029342 120088.7299884286
133076.6411888553 115125.4522303407
114399.4193969869 120889.2586590879
113441.6131512500 117847.2497105824
120305.8912456974 115445.6636986044
136269.3286746447 111122.8088770439
136109.6943003553 111603.1260794395
118869.1818770921 122490.3160004066
115516.8600170132 125212.1134806484
136428.9630489342 109361.6458015934
130043.5880773553 130015.2855046044
137865.6724175395 136899.8320722747
127489.4380887237 111603.1260794395
126691.2662172763 123130.7389369341
128127.9755858816 120729.1529249560
113760.8818998289 119128.0955836374
118709.5475028026 128574.3338974176
125893.0943458290 110642.4916746484
122221.5037371710 127293.4880243626
125733.4599715395 116246.1923692637
125733.4599715395 115765.8751668681
116793.9350113289 124411.5848099890
123658.2131057763 130015.2855046044
113122.3444026711 122490.3160004066
128127.9755858816 129855.1797704725
134832.6193060395 113524.3948890220
134034.4474345921 135298.7747309561
112803.0756540921 117366.9325081868
120944.4287428552 122810.5274686703
118230.6443799342 114485.0292938132
123019.6756086184 119448.3070519011
130043.5880773553 118647.7783812417
125094.9224743816 117847.2497105824
120146.2568714079 123450.9504051978
122381.1381114605 122490.3160004066
126371.9974686974 117366.9325081868
135630.7911774869 135939.1976674835
137546.4036689605 135939.1976674835
127968.3412115921 131456.2371117912
121742.6006143026 119288.2013177692
129724.3193287763 130015.2855046044
131959.2005688289 115285.5579644725
125733.4599715395 112243.5490159670
132118.8349431184 112883.9719524945
130043.5880773553 113684.5006231538
122381.1381114605 118327.5669129780
124775.6537258026 111923.3375477033
127808.7068373026 110482.3859405165
126691.2662172763 114965.3464962088

126817.7352479491 143627.6293408372
128412.4529991356 156283.2469500465
129688.2272000847 140583.8732069767
128252.9812240170 149234.5485347907
126179.8481474746 155001.6654200000
126339.3199225932 142826.6408845581
126817.7352479491 145069.4085621395
124266.1868460508 141064.4662807442
124106.7150709322 153079.2931249302
128890.8683244915 143147.0362670698
131920.8320517458 149234.5485347907
133356.0780278135 155482.2584937675
125701.4328221186 156443.4446413023
123468.8279704576 157084.2354063256
128412.4529991356 153239.4908161861
136386.0417550678 154360.8746549768
121555.1666690339 154360.8746549768
127934.0376737796 141705.2570457674
123149.8844202203 154040.4792724651
121395.6948939152 154681.2700374884
126179.8481474746 142986.8385758139
126977.2070230678 149394.7462260465
125063.5457216441 156763.8400238139
130645.0578507966 151957.9092861395
129369.2836498475 154681.2700374884
133515.5498029322 156283.2469500465
134791.3240038813 155001.6654200000
124585.1303962881 147952.9670047442
121236.2231187966 157084.2354063256
125063.5457216441 143787.8270320930
131442.4167263898 149394.7462260465
131123.4731761525 156123.0492587907
125382.4892718813 145069.4085621395
133515.5498029322 150195.7346823256
125063.5457216441 154360.8746549768
130166.6425254407 152758.8977424186
132080.3038268644 155962.8515675349
123309.3561953390 145870.3970184186
126179.8481474746 144108.2224146046
135907.6264297118 154360.8746549768
126658.2634728305 142025.6524282790
128890.8683244915 153880.2815812093
133395.9099374342 114805.2407620769
113601.2475255395 120889.2586590879
124296.7506029342 121689.7873297472
132118.8349431184 114485.0292938132
115995.7631398816 125852.5364171758
136269.3286746447 136099.3034016154
123019.6756086184 114645.1350279451
126691.2662172763 111603.1260794395
133874.8130603026 112403.6547500989
112962.7100283816 121369.5758614835
115197.5912684342 118167.4611788461
115197.5912684342 123450.9504051978
127649.0724630132 112563.7604842308
127649.0724630132 115925.9809010000
129724.3193287763 128734.4396315494
121582.9662400132 125532.3249489121
122381.1381114605 111923.3375477033
124616.0193515132 126332.8536195714
131161.0286973816 111443.0203453077
137865.6724175395 109521.7515357253
124935.2881000921 130815.8141752637
131639.9318202500 114965.3464962088
128287.6099601711 116726.5095716593
111206.7319111974 124411.5848099890
116953.5693856184 128414.2281632857
116315.0318884605 115925.9809010000
118230.6443799342 117527.0382423187
109770.0225425921 117206.8267740549
121423.3318657237 120569.0471908242
116155.3975141711 124731.7962782527
135311.5224289079 109361.6458015934
129085.7818316184 127293.4880243626
123498.5787314869 111763.2318135714
132917.0068145658 112883.9719524945
133236.2755631447 113684.5006231538
115836.1287655921 119288.2013177692
118390.2787542237 117527.0382423187
130203.2224516447 115925.9809010000
137386.7692946710 135618.9861992198
126212.3630944079 127613.6994926264
134513.3505574605 110802.5974087802
118869.1818770921 116406.2981033956
132438.1036916974 111603.1260794395
110887.4631626184 123931.2676075934
121104.0631171447 129534.9683022088
124935.2881000921 125372.2192147802
137386.7692946710 110482.3859405165
126531.6318429868 111923.3375477033
118390.2787542237 124411.5848099890
112643.4412798026 115445.6636986044
128926.1474573289 118647.7783812417
115995.7631398816 120088.7299884286
128127.9755858816 110322.2802063846
124935.2881000921 118807.8841153736
118549.9131285132 126492.9593537033
120305.8912456974 114965.3464962088
113601.2475255395 122330.2102662747
113281.9787769605 119448.3070519011
125573.8255972500 113844.6063572857
131001.3943230921 112243.5490159670
129564.6849544868 113204.1834207582
123498.5787314869 129534.9683022088
113122.3444026711 114645.1350279451
125733.4599715395 129374.8625680769
120625.1599942763 126172.7478854395
112483.8069055131 116726.5095716593
132917.0068145658 131776.4485800549
138025.3067918289 109361.6458015934
110568.1944140395 122009.9987980110
117432.4725084868 118327.5669129780
114718.6881455658 115605.7694327363
129724.3193287763 126492.9593537033
121902.2349885921 117366.9325081868
117751.7412570658 110962.7031429121
121742.6006143026 128734.4396315494
120784.7943685658 120729.1529249560
129405.0505801974 115925.9809010000
110089.2912911711 122490.3160004066
122381.1381114605 116726.5095716593
130841.7599488026 117527.0382423187
132118.8349431184 109361.6458015934
123019.6756086184 111923.3375477033
118709.5475028026 121049.3643932198
115357.2256427237 117046.7210399231
115676.4943913026 126813.1708219670
115357.2256427237 113844.6063572857
126691.2662172763 118647.7783812417
114239.7850226974 123450.9504051978
112324.1725312237 120569.0471908242
112164.5381569342 122330.2102662747
115197.5912684342 121369.5758614835
130522.4912002237 117847.2497105824
124616.0193515132 114485.0292938132
122540.7724857500 119928.6242542967
122221.5037371710 120408.9414566923
117113.2037599079 123290.8446710659
126531.6318429868 132096.6600483187
125573.8255972500 110642.4916746484
137386.7692946710 136259.4091357472
126691.2662172763 129214.7568339451
128606.8787087500 126012.6421513077
127649.0724630132 130975.9199093956
127649.0724630132 128734.4396315494
113122.3444026711 118167.4611788461
117432.4725084868 116246.1923692637
115995.7631398816 120729.1529249560
126691.2662172763 111122.8088770439
121902.2349885921 112563.7604842308
124137.1162286447 126813.1708219670
110248.9256654605 119448.3070519011
122700.4068600395 114645.1350279451
123179.3099829079 129214.7568339451
125414.1912229605 110162.1744722527
126212.3630944079 122170.1045321429
121902.2349885921 116726.5095716593
130522.4912002237 130655.7084411319
113601.2475255395 123931.2676075934
130043.5880773553 131936.5543141868
130841.7599488026 113044.0776866264
127808.7068373026 114645.1350279451
125893.0943458290 110482.3859405165
112803.0756540921 124251.4790758571
117751.7412570658 114164.8178255495
122061.8693628816 126172.7478854395
129245.4162059079 112403.6547500989
122221.5037371710 117206.8267740549
115516.8600170132 114164.8178255495
123019.6756086184 118487.6726471099
138344.5755404079 109041.4343333297
134672.9849317500 110482.3859405165
129245.4162059079 132096.6600483187
120625.1599942763 110962.7031429121

121076.7513436780 157404.6307888372
132080.3038268644 156603.6423325581
130804.5296259153 155802.6538762790
122671.4690948644 155001.6654200000
124904.0739465254 154841.4677287442
127296.1505733051 154521.0723462325
130326.1143005593 154200.6769637209
135269.7393292373 154200.6769637209
127615.0941235424 153720.0838899535
128890.8683244915 153720.0838899535
130485.5860756780 153239.4908161861
122352.5255446271 152438.5023599070
134950.7957790000 152438.5023599070
131442.4167263898 152278.3046686511
129369.2836498475 152118.1069773954
131442.4167263898 151957.9092861395
134472.3804536441 150836.5254473488
131282.9449512712 150676.3277560930
132558.7191522203 150355.9323735814
131761.3602766271 150195.7346823256
123787.7715206949 149715.1416085581
133356.0780278135 149715.1416085581
126020.3763723559 149554.9439173023
126977.2070230678 149234.5485347907
133196.6062526949 149234.5485347907
128412.4529991356 146991.7808572093
130964.0014010339 146831.5831659535
124585.1303962881 146511.1877834419
130326.1143005593 145870.3970184186
125860.9045972373 145229.6062533953
127455.6223484237 144428.6177971163
125223.0174967627 143627.6293408372
128571.9247742542 143627.6293408372
126977.2070230678 142826.6408845581
129369.2836498475 142346.0478107907
126817.7352479491 142185.8501195349
125063.5457216441 142025.6524282790
128731.3965493729 141705.2570457674
129209.8118747288 141384.8616632558
128252.9812240170 140263.4778244651
129688.2272000847 140263.4778244651
128412.4529991356 139622.6870594418
137546.4036689605 136579.6206040110
136748.2317975132 135939.1976674835
134513.3505574605 135779.0919333516
129405.0505801974 133537.6116555055
130682.1255745131 133537.6116555055
133555.5443117237 133217.4001872417
128447.2443344605 133057.2944531099
129724.3193287763 132256.7657824506
132118.8349431184 132256.7657824506
124935.2881000921 131616.3428459231
129564.6849544868 131616.3428459231
126212.3630944079 130815.8141752637
132917.0068145658 130815.8141752637
129085.7818316184 130335.4969728681
130203.2224516447 130335.4969728681
131639.9318202500 130015.2855046044
121582.9662400132 129695.0740363407
125414.1912229605 129374.8625680769
119348.0849999605 129054.6510998132
131639.9318202500 129054.6510998132
130841.7599488026 128894.5453656813
128766.5130830395 128574.3338974176
123019.6756086184 128254.1224291538
129883.9537030658 128254.1224291538
119667.3537485395 127453.5937584945
118869.1818770921 127293.4880243626
128766.5130830395 126172.7478854395
115516.8600170132 125852.5364171758
125893.0943458290 125692.4306830440
112164.5381569342 125372.2192147802
124616.0193515132 125372.2192147802
118071.0100056447 125052.0077465165
119507.7193742500 125052.0077465165
112483.8069055131 124891.9020123846
119826.9881228289 124891.9020123846
125254.5568486710 124891.9020123846
115037.9568941447 124731.7962782527
116634.3006370395 124571.6905441209
114080.1506484079 124411.5848099890
122381.1381114605 124251.4790758571
112324.1725312237 123931.2676075934
110727.8287883289 123771.1618734615
115995.7631398816 123611.0561393297
122061.8693628816 123611.0561393297
113760.8818998289 123450.9504051978
110408.5600397500 123290.8446710659
121902.2349885921 123290.8446710659
117272.8381341974 122970.6332028022
123817.8474800658 122810.5274686703
124296.7506029342 122490.3160004066
109929.6569168816 122330.2102662747
121742.6006143026 122170.1045321429
111366.3662854868 122009.9987980110
126052.7287201184 122009.9987980110
110568.1944140395 121849.8930638791
117113.2037599079 121689.7873297472
114878.3225198553 121529.6815956154
115197.5912684342 121529.6815956154
115357.2256427237 121369.5758614835
111845.2694083553 121209.4701273516
123658.2131057763 121049.3643932198
125414.1912229605 120889.2586590879
110089.2912911711 120569.0471908242
109770.0225425921 120088.7299884286
125573.8255972500 119928.6242542967
111206.7319111974 119288.2013177692
109131.4850454342 119128.0955836374
113441.6131512500 119128.0955836374
123019.6756086184 119128.0955836374
123498.5787314869 119128.0955836374
109770.0225425921 118967.9898495055
115357.2256427237 118807.8841153736
128606.8787087500 118487.6726471099
109450.7537940132 118327.5669129780
109131.4850454342 118167.4611788461
115836.1287655921 118167.4611788461
111206.7319111974 118007.3554447143
129564.6849544868 118007.3554447143
127808.7068373026 117847.2497105824
110568.1944140395 117687.1439764505
121582.9662400132 117527.0382423187
113920.5162741184 117366.9325081868
131480.2974459605 117366.9325081868
118549.9131285132 116886.6153057912
112164.5381569342 116726.5095716593
116953.5693856184 116726.5095716593
122061.8693628816 116566.4038375275
122700.4068600395 116566.4038375275
112962.7100283816 116406.2981033956
123817.8474800658 116406.2981033956
127649.0724630132 116406.2981033956
113920.5162741184 116086.0866351319
125094.9224743816 116086.0866351319
124296.7506029342 115925.9809010000
131001.3943230921 115925.9809010000
127329.8037144342 115445.6636986044
126371.9974686974 115285.5579644725
127010.5349658553 115285.5579644725
114718.6881455658 115125.4522303407
124616.0193515132 114805.2407620769
124775.6537258026 114645.1350279451
128127.9755858816 114645.1350279451
129564.6849544868 114485.0292938132
132278.4693174079 114485.0292938132
117592.1068827763 114324.9235596813
118709.5475028026 114324.9235596813
120784.7943685658 114004.7120914176
127968.3412115921 114004.7120914176
126052.7287201184 113844.6063572857
131480.2974459605 113684.5006231538
132438.1036916974 113684.5006231538
115037.9568941447 113204.1834207582
121423.3318657237 113204.1834207582
127010.5349658553 112883.9719524945
116474.6662627500 112723.8662183626
134353.7161831711 112563.7604842308
129883.9537030658 111923.3375477033
134513.3505574605 111923.3375477033
128287.6099601711 111603.1260794395
121902.2349885921 111443.0203453077
121902.2349885921 111122.8088770439
121742.6006143026 110962.7031429121
135790.4255517763 110962.7031429121
126371.9974686974 110642.4916746484
134832.6193060395 110482.3859405165
137227.1349203816 110482.3859405165
124935.2881000921 110322.2802063846
126371.9974686974 110322.2802063846
132597.7380659868 110002.0687381209
132917.0068145658 109841.9630039890
136588.5974232237 109361.6458015934
138184.9411661184 109201.5400674615

122033.5819943898 157564.8284800930
127774.5658986610 155482.2584937675
123787.7715206949 155322.0608025116
122511.9973197458 153079.2931249302
130485.5860756780 151797.7115948837
126020.3763723559 149554.9439173023
133675.0215780508 149554.9439173023
129209.8118747288 147632.5716222326
125860.9045972373 145229.6062533953
126179.8481474746 145069.4085621395
127455.6223484237 144428.6177971163
125063.5457216441 142025.6524282790
127615.0941235424 141865.4547370232
135269.7393292373 154521.0723462325
131123.4731761525 138501.3032206511
129369.2836498475 152118.1069773954
133037.1344775763 148753.9554610233
130326.1143005593 145870.3970184186
122671.4690948644 156763.8400238139
128093.5094488983 156763.8400238139
123787.7715206949 151317.1185211163
128571.9247742542 143627.6293408372
127296.1505733051 139943.0824419535
127615.0941235424 147312.1762397209
121076.7513436780 157404.6307888372
125223.0174967627 143627.6293408372
135269.7393292373 150836.5254473488
129369.2836498475 139142.0939856744
128412.4529991356 144428.6177971163
124904.0739465254 154841.4677287442
132080.3038268644 149234.5485347907
127455.6223484237 149074.3508435349
125860.9045972373 152438.5023599070
134950.7957790000 156123.0492587907
136067.0982048305 153079.2931249302
124585.1303962881 148593.7577697674
122990.4126451017 152438.5023599070
124106.7150709322 146991.7808572093
123628.2997455763 150195.7346823256
124904.0739465254 155161.8631112558
124585.1303962881 150996.7231386047
129050.3400996102 143147.0362670698
129245.4162059079 133537.6116555055
130682.1255745131 133537.6116555055
129564.6849544868 131616.3428459231
126212.3630944079 130815.8141752637
126052.7287201184 130495.6027070000
119826.9881228289 128894.5453656813
128287.6099601711 128574.3338974176
116634.3006370395 127453.5937584945
116315.0318884605 126012.6421513077
125254.5568486710 125692.4306830440
127649.0724630132 125372.2192147802
128127.9755858816 125052.0077465165
119826.9881228289 124891.9020123846
127489.4380887237 124891.9020123846
114080.1506484079 124411.5848099890
112324.1725312237 123931.2676075934
122381.1381114605 123611.0561393297
113760.8818998289 123450.9504051978
115357.2256427237 121369.5758614835
111845.2694083553 121209.4701273516
119667.3537485395 120889.2586590879
109770.0225425921 118967.9898495055
123498.5787314869 118967.9898495055
128287.6099601711 118807.8841153736
131320.6630716711 117527.0382423187
131001.3943230921 117206.8267740549
112483.8069055131 116886.6153057912
122700.4068600395 116566.4038375275
129085.7818316184 115605.7694327363
115676.4943913026 115285.5579644725
132757.3724402763 115285.5579644725
114718.6881455658 115125.4522303407
132278.4693174079 114485.0292938132
118071.0100056447 114324.9235596813
120465.5256199868 114164.8178255495
116155.3975141711 113524.3948890220
125414.1912229605 112243.5490159670
132278.4693174079 112083.4432818352
129883.9537030658 111923.3375477033
130682.1255745131 111443.0203453077
135471.1568031974 109841.9630039890
137227.1349203816 109041.4343333297
118709.5475028026 114324.9235596813
111206.7319111974 119288.2013177692
122381.1381114605 114965.3464962088
136588.5974232237 109361.6458015934
120305.8912456974 117366.9325081868
121104.0631171447 121529.6815956154
126531.6318429868 129534.9683022088
127010.5349658553 122009.9987980110
130203.2224516447 130335.4969728681
117432.4725084868 123450.9504051978
123019.6756086184 127933.9109608901
112483.8069055131 123290.8446710659
121104.0631171447 112563.7604842308
130841.7599488026 112243.5490159670
133076.6411888553 134178.0345920330
112483.8069055131 124891.9020123846
134832.6193060395 110482.3859405165
115037.9568941447 113204.1834207582
127808.7068373026 119928.6242542967
133076.6411888553 131456.2371117912
116793.9350113289 121209.4701273516
124775.6537258026 114645.1350279451
127010.5349658553 115285.5579644725
127808.7068373026 117046.7210399231
114559.0537712763 123611.0561393297
121582.9662400132 117527.0382423187
117592.1068827763 116086.0866351319
119507.7193742500 125052.0077465165
129564.6849544868 114485.0292938132
121742.6006143026 124091.3733417253
129245.4162059079 127293.4880243626
122061.8693628816 115765.8751668681
125573.8255972500 119928.6242542967
110568.1944140395 117687.1439764505
128287.6099601711 111603.1260794395
123179.3099829079 126172.7478854395
125893.0943458290 122970.6332028022
121104.0631171447 119768.5185201648
116953.5693856184 118647.7783812417
122381.1381114605 112243.5490159670
134513.3505574605 109201.5400674615
123977.4818543553 116246.1923692637
132438.1036916974 113684.5006231538
133076.6411888553 111923.3375477033
134672.9849317500 135779.0919333516
123817.8474800658 122810.5274686703
127649.0724630132 116406.2981033956
119188.4506256711 119128.0955836374
120784.7943685658 114004.7120914176
123817.8474800658 116406.2981033956
122221.5037371710 125052.0077465165
124616.0193515132 114805.2407620769
134672.9849317500 134338.1403261648
115836.1287655921 113364.2891548901
110408.5600397500 119928.6242542967
116155.3975141711 124891.9020123846
120305.8912456974 124891.9020123846
129724.3193287763 133377.5059213736
122221.5037371710 124091.3733417253
135151.8880546184 109041.4343333297
131001.3943230921 115925.9809010000
125414.1912229605 118327.5669129780
131639.9318202500 115125.4522303407
132118.8349431184 132256.7657824506
126052.7287201184 122009.9987980110
127489.4380887237 131776.4485800549
120465.5256199868 127293.4880243626
135311.5224289079 135138.6689968242
118390.2787542237 125052.0077465165
116315.0318884605 126172.7478854395
113760.8818998289 126813.1708219670
121263.6974914342 118167.4611788461
114239.7850226974 120408.9414566923
129564.6849544868 118007.3554447143
114559.0537712763 124411.5848099890
119986.6224971184 125692.4306830440
120784.7943685658 128414.2281632857
123498.5787314869 126332.8536195714
130203.2224516447 132096.6600483187
123019.6756086184 128254.1224291538
123179.3099829079 114645.1350279451
127968.3412115921 110642.4916746484
131480.2974459605 113684.5006231538
109929.6569168816 122330.2102662747
127170.1693401447 124571.6905441209
123817.8474800658 125052.0077465165
131639.9318202500 129054.6510998132
125573.8255972500 111122.8088770439
127489.4380887237 130335.4969728681
126371.9974686974 125052.0077465165

122671.4690948644 151477.3162123721
129050.3400996102 154040.4792724651
123468.8279704576 154841.4677287442
123309.3561953390 141705.2570457674
124106.7150709322 152598.7000511628
134312.9086785254 153079.2931249302
127615.0941235424 145710.1993271628
129528.7554249661 140744.0708982325
130485.5860756780 155482.2584937675
131920.8320517458 155802.6538762790
128890.8683244915 155482.2584937675
126658.2634728305 141865.4547370232
135748.1546545932 152598.7000511628
125382.4892718813 147952.9670047442
123309.3561953390 146190.7924009302
129209.8118747288 140263.4778244651
121555.1666690339 157725.0261713488
131282.9449512712 148593.7577697674
133196.6062526949 151957.9092861395
129847.6989752034 153239.4908161861
131442.4167263898 152919.0954336744
132080.3038268644 150035.5369910698
129050.3400996102 140904.2685894883
129528.7554249661 150355.9323735814
129209.8118747288 142986.8385758139
135269.7393292373 154521.0723462325
130326.1143005593 146671.3854746977
125541.9610470000 148433.5600785116
123947.2432958135 145550.0016359070
124106.7150709322 155962.8515675349
129209.8118747288 139622.6870594418
125541.9610470000 151317.1185211163
128093.5094488983 155322.0608025116
130645.0578507966 156924.0377150697
127455.6223484237 148433.5600785116
129847.6989752034 155482.2584937675
126498.7916977119 151637.5139036279
130007.1707503220 155642.4561850232
125063.5457216441 151957.9092861395
126179.8481474746 152278.3046686511
126658.2634728305 148273.3623872558
128571.9247742542 156603.6423325581
130362.8568259342 111923.3375477033
120465.5256199868 120569.0471908242
133874.8130603026 131936.5543141868
129724.3193287763 112563.7604842308
128287.6099601711 126492.9593537033
112483.8069055131 125692.4306830440
130522.4912002237 131776.4485800549
121104.0631171447 118967.9898495055
115995.7631398816 120088.7299884286
132757.3724402763 112563.7604842308
130682.1255745131 113364.2891548901
117592.1068827763 126973.2765560989
113441.6131512500 115765.8751668681
112962.7100283816 116246.1923692637
132597.7380659868 110642.4916746484
117751.7412570658 127933.9109608901
137067.5005460921 136739.7263381429
122381.1381114605 121689.7873297472
123498.5787314869 122650.4217345385
122381.1381114605 112883.9719524945
132438.1036916974 114645.1350279451
122540.7724857500 122009.9987980110
115357.2256427237 123130.7389369341
135630.7911774869 110962.7031429121
137865.6724175395 136899.8320722747
114239.7850226974 123771.1618734615
124935.2881000921 110162.1744722527
124137.1162286447 110322.2802063846
126371.9974686974 123771.1618734615
127170.1693401447 128254.1224291538
126212.3630944079 129534.9683022088
121902.2349885921 116726.5095716593
115995.7631398816 123611.0561393297
131799.5661945395 114004.7120914176
111206.7319111974 121529.6815956154
115516.8600170132 127293.4880243626
119507.7193742500 110802.5974087802
124616.0193515132 123130.7389369341
134034.4474345921 110002.0687381209
115037.9568941447 122009.9987980110
130841.7599488026 129695.0740363407
129883.9537030658 112083.4432818352
137227.1349203816 110002.0687381209
122381.1381114605 113684.5006231538
120305.8912456974 118487.6726471099
123977.4818543553 117046.7210399231
125733.4599715395 129695.0740363407
115037.9568941447 115765.8751668681
113281.9787769605 115445.6636986044
132118.8349431184 115285.5579644725
128606.8787087500 129695.0740363407
137546.4036689605 109041.4343333297
114080.1506484079 122330.2102662747
123338.9443571974 125372.2192147802
118390.2787542237 115605.7694327363
131639.9318202500 134017.9288579011
129245.4162059079 132416.8715165824
124456.3849772237 111603.1260794395
126850.9005915658 119128.0955836374
118390.2787542237 122009.9987980110
121263.6974914342 119768.5185201648
121582.9662400132 111122.8088770439
133874.8130603026 113044.0776866264
125414.1912229605 125372.2192147802
113441.6131512500 118647.7783812417
128606.8787087500 115765.8751668681
116315.0318884605 122810.5274686703
121263.6974914342 119448.3070519011
125893.0943458290 120408.9414566923
115836.1287655921 118807.8841153736
125893.0943458290 120889.2586590879
127329.8037144342 125532.3249489121
116474.6662627500 124571.6905441209
121902.2349885921 121209.4701273516
113281.9787769605 120248.8357225604
129245.4162059079 110002.0687381209
129405.0505801974 110322.2802063846
115197.5912684342 117687.1439764505
126850.9005915658 114164.8178255495
122860.0412343289 111443.0203453077
117592.1068827763 112083.4432818352
118390.2787542237 114004.7120914176
124456.3849772237 115125.4522303407
122061.8693628816 119608.4127860330
121742.6006143026 127453.5937584945
127170.1693401447 126332.8536195714
126371.9974686974 114805.2407620769
128127.9755858816 111122.8088770439
134832.6193060395 134498.2460602967
120784.7943685658 115285.5579644725
128127.9755858816 128894.5453656813
114878.3225198553 114164.8178255495
131001.3943230921 117046.7210399231
121582.9662400132 124571.6905441209
126531.6318429868 113204.1834207582
120146.2568714079 118647.7783812417
120944.4287428552 127613.6994926264
132757.3724402763 134978.5632626923
117911.3756313553 116726.5095716593
122540.7724857500 122650.4217345385
122540.7724857500 114645.1350279451
126850.9005915658 111443.0203453077
115037.9568941447 117206.8267740549
124935.2881000921 114485.0292938132
110089.2912911711 123290.8446710659
124296.7506029342 127133.3822902308
134672.9849317500 112403.6547500989
112962.7100283816 119448.3070519011
112483.8069055131 123450.9504051978
112803.0756540921 119288.2013177692
132278.4693174079 116086.0866351319
130841.7599488026 117847.2497105824
117113.2037599079 117687.1439764505
122860.0412343289 120729.1529249560
123179.3099829079 118327.5669129780
126371.9974686974 129374.8625680769
114239.7850226974 119928.6242542967
123338.9443571974 128414.2281632857
121423.3318657237 111923.3375477033
134034.4474345921 111122.8088770439
127010.5349658553 117527.0382423187
123977.4818543553 125052.0077465165
118071.0100056447 120889.2586590879
125414.1912229605 124891.9020123846
127968.3412115921 114164.8178255495
116474.6662627500 118327.5669129780
122540.7724857500 113364.2891548901
125733.4599715395 131776.4485800549
138344.5755404079 108721.2228650659
126531.6318429868 129054.6510998132
115676.4943913026 122170.1045321429
117113.2037599079 123130.7389369341

127136.6787981864 145389.8039446512
134791.3240038813 152598.7000511628
128890.8683244915 149554.9439173023
124585.1303962881 142986.8385758139
133515.5498029322 156123.0492587907
122671.4690948644 150195.7346823256
128571.9247742542 143307.2339583256
127774.5658986610 143948.0247233488
126658.2634728305 150035.5369910698
123309.3561953390 151797.7115948837
130485.5860756780 140263.4778244651
121555.1666690339 157725.0261713488
124744.6021714068 141705.2570457674
122671.4690948644 154521.0723462325
126179.8481474746 141545.0593545116
122511.9973197458 151957.9092861395
123149.8844202203 157244.4330975814
133037.1344775763 149715.1416085581
124266.1868460508 149394.7462260465
131442.4167263898 156763.8400238139
127934.0376737796 153399.6885074418
125541.9610470000 152438.5023599070
133037.1344775763 155001.6654200000
125860.9045972373 152598.7000511628
128731.3965493729 139943.0824419535
129369.2836498475 145229.6062533953
123628.2997455763 148273.3623872558
125860.9045972373 157404.6307888372
125382.4892718813 150516.1300648372
130964.0014010339 156443.4446413023
130326.1143005593 146511.1877834419
136864.4570804237 155161.8631112558
124106.7150709322 154360.8746549768
128252.9812240170 147151.9785484651
128571.9247742542 141865.4547370232
134950.7957790000 156283.2469500465
130166.6425254407 145389.8039446512
131601.8885015085 154360.8746549768
127615.0941235424 149715.1416085581
134791.3240038813 155802.6538762790
128093.5094488983 150355.9323735814
127455.6223484237 148593.7577697674
126691.2662172763 116726.5095716593
128287.6099601711 126973.2765560989
110408.5600397500 122490.3160004066
124137.1162286447 124411.5848099890
131959.2005688289 113844.6063572857
119348.0849999605 111282.9146111758
120465.5256199868 113844.6063572857
129245.4162059079 114164.8178255495
130522.4912002237 133217.4001872417
113601.2475255395 122170.1045321429
120465.5256199868 128414.2281632857
128447.2443344605 114805.2407620769
129564.6849544868 118167.4611788461
128926.1474573289 119768.5185201648
116474.6662627500 113524.3948890220
127010.5349658553 110482.3859405165
127489.4380887237 125052.0077465165
128287.6099601711 110482.3859405165
134832.6193060395 132576.9772507143
134194.0818088816 109201.5400674615
114559.0537712763 120248.8357225604
136907.8661718026 135618.9861992198
125094.9224743816 116726.5095716593
124775.6537258026 121689.7873297472
128127.9755858816 111122.8088770439
112164.5381569342 119608.4127860330
123817.8474800658 130655.7084411319
124296.7506029342 122810.5274686703
122540.7724857500 120569.0471908242
134034.4474345921 112243.5490159670
116474.6662627500 119928.6242542967
117272.8381341974 114164.8178255495
133076.6411888553 115285.5579644725
127170.1693401447 113844.6063572857
135630.7911774869 136099.3034016154
134672.9849317500 112083.4432818352
114878.3225198553 115285.5579644725
129405.0505801974 126653.0650878352
110887.4631626184 116086.0866351319
116315.0318884605 113364.2891548901
126212.3630944079 121209.4701273516
119188.4506256711 121849.8930638791
122221.5037371710 111443.0203453077
127808.7068373026 118967.9898495055
126691.2662172763 122650.4217345385
120465.5256199868 129855.1797704725
116793.9350113289 113044.0776866264
124775.6537258026 125852.5364171758
122540.7724857500 114324.9235596813
118230.6443799342 112403.6547500989
113920.5162741184 123130.7389369341
126052.7287201184 111603.1260794395
122700.4068600395 118167.4611788461
121423.3318657237 124251.4790758571
118390.2787542237 120889.2586590879
129724.3193287763 117687.1439764505
136269.3286746447 111443.0203453077
128606.8787087500 115925.9809010000
134194.0818088816 134658.3517944285
128766.5130830395 131936.5543141868
124935.2881000921 117366.9325081868
119028.8162513816 118327.5669129780
132278.4693174079 114645.1350279451
122540.7724857500 119288.2013177692
136109.6943003553 111763.2318135714
125254.5568486710 112883.9719524945
115357.2256427237 118807.8841153736
119348.0849999605 116086.0866351319
131320.6630716711 115125.4522303407
115197.5912684342 126332.8536195714
131480.2974459605 109681.8572698571
130203.2224516447 114164.8178255495
110727.8287883289 122490.3160004066
121423.3318657237 123611.0561393297
129564.6849544868 112243.5490159670
126212.3630944079 132096.6600483187
125893.0943458290 130495.6027070000
133874.8130603026 109521.7515357253
120146.2568714079 126653.0650878352
125733.4599715395 119128.0955836374
132917.0068145658 111763.2318135714
112962.7100283816 116086.0866351319
123977.4818543553 129374.8625680769
112962.7100283816 115125.4522303407
119826.9881228289 129374.8625680769
126052.7287201184 116726.5095716593
133715.1786860132 113204.1834207582
122860.0412343289 112563.7604842308
113122.3444026711 117046.7210399231
122381.1381114605 123771.1618734615
125733.4599715395 116246.1923692637
129405.0505801974 128734.4396315494
123977.4818543553 118487.6726471099
128766.5130830395 114004.7120914176
112324.1725312237 117366.9325081868
114239.7850226974 121529.6815956154
131799.5661945395 115445.6636986044
127170.1693401447 130975.9199093956
132118.8349431184 129534.9683022088
127968.3412115921 132897.1887189780
130682.1255745131 110802.5974087802
109770.0225425921 121209.4701273516
125414.1912229605 115925.9809010000
134513.3505574605 112243.5490159670
128287.6099601711 128574.3338974176
124137.1162286447 129054.6510998132
126371.9974686974 112243.5490159670
109610.3881683026 118167.4611788461
124935.2881000921 117206.8267740549
130362.8568259342 113364.2891548901
126531.6318429868 123130.7389369341
124935.2881000921 119128.0955836374
118390.2787542237 124571.6905441209
129245.4162059079 112243.5490159670
122540.7724857500 121049.3643932198
110568.1944140395 117206.8267740549
116474.6662627500 113844.6063572857
127649.0724630132 129054.6510998132
135790.4255517763 134178.0345920330
120465.5256199868 118807.8841153736
111685.6350340658 124411.5848099890
114080.1506484079 122009.9987980110
116315.0318884605 114164.8178255495
124137.1162286447 113684.5006231538
138504.2099146974 109201.5400674615
120625.1599942763 129374.8625680769
130203.2224516447 130015.2855046044
116634.3006370395 121849.8930638791
114878.3225198553 114485.0292938132
118071.0100056447 127773.8052267582
123977.4818543553 111443.0203453077
121582.9662400132 118007.3554447143

126977.2070230678 157084.2354063256
130645.0578507966 156603.6423325581
125223.0174967627 156123.0492587907
130166.6425254407 155962.8515675349
133515.5498029322 155642.4561850232
134791.3240038813 152919.0954336744
134791.3240038813 151637.5139036279
125382.4892718813 151477.3162123721
123309.3561953390 151156.9208298605
121874.1102192712 150996.7231386047
127615.0941235424 148914.1531522791
130804.5296259153 146831.5831659535
128571.9247742542 143948.0247233488
126179.8481474746 143787.8270320930
127296.1505733051 140744.0708982325
131123.4731761525 138180.9078381395
127296.1505733051 149715.1416085581
125063.5457216441 157404.6307888372
124266.1868460508 142185.8501195349
131920.8320517458 147952.9670047442
125860.9045972373 154841.4677287442
129688.2272000847 154200.6769637209
127136.6787981864 153559.8861986977
124425.6586211695 157404.6307888372
134791.3240038813 156123.0492587907
126498.7916977119 144428.6177971163
131442.4167263898 138661.5009119069
128890.8683244915 148433.5600785116
134153.4369034068 155001.6654200000
129050.3400996102 150676.3277560930
135907.6264297118 154681.2700374884
130485.5860756780 155962.8515675349
122990.4126451017 157725.0261713488
126020.3763723559 141064.4662807442
125063.5457216441 148753.9554610233
125701.4328221186 144268.4201058605
130007.1707503220 150996.7231386047
130326.1143005593 140103.2801332093
127615.0941235424 152598.7000511628
130645.0578507966 138661.5009119069
122830.9408699830 145710.1993271628
126977.2070230678 152758.8977424186
133236.2755631447 135138.6689968242
130362.8568259342 133377.5059213736
129405.0505801974 133217.4001872417
128766.5130830395 132416.8715165824
132917.0068145658 132096.6600483187
130043.5880773553 129214.7568339451
116474.6662627500 127933.9109608901
127968.3412115921 127133.3822902308
123498.5787314869 126813.1708219670
122381.1381114605 125372.2192147802
116155.3975141711 125052.0077465165
117113.2037599079 124091.3733417253
118869.1818770921 124091.3733417253
112803.0756540921 123611.0561393297
118869.1818770921 123611.0561393297
125733.4599715395 120889.2586590879
126691.2662172763 119128.0955836374
111685.6350340658 118807.8841153736
109770.0225425921 118647.7783812417
109929.6569168816 118487.6726471099
129085.7818316184 118167.4611788461
120784.7943685658 117847.2497105824
129724.3193287763 117206.8267740549
125893.0943458290 117046.7210399231
119348.0849999605 116406.2981033956
133395.9099374342 113524.3948890220
126212.3630944079 113044.0776866264
122061.8693628816 112883.9719524945
122381.1381114605 112723.8662183626
124935.2881000921 112403.6547500989
130043.5880773553 112403.6547500989
136588.5974232237 110322.2802063846
130043.5880773553 110002.0687381209
126850.9005915658 125692.4306830440
123498.5787314869 115285.5579644725
117592.1068827763 124891.9020123846
118230.6443799342 111443.0203453077
120944.4287428552 124091.3733417253
135151.8880546184 110802.5974087802
126052.7287201184 113364.2891548901
128127.9755858816 115925.9809010000
130203.2224516447 109681.8572698571
137865.6724175395 109041.4343333297
135151.8880546184 135618.9861992198
134992.2536803290 111603.1260794395
130362.8568259342 117206.8267740549
127329.8037144342 114645.1350279451
117751.7412570658 112243.5490159670
129405.0505801974 112723.8662183626
116474.6662627500 128094.0166950220
123019.6756086184 119288.2013177692
135151.8880546184 110002.0687381209
115836.1287655921 116566.4038375275
132438.1036916974 112083.4432818352
113441.6131512500 123130.7389369341
132438.1036916974 115125.4522303407
116155.3975141711 119288.2013177692
131001.3943230921 114965.3464962088
124616.0193515132 131296.1313776593
129245.4162059079 115765.8751668681
114080.1506484079 124091.3733417253
116315.0318884605 125532.3249489121
114559.0537712763 118807.8841153736
112004.9037826447 123611.0561393297
126850.9005915658 129374.8625680769
124775.6537258026 126813.1708219670
113920.5162741184 121689.7873297472
111047.0975369079 123290.8446710659
115516.8600170132 121049.3643932198
114399.4193969869 124411.5848099890
119348.0849999605 125052.0077465165
124616.0193515132 124411.5848099890
134672.9849317500 111122.8088770439
125254.5568486710 110642.4916746484
115037.9568941447 114645.1350279451
131799.5661945395 114324.9235596813
121582.9662400132 116406.2981033956
119348.0849999605 128894.5453656813
136428.9630489342 110482.3859405165
115197.5912684342 117527.0382423187
123338.9443571974 113684.5006231538
129245.4162059079 111122.8088770439
123817.8474800658 114805.2407620769
113281.9787769605 126492.9593537033
126052.7287201184 123450.9504051978
111366.3662854868 122490.3160004066
126850.9005915658 120569.0471908242
120305.8912456974 116406.2981033956
120944.4287428552 120248.8357225604
125254.5568486710 121529.6815956154
132757.3724402763 134818.4575285604
116315.0318884605 115285.5579644725
136109.6943003553 110642.4916746484
115357.2256427237 118167.4611788461
111685.6350340658 121689.7873297472
128766.5130830395 128574.3338974176
112803.0756540921 121529.6815956154
130362.8568259342 114645.1350279451
132278.4693174079 132256.7657824506
128447.2443344605 111122.8088770439
122381.1381114605 119288.2013177692
115197.5912684342 120248.8357225604
111526.0006597763 117046.7210399231
122221.5037371710 112403.6547500989
118709.5475028026 123290.8446710659
123817.8474800658 113044.0776866264
125094.9224743816 111443.0203453077
113760.8818998289 126332.8536195714
122381.1381114605 121369.5758614835
114239.7850226974 122170.1045321429
119188.4506256711 126172.7478854395
127170.1693401447 123450.9504051978
121263.6974914342 129695.0740363407
117113.2037599079 117046.7210399231
120305.8912456974 118487.6726471099
124616.0193515132 124091.3733417253
124137.1162286447 114805.2407620769
121423.3318657237 125692.4306830440
129085.7818316184 130495.6027070000
123817.8474800658 114965.3464962088
109770.0225425921 121689.7873297472
113920.5162741184 122650.4217345385
131639.9318202500 116406.2981033956
118071.0100056447 117687.1439764505
115357.2256427237 125532.3249489121
135630.7911774869 112243.5490159670
122381.1381114605 114164.8178255495
121902.2349885921 126973.2765560989
127808.7068373026 113364.2891548901
124616.0193515132 117206.8267740549
133236.2755631447 132576.9772507143
127010.5349658553 132096.6600483187

