201809736.0210635662 7587.2691154480
195032984.0475897193 5867.7554612160
200807775.5113726258 7379.9260883331
201730703.7824576795 7409.8755712509
195275503.7957912385 6168.5451040268
200794907.0484502316 7315.3934164047
199965307.8316118717 7174.2415432930
201652969.1997992396 7403.4250993729
198155550.0894723535 7101.9120464325
202810058.2027222514 7670.7227935791
195350675.9361252785 6510.2509460449
195716314.4640376270 6830.7502126694
199149619.1391357780 7145.6290512085
199051947.2337685823 7140.9842386246
199991889.0551232994 7310.2656927109
198329288.6558074653 7113.6693878174
196942595.1291603446 6908.1893911362
197648654.7224316597 7010.1483078003
194802729.1808056831 5449.8727760315
199847828.6974295676 7151.9183654785
196860004.3506330550 6885.7373476028
