532971436.3700813055 749649.0626068115
541593435.5301783085 802701.1187133789
533868209.4310619235 762175.2412414551
546107035.1472945213 811483.9453125000
542754358.5815255642 807272.6677246094
557795709.3725402355 836275.7285003662
538265226.0376725197 789288.8841857910
536879877.1301473379 782040.9210205078
537170242.3191589117 782946.8147506714
547677583.3382275105 820538.8107299805
549261938.4195989370 827606.1771240234
550387454.0709600449 831970.3819885254
549078675.2460868359 826972.3933715820
550740961.8727905750 832827.6814575195
542273365.8038414717 805097.3181457520
546051848.6549228430 808362.1172485352
537470834.9955656528 784418.4842147827
548215563.4629325867 824971.9065551758
540443654.7773754597 802069.1331481934
546261926.6427470446 815750.4730072021
548536009.4037687778 826104.4942932129
538094751.5333546400 785008.7871704102
536132023.1128324866 775947.7719726562
539438322.3365485668 800920.0170898438
532641955.5328285098 736827.0895538330
546205291.6334557533 812880.9072875977
532186510.1534566283 638576.2716484070
545607389.1317721605 807559.6154632568
536160130.3868966699 778229.0156860352
533930195.9141121507 772237.0205383301
539041406.9094229937 796798.5978240967
536560151.7121619582 780664.1953735352
