116360.4536663571 142654.0183091154
110276.0553346429 142493.6239600641
119562.7685777857 142493.6239600641
117000.9166486429 142172.8352619616
122765.0834892143 142012.4409129103
120843.6945423572 141691.6522148077
116680.6851575000 141531.2578657564
118441.9583587857 140889.6804695513
123565.6622170714 140889.6804695513
114278.9489739286 140248.1030733461
115719.9906840714 139766.9200261923
120203.2315600714 139606.5256771410
119402.6528322143 138483.7652337820
116840.8009030714 137361.0047904231
117481.2638853572 136879.8217432692
117481.2638853572 136077.8499980128
117321.1481397857 133511.5404131923
117481.2638853572 132549.1743188846
118121.7268676429 132549.1743188846
120523.4630512143 131105.6251774231
120203.2315600714 130143.2590831154
119082.4213410714 129020.4986397564
120203.2315600714 126614.5834039872
121003.8102879286 125812.6116587308
121163.9260335000 125331.4286115769
122124.6205069286 124529.4568663205
123405.5464715000 123406.6964229615
124526.3566905000 122604.7246777051
124686.4724360714 121321.5698852949
140742.9978182554 131807.4423120842
140903.4845492977 131646.6402697357
140582.5110872131 130360.2239309477
140101.0508940862 128752.2035074627
137533.2631974094 125857.7667451897
136249.3693490710 125375.3606181442
102563.3120916136 135307.7728807351
102402.5566412045 134988.4099120732
103849.3556948864 134828.7284277422
100312.7357858864 134509.3654590803
104331.6220461136 133710.9580374255
104813.8883973409 133551.2765530945
102241.8011907955 133072.2321001016
104170.8665957045 132912.5506157706
103367.0893436591 131315.7357724610
107064.4647030682 131315.7357724610
108350.5083063409 131315.7357724610
103688.6002444773 131156.0542881300
105456.9101989773 130996.3728037990
101759.5348395682 130357.6468664752
101920.2902899773 129399.5579604894
100473.4912362955 128920.5135074964
99508.9585338409 128760.8320231655
101598.7793891591 132433.5061627777
100795.0021371136 135307.7728807351
102724.0675420227 135467.4543650661
106742.9538022500 131475.4172567919
102402.5566412045 130996.3728037990
100795.0021371136 133391.5950687635
102241.8011907955 134669.0469434113

113798.6017372143 139927.3143752436
112837.9072637857 139766.9200261923
115559.8749385000 139606.5256771410
118281.8426132143 138964.9482809359
117481.2638853572 136879.8217432692
113958.7174827857 136559.0330451666
114919.4119562143 136077.8499980128
118121.7268676429 132549.1743188846
122444.8519980714 125652.2173096795
122444.8519980714 123567.0907720128
126287.6298917857 119557.2320457308
126767.9771285000 117953.2885552180
117961.6111220714 131907.5969226795
118922.3055955000 132067.9912717307
117321.1481397857 139446.1313280897
128209.0188386429 114745.4015741923
118922.3055955000 133992.7234603461
120843.6945423572 128218.5268945000
113158.1387549286 142333.2296110128
115880.1064296429 138162.9765356795
117801.4953765000 135436.2726018077
121644.2732702143 138323.3708847308
119402.6528322143 139446.1313280897
121964.5047613572 127576.9494982949
115719.9906840714 142012.4409129103
117641.3796309286 140087.7087242948
116200.3379207857 135115.4839037051
112677.7915182143 142654.0183091154
114278.9489739286 137842.1878375769
140582.5110872131 130360.2239309477
135767.9091559441 124249.7463217047
135607.4224249018 122641.7258982198
137533.2631974094 126983.3810416292
140903.4845492977 132450.6504814782
137693.7499284517 123124.1320252652
102241.8011907955 135467.4543650661
102563.3120916136 132752.8691314397
102402.5566412045 129399.5579604894
105778.4210997955 130677.0098351371
102563.3120916136 134030.3210060874
104974.6438477500 135467.4543650661
104974.6438477500 130517.3283508061
103527.8447940682 132593.1876471087
103527.8447940682 132273.8246784467
103045.5784428409 131315.7357724610
100634.2466867045 131794.7802254538
101438.0239387500 133870.6395217564
100795.0021371136 133870.6395217564
99187.4476330227 129399.5579604894
103367.0893436591 132752.8691314397
101759.5348395682 129878.6024134823
104492.3774965227 130517.3283508061
101438.0239387500 134828.7284277422
102563.3120916136 134669.0469434113
101920.2902899773 129399.5579604894
103206.3338932500 135467.4543650661
100634.2466867045 130836.6913194680
103367.0893436591 134030.3210060874
100312.7357858864 131954.4617097848

122284.7362525000 127095.7664511410
122444.8519980714 142172.8352619616
111877.2127903572 141370.8635167051
113478.3702460714 138644.1595828333
119242.5370866429 139125.3426299872
120523.4630512143 138964.9482809359
117961.6111220714 134473.9065075000
122284.7362525000 128058.1325454487
114759.2962106429 138323.3708847308
117641.3796309286 138964.9482809359
115719.9906840714 137200.6104413718
112197.4442815000 142333.2296110128
115399.7591929286 136559.0330451666
114759.2962106429 138002.5821866282
124206.1251993571 122765.1190267564
121163.9260335000 128860.1042907051
115399.7591929286 142493.6239600641
117961.6111220714 131426.4138755256
113478.3702460714 142654.0183091154
118281.8426132143 130464.0477812180
114278.9489739286 142012.4409129103
117961.6111220714 133832.3291112949
120203.2315600714 139285.7369790385
120203.2315600714 127737.3438473461
120203.2315600714 128699.7099416538
120363.3473056429 141691.6522148077
112357.5600270714 142814.4126581667
116200.3379207857 134955.0895546539
126127.5141462143 118594.8659514231
135767.9091559441 124410.5483640532
139780.0774320016 127465.7871686747
139459.1039699170 126822.5789992807
140261.5376251285 131164.2341426902
138817.1570457478 127144.1830839777
140101.0508940862 130199.4218885992
103688.6002444773 133072.2321001016
100312.7357858864 133710.9580374255
102724.0675420227 133072.2321001016
103206.3338932500 133710.9580374255
106903.7092526591 131635.0987411229
103367.0893436591 130996.3728037990
105939.1765502045 130836.6913194680
104170.8665957045 135627.1358493970
100955.7575875227 132114.1431941158
104653.1329469318 130996.3728037990
101920.2902899773 130996.3728037990
101438.0239387500 131315.7357724610
99026.6921826136 129559.2394448203
106421.4429014318 131635.0987411229
105456.9101989773 134669.0469434113
103206.3338932500 134190.0024904184
100955.7575875227 131794.7802254538
104010.1111452955 130996.3728037990
99508.9585338409 130996.3728037990
102724.0675420227 135627.1358493970
104653.1329469318 135148.0913964041
104331.6220461136 134349.6839747494
102724.0675420227 132752.8691314397
104813.8883973409 134828.7284277422

116360.4536663571 142654.0183091154
110115.9395890714 142012.4409129103
112197.4442815000 142012.4409129103
122765.0834892143 142012.4409129103
115719.9906840714 141691.6522148077
116680.6851575000 141531.2578657564
114599.1804650714 139125.3426299872
119402.6528322143 138483.7652337820
119722.8843233571 138162.9765356795
116360.4536663571 136077.8499980128
115559.8749385000 135275.8782527564
116040.2221752143 134794.6952056026
118281.8426132143 134794.6952056026
116520.5694119286 134634.3008565513
119082.4213410714 133351.1460641410
117801.4953765000 133030.3573660385
118121.7268676429 132549.1743188846
119722.8843233571 132549.1743188846
119562.7685777857 132067.9912717307
119722.8843233571 131105.6251774231
117641.3796309286 130624.4421302692
120043.1158145000 130624.4421302692
122284.7362525000 127576.9494982949
121804.3890157857 125010.6399134743
122124.6205069286 124529.4568663205
122444.8519980714 123567.0907720128
123405.5464715000 123406.6964229615
125326.9354183571 121481.9642343462
125487.0511639286 119557.2320457308
140582.5110872131 130360.2239309477
140101.0508940862 128752.2035074627
139619.5907009593 127465.7871686747
136891.3162732402 124892.9544910987
138335.6968526209 123928.1422370077
135446.9356938595 123606.5381523107
100634.2466867045 135307.7728807351
102402.5566412045 134988.4099120732
103849.3556948864 134828.7284277422
102241.8011907955 134669.0469434113
104331.6220461136 133710.9580374255
101598.7793891591 132433.5061627777
102241.8011907955 131475.4172567919
106742.9538022500 131475.4172567919
102563.3120916136 131156.0542881300
103688.6002444773 131156.0542881300
105456.9101989773 130996.3728037990
101920.2902899773 129399.5579604894
104653.1329469318 135467.4543650661
108350.5083063409 131315.7357724610
107707.4865047045 131315.7357724610
102241.8011907955 133072.2321001016
102724.0675420227 135467.4543650661
100795.0021371136 133391.5950687635
105778.4210997955 131475.4172567919
102241.8011907955 130677.0098351371
101438.0239387500 131954.4617097848
105778.4210997955 130517.3283508061
99508.9585338409 128760.8320231655
102241.8011907955 135148.0913964041

112837.9072637857 141691.6522148077
117161.0323942143 133030.3573660385
117321.1481397857 132549.1743188846
117321.1481397857 134473.9065075000
117801.4953765000 135757.0612999102
125006.7039272143 121000.7811871923
125647.1669095000 120519.5981400384
117321.1481397857 137681.7934885257
115719.9906840714 138002.5821866282
117641.3796309286 131586.8082245769
114599.1804650714 142172.8352619616
113958.7174827857 142654.0183091154
120523.4630512143 128860.1042907051
126928.0928740714 118113.6829042692
116200.3379207857 135115.4839037051
112998.0230093571 141370.8635167051
120523.4630512143 140408.4974223974
114439.0647195000 136238.2443470641
115399.7591929286 135596.6669508590
122124.6205069286 140087.7087242948
115399.7591929286 139766.9200261923
112357.5600270714 140568.8917714487
116040.2221752143 133190.7517150897
120843.6945423572 127897.7381963974
112998.0230093571 138644.1595828333
116200.3379207857 137681.7934885257
116360.4536663571 134634.3008565513
117000.9166486429 133671.9347622436
120843.6945423572 138323.3708847308
136088.8826180287 124410.5483640532
134965.4755007326 122480.9238558713
140261.5376251285 124088.9442793562
138817.1570457478 126822.5789992807
138496.1835836633 126340.1728722352
139138.1305078325 129717.0157615537
104492.3774965227 130197.9653821442
99991.2248850682 130996.3728037990
100795.0021371136 132752.8691314397
104492.3774965227 135786.8173337280
100795.0021371136 134509.3654590803
104010.1111452955 130836.6913194680
103688.6002444773 130357.6468664752
103206.3338932500 134988.4099120732
104492.3774965227 131475.4172567919
101759.5348395682 132912.5506157706
103367.0893436591 135467.4543650661
100151.9803354773 132273.8246784467
102241.8011907955 135148.0913964041
100151.9803354773 130357.6468664752
99991.2248850682 130836.6913194680
102884.8229924318 129559.2394448203
100795.0021371136 133231.9135844326
103688.6002444773 134988.4099120732
104974.6438477500 135307.7728807351
100151.9803354773 129878.6024134823
104492.3774965227 135148.0913964041
105135.3992981591 131635.0987411229
106421.4429014318 131315.7357724610
103045.5784428409 132433.5061627777

114439.0647195000 142814.4126581667
116040.2221752143 142814.4126581667
118281.8426132143 142814.4126581667
117481.2638853572 142654.0183091154
110436.1710802143 142493.6239600641
119242.5370866429 142493.6239600641
111877.2127903572 142333.2296110128
120843.6945423572 141691.6522148077
124366.2409449286 141691.6522148077
118121.7268676429 141531.2578657564
110436.1710802143 141050.0748186026
121484.1575246429 140729.2861205000
116040.2221752143 139927.3143752436
111717.0970447857 139606.5256771410
121964.5047613572 139446.1313280897
119402.6528322143 138483.7652337820
115719.9906840714 137361.0047904231
113638.4859916429 137200.6104413718
117801.4953765000 134473.9065075000
118281.8426132143 133992.7234603461
117481.2638853572 132549.1743188846
118121.7268676429 132549.1743188846
119562.7685777857 131105.6251774231
121484.1575246429 127256.1608001923
122604.9677436429 124529.4568663205
123405.5464715000 124369.0625172692
122444.8519980714 123567.0907720128
124366.2409449286 122604.7246777051
127088.2086196429 117151.3168099615
140742.9978182554 131807.4423120842
140582.5110872131 130360.2239309477
138656.6703147055 128752.2035074627
138656.6703147055 128430.5994227657
139459.1039699170 125536.1626604927
138656.6703147055 124571.3504064017
100634.2466867045 135307.7728807351
104813.8883973409 133551.2765530945
99830.4694346591 132593.1876471087
103045.5784428409 131475.4172567919
107707.4865047045 131315.7357724610
102563.3120916136 130197.9653821442
102402.5566412045 129399.5579604894
99508.9585338409 130836.6913194680
100312.7357858864 134509.3654590803
104170.8665957045 132912.5506157706
106742.9538022500 131475.4172567919
101920.2902899773 129399.5579604894
102241.8011907955 133072.2321001016
103849.3556948864 133710.9580374255
104492.3774965227 130517.3283508061
102402.5566412045 134988.4099120732
100151.9803354773 133072.2321001016
106742.9538022500 131315.7357724610
101116.5130379318 130677.0098351371
105778.4210997955 131635.0987411229
102724.0675420227 135467.4543650661
101116.5130379318 130996.3728037990
102241.8011907955 134669.0469434113
108350.5083063409 131315.7357724610

112197.4442815000 142012.4409129103
117321.1481397857 142012.4409129103
122765.0834892143 142012.4409129103
110916.5183169286 141691.6522148077
115559.8749385000 141691.6522148077
118121.7268676429 141531.2578657564
119402.6528322143 141370.8635167051
122284.7362525000 141050.0748186026
119402.6528322143 138483.7652337820
116840.8009030714 137361.0047904231
115079.5277017857 136879.8217432692
115880.1064296429 136398.6386961154
117481.2638853572 136398.6386961154
114759.2962106429 135757.0612999102
117801.4953765000 135436.2726018077
118281.8426132143 134794.6952056026
117481.2638853572 132549.1743188846
118121.7268676429 132549.1743188846
119562.7685777857 131586.8082245769
117481.2638853572 131426.4138755256
118762.1898499286 130303.6534321667
120203.2315600714 130143.2590831154
119082.4213410714 129020.4986397564
121163.9260335000 129020.4986397564
120363.3473056429 126614.5834039872
121804.3890157857 125010.6399134743
122124.6205069286 124529.4568663205
123405.5464715000 123406.6964229615
123085.3149803571 122925.5133758077
140903.4845492977 131646.6402697357
137533.2631974094 127626.5892110232
136891.3162732402 124892.9544910987
140582.5110872131 124892.9544910987
134804.9887696903 122802.5279405682
140101.0508940862 128752.2035074627
102241.8011907955 135467.4543650661
100795.0021371136 135307.7728807351
102241.8011907955 135148.0913964041
102402.5566412045 134988.4099120732
104331.6220461136 133710.9580374255
102241.8011907955 133072.2321001016
101598.7793891591 132433.5061627777
105778.4210997955 131635.0987411229
107064.4647030682 131315.7357724610
107707.4865047045 131315.7357724610
99669.7139842500 130996.3728037990
105456.9101989773 130996.3728037990
101116.5130379318 130677.0098351371
100473.4912362955 128920.5135074964
100795.0021371136 133391.5950687635
102241.8011907955 133391.5950687635
103688.6002444773 131156.0542881300
103367.0893436591 131315.7357724610
106742.9538022500 131475.4172567919
102563.3120916136 131156.0542881300
100312.7357858864 134509.3654590803
104170.8665957045 132912.5506157706
105778.4210997955 130517.3283508061
103849.3556948864 134828.7284277422

116040.2221752143 143616.3844034231
113638.4859916429 142974.8070072179
116680.6851575000 140568.8917714487
115239.6434473572 140408.4974223974
120203.2315600714 139927.3143752436
113958.7174827857 139446.1313280897
116200.3379207857 137200.6104413718
115079.5277017857 136879.8217432692
113638.4859916429 136398.6386961154
114919.4119562143 136077.8499980128
116360.4536663571 135115.4839037051
118121.7268676429 132549.1743188846
119722.8843233571 130624.4421302692
121644.2732702143 129180.8929888077
125326.9354183571 120198.8094419359
126767.9771285000 117953.2885552180
127248.3243652143 117472.1055080641
113318.2545005000 142493.6239600641
113158.1387549286 138002.5821866282
123405.5464715000 124369.0625172692
117000.9166486429 134794.6952056026
120363.3473056429 138483.7652337820
114759.2962106429 135757.0612999102
109795.7080979286 142172.8352619616
118922.3055955000 131426.4138755256
110596.2868257857 142012.4409129103
119402.6528322143 134313.5121584487
118121.7268676429 133832.3291112949
112677.7915182143 142654.0183091154
140582.5110872131 130360.2239309477
136409.8560801133 125214.5585757957
138656.6703147055 124571.3504064017
139940.5641630439 125696.9647028412
138977.6437767901 123124.1320252652
140582.5110872131 123445.7361099622
102402.5566412045 134988.4099120732
102241.8011907955 134669.0469434113
103527.8447940682 133710.9580374255
104331.6220461136 133710.9580374255
104813.8883973409 133551.2765530945
105778.4210997955 131635.0987411229
106742.9538022500 131315.7357724610
104653.1329469318 130517.3283508061
102402.5566412045 129718.9209291513
99348.2030834318 130357.6468664752
99669.7139842500 129399.5579604894
103045.5784428409 131475.4172567919
100151.9803354773 132912.5506157706
105456.9101989773 134988.4099120732
100151.9803354773 132273.8246784467
106742.9538022500 130836.6913194680
100312.7357858864 130517.3283508061
99348.2030834318 130836.6913194680
99187.4476330227 128760.8320231655
104492.3774965227 135627.1358493970
103045.5784428409 134190.0024904184
101116.5130379318 129718.9209291513
103045.5784428409 130517.3283508061
100955.7575875227 134669.0469434113

121644.2732702143 141531.2578657564
116040.2221752143 132709.5686679359
115880.1064296429 137842.1878375769
111717.0970447857 142493.6239600641
113958.7174827857 143295.5957053205
114599.1804650714 138002.5821866282
113478.3702460714 137521.3991394744
111717.0970447857 139927.3143752436
119082.4213410714 133190.7517150897
119722.8843233571 138483.7652337820
112197.4442815000 142974.8070072179
118602.0741043571 138644.1595828333
112037.3285359286 139285.7369790385
123885.8937082143 140889.6804695513
113318.2545005000 140087.7087242948
115239.6434473572 142012.4409129103
116040.2221752143 141691.6522148077
124206.1251993571 122444.3303286539
111396.8655536429 139766.9200261923
122124.6205069286 138483.7652337820
113638.4859916429 138964.9482809359
116520.5694119286 139606.5256771410
119722.8843233571 139125.3426299872
117481.2638853572 139125.3426299872
118121.7268676429 130303.6534321667
117161.0323942143 137842.1878375769
118441.9583587857 135275.8782527564
113798.6017372143 136077.8499980128
123565.6622170714 140889.6804695513
138014.7233905363 124892.9544910987
140101.0508940862 129556.2137192052
138817.1570457478 123124.1320252652
138656.6703147055 126340.1728722352
137693.7499284517 125536.1626604927
137693.7499284517 125857.7667451897
104010.1111452955 135307.7728807351
100955.7575875227 129080.1949918274
100634.2466867045 131475.4172567919
106260.6874510227 131794.7802254538
103367.0893436591 131954.4617097848
104170.8665957045 135307.7728807351
99991.2248850682 131635.0987411229
103206.3338932500 133710.9580374255
100795.0021371136 129239.8764761584
99991.2248850682 130038.2838978132
105778.4210997955 131635.0987411229
104331.6220461136 135467.4543650661
102724.0675420227 129718.9209291513
102081.0457403864 131315.7357724610
102241.8011907955 131156.0542881300
100312.7357858864 133710.9580374255
99669.7139842500 129718.9209291513
103688.6002444773 132114.1431941158
102884.8229924318 133710.9580374255
103045.5784428409 129878.6024134823
103206.3338932500 129878.6024134823
100473.4912362955 129239.8764761584
105296.1547485682 132114.1431941158
104653.1329469318 131475.4172567919

117321.1481397857 142493.6239600641
116360.4536663571 139446.1313280897
125967.3984006429 119396.8376966795
120843.6945423572 137842.1878375769
125967.3984006429 118434.4716023718
122925.1992347857 124369.0625172692
126287.6298917857 118434.4716023718
120043.1158145000 142172.8352619616
123085.3149803571 122604.7246777051
124686.4724360714 119878.0207438333
119082.4213410714 129180.8929888077
122124.6205069286 141531.2578657564
118121.7268676429 130945.2308283718
121804.3890157857 129020.4986397564
120203.2315600714 138323.3708847308
112517.6757726429 142172.8352619616
123885.8937082143 122765.1190267564
121163.9260335000 138002.5821866282
121964.5047613572 125010.6399134743
112197.4442815000 141852.0465638590
114599.1804650714 141691.6522148077
121163.9260335000 127737.3438473461
115559.8749385000 135757.0612999102
126607.8613829286 117792.8942061667
124046.0094537857 123246.3020739103
111556.9812992143 142654.0183091154
122284.7362525000 127095.7664511410
123405.5464715000 124689.8512153718
128689.3660753571 114103.8241779872
138656.6703147055 126983.3810416292
139138.1305078325 124571.3504064017
137372.7764663671 126179.3708298867
138817.1570457478 127144.1830839777
137533.2631974094 125375.3606181442
139459.1039699170 126822.5789992807
103849.3556948864 132912.5506157706
101116.5130379318 133072.2321001016
102402.5566412045 135627.1358493970
103367.0893436591 132752.8691314397
101277.2684883409 131156.0542881300
104653.1329469318 135467.4543650661
103688.6002444773 135467.4543650661
104813.8883973409 135467.4543650661
103045.5784428409 133072.2321001016
99991.2248850682 133072.2321001016
102724.0675420227 130517.3283508061
104170.8665957045 130038.2838978132
102563.3120916136 133391.5950687635
103045.5784428409 132912.5506157706
99669.7139842500 129080.1949918274
99991.2248850682 131635.0987411229
103045.5784428409 132273.8246784467
102402.5566412045 133391.5950687635
104492.3774965227 135627.1358493970
104170.8665957045 135307.7728807351
104492.3774965227 135946.4988180590
101438.0239387500 129559.2394448203
102884.8229924318 135627.1358493970
104653.1329469318 135307.7728807351

119562.7685777857 142493.6239600641
112197.4442815000 142012.4409129103
114278.9489739286 141691.6522148077
120043.1158145000 139927.3143752436
121964.5047613572 138323.3708847308
119722.8843233571 138162.9765356795
116520.5694119286 134634.3008565513
117161.0323942143 133832.3291112949
117321.1481397857 132228.3856207820
117961.6111220714 131747.2025736282
121644.2732702143 129180.8929888077
122444.8519980714 123567.0907720128
123885.8937082143 122444.3303286539
125647.1669095000 120359.2037909872
126767.9771285000 117953.2885552180
115399.7591929286 134153.1178093974
121804.3890157857 124208.6681682179
115719.9906840714 139766.9200261923
111877.2127903572 139446.1313280897
119562.7685777857 138323.3708847308
111396.8655536429 142333.2296110128
115880.1064296429 137040.2160923205
119402.6528322143 128378.9212435513
115559.8749385000 143135.2013562692
115239.6434473572 140408.4974223974
113958.7174827857 142974.8070072179
111877.2127903572 140568.8917714487
121484.1575246429 127576.9494982949
115079.5277017857 135436.2726018077
140742.9978182554 131807.4423120842
138656.6703147055 128752.2035074627
137693.7499284517 127465.7871686747
138335.6968526209 126179.3708298867
138014.7233905363 122802.5279405682
136409.8560801133 123767.3401946592
101438.0239387500 134030.3210060874
99830.4694346591 132593.1876471087
101598.7793891591 132433.5061627777
107707.4865047045 131315.7357724610
102563.3120916136 130197.9653821442
99991.2248850682 129399.5579604894
100955.7575875227 133391.5950687635
107064.4647030682 131315.7357724610
104170.8665957045 134988.4099120732
103688.6002444773 133391.5950687635
104974.6438477500 131954.4617097848
103045.5784428409 133710.9580374255
104974.6438477500 131156.0542881300
102402.5566412045 135627.1358493970
100312.7357858864 134030.3210060874
100151.9803354773 132114.1431941158
103527.8447940682 133710.9580374255
106099.9320006136 136106.1803023900
100634.2466867045 130517.3283508061
103367.0893436591 132912.5506157706
102241.8011907955 132114.1431941158
101598.7793891591 134509.3654590803
105778.4210997955 131156.0542881300
107707.4865047045 131156.0542881300

117161.0323942143 135436.2726018077
118441.9583587857 129822.4703850128
122124.6205069286 127897.7381963974
121484.1575246429 128860.1042907051
113318.2545005000 141691.6522148077
110916.5183169286 142814.4126581667
111556.9812992143 142493.6239600641
114759.2962106429 135115.4839037051
114439.0647195000 142974.8070072179
123565.6622170714 123406.6964229615
113158.1387549286 139766.9200261923
123405.5464715000 122123.5416305513
114759.2962106429 138483.7652337820
117481.2638853572 133671.9347622436
115399.7591929286 136077.8499980128
114759.2962106429 139446.1313280897
117161.0323942143 141210.4691676538
118602.0741043571 138483.7652337820
119883.0000689286 139606.5256771410
117000.9166486429 135436.2726018077
112037.3285359286 139927.3143752436
117961.6111220714 130624.4421302692
121163.9260335000 130143.2590831154
120363.3473056429 127576.9494982949
114439.0647195000 138002.5821866282
114919.4119562143 137842.1878375769
120523.4630512143 139927.3143752436
127568.5558563572 116830.5281118590
113478.3702460714 141691.6522148077
138175.2101215786 124410.5483640532
139138.1305078325 123445.7361099622
138656.6703147055 126018.5687875382
137372.7764663671 126661.7769569322
135928.3958869865 122641.7258982198
140903.4845492977 131968.2443544327
102081.0457403864 130357.6468664752
100955.7575875227 129878.6024134823
101759.5348395682 130517.3283508061
103527.8447940682 130357.6468664752
99830.4694346591 130197.9653821442
100473.4912362955 130517.3283508061
102724.0675420227 131156.0542881300
104331.6220461136 130677.0098351371
100955.7575875227 130677.0098351371
103849.3556948864 130836.6913194680
100795.0021371136 131954.4617097848
105135.3992981591 136106.1803023900
103849.3556948864 134828.7284277422
102081.0457403864 131156.0542881300
103045.5784428409 129878.6024134823
100634.2466867045 131954.4617097848
104492.3774965227 135467.4543650661
102884.8229924318 134190.0024904184
102402.5566412045 130996.3728037990
105135.3992981591 135946.4988180590
101920.2902899773 135307.7728807351
99508.9585338409 131156.0542881300
103367.0893436591 132593.1876471087
101277.2684883409 132114.1431941158

