305785962.8155483007 2376112.3110351562
304791345.3286796212 2349756.4506835938
304644547.3945128918 2345750.8652343750
316120814.9189892411 2433253.2939453125
307655868.2362433672 2401174.7094726562
313581747.2151532769 2422261.3857421875
305176474.7318339348 2367454.5883789062
311164907.3266094923 2418471.0488281250
305128230.1135053635 2357677.7919921875
308919066.2146241069 2406012.1708984375
306308323.8910763264 2393865.3862304688
305972658.6785786748 2383522.6635742188
309936024.4354482293 2410462.5043945312
312272679.7451028228 2420810.8100585938
