443053035.1087451577 55515.8615360260
451381241.1155644059 57225.1729202271
441892807.7718008161 54981.9691686630
452121717.6511474252 57857.7654266357
454954530.3629870415 57949.6831130981
447549673.2837198377 56411.8684234619
456179951.1305707097 58594.6193885803
442670122.3147227764 55323.4235305786
451967251.1072594523 57814.2417860031
439684161.8097524643 52061.0112552643
438548151.3978589773 44779.6470361054
455267903.9153336287 58437.9006156921
450896420.6576452851 57137.8597106934
439420247.5736128092 51525.8486461639
446195674.6296354532 56351.8738288879
455204585.7179636955 57983.2384033203
444927992.5222371221 55782.0197753906
440352500.8663862348 54242.5450406075
438647854.8995872736 51476.3040809631
446173340.7443292737 55969.5002155304
449073611.0441040397 56711.0422573090
