523881207.3946997523 472.7514555678
526249382.5851885080 473.8059871420
522350171.8157969713 461.0530165583
526479854.6736830473 482.1879907846
528532189.1054643989 486.1475300491
536522470.4392203093 497.7956570685
539401025.2518980503 515.9853372872
537725223.8465764523 508.0594339222
539151976.4908188581 512.5660395324
546598171.3755500317 518.8539597690
526281310.8264707327 475.3090418577
536303888.1822986007 496.2851593643
529674615.4847618937 492.6485891640
532991034.4683473706 495.4664481729
529602263.9973552227 489.1745328605
531442568.9052321911 495.2455421686
537383665.2536841631 507.8567828536
520520932.8758264184 454.0923104491
529961443.1780607104 493.6432800591
536567097.3906454444 500.7840642184
