834301017.0868844986 28446.0456452370
832509537.0413058996 28215.5098528862
837812511.1277344227 29192.7029566765
855931703.3863469362 30201.5427341461
829459610.2599374056 27408.3448953629
834583841.8210344315 28505.0105369091
857515070.3040854931 30230.5846843719
838191125.0051738024 29513.7340898514
851673103.3703825474 30125.0617468357
851212483.2380253077 30048.8307313919
844243821.7945506573 29758.7308154106
830047269.5186980963 27580.4905714989
831580632.6146473885 27789.5733047724
834203826.1714513302 28437.2457470894
834089915.7542871237 28291.0594391823
831910158.0869207382 27998.9671845436
834665964.0759048462 29153.4475603104
846650187.6941000223 30038.5839970112
843882784.8816130161 29634.8673515320
834134503.5478960276 28411.1439929008
