335996713.0196923614 6335147.9140625000
346531075.2998301983 6370822.5332031250
342069118.3442149758 6350285.7587890625
335423229.3335346580 6297967.7646484375
327341342.9991846085 6213283.1640625000
332640253.6736539006 6288637.8056640625
333585674.2346157432 6297512.8281250000
331035902.9759784937 6288006.7978515625
346260162.0631337762 6359150.9238281250
335748250.3911129832 6299085.1464843750
330412281.7788070440 6248944.6064453125
340934757.4401836395 6336468.1640625000
345304638.3385180235 6351920.6259765625
328425201.6698246002 6233234.4003906250
330994486.8408684731 6264109.4863281250
