623623026.8687522411 1928402.3808593750
621193032.5562504530 1889897.7396850586
622670670.4788713455 1913174.2105712891
624973615.7748991251 1960388.2984619141
620148408.5026439428 1855627.9393310547
619399328.7418103218 1668912.1856384277
636922314.0891536474 1986609.6488037109
621361203.9424004555 1907678.7757263184
624355549.5132788420 1930006.8515014648
620569357.8424903154 1869937.1357421875
619697378.7065891027 1683658.5942993164
624733647.7620449066 1937813.0833740234
625519591.4513341188 1980673.6033935547
623275274.1457238197 1914028.2238159180
627451766.3385034800 1983393.2312011719
