850761989.1882523298 51095927.7734375000
834409820.2952487469 51035483.7734375000
834237544.3207800388 51035318.4609375000
836982223.6406468153 51039221.0859375000
825543096.6440129280 50451787.8515625000
826170803.7604591846 50933001.5546875000
833968292.5080413818 51017353.4609375000
831235955.1072930098 51010970.5859375000
829750985.1324009895 51010564.1406250000
834206694.4508072138 51024475.1015625000
851936993.6156439781 51116000.3984375000
826926468.4437414408 50958269.8515625000
825592257.7947971821 50823837.9453125000
840153506.1067918539 51081783.3437500000
851001194.6692765951 51104251.0390625000
829251162.3232642412 50976707.7031250000
828859260.8220890760 50960575.8125000000
838414218.1580685377 51075357.1406250000
833895175.4698616266 51013528.3515625000
842065379.4928503036 51092070.2656250000
