47428870.0317091867 151878.3356933594
48580226.3107397109 160669.0109863281
47748389.8765851930 154486.5273437500
46963221.0635823235 134507.1596679688
48055500.7626072466 157278.2866210938
47244363.8045039400 142376.1341552734
48011057.5326784551 156587.1853027344
48157761.9505791664 159975.2554931641
50755969.5543868616 170638.5195312500
46461898.7205914110 124801.5790414810
52267112.1687232777 171804.2031250000
47263569.3743400872 145712.1324462891
48745082.2764504403 169814.0317382812
48692954.8265444040 161297.5620117188
