437894783.0418423414 1176787.4697265625
437589746.9218572378 1169282.4024353027
447950057.6067206860 1245718.9216308594
443968138.5338613391 1228690.6221923828
436777174.0678420067 1168055.0105590820
447059171.5171302557 1237256.1993408203
443914636.8529486656 1215214.1684570312
446108821.1728191376 1231266.0512695312
434345311.8628917336 1150866.7839965820
442728849.7878057361 1210741.1179199219
433569438.2127398252 939089.0384521484
439165411.3700692654 1195489.2973632812
435514519.9581066966 1159988.6970214844
436283215.6079348326 1161759.7886352539
438832510.8504610062 1183473.7451171875
433897648.2717949748 1100924.7009887695
441059191.8077065349 1203306.2958984375
