460836011.4001594782 8557733.0947265625
480522088.0750634670 8726610.5146484375
461537816.8727947474 8619301.0000000000
467714771.2696955800 8703390.7099609375
499816378.4341440797 8750374.2031250000
455738725.3374381065 8416891.8701171875
473501236.8551910520 8705114.4023437500
461885242.1316899657 8682812.0986328125
459713992.1605352163 8551770.8027343750
466096033.2235314846 8693921.2998046875
490903274.2729874849 8744949.6093750000
479327396.0423192382 8715256.0546875000
478968828.4623573422 8707674.4882812500
