726530166.1446807384 641.3576712459
734593985.3457778692 660.2364067733
722208950.0601248741 628.3403970599
717937226.4197325706 597.1193828024
735881451.4731978178 663.1389705092
732095028.8257409334 659.5221664459
726775907.5835552216 643.1950805560
730035086.3608074188 653.0993415266
735677017.8374938965 661.9782055542
736002889.1606338024 667.1428391486
727625807.5199790001 646.6762002856
726101812.2626773119 641.2621324807
733126483.9812531471 660.1977217644
724033236.2655633688 640.9733851478
719398817.1562954187 627.5016527772
723277906.5978683233 629.3423660994
728040898.4304070473 647.2544282973
719003296.6316264868 607.7247314006
