128592.6929115631 136092.3308438000
125241.7712151577 136252.1833086000
119656.9017211486 133694.5438718000
118220.7924226892 130017.9371814000
123646.0942168694 134653.6586606000
127954.4221122477 134333.9537310000
126997.0159132748 132255.8716886000
123646.0942168694 132575.5766182000
130826.6407091667 132415.7241534000
123646.0942168694 131296.7568998000
121731.2818189234 135612.7734494000
125880.0420144730 131296.7568998000
124284.3650161847 131776.3142942000
131305.3438086532 133055.1340126000
124603.5004158423 136891.5931678000
124603.5004158423 135612.7734494000
120135.6048206351 134174.1012662000
122369.5526182387 131936.1667590000
128433.1252117342 132096.0192238000
129709.6668103649 133374.8389422000
118061.2247228604 130337.6421110000
122050.4172185811 134813.5111254000
127316.1513129324 134493.8061958000
122848.2557177252 135133.2160550000
118859.0632220045 131456.6093646000
128433.1252117342 133694.5438718000
130667.0730093378 132735.4290830000
127316.1513129324 135133.2160550000
132581.8854072838 134014.2488014000
125241.7712151577 132255.8716886000
122529.1203180676 137371.1505622000
122848.2557177252 134333.9537310000
124603.5004158423 136412.0357734000
132581.8854072838 133534.6914070000
131305.3438086532 134014.2488014000
127794.8544124189 135612.7734494000
126997.0159132748 135293.0685198000
123965.2296165270 138010.5604214000
125720.4743146441 136571.8882382000
122688.6880178964 135612.7734494000
120454.7402202928 130177.7896462000
123326.9588172117 133214.9864774000
126358.7451139595 132735.4290830000
122209.9849184099 135932.4783790000
130667.0730093378 134813.5111254000
143333.0397730227 123850.9529018603
141416.7927684773 120173.7122282297
136945.5497578712 113938.3910859865
142055.5417699924 122731.7926968423
143652.4142737803 123051.5527554189
142055.5417699924 120653.3523160946
138382.7350112803 114737.7912324279
139819.9202646894 116976.1116424640
140139.2947654469 116656.3515838874
135029.3027533258 111220.4305880856
141895.8545196136 122412.0326382658
140937.7310173409 117295.8717010405
135029.3027533258 111060.5505587973
143971.7887745379 123531.1928432838
139979.6075150682 117295.8717010405
136306.8007563561 112819.2308809685
142853.9780218863 119214.4320525000
142694.2907715076 124170.7129604369
142694.2907715076 122252.1526089775

122369.5526182387 133374.8389422000
127316.1513129324 131616.4618294000
121412.1464192658 136092.3308438000
130507.5053095090 133374.8389422000
125241.7712151577 136252.1833086000
122050.4172185811 133534.6914070000
125241.7712151577 137211.2980974000
118699.4955221757 132415.7241534000
122848.2557177252 130657.3470406000
121571.7141190946 135133.2160550000
128273.5575119054 132895.2815478000
129071.3960110496 132096.0192238000
116625.1154244009 129378.5273222000
119976.0371208063 131456.6093646000
122848.2557177252 132735.4290830000
123486.5265170406 135293.0685198000
124603.5004158423 134813.5111254000
131305.3438086532 134653.6586606000
122369.5526182387 134813.5111254000
132901.0208069414 133694.5438718000
122688.6880178964 134973.3635902000
117901.6570230315 129698.2322518000
119497.3340213198 131776.3142942000
122369.5526182387 135772.6259142000
122529.1203180676 137690.8554918000
123007.8234175541 133055.1340126000
125401.3389149865 136571.8882382000
131305.3438086532 134014.2488014000
120614.3079201216 131616.4618294000
123965.2296165270 134014.2488014000
120135.6048206351 132895.2815478000
125880.0420144730 132415.7241534000
126358.7451139595 135452.9209846000
130507.5053095090 132415.7241534000
122369.5526182387 131136.9044350000
122848.2557177252 138170.4128862000
125560.9066148153 131296.7568998000
124124.7973163559 132255.8716886000
126358.7451139595 132895.2815478000
123167.3911173829 137211.2980974000
125720.4743146441 136891.5931678000
130507.5053095090 134333.9537310000
129230.9637108784 132096.0192238000
123965.2296165270 135612.7734494000
122848.2557177252 131296.7568998000
139819.9202646894 117295.8717010405
135987.4262555985 112659.3508516802
143971.7887745379 125929.3932826081
141736.1672692349 121132.9924039594
142853.9780218863 119214.4320525000
144131.4760249167 124330.5929897252
136626.1752571136 113458.7509981216
144770.2250264318 127688.0736047793
143492.7270234015 122571.9126675540
143971.7887745379 126249.1533411847
139181.1712631742 116016.8314667342
139340.8585135530 118415.0319060586
142694.2907715076 120813.2323453829
144291.1632752955 126888.6734583378
143173.3525226440 123051.5527554189
141576.4800188561 118734.7919646351
142055.5417699924 118574.9119353468
143812.1015241591 124810.2330775901
137903.6732601439 115856.9514374459

117422.9539235451 130497.4945758000
122688.6880178964 138010.5604214000
119337.7663214910 130817.1995054000
119976.0371208063 131616.4618294000
126039.6097143018 135293.0685198000
125401.3389149865 136731.7407030000
118061.2247228604 131776.3142942000
128752.2606113919 134493.8061958000
127156.5836131036 133534.6914070000
133698.8593060856 133534.6914070000
126039.6097143018 133055.1340126000
124124.7973163559 132096.0192238000
127475.7190127613 134493.8061958000
126837.4482134460 131936.1667590000
126997.0159132748 131616.4618294000
123326.9588172117 132895.2815478000
123646.0942168694 135932.4783790000
127156.5836131036 133694.5438718000
120933.4433197793 134813.5111254000
124443.9327160135 134174.1012662000
128752.2606113919 132735.4290830000
122529.1203180676 137371.1505622000
125082.2035153288 131936.1667590000
121252.5787194369 134493.8061958000
130188.3699098513 133534.6914070000
119656.9017211486 130337.6421110000
125241.7712151577 133534.6914070000
129390.5314107072 133854.3963366000
117901.6570230315 130817.1995054000
123646.0942168694 137690.8554918000
123486.5265170406 132895.2815478000
122369.5526182387 136252.1833086000
124763.0681156712 135612.7734494000
125560.9066148153 137211.2980974000
118380.3601225180 130337.6421110000
117901.6570230315 131296.7568998000
127475.7190127613 135452.9209846000
125241.7712151577 136571.8882382000
132262.7500076261 134174.1012662000
126518.3128137883 135932.4783790000
125082.2035153288 137531.0030270000
124284.3650161847 131776.3142942000
126358.7451139595 134813.5111254000
127794.8544124189 131936.1667590000
130188.3699098513 132895.2815478000
141257.1055180985 121612.6324918243
143173.3525226440 121452.7524625360
140937.7310173409 121292.8724332477
143971.7887745379 124810.2330775901
139340.8585135530 116816.2316131757
142853.9780218863 119214.4320525000
137584.2987593864 114418.0311738513
143812.1015241591 126089.2733118964
143652.4142737803 125769.5132533198
143492.7270234015 124330.5929897252
137743.9860097652 115537.1913788694
142215.2290203712 122891.6727261306
137105.2370082500 113618.6310274099
140458.6692662046 117935.3918181937
139340.8585135530 118255.1518767703
142534.6035211288 120973.1123746712
138063.3605105227 114897.6712617162
143013.6652722652 122891.6727261306
142215.2290203712 118574.9119353468

118699.4955221757 130977.0519702000
125880.0420144730 132575.5766182000
126039.6097143018 135133.2160550000
125401.3389149865 134493.8061958000
123167.3911173829 134174.1012662000
118699.4955221757 131296.7568998000
130188.3699098513 133534.6914070000
123167.3911173829 132415.7241534000
127794.8544124189 132735.4290830000
122050.4172185811 136571.8882382000
120295.1725204640 132575.5766182000
124124.7973163559 134014.2488014000
120135.6048206351 130497.4945758000
122209.9849184099 131456.6093646000
126358.7451139595 132415.7241534000
123965.2296165270 136092.3308438000
126199.1774141307 137211.2980974000
122209.9849184099 132096.0192238000
119976.0371208063 130337.6421110000
118539.9278223469 131296.7568998000
122529.1203180676 131616.4618294000
133060.5885067703 133854.3963366000
127156.5836131036 131776.3142942000
123167.3911173829 137051.4456326000
130826.6407091667 133214.9864774000
123167.3911173829 131776.3142942000
124763.0681156712 135452.9209846000
126199.1774141307 136252.1833086000
123007.8234175541 134813.5111254000
125560.9066148153 131456.6093646000
122688.6880178964 135133.2160550000
121571.7141190946 136412.0357734000
131464.9115084820 133055.1340126000
127635.2867125901 133534.6914070000
123326.9588172117 137211.2980974000
127794.8544124189 133854.3963366000
120933.4433197793 133055.1340126000
121093.0110196081 135133.2160550000
123326.9588172117 138010.5604214000
132103.1823077973 133214.9864774000
124443.9327160135 136731.7407030000
126997.0159132748 132895.2815478000
122369.5526182387 137051.4456326000
122209.9849184099 134174.1012662000
125401.3389149865 131456.6093646000
137903.6732601439 116176.7114960225
143333.0397730227 124490.4730190135
140458.6692662046 116816.2316131757
136945.5497578712 114418.0311738513
142055.5417699924 120173.7122282297
142055.5417699924 119853.9521696531
141736.1672692349 122092.2725796892
140458.6692662046 117455.7517303288
143013.6652722652 121292.8724332477
141416.7927684773 121932.3925504009
143173.3525226440 122412.0326382658
140618.3565165833 117455.7517303288
143812.1015241591 125449.7531947432
143812.1015241591 125929.3932826081
143652.4142737803 123051.5527554189
143333.0397730227 124810.2330775901
141097.4182677197 118415.0319060586
139979.6075150682 117775.5117889054
136945.5497578712 114098.2711152748

121571.7141190946 131936.1667590000
123805.6619166982 136252.1833086000
120135.6048206351 133214.9864774000
133220.1562065991 133694.5438718000
120933.4433197793 133854.3963366000
121731.2818189234 135772.6259142000
123007.8234175541 136092.3308438000
120773.8756199505 130337.6421110000
122848.2557177252 135932.4783790000
123007.8234175541 134813.5111254000
119816.4694209775 130017.9371814000
121731.2818189234 134014.2488014000
130826.6407091667 133055.1340126000
130667.0730093378 135133.2160550000
123646.0942168694 131616.4618294000
126997.0159132748 133055.1340126000
125720.4743146441 136571.8882382000
118539.9278223469 131296.7568998000
128113.9898120766 132255.8716886000
122369.5526182387 133854.3963366000
118859.0632220045 130817.1995054000
121252.5787194369 133374.8389422000
122688.6880178964 131136.9044350000
125241.7712151577 137690.8554918000
127316.1513129324 132735.4290830000
127156.5836131036 134973.3635902000
122369.5526182387 132255.8716886000
123007.8234175541 136891.5931678000
125880.0420144730 135612.7734494000
123007.8234175541 133055.1340126000
130826.6407091667 133534.6914070000
121890.8495187522 132255.8716886000
127635.2867125901 132575.5766182000
129390.5314107072 132415.7241534000
122529.1203180676 131136.9044350000
126677.8805136171 133854.3963366000
127475.7190127613 135612.7734494000
130028.8022100225 133055.1340126000
116625.1154244009 129698.2322518000
124603.5004158423 137690.8554918000
128911.8283112207 132895.2815478000
125241.7712151577 132255.8716886000
123486.5265170406 137690.8554918000
126358.7451139595 133534.6914070000
130507.5053095090 134174.1012662000
143652.4142737803 125449.7531947432
142694.2907715076 119694.0721403649
140298.9820158258 120013.8321989414
140778.0437669621 117135.9916717522
136466.4880067348 113618.6310274099
143971.7887745379 124010.8329311486
138063.3605105227 115057.5512910045
139660.2330143106 117615.6317596171
141416.7927684773 118415.0319060586
143013.6652722652 120493.4722868063
141097.4182677197 121292.8724332477
142694.2907715076 119214.4320525000
141416.7927684773 122092.2725796892
136945.5497578712 113778.5110566982
143013.6652722652 119853.9521696531
139819.9202646894 117135.9916717522
143013.6652722652 119534.1921110766
143492.7270234015 125289.8731654549
138223.0477609015 114258.1511445631

126518.3128137883 135772.6259142000
126358.7451139595 135452.9209846000
125082.2035153288 134174.1012662000
119816.4694209775 133854.3963366000
126358.7451139595 133854.3963366000
132741.4531071126 133534.6914070000
119337.7663214910 133374.8389422000
127794.8544124189 132255.8716886000
125560.9066148153 131456.6093646000
123805.6619166982 131136.9044350000
121731.2818189234 130817.1995054000
120454.7402202928 130177.7896462000
129550.0991105360 134333.9537310000
126677.8805136171 135133.2160550000
119816.4694209775 131776.3142942000
128433.1252117342 133534.6914070000
119497.3340213198 130977.0519702000
128113.9898120766 134813.5111254000
119018.6309218333 131456.6093646000
120454.7402202928 130337.6421110000
124922.6358155000 136731.7407030000
122050.4172185811 137211.2980974000
124124.7973163559 133534.6914070000
130986.2084089955 132895.2815478000
122369.5526182387 133214.9864774000
123965.2296165270 132096.0192238000
126677.8805136171 131776.3142942000
122529.1203180676 135452.9209846000
129709.6668103649 134014.2488014000
121412.1464192658 130817.1995054000
120454.7402202928 134493.8061958000
123646.0942168694 137211.2980974000
123486.5265170406 137531.0030270000
132901.0208069414 132895.2815478000
123805.6619166982 135772.6259142000
122209.9849184099 132255.8716886000
119497.3340213198 130017.9371814000
116784.6831242297 129858.0847166000
127475.7190127613 136092.3308438000
129390.5314107072 132255.8716886000
122050.4172185811 133374.8389422000
121093.0110196081 135133.2160550000
123007.8234175541 135293.0685198000
122848.2557177252 132735.4290830000
117582.5216233739 129538.3797870000
143013.6652722652 124650.3530483018
143652.4142737803 124170.7129604369
141416.7927684773 119054.5520232117
139979.6075150682 118255.1518767703
139340.8585135530 117455.7517303288
139819.9202646894 116336.5915253108
137903.6732601439 115697.0714081577
137584.2987593864 113778.5110566982
136306.8007563561 113298.8709688333
142853.9780218863 122731.7926968423
141097.4182677197 121452.7524625360
142215.2290203712 122092.2725796892
144291.1632752955 125609.6332240315
143492.7270234015 124970.1131068784
141416.7927684773 117775.5117889054
142853.9780218863 122412.0326382658
142374.9162707500 120973.1123746712
142055.5417699924 119853.9521696531
139340.8585135530 118574.9119353468

129390.5314107072 133694.5438718000
119337.7663214910 131136.9044350000
116784.6831242297 129378.5273222000
121093.0110196081 134174.1012662000
120295.1725204640 132735.4290830000
126518.3128137883 132096.0192238000
126199.1774141307 134174.1012662000
123486.5265170406 137211.2980974000
131464.9115084820 134653.6586606000
128113.9898120766 135932.4783790000
123965.2296165270 136252.1833086000
126199.1774141307 133055.1340126000
126837.4482134460 131776.3142942000
126358.7451139595 134813.5111254000
123007.8234175541 134493.8061958000
133379.7239064279 133534.6914070000
116625.1154244009 129698.2322518000
126997.0159132748 134014.2488014000
122848.2557177252 133854.3963366000
119178.1986216622 133055.1340126000
120135.6048206351 134493.8061958000
123646.0942168694 135612.7734494000
130028.8022100225 134973.3635902000
131145.7761088243 133214.9864774000
132741.4531071126 133854.3963366000
128592.6929115631 132735.4290830000
125720.4743146441 132415.7241534000
117901.6570230315 130017.9371814000
122209.9849184099 131296.7568998000
121093.0110196081 134653.6586606000
132103.1823077973 134174.1012662000
132422.3177074550 133214.9864774000
120933.4433197793 135612.7734494000
124922.6358155000 132895.2815478000
119976.0371208063 131776.3142942000
123007.8234175541 134973.3635902000
128113.9898120766 134653.6586606000
120933.4433197793 133214.9864774000
119337.7663214910 130817.1995054000
117103.8185238874 129698.2322518000
121731.2818189234 130497.4945758000
121890.8495187522 132096.0192238000
123805.6619166982 131616.4618294000
122848.2557177252 131616.4618294000
121093.0110196081 130817.1995054000
138542.4222616591 115377.3113495811
139500.5457639318 116816.2316131757
141576.4800188561 119054.5520232117
143812.1015241591 124170.7129604369
142055.5417699924 118255.1518767703
138223.0477609015 115057.5512910045
138542.4222616591 117135.9916717522
141736.1672692349 121292.8724332477
140618.3565165833 116656.3515838874
140778.0437669621 119534.1921110766
140778.0437669621 118894.6719939234
134709.9282525681 110740.7905002207
137105.2370082500 113138.9909395450
144131.4760249167 125769.5132533198
139021.4840127955 115537.1913788694
142374.9162707500 121132.9924039594
135668.0517548409 111700.0706759504
142215.2290203712 121932.3925504009
142694.2907715076 119853.9521696531

129230.9637108784 132255.8716886000
123007.8234175541 133055.1340126000
118220.7924226892 130657.3470406000
126518.3128137883 132415.7241534000
126677.8805136171 136891.5931678000
125401.3389149865 132415.7241534000
121571.7141190946 131936.1667590000
121731.2818189234 135133.2160550000
119337.7663214910 132096.0192238000
123965.2296165270 131616.4618294000
126039.6097143018 133534.6914070000
121571.7141190946 133374.8389422000
121412.1464192658 132735.4290830000
131305.3438086532 133055.1340126000
128752.2606113919 131936.1667590000
127316.1513129324 131616.4618294000
126358.7451139595 136252.1833086000
128592.6929115631 133854.3963366000
119976.0371208063 130977.0519702000
122529.1203180676 136252.1833086000
125401.3389149865 136412.0357734000
121412.1464192658 134014.2488014000
123965.2296165270 135932.4783790000
124922.6358155000 137211.2980974000
127635.2867125901 133374.8389422000
119816.4694209775 133214.9864774000
125720.4743146441 131296.7568998000
131943.6146079685 133214.9864774000
123007.8234175541 137690.8554918000
125720.4743146441 137051.4456326000
123007.8234175541 132415.7241534000
130826.6407091667 133055.1340126000
126039.6097143018 131936.1667590000
122369.5526182387 131296.7568998000
127954.4221122477 135133.2160550000
121093.0110196081 134813.5111254000
125560.9066148153 134813.5111254000
133698.8593060856 133534.6914070000
119656.9017211486 130977.0519702000
127475.7190127613 132575.5766182000
125880.0420144730 135452.9209846000
125241.7712151577 132575.5766182000
120614.3079201216 130337.6421110000
124124.7973163559 136571.8882382000
123167.3911173829 138649.9702806000
138382.7350112803 116496.4715545991
140458.6692662046 117775.5117889054
142694.2907715076 120333.5922575180
136147.1135059773 112339.5907931036
141576.4800188561 121932.3925504009
140778.0437669621 119214.4320525000
139340.8585135530 117135.9916717522
143173.3525226440 124810.2330775901
138382.7350112803 116176.7114960225
139979.6075150682 118095.2718474820
142374.9162707500 119374.3120817883
143173.3525226440 124970.1131068784
141097.4182677197 120973.1123746712
139660.2330143106 118574.9119353468
143492.7270234015 125609.6332240315
142215.2290203712 122252.1526089775
142055.5417699924 118574.9119353468
137424.6115090075 113618.6310274099
140937.7310173409 118095.2718474820

124603.5004158423 134174.1012662000
120135.6048206351 130337.6421110000
127475.7190127613 131776.3142942000
118220.7924226892 130177.7896462000
121890.8495187522 133214.9864774000
126837.4482134460 132575.5766182000
125401.3389149865 131296.7568998000
127794.8544124189 132575.5766182000
131305.3438086532 133374.8389422000
126837.4482134460 136092.3308438000
117103.8185238874 129858.0847166000
126997.0159132748 134014.2488014000
124922.6358155000 137371.1505622000
131145.7761088243 133055.1340126000
130347.9376096802 134813.5111254000
123167.3911173829 136412.0357734000
126199.1774141307 134973.3635902000
122050.4172185811 136731.7407030000
130507.5053095090 133534.6914070000
129709.6668103649 132096.0192238000
130826.6407091667 133214.9864774000
123326.9588172117 136571.8882382000
127954.4221122477 132255.8716886000
130826.6407091667 134174.1012662000
127794.8544124189 136252.1833086000
122369.5526182387 136891.5931678000
128113.9898120766 133214.9864774000
123167.3911173829 132255.8716886000
118061.2247228604 131136.9044350000
122688.6880178964 132415.7241534000
121252.5787194369 133694.5438718000
122529.1203180676 136092.3308438000
125720.4743146441 132255.8716886000
122529.1203180676 134014.2488014000
123805.6619166982 134813.5111254000
126837.4482134460 132255.8716886000
122209.9849184099 137211.2980974000
128273.5575119054 135932.4783790000
126039.6097143018 135772.6259142000
121412.1464192658 135452.9209846000
124763.0681156712 137531.0030270000
130028.8022100225 132415.7241534000
129230.9637108784 132096.0192238000
126677.8805136171 136092.3308438000
121252.5787194369 134813.5111254000
143013.6652722652 119534.1921110766
142055.5417699924 121292.8724332477
135348.6772540833 111380.3106173739
141576.4800188561 119054.5520232117
142055.5417699924 119534.1921110766
143492.7270234015 123531.1928432838
135188.9900037045 111220.4305880856
140778.0437669621 118894.6719939234
139819.9202646894 117135.9916717522
141097.4182677197 118095.2718474820
141097.4182677197 117775.5117889054
142055.5417699924 118574.9119353468
143812.1015241591 125609.6332240315
141416.7927684773 118574.9119353468
144291.1632752955 125929.3932826081
141257.1055180985 120013.8321989414
140458.6692662046 117135.9916717522
141097.4182677197 117615.6317596171
140139.2947654469 118734.7919646351

128592.6929115631 133055.1340126000
121571.7141190946 133055.1340126000
123326.9588172117 133534.6914070000
126997.0159132748 134333.9537310000
126358.7451139595 132735.4290830000
122369.5526182387 132735.4290830000
123007.8234175541 137531.0030270000
121412.1464192658 135932.4783790000
122529.1203180676 137051.4456326000
126677.8805136171 136412.0357734000
125560.9066148153 135133.2160550000
127954.4221122477 131936.1667590000
120773.8756199505 130817.1995054000
130826.6407091667 133854.3963366000
124284.3650161847 135293.0685198000
122050.4172185811 136731.7407030000
126039.6097143018 135293.0685198000
118220.7924226892 131456.6093646000
127794.8544124189 134493.8061958000
131305.3438086532 133214.9864774000
123805.6619166982 136571.8882382000
128273.5575119054 136252.1833086000
129230.9637108784 133055.1340126000
128433.1252117342 133055.1340126000
126997.0159132748 133534.6914070000
118539.9278223469 132415.7241534000
125241.7712151577 132735.4290830000
130826.6407091667 132575.5766182000
125560.9066148153 132255.8716886000
126997.0159132748 135932.4783790000
125720.4743146441 136731.7407030000
126039.6097143018 133055.1340126000
119337.7663214910 129858.0847166000
121890.8495187522 134333.9537310000
123965.2296165270 131616.4618294000
122688.6880178964 131936.1667590000
121731.2818189234 133854.3963366000
121890.8495187522 134174.1012662000
117263.3862237162 130177.7896462000
124603.5004158423 135293.0685198000
120295.1725204640 130657.3470406000
129230.9637108784 132415.7241534000
125401.3389149865 135612.7734494000
118220.7924226892 131136.9044350000
124763.0681156712 137850.7079566000
143333.0397730227 121612.6324918243
139340.8585135530 116656.3515838874
142215.2290203712 122571.9126675540
143812.1015241591 126089.2733118964
135348.6772540833 111380.3106173739
143173.3525226440 124490.4730190135
140298.9820158258 117615.6317596171
138063.3605105227 114577.9112031396
142055.5417699924 118894.6719939234
139660.2330143106 117295.8717010405
139340.8585135530 115697.0714081577
140778.0437669621 117295.8717010405
142374.9162707500 119214.4320525000
141416.7927684773 120333.5922575180
143812.1015241591 124170.7129604369
136785.8625074924 114258.1511445631
142853.9780218863 118894.6719939234
142055.5417699924 120813.2323453829
138063.3605105227 114418.0311738513

123646.0942168694 138170.4128862000
122848.2557177252 137531.0030270000
128113.9898120766 134014.2488014000
123326.9588172117 135452.9209846000
122688.6880178964 131936.1667590000
124124.7973163559 131136.9044350000
125880.0420144730 134813.5111254000
121731.2818189234 131136.9044350000
128113.9898120766 135452.9209846000
132103.1823077973 133534.6914070000
128592.6929115631 135452.9209846000
122209.9849184099 136731.7407030000
123007.8234175541 133055.1340126000
124443.9327160135 133534.6914070000
120614.3079201216 130177.7896462000
129071.3960110496 134493.8061958000
126837.4482134460 135452.9209846000
125560.9066148153 132895.2815478000
126358.7451139595 132415.7241534000
128592.6929115631 132415.7241534000
131784.0469081396 132735.4290830000
122050.4172185811 130657.3470406000
123646.0942168694 137850.7079566000
128752.2606113919 131936.1667590000
127635.2867125901 133055.1340126000
126837.4482134460 132096.0192238000
121412.1464192658 136252.1833086000
120614.3079201216 133214.9864774000
118539.9278223469 130017.9371814000
123326.9588172117 135293.0685198000
125720.4743146441 136412.0357734000
119976.0371208063 131616.4618294000
121093.0110196081 132096.0192238000
125880.0420144730 135932.4783790000
120773.8756199505 135293.0685198000
123167.3911173829 132255.8716886000
123965.2296165270 136412.0357734000
126677.8805136171 134493.8061958000
120295.1725204640 131936.1667590000
123805.6619166982 136891.5931678000
121890.8495187522 136092.3308438000
128113.9898120766 133055.1340126000
123007.8234175541 134174.1012662000
131305.3438086532 133214.9864774000
119018.6309218333 131616.4618294000
143013.6652722652 119534.1921110766
140298.9820158258 116656.3515838874
139500.5457639318 117775.5117889054
143173.3525226440 125129.9931361667
143333.0397730227 124810.2330775901
140618.3565165833 119534.1921110766
142055.5417699924 119214.4320525000
140778.0437669621 119534.1921110766
138063.3605105227 114418.0311738513
141097.4182677197 119214.4320525000
137903.6732601439 115217.4313202928
140139.2947654469 117935.3918181937
141895.8545196136 122412.0326382658
137424.6115090075 113458.7509981216
144131.4760249167 125609.6332240315
141257.1055180985 120973.1123746712
141097.4182677197 117295.8717010405
142215.2290203712 120173.7122282297
139979.6075150682 118255.1518767703

123167.3911173829 138649.9702806000
123167.3911173829 138010.5604214000
124763.0681156712 137051.4456326000
124284.3650161847 136731.7407030000
123805.6619166982 136252.1833086000
123486.5265170406 135452.9209846000
129230.9637108784 135452.9209846000
125401.3389149865 135133.2160550000
129230.9637108784 134973.3635902000
124922.6358155000 134493.8061958000
129230.9637108784 134493.8061958000
126677.8805136171 134174.1012662000
130826.6407091667 133854.3963366000
129550.0991105360 133694.5438718000
133698.8593060856 133534.6914070000
127954.4221122477 133214.9864774000
126518.3128137883 132096.0192238000
120614.3079201216 131936.1667590000
117742.0893232027 131296.7568998000
120454.7402202928 130977.0519702000
120135.6048206351 130657.3470406000
117582.5216233739 130177.7896462000
116625.1154244009 129538.3797870000
126997.0159132748 131776.3142942000
127954.4221122477 132735.4290830000
124124.7973163559 131136.9044350000
128911.8283112207 133055.1340126000
124763.0681156712 137371.1505622000
124603.5004158423 134014.2488014000
121252.5787194369 132255.8716886000
133060.5885067703 132895.2815478000
127635.2867125901 135932.4783790000
124124.7973163559 133854.3963366000
123805.6619166982 130817.1995054000
120773.8756199505 131296.7568998000
133220.1562065991 133214.9864774000
125720.4743146441 131296.7568998000
124124.7973163559 132895.2815478000
126199.1774141307 135133.2160550000
124763.0681156712 131936.1667590000
124443.9327160135 133534.6914070000
124284.3650161847 132575.5766182000
119337.7663214910 132735.4290830000
120933.4433197793 132735.4290830000
125082.2035153288 134813.5111254000
144770.2250264318 127368.3135462027
143812.1015241591 122891.6727261306
140298.9820158258 119694.0721403649
139819.9202646894 118415.0319060586
139660.2330143106 116656.3515838874
135987.4262555985 112819.2308809685
135987.4262555985 112339.5907931036
139181.1712631742 115377.3113495811
139979.6075150682 117775.5117889054
141416.7927684773 120013.8321989414
142215.2290203712 121292.8724332477
141736.1672692349 120493.4722868063
142853.9780218863 122092.2725796892
143013.6652722652 124010.8329311486
141576.4800188561 120813.2323453829
139660.2330143106 115697.0714081577
141576.4800188561 121772.5125211126
139021.4840127955 116176.7114960225
143333.0397730227 123531.1928432838

123167.3911173829 138330.2653510000
121731.2818189234 136571.8882382000
121412.1464192658 134174.1012662000
121093.0110196081 133214.9864774000
132103.1823077973 133214.9864774000
124922.6358155000 131776.3142942000
117582.5216233739 130177.7896462000
119337.7663214910 129858.0847166000
123167.3911173829 134653.6586606000
129071.3960110496 133534.6914070000
116146.4123249144 129218.6748574000
120773.8756199505 134653.6586606000
122050.4172185811 136891.5931678000
128433.1252117342 134653.6586606000
127316.1513129324 133534.6914070000
123486.5265170406 135452.9209846000
117582.5216233739 129858.0847166000
126199.1774141307 135133.2160550000
127316.1513129324 136731.7407030000
121412.1464192658 131136.9044350000
122848.2557177252 133854.3963366000
122529.1203180676 130657.3470406000
124443.9327160135 130977.0519702000
120614.3079201216 135293.0685198000
133698.8593060856 133534.6914070000
126837.4482134460 131936.1667590000
124603.5004158423 135452.9209846000
130347.9376096802 134174.1012662000
126677.8805136171 133854.3963366000
132901.0208069414 133854.3963366000
125880.0420144730 137051.4456326000
126677.8805136171 134174.1012662000
119497.3340213198 131936.1667590000
120614.3079201216 135133.2160550000
130347.9376096802 132895.2815478000
126518.3128137883 131936.1667590000
127954.4221122477 132895.2815478000
122369.5526182387 132096.0192238000
123167.3911173829 137690.8554918000
123965.2296165270 134813.5111254000
118539.9278223469 131296.7568998000
126677.8805136171 132415.7241534000
119178.1986216622 133055.1340126000
119497.3340213198 130817.1995054000
129071.3960110496 135612.7734494000
139340.8585135530 116336.5915253108
135987.4262555985 112339.5907931036
144131.4760249167 125449.7531947432
141416.7927684773 121292.8724332477
142055.5417699924 122092.2725796892
139979.6075150682 117775.5117889054
139181.1712631742 115217.4313202928
141416.7927684773 118095.2718474820
141257.1055180985 120493.4722868063
139979.6075150682 117135.9916717522
141576.4800188561 120813.2323453829
138063.3605105227 114897.6712617162
136306.8007563561 112819.2308809685
144291.1632752955 125449.7531947432
141895.8545196136 119374.3120817883
143333.0397730227 124330.5929897252
142374.9162707500 120653.3523160946
138542.4222616591 115856.9514374459
140618.3565165833 117455.7517303288

123646.0942168694 138170.4128862000
119337.7663214910 130817.1995054000
120773.8756199505 134014.2488014000
130188.3699098513 134333.9537310000
130507.5053095090 132735.4290830000
126677.8805136171 132895.2815478000
124922.6358155000 136252.1833086000
122529.1203180676 132255.8716886000
118699.4955221757 131616.4618294000
123167.3911173829 137531.0030270000
126677.8805136171 135133.2160550000
120933.4433197793 134653.6586606000
125401.3389149865 137371.1505622000
133220.1562065991 133534.6914070000
128592.6929115631 132735.4290830000
126997.0159132748 135293.0685198000
130507.5053095090 134653.6586606000
124443.9327160135 130977.0519702000
125082.2035153288 131456.6093646000
128433.1252117342 132415.7241534000
122369.5526182387 133694.5438718000
126199.1774141307 137211.2980974000
117263.3862237162 130337.6421110000
130507.5053095090 135133.2160550000
129390.5314107072 134493.8061958000
123486.5265170406 134493.8061958000
123167.3911173829 137051.4456326000
128592.6929115631 134174.1012662000
126997.0159132748 133374.8389422000
126199.1774141307 136252.1833086000
118859.0632220045 132096.0192238000
129071.3960110496 132415.7241534000
126518.3128137883 132096.0192238000
119497.3340213198 131456.6093646000
119497.3340213198 133534.6914070000
119656.9017211486 130337.6421110000
128911.8283112207 135612.7734494000
123167.3911173829 136731.7407030000
126358.7451139595 132255.8716886000
124124.7973163559 137051.4456326000
122848.2557177252 131776.3142942000
130667.0730093378 133534.6914070000
126677.8805136171 135772.6259142000
118380.3601225180 130817.1995054000
121412.1464192658 135612.7734494000
138702.1095120379 116496.4715545991
142534.6035211288 119853.9521696531
140618.3565165833 117455.7517303288
139819.9202646894 116976.1116424640
143333.0397730227 124170.7129604369
143173.3525226440 124490.4730190135
141257.1055180985 117935.3918181937
142055.5417699924 120493.4722868063
137584.2987593864 113618.6310274099
140139.2947654469 116656.3515838874
143971.7887745379 124810.2330775901
137105.2370082500 114577.9112031396
142694.2907715076 119214.4320525000
140139.2947654469 118894.6719939234
139979.6075150682 116976.1116424640
142055.5417699924 118415.0319060586
140139.2947654469 117775.5117889054
141895.8545196136 122092.2725796892
142215.2290203712 123371.3128139955

131943.6146079685 133214.9864774000
128592.6929115631 134333.9537310000
121252.5787194369 133854.3963366000
125880.0420144730 137051.4456326000
124124.7973163559 131616.4618294000
126199.1774141307 135452.9209846000
120614.3079201216 133854.3963366000
119018.6309218333 131136.9044350000
128752.2606113919 133534.6914070000
122369.5526182387 137051.4456326000
121731.2818189234 132895.2815478000
122209.9849184099 130497.4945758000
124603.5004158423 132415.7241534000
122529.1203180676 137850.7079566000
126677.8805136171 136731.7407030000
123646.0942168694 132735.4290830000
132422.3177074550 133694.5438718000
130986.2084089955 134014.2488014000
118380.3601225180 130657.3470406000
122848.2557177252 131616.4618294000
125880.0420144730 137211.2980974000
121731.2818189234 135133.2160550000
126677.8805136171 132096.0192238000
130347.9376096802 133374.8389422000
133698.8593060856 133534.6914070000
123326.9588172117 137051.4456326000
126358.7451139595 137051.4456326000
122209.9849184099 131136.9044350000
122848.2557177252 131296.7568998000
131305.3438086532 133534.6914070000
123326.9588172117 134333.9537310000
128113.9898120766 134653.6586606000
119497.3340213198 131136.9044350000
122848.2557177252 134174.1012662000
127954.4221122477 133055.1340126000
129390.5314107072 134973.3635902000
131145.7761088243 132415.7241534000
125880.0420144730 136571.8882382000
130507.5053095090 132735.4290830000
121093.0110196081 135133.2160550000
129230.9637108784 134174.1012662000
122369.5526182387 131616.4618294000
131464.9115084820 134174.1012662000
125241.7712151577 135932.4783790000
125720.4743146441 134813.5111254000
138542.4222616591 116656.3515838874
137903.6732601439 114418.0311738513
140458.6692662046 116816.2316131757
143492.7270234015 123850.9529018603
137424.6115090075 114577.9112031396
143492.7270234015 122891.6727261306
141097.4182677197 121292.8724332477
140778.0437669621 119214.4320525000
142694.2907715076 119853.9521696531
141257.1055180985 117455.7517303288
143812.1015241591 125609.6332240315
135668.0517548409 112339.5907931036
143652.4142737803 123691.0728725721
138861.7967624167 117135.9916717522
141736.1672692349 118894.6719939234
143173.3525226440 120653.3523160946
141097.4182677197 118574.9119353468
141416.7927684773 120173.7122282297
139819.9202646894 117295.8717010405

125720.4743146441 135452.9209846000
123167.3911173829 131456.6093646000
122848.2557177252 133854.3963366000
119656.9017211486 133214.9864774000
127316.1513129324 135772.6259142000
123805.6619166982 130817.1995054000
131305.3438086532 133214.9864774000
133539.2916062568 133374.8389422000
122209.9849184099 135133.2160550000
124443.9327160135 136092.3308438000
121412.1464192658 133055.1340126000
123646.0942168694 133374.8389422000
126199.1774141307 131456.6093646000
129869.2345101937 133374.8389422000
117582.5216233739 129698.2322518000
129709.6668103649 133534.6914070000
118539.9278223469 131616.4618294000
133060.5885067703 132895.2815478000
119976.0371208063 133374.8389422000
119816.4694209775 130177.7896462000
122848.2557177252 132895.2815478000
123486.5265170406 135772.6259142000
122050.4172185811 134973.3635902000
124763.0681156712 132255.8716886000
125720.4743146441 131776.3142942000
125401.3389149865 134973.3635902000
130028.8022100225 134014.2488014000
129550.0991105360 133055.1340126000
130826.6407091667 133534.6914070000
131145.7761088243 132575.5766182000
130188.3699098513 134493.8061958000
128273.5575119054 132096.0192238000
124763.0681156712 136412.0357734000
128273.5575119054 132575.5766182000
123805.6619166982 132415.7241534000
122050.4172185811 131136.9044350000
120135.6048206351 134333.9537310000
127156.5836131036 134973.3635902000
126677.8805136171 136252.1833086000
121412.1464192658 134014.2488014000
118859.0632220045 131936.1667590000
118859.0632220045 130657.3470406000
126039.6097143018 133055.1340126000
128752.2606113919 133854.3963366000
123326.9588172117 136092.3308438000
142215.2290203712 123371.3128139955
142534.6035211288 120173.7122282297
143333.0397730227 125289.8731654549
139979.6075150682 116816.2316131757
135668.0517548409 112179.7107638153
138063.3605105227 115057.5512910045
144291.1632752955 126888.6734583378
143333.0397730227 122252.1526089775
139979.6075150682 117615.6317596171
144131.4760249167 125609.6332240315
139340.8585135530 118255.1518767703
142374.9162707500 121612.6324918243
142534.6035211288 118574.9119353468
143812.1015241591 125929.3932826081
139979.6075150682 119214.4320525000
140139.2947654469 117135.9916717522
142853.9780218863 120493.4722868063
142534.6035211288 119534.1921110766
142055.5417699924 122252.1526089775

123167.3911173829 138649.9702806000
124443.9327160135 137850.7079566000
124284.3650161847 137531.0030270000
124763.0681156712 137051.4456326000
123805.6619166982 136252.1833086000
127794.8544124189 136252.1833086000
123805.6619166982 135772.6259142000
124603.5004158423 135293.0685198000
121571.7141190946 134973.3635902000
129230.9637108784 134973.3635902000
125082.2035153288 134813.5111254000
130667.0730093378 134813.5111254000
124124.7973163559 133854.3963366000
119976.0371208063 133694.5438718000
129550.0991105360 133694.5438718000
124443.9327160135 133534.6914070000
129869.2345101937 133374.8389422000
121093.0110196081 133214.9864774000
125720.4743146441 133055.1340126000
133379.7239064279 133055.1340126000
127794.8544124189 132575.5766182000
119178.1986216622 132415.7241534000
128592.6929115631 132255.8716886000
118699.4955221757 132096.0192238000
124443.9327160135 132096.0192238000
119178.1986216622 131616.4618294000
117742.0893232027 131296.7568998000
120773.8756199505 131296.7568998000
123805.6619166982 130817.1995054000
128113.9898120766 134973.3635902000
130507.5053095090 134014.2488014000
120773.8756199505 135293.0685198000
129709.6668103649 134333.9537310000
128752.2606113919 135452.9209846000
119178.1986216622 130337.6421110000
124124.7973163559 132895.2815478000
126677.8805136171 134014.2488014000
117742.0893232027 129698.2322518000
123646.0942168694 133534.6914070000
117103.8185238874 129378.5273222000
120295.1725204640 134653.6586606000
132741.4531071126 134014.2488014000
124922.6358155000 132575.5766182000
124922.6358155000 131776.3142942000
120614.3079201216 131936.1667590000
143013.6652722652 124010.8329311486
141736.1672692349 120493.4722868063
139979.6075150682 119214.4320525000
141416.7927684773 118095.2718474820
138861.7967624167 117295.8717010405
139021.4840127955 116016.8314667342
135987.4262555985 112339.5907931036
139181.1712631742 117775.5117889054
142853.9780218863 122092.2725796892
142694.2907715076 121612.6324918243
139021.4840127955 116336.5915253108
141576.4800188561 120813.2323453829
136626.1752571136 113618.6310274099
144770.2250264318 127368.3135462027
140458.6692662046 117295.8717010405
141416.7927684773 120013.8321989414
143812.1015241591 122891.6727261306
144610.5377760530 127208.4335169144
140458.6692662046 118894.6719939234

123167.3911173829 138330.2653510000
124443.9327160135 137850.7079566000
123805.6619166982 136252.1833086000
123326.9588172117 135772.6259142000
128752.2606113919 135452.9209846000
122050.4172185811 134813.5111254000
125082.2035153288 134813.5111254000
127475.7190127613 134813.5111254000
124922.6358155000 134493.8061958000
121412.1464192658 134174.1012662000
130507.5053095090 134014.2488014000
123646.0942168694 133374.8389422000
121093.0110196081 133214.9864774000
128433.1252117342 133214.9864774000
129071.3960110496 132895.2815478000
133060.5885067703 132895.2815478000
127794.8544124189 132575.5766182000
128592.6929115631 132255.8716886000
118380.3601225180 131936.1667590000
124922.6358155000 131776.3142942000
119178.1986216622 131616.4618294000
121731.2818189234 131456.6093646000
117742.0893232027 131296.7568998000
123805.6619166982 130817.1995054000
119497.3340213198 130657.3470406000
117582.5216233739 130177.7896462000
118539.9278223469 129858.0847166000
123965.2296165270 137051.4456326000
124124.7973163559 131136.9044350000
124124.7973163559 132895.2815478000
123965.2296165270 135772.6259142000
127316.1513129324 134174.1012662000
123167.3911173829 137371.1505622000
121571.7141190946 134973.3635902000
120295.1725204640 134653.6586606000
123167.3911173829 138649.9702806000
124284.3650161847 136731.7407030000
120933.4433197793 132735.4290830000
129230.9637108784 134973.3635902000
117742.0893232027 129698.2322518000
120773.8756199505 131296.7568998000
127475.7190127613 136252.1833086000
129550.0991105360 133694.5438718000
118699.4955221757 132096.0192238000
124603.5004158423 135293.0685198000
141576.4800188561 120813.2323453829
141736.1672692349 120493.4722868063
141416.7927684773 120013.8321989414
142694.2907715076 119054.5520232117
139500.5457639318 118734.7919646351
138861.7967624167 117295.8717010405
143013.6652722652 124010.8329311486
143492.7270234015 123211.4327847072
143492.7270234015 123691.0728725721
143173.3525226440 121292.8724332477
143013.6652722652 120813.2323453829
140778.0437669621 119694.0721403649
141097.4182677197 121292.8724332477
143812.1015241591 122891.6727261306
137743.9860097652 115697.0714081577
138542.4222616591 116016.8314667342
143173.3525226440 124810.2330775901
136626.1752571136 113618.6310274099
139021.4840127955 116336.5915253108

126997.0159132748 134174.1012662000
130986.2084089955 132575.5766182000
123167.3911173829 135133.2160550000
126518.3128137883 131936.1667590000
120773.8756199505 135452.9209846000
128273.5575119054 134174.1012662000
120135.6048206351 133055.1340126000
121571.7141190946 134174.1012662000
129869.2345101937 134813.5111254000
122209.9849184099 133854.3963366000
122529.1203180676 133374.8389422000
119656.9017211486 130017.9371814000
120135.6048206351 131456.6093646000
128433.1252117342 132735.4290830000
123007.8234175541 138330.2653510000
132581.8854072838 134014.2488014000
125082.2035153288 135293.0685198000
122209.9849184099 135293.0685198000
118061.2247228604 131776.3142942000
127475.7190127613 135452.9209846000
129071.3960110496 135133.2160550000
127156.5836131036 134493.8061958000
122529.1203180676 135772.6259142000
133379.7239064279 133694.5438718000
126837.4482134460 133214.9864774000
121890.8495187522 130817.1995054000
127635.2867125901 133214.9864774000
122688.6880178964 131776.3142942000
122369.5526182387 137211.2980974000
125082.2035153288 137051.4456326000
124603.5004158423 134014.2488014000
119178.1986216622 131776.3142942000
126997.0159132748 132415.7241534000
130188.3699098513 133055.1340126000
123167.3911173829 132575.5766182000
123805.6619166982 131616.4618294000
126199.1774141307 134813.5111254000
123805.6619166982 137850.7079566000
122050.4172185811 130497.4945758000
120614.3079201216 133854.3963366000
120135.6048206351 132575.5766182000
128113.9898120766 133534.6914070000
123486.5265170406 131296.7568998000
120933.4433197793 134813.5111254000
117901.6570230315 131136.9044350000
141576.4800188561 121772.5125211126
143492.7270234015 124010.8329311486
143333.0397730227 122731.7926968423
141576.4800188561 122252.1526089775
142534.6035211288 119694.0721403649
138063.3605105227 114897.6712617162
141097.4182677197 121452.7524625360
141576.4800188561 121452.7524625360
137743.9860097652 115856.9514374459
138542.4222616591 116176.7114960225
138223.0477609015 116176.7114960225
141416.7927684773 118734.7919646351
143013.6652722652 124490.4730190135
142853.9780218863 120013.8321989414
138063.3605105227 114577.9112031396
143173.3525226440 124650.3530483018
136626.1752571136 112659.3508516802
143492.7270234015 123691.0728725721
137903.6732601439 115537.1913788694

120933.4433197793 130657.3470406000
123965.2296165270 135293.0685198000
125241.7712151577 132255.8716886000
125082.2035153288 137371.1505622000
123965.2296165270 130977.0519702000
117901.6570230315 129538.3797870000
123646.0942168694 136412.0357734000
120773.8756199505 131776.3142942000
120614.3079201216 133854.3963366000
121571.7141190946 136571.8882382000
127156.5836131036 135612.7734494000
122848.2557177252 133694.5438718000
126518.3128137883 134333.9537310000
130347.9376096802 134493.8061958000
117901.6570230315 131616.4618294000
120454.7402202928 134973.3635902000
119018.6309218333 132895.2815478000
124124.7973163559 137371.1505622000
121571.7141190946 133534.6914070000
126997.0159132748 133854.3963366000
129869.2345101937 134973.3635902000
119497.3340213198 133374.8389422000
122848.2557177252 137051.4456326000
128752.2606113919 133694.5438718000
120933.4433197793 134174.1012662000
120614.3079201216 130177.7896462000
118220.7924226892 131296.7568998000
117422.9539235451 130337.6421110000
130347.9376096802 134014.2488014000
127794.8544124189 133694.5438718000
124284.3650161847 138170.4128862000
121731.2818189234 130497.4945758000
122369.5526182387 134813.5111254000
131145.7761088243 133214.9864774000
125720.4743146441 132735.4290830000
121412.1464192658 130817.1995054000
124763.0681156712 131296.7568998000
121252.5787194369 134493.8061958000
127156.5836131036 136252.1833086000
123805.6619166982 132575.5766182000
132103.1823077973 133534.6914070000
128592.6929115631 133214.9864774000
127954.4221122477 132255.8716886000
127635.2867125901 135772.6259142000
122209.9849184099 137051.4456326000
143971.7887745379 125289.8731654549
142694.2907715076 124170.7129604369
140618.3565165833 117935.3918181937
141895.8545196136 121452.7524625360
142534.6035211288 122571.9126675540
141895.8545196136 119374.3120817883
139979.6075150682 119694.0721403649
140298.9820158258 116336.5915253108
136626.1752571136 113618.6310274099
144131.4760249167 125609.6332240315
136785.8625074924 113138.9909395450
143173.3525226440 120813.2323453829
139819.9202646894 118415.0319060586
143333.0397730227 124330.5929897252
142534.6035211288 121772.5125211126
141097.4182677197 118734.7919646351
142215.2290203712 120013.8321989414
143492.7270234015 124650.3530483018
140458.6692662046 116656.3515838874

124284.3650161847 137531.0030270000
123646.0942168694 136252.1833086000
123326.9588172117 135772.6259142000
128752.2606113919 135452.9209846000
120773.8756199505 135293.0685198000
130667.0730093378 134653.6586606000
125241.7712151577 134333.9537310000
129709.6668103649 134333.9537310000
130826.6407091667 133854.3963366000
119497.3340213198 133374.8389422000
127954.4221122477 133214.9864774000
125720.4743146441 133055.1340126000
133060.5885067703 133055.1340126000
125880.0420144730 132735.4290830000
118539.9278223469 132415.7241534000
124443.9327160135 132096.0192238000
120614.3079201216 131936.1667590000
119178.1986216622 131616.4618294000
117742.0893232027 131296.7568998000
120773.8756199505 131296.7568998000
118859.0632220045 131136.9044350000
117582.5216233739 130177.7896462000
119337.7663214910 129858.0847166000
116146.4123249144 129218.6748574000
119976.0371208063 133694.5438718000
124603.5004158423 134014.2488014000
127794.8544124189 132575.5766182000
121731.2818189234 136731.7407030000
119976.0371208063 133214.9864774000
116625.1154244009 129538.3797870000
118859.0632220045 131936.1667590000
123805.6619166982 134813.5111254000
122369.5526182387 130657.3470406000
127635.2867125901 135932.4783790000
128113.9898120766 135452.9209846000
125241.7712151577 136571.8882382000
124124.7973163559 137850.7079566000
124603.5004158423 135293.0685198000
123326.9588172117 130817.1995054000
119178.1986216622 132895.2815478000
130188.3699098513 133534.6914070000
131943.6146079685 134014.2488014000
123167.3911173829 137371.1505622000
123167.3911173829 138330.2653510000
123326.9588172117 134653.6586606000
144770.2250264318 127368.3135462027
144131.4760249167 126249.1533411847
140298.9820158258 120173.7122282297
140618.3565165833 119374.3120817883
142215.2290203712 118574.9119353468
141416.7927684773 118095.2718474820
141257.1055180985 117615.6317596171
139660.2330143106 117135.9916717522
139660.2330143106 115697.0714081577
139181.1712631742 115377.3113495811
136626.1752571136 113618.6310274099
135987.4262555985 112819.2308809685
141097.4182677197 121292.8724332477
143013.6652722652 124170.7129604369
143333.0397730227 123691.0728725721
139660.2330143106 116656.3515838874
140139.2947654469 119054.5520232117
140458.6692662046 118894.6719939234
137743.9860097652 115697.0714081577

128433.1252117342 134973.3635902000
127156.5836131036 135612.7734494000
125880.0420144730 133694.5438718000
127156.5836131036 133374.8389422000
126358.7451139595 131776.3142942000
131943.6146079685 134014.2488014000
126199.1774141307 135293.0685198000
121731.2818189234 131136.9044350000
121571.7141190946 130497.4945758000
120614.3079201216 131776.3142942000
124124.7973163559 134174.1012662000
116944.2508240586 129378.5273222000
116625.1154244009 129858.0847166000
127954.4221122477 131776.3142942000
126358.7451139595 136092.3308438000
122848.2557177252 135133.2160550000
123007.8234175541 137211.2980974000
120135.6048206351 131456.6093646000
123007.8234175541 133055.1340126000
120933.4433197793 133534.6914070000
123007.8234175541 131456.6093646000
124124.7973163559 138010.5604214000
123326.9588172117 134813.5111254000
118699.4955221757 130337.6421110000
126837.4482134460 133055.1340126000
118539.9278223469 131456.6093646000
121890.8495187522 130657.3470406000
122529.1203180676 134973.3635902000
117263.3862237162 129538.3797870000
122209.9849184099 132096.0192238000
120773.8756199505 134014.2488014000
119497.3340213198 130817.1995054000
122848.2557177252 137690.8554918000
129390.5314107072 133534.6914070000
125560.9066148153 136252.1833086000
125401.3389149865 134973.3635902000
127794.8544124189 132735.4290830000
124284.3650161847 132255.8716886000
120454.7402202928 133534.6914070000
122050.4172185811 136731.7407030000
125880.0420144730 131296.7568998000
132581.8854072838 134174.1012662000
123007.8234175541 134333.9537310000
130826.6407091667 133694.5438718000
120773.8756199505 132735.4290830000
144291.1632752955 126728.7934290495
138063.3605105227 114098.2711152748
138223.0477609015 115856.9514374459
140458.6692662046 118574.9119353468
138861.7967624167 117295.8717010405
142853.9780218863 123051.5527554189
143652.4142737803 124810.2330775901
139979.6075150682 119214.4320525000
138223.0477609015 116656.3515838874
143013.6652722652 123051.5527554189
143492.7270234015 125129.9931361667
139500.5457639318 116816.2316131757
143013.6652722652 119694.0721403649
136945.5497578712 114418.0311738513
143333.0397730227 123850.9529018603
144770.2250264318 127528.1935754910
142374.9162707500 118734.7919646351
142534.6035211288 121612.6324918243
140458.6692662046 118255.1518767703

122848.2557177252 135772.6259142000
121890.8495187522 131296.7568998000
122369.5526182387 130657.3470406000
122529.1203180676 134813.5111254000
126199.1774141307 131616.4618294000
131943.6146079685 134174.1012662000
121731.2818189234 131936.1667590000
123007.8234175541 136891.5931678000
127156.5836131036 136092.3308438000
120135.6048206351 133534.6914070000
123646.0942168694 133854.3963366000
127475.7190127613 134653.6586606000
128911.8283112207 132575.5766182000
125720.4743146441 131616.4618294000
121890.8495187522 134813.5111254000
122369.5526182387 137371.1505622000
124284.3650161847 137531.0030270000
118539.9278223469 131616.4618294000
122688.6880178964 131136.9044350000
123167.3911173829 136252.1833086000
128592.6929115631 134493.8061958000
120295.1725204640 133214.9864774000
120295.1725204640 132895.2815478000
122050.4172185811 133055.1340126000
126358.7451139595 135452.9209846000
120614.3079201216 133214.9864774000
122369.5526182387 132255.8716886000
126837.4482134460 136891.5931678000
117901.6570230315 129858.0847166000
121252.5787194369 134014.2488014000
117901.6570230315 131296.7568998000
125082.2035153288 132575.5766182000
126518.3128137883 135932.4783790000
123646.0942168694 134493.8061958000
131464.9115084820 132735.4290830000
128113.9898120766 133214.9864774000
129390.5314107072 132096.0192238000
123805.6619166982 133214.9864774000
125560.9066148153 134333.9537310000
132103.1823077973 133374.8389422000
123486.5265170406 138170.4128862000
124124.7973163559 131136.9044350000
121093.0110196081 134014.2488014000
129550.0991105360 134333.9537310000
127635.2867125901 136571.8882382000
139340.8585135530 116656.3515838874
138223.0477609015 115057.5512910045
142055.5417699924 118574.9119353468
142215.2290203712 118894.6719939234
140778.0437669621 117775.5117889054
139660.2330143106 117295.8717010405
138063.3605105227 114577.9112031396
137903.6732601439 115697.0714081577
142853.9780218863 123371.3128139955
142534.6035211288 118894.6719939234
139819.9202646894 117455.7517303288
142374.9162707500 122571.9126675540
138382.7350112803 114737.7912324279
142215.2290203712 120013.8321989414
141257.1055180985 121292.8724332477
144610.5377760530 127368.3135462027
144291.1632752955 126089.2733118964
144131.4760249167 125449.7531947432
143971.7887745379 124330.5929897252

131624.4792083108 134014.2488014000
118061.2247228604 131296.7568998000
116944.2508240586 129538.3797870000
122688.6880178964 135452.9209846000
124922.6358155000 134493.8061958000
125082.2035153288 132415.7241534000
123646.0942168694 131136.9044350000
122529.1203180676 131616.4618294000
119497.3340213198 130177.7896462000
120295.1725204640 133214.9864774000
126358.7451139595 133854.3963366000
122529.1203180676 136731.7407030000
131305.3438086532 134653.6586606000
127954.4221122477 133854.3963366000
130826.6407091667 134653.6586606000
122209.9849184099 131136.9044350000
132262.7500076261 133534.6914070000
125880.0420144730 132735.4290830000
123007.8234175541 138490.1178158000
117742.0893232027 130657.3470406000
123007.8234175541 134653.6586606000
121731.2818189234 134333.9537310000
130188.3699098513 132575.5766182000
120135.6048206351 132735.4290830000
129390.5314107072 132255.8716886000
123326.9588172117 137371.1505622000
124124.7973163559 135133.2160550000
125241.7712151577 134973.3635902000
120135.6048206351 130337.6421110000
122209.9849184099 136412.0357734000
125560.9066148153 136891.5931678000
127316.1513129324 135133.2160550000
128273.5575119054 134493.8061958000
120135.6048206351 134653.6586606000
129869.2345101937 134333.9537310000
122369.5526182387 131776.3142942000
120135.6048206351 132096.0192238000
127635.2867125901 136412.0357734000
131305.3438086532 133534.6914070000
124284.3650161847 134014.2488014000
122209.9849184099 133534.6914070000
119178.1986216622 129858.0847166000
122529.1203180676 136092.3308438000
124443.9327160135 131456.6093646000
119816.4694209775 134174.1012662000
142215.2290203712 120013.8321989414
142694.2907715076 119054.5520232117
143492.7270234015 124170.7129604369
141416.7927684773 120653.3523160946
140618.3565165833 116656.3515838874
142853.9780218863 121132.9924039594
135029.3027533258 111220.4305880856
142853.9780218863 121932.3925504009
137903.6732601439 115537.1913788694
137105.2370082500 114577.9112031396
141736.1672692349 121612.6324918243
143812.1015241591 124810.2330775901
142055.5417699924 121132.9924039594
141895.8545196136 119214.4320525000
141257.1055180985 119694.0721403649
137264.9242586288 114577.9112031396
139340.8585135530 116336.5915253108
139181.1712631742 115217.4313202928
137264.9242586288 113458.7509981216

127156.5836131036 132255.8716886000
126518.3128137883 131616.4618294000
130667.0730093378 134493.8061958000
128911.8283112207 132895.2815478000
122848.2557177252 138170.4128862000
121252.5787194369 135612.7734494000
127156.5836131036 131776.3142942000
126837.4482134460 135772.6259142000
124284.3650161847 131616.4618294000
118539.9278223469 131456.6093646000
118380.3601225180 131136.9044350000
131784.0469081396 133214.9864774000
122369.5526182387 130817.1995054000
128113.9898120766 132415.7241534000
117742.0893232027 130657.3470406000
125560.9066148153 131296.7568998000
125880.0420144730 134973.3635902000
131624.4792083108 134174.1012662000
124284.3650161847 133055.1340126000
125241.7712151577 136571.8882382000
116944.2508240586 129378.5273222000
119018.6309218333 130177.7896462000
122050.4172185811 136891.5931678000
122848.2557177252 134973.3635902000
128592.6929115631 132735.4290830000
132741.4531071126 133534.6914070000
125720.4743146441 136731.7407030000
120614.3079201216 132895.2815478000
122529.1203180676 135133.2160550000
125720.4743146441 136252.1833086000
121252.5787194369 136092.3308438000
121571.7141190946 131936.1667590000
121093.0110196081 130657.3470406000
125082.2035153288 136092.3308438000
121093.0110196081 133534.6914070000
122209.9849184099 136252.1833086000
120773.8756199505 130657.3470406000
122050.4172185811 136571.8882382000
129071.3960110496 135452.9209846000
119976.0371208063 130017.9371814000
123646.0942168694 132255.8716886000
126199.1774141307 134653.6586606000
122529.1203180676 137051.4456326000
123167.3911173829 132735.4290830000
121252.5787194369 135772.6259142000
138382.7350112803 116816.2316131757
139660.2330143106 117455.7517303288
140778.0437669621 118095.2718474820
143971.7887745379 123531.1928432838
142215.2290203712 119374.3120817883
144770.2250264318 127048.5534876261
142694.2907715076 119054.5520232117
138542.4222616591 116496.4715545991
142534.6035211288 121772.5125211126
142534.6035211288 119853.9521696531
141257.1055180985 117615.6317596171
138382.7350112803 115697.0714081577
136466.4880067348 112819.2308809685
143652.4142737803 125449.7531947432
143173.3525226440 121452.7524625360
141736.1672692349 120493.4722868063
137903.6732601439 114418.0311738513
142215.2290203712 121612.6324918243
144450.8505256743 126888.6734583378

127635.2867125901 136092.3308438000
128273.5575119054 132096.0192238000
118061.2247228604 129698.2322518000
131145.7761088243 134653.6586606000
124763.0681156712 131616.4618294000
122688.6880178964 136252.1833086000
122688.6880178964 131776.3142942000
127316.1513129324 131936.1667590000
130028.8022100225 133055.1340126000
131305.3438086532 132575.5766182000
123486.5265170406 133534.6914070000
123007.8234175541 132575.5766182000
128911.8283112207 132735.4290830000
120614.3079201216 134813.5111254000
122209.9849184099 130817.1995054000
126677.8805136171 133534.6914070000
124603.5004158423 134014.2488014000
127156.5836131036 132255.8716886000
131305.3438086532 134653.6586606000
123007.8234175541 137531.0030270000
127156.5836131036 132575.5766182000
122050.4172185811 136571.8882382000
130986.2084089955 133374.8389422000
123805.6619166982 136571.8882382000
122209.9849184099 132255.8716886000
126039.6097143018 137051.4456326000
122529.1203180676 135133.2160550000
123326.9588172117 134333.9537310000
121412.1464192658 134653.6586606000
126997.0159132748 133055.1340126000
127794.8544124189 133534.6914070000
133060.5885067703 133694.5438718000
127156.5836131036 136412.0357734000
119337.7663214910 129858.0847166000
126677.8805136171 133854.3963366000
121731.2818189234 133055.1340126000
121412.1464192658 135932.4783790000
131145.7761088243 133854.3963366000
122688.6880178964 137371.1505622000
119337.7663214910 130657.3470406000
122369.5526182387 131936.1667590000
123805.6619166982 131776.3142942000
126997.0159132748 131616.4618294000
123167.3911173829 138010.5604214000
132581.8854072838 134174.1012662000
139660.2330143106 115697.0714081577
135827.7390052197 112179.7107638153
142374.9162707500 118734.7919646351
142374.9162707500 119694.0721403649
143333.0397730227 124650.3530483018
141576.4800188561 119374.3120817883
141097.4182677197 118415.0319060586
143492.7270234015 121452.7524625360
140139.2947654469 117935.3918181937
138223.0477609015 115537.1913788694
143492.7270234015 123211.4327847072
140139.2947654469 116976.1116424640
135668.0517548409 111859.9507052387
142694.2907715076 120013.8321989414
142215.2290203712 123051.5527554189
142374.9162707500 122891.6727261306
143812.1015241591 124810.2330775901
137424.6115090075 115217.4313202928
143652.4142737803 123051.5527554189

123167.3911173829 138330.2653510000
124124.7973163559 137850.7079566000
124284.3650161847 137531.0030270000
123646.0942168694 136252.1833086000
126997.0159132748 136252.1833086000
123965.2296165270 135772.6259142000
128752.2606113919 135452.9209846000
120773.8756199505 135293.0685198000
130667.0730093378 134653.6586606000
121252.5787194369 134333.9537310000
125241.7712151577 134333.9537310000
130188.3699098513 133534.6914070000
119976.0371208063 133214.9864774000
133060.5885067703 133055.1340126000
127794.8544124189 132575.5766182000
118539.9278223469 132415.7241534000
120614.3079201216 131936.1667590000
117742.0893232027 131296.7568998000
123326.9588172117 130817.1995054000
117582.5216233739 130177.7896462000
119337.7663214910 129858.0847166000
117742.0893232027 129698.2322518000
125241.7712151577 136571.8882382000
118859.0632220045 131136.9044350000
119178.1986216622 132895.2815478000
124603.5004158423 134014.2488014000
133379.7239064279 133055.1340126000
122369.5526182387 130657.3470406000
125720.4743146441 133055.1340126000
118699.4955221757 132096.0192238000
119178.1986216622 131616.4618294000
119497.3340213198 130657.3470406000
121731.2818189234 131456.6093646000
133698.8593060856 133534.6914070000
127954.4221122477 133214.9864774000
119656.9017211486 133534.6914070000
129071.3960110496 132255.8716886000
124443.9327160135 133534.6914070000
123326.9588172117 135772.6259142000
119337.7663214910 132895.2815478000
124443.9327160135 132096.0192238000
116146.4123249144 129218.6748574000
124603.5004158423 135293.0685198000
123805.6619166982 134813.5111254000
129709.6668103649 132575.5766182000
143013.6652722652 124170.7129604369
143013.6652722652 123850.9529018603
141736.1672692349 121932.3925504009
141097.4182677197 121292.8724332477
141576.4800188561 120813.2323453829
140298.9820158258 120173.7122282297
140139.2947654469 119054.5520232117
139660.2330143106 117135.9916717522
139660.2330143106 115697.0714081577
139181.1712631742 115377.3113495811
136626.1752571136 113618.6310274099
135987.4262555985 112819.2308809685
135668.0517548409 112179.7107638153
144131.4760249167 126249.1533411847
140618.3565165833 119374.3120817883
141416.7927684773 118095.2718474820
144770.2250264318 127368.3135462027
139979.6075150682 117775.5117889054
142853.9780218863 122092.2725796892

132901.0208069414 133694.5438718000
126997.0159132748 136092.3308438000
120295.1725204640 130817.1995054000
122848.2557177252 134333.9537310000
126677.8805136171 131936.1667590000
126358.7451139595 131616.4618294000
122050.4172185811 136252.1833086000
121571.7141190946 135772.6259142000
119178.1986216622 132415.7241534000
129230.9637108784 132255.8716886000
120773.8756199505 134653.6586606000
122529.1203180676 130977.0519702000
123646.0942168694 137211.2980974000
126199.1774141307 131936.1667590000
126518.3128137883 135932.4783790000
116305.9800247432 129218.6748574000
126837.4482134460 134174.1012662000
121731.2818189234 132735.4290830000
127316.1513129324 132415.7241534000
123486.5265170406 134973.3635902000
129230.9637108784 134493.8061958000
122209.9849184099 132575.5766182000
132422.3177074550 134174.1012662000
120454.7402202928 134653.6586606000
127156.5836131036 135932.4783790000
120773.8756199505 133055.1340126000
122050.4172185811 133854.3963366000
125082.2035153288 133694.5438718000
118380.3601225180 131456.6093646000
122688.6880178964 134653.6586606000
130667.0730093378 133055.1340126000
122209.9849184099 134333.9537310000
126358.7451139595 135133.2160550000
119656.9017211486 130977.0519702000
123805.6619166982 131616.4618294000
125560.9066148153 133534.6914070000
127316.1513129324 134653.6586606000
124922.6358155000 137211.2980974000
118061.2247228604 130337.6421110000
126518.3128137883 132735.4290830000
118699.4955221757 130337.6421110000
126039.6097143018 134813.5111254000
123646.0942168694 135293.0685198000
126677.8805136171 133694.5438718000
126677.8805136171 136731.7407030000
143492.7270234015 125449.7531947432
139181.1712631742 117295.8717010405
141416.7927684773 117935.3918181937
141736.1672692349 122412.0326382658
140618.3565165833 117615.6317596171
139660.2330143106 117295.8717010405
139979.6075150682 117935.3918181937
142215.2290203712 121772.5125211126
141736.1672692349 119534.1921110766
142374.9162707500 119374.3120817883
143013.6652722652 123211.4327847072
143492.7270234015 125289.8731654549
140778.0437669621 118255.1518767703
142534.6035211288 123850.9529018603
142215.2290203712 120493.4722868063
142853.9780218863 118894.6719939234
138223.0477609015 116656.3515838874
143812.1015241591 125769.5132533198
144610.5377760530 126728.7934290495

121093.0110196081 134973.3635902000
121093.0110196081 134333.9537310000
119976.0371208063 133694.5438718000
124284.3650161847 134493.8061958000
131943.6146079685 133055.1340126000
125241.7712151577 136092.3308438000
126518.3128137883 133214.9864774000
123167.3911173829 136412.0357734000
128592.6929115631 134174.1012662000
124922.6358155000 137850.7079566000
123007.8234175541 132415.7241534000
123326.9588172117 135932.4783790000
121093.0110196081 133534.6914070000
123326.9588172117 132415.7241534000
122688.6880178964 135293.0685198000
126039.6097143018 135772.6259142000
126677.8805136171 131776.3142942000
126358.7451139595 132895.2815478000
118220.7924226892 129858.0847166000
125880.0420144730 131616.4618294000
120454.7402202928 131456.6093646000
124124.7973163559 131616.4618294000
117582.5216233739 129538.3797870000
121731.2818189234 134014.2488014000
117901.6570230315 130497.4945758000
130028.8022100225 132575.5766182000
130667.0730093378 134653.6586606000
127794.8544124189 134813.5111254000
132262.7500076261 134174.1012662000
122848.2557177252 138330.2653510000
118699.4955221757 132096.0192238000
124443.9327160135 131296.7568998000
117901.6570230315 129538.3797870000
124284.3650161847 137211.2980974000
118380.3601225180 130017.9371814000
122688.6880178964 131776.3142942000
119497.3340213198 130817.1995054000
123326.9588172117 137211.2980974000
130826.6407091667 132415.7241534000
120933.4433197793 133214.9864774000
122848.2557177252 134973.3635902000
124922.6358155000 133534.6914070000
123007.8234175541 133214.9864774000
122369.5526182387 136731.7407030000
127794.8544124189 135612.7734494000
140458.6692662046 117615.6317596171
137584.2987593864 113778.5110566982
142694.2907715076 119054.5520232117
143492.7270234015 124010.8329311486
141736.1672692349 122571.9126675540
143812.1015241591 125609.6332240315
139660.2330143106 115697.0714081577
137424.6115090075 114897.6712617162
140458.6692662046 120173.7122282297
140778.0437669621 118415.0319060586
139340.8585135530 116016.8314667342
140298.9820158258 116656.3515838874
140298.9820158258 118734.7919646351
140618.3565165833 119853.9521696531
143173.3525226440 121932.3925504009
140778.0437669621 118734.7919646351
141257.1055180985 120653.3523160946
143013.6652722652 124490.4730190135
143173.3525226440 121612.6324918243

128113.9898120766 134014.2488014000
123167.3911173829 138170.4128862000
124443.9327160135 131616.4618294000
126677.8805136171 135452.9209846000
122050.4172185811 135932.4783790000
124603.5004158423 134174.1012662000
127794.8544124189 133694.5438718000
120614.3079201216 133374.8389422000
130826.6407091667 134653.6586606000
119018.6309218333 132735.4290830000
123326.9588172117 132255.8716886000
123805.6619166982 136891.5931678000
129550.0991105360 135133.2160550000
118699.4955221757 130497.4945758000
122369.5526182387 137371.1505622000
126837.4482134460 134813.5111254000
121890.8495187522 132895.2815478000
122209.9849184099 134333.9537310000
130347.9376096802 133374.8389422000
119656.9017211486 130017.9371814000
122369.5526182387 136252.1833086000
132581.8854072838 134174.1012662000
121093.0110196081 132096.0192238000
127794.8544124189 132575.5766182000
125880.0420144730 136571.8882382000
118380.3601225180 131936.1667590000
121093.0110196081 135932.4783790000
129390.5314107072 134174.1012662000
129869.2345101937 134653.6586606000
124603.5004158423 131456.6093646000
119656.9017211486 133055.1340126000
117742.0893232027 130657.3470406000
121571.7141190946 130497.4945758000
116784.6831242297 129698.2322518000
129709.6668103649 132255.8716886000
127954.4221122477 134973.3635902000
120773.8756199505 134333.9537310000
119178.1986216622 131136.9044350000
120454.7402202928 134333.9537310000
123167.3911173829 131936.1667590000
129550.0991105360 133374.8389422000
119497.3340213198 132415.7241534000
131145.7761088243 133694.5438718000
125241.7712151577 136252.1833086000
123646.0942168694 136571.8882382000
136147.1135059773 112339.5907931036
137424.6115090075 114737.7912324279
141257.1055180985 121132.9924039594
142694.2907715076 120173.7122282297
136626.1752571136 112659.3508516802
139979.6075150682 116816.2316131757
142534.6035211288 119374.3120817883
138861.7967624167 115537.1913788694
141736.1672692349 119374.3120817883
141576.4800188561 118415.0319060586
139660.2330143106 117935.3918181937
143333.0397730227 125289.8731654549
141097.4182677197 121452.7524625360
136785.8625074924 114258.1511445631
143333.0397730227 122092.2725796892
140458.6692662046 116496.4715545991
139340.8585135530 117615.6317596171
139021.4840127955 116016.8314667342
139340.8585135530 118574.9119353468

121890.8495187522 131136.9044350000
130188.3699098513 135133.2160550000
122209.9849184099 134653.6586606000
120614.3079201216 133854.3963366000
128113.9898120766 134493.8061958000
116305.9800247432 129378.5273222000
122848.2557177252 137371.1505622000
132262.7500076261 133854.3963366000
124922.6358155000 131616.4618294000
125560.9066148153 133055.1340126000
127794.8544124189 134174.1012662000
121093.0110196081 133055.1340126000
122529.1203180676 136092.3308438000
124922.6358155000 136891.5931678000
126358.7451139595 134014.2488014000
126199.1774141307 137211.2980974000
127475.7190127613 133374.8389422000
123486.5265170406 135932.4783790000
126199.1774141307 135772.6259142000
127475.7190127613 134973.3635902000
126518.3128137883 131456.6093646000
122369.5526182387 133694.5438718000
119816.4694209775 131936.1667590000
116784.6831242297 129858.0847166000
128113.9898120766 133534.6914070000
125560.9066148153 135293.0685198000
122529.1203180676 134174.1012662000
124284.3650161847 134973.3635902000
126039.6097143018 132255.8716886000
125082.2035153288 134973.3635902000
127635.2867125901 131776.3142942000
122369.5526182387 133374.8389422000
119497.3340213198 133055.1340126000
130826.6407091667 132415.7241534000
124124.7973163559 135612.7734494000
120614.3079201216 131776.3142942000
125082.2035153288 131136.9044350000
119337.7663214910 131456.6093646000
119337.7663214910 133534.6914070000
132741.4531071126 133214.9864774000
126199.1774141307 134973.3635902000
120454.7402202928 131456.6093646000
126199.1774141307 132735.4290830000
119337.7663214910 130497.4945758000
126518.3128137883 136252.1833086000
143173.3525226440 120653.3523160946
143652.4142737803 122731.7926968423
137264.9242586288 114577.9112031396
143333.0397730227 121772.5125211126
138382.7350112803 116336.5915253108
143812.1015241591 125929.3932826081
138382.7350112803 115537.1913788694
140298.9820158258 118734.7919646351
141416.7927684773 120173.7122282297
141097.4182677197 117615.6317596171
139181.1712631742 117295.8717010405
141895.8545196136 120493.4722868063
141257.1055180985 120813.2323453829
136466.4880067348 112979.1109102568
140298.9820158258 116816.2316131757
143173.3525226440 124810.2330775901
139819.9202646894 115856.9514374459
140778.0437669621 118095.2718474820
143971.7887745379 124010.8329311486

123167.3911173829 138330.2653510000
124284.3650161847 137531.0030270000
123486.5265170406 137051.4456326000
124284.3650161847 136731.7407030000
127316.1513129324 136731.7407030000
126997.0159132748 136252.1833086000
123965.2296165270 135772.6259142000
128752.2606113919 135452.9209846000
123646.0942168694 135293.0685198000
129230.9637108784 134493.8061958000
124603.5004158423 134014.2488014000
130826.6407091667 133854.3963366000
128433.1252117342 133694.5438718000
124443.9327160135 133534.6914070000
130188.3699098513 133534.6914070000
133698.8593060856 133534.6914070000
119976.0371208063 133214.9864774000
130667.0730093378 133214.9864774000
119337.7663214910 132735.4290830000
124284.3650161847 132575.5766182000
121412.1464192658 132415.7241534000
120614.3079201216 131936.1667590000
119178.1986216622 131616.4618294000
118859.0632220045 131456.6093646000
120773.8756199505 131296.7568998000
125720.4743146441 131296.7568998000
118859.0632220045 131136.9044350000
123326.9588172117 130817.1995054000
117742.0893232027 129698.2322518000
119497.3340213198 130657.3470406000
125720.4743146441 133055.1340126000
124922.6358155000 131776.3142942000
117582.5216233739 130177.7896462000
124124.7973163559 137850.7079566000
119976.0371208063 133694.5438718000
121731.2818189234 132895.2815478000
120933.4433197793 132735.4290830000
129709.6668103649 132575.5766182000
125241.7712151577 134333.9537310000
130667.0730093378 134653.6586606000
129071.3960110496 132255.8716886000
118539.9278223469 132415.7241534000
121731.2818189234 136731.7407030000
129071.3960110496 135452.9209846000
123805.6619166982 134813.5111254000
144770.2250264318 127368.3135462027
143013.6652722652 123850.9529018603
143173.3525226440 122891.6727261306
142853.9780218863 122092.2725796892
141576.4800188561 120813.2323453829
141416.7927684773 118095.2718474820
139979.6075150682 117775.5117889054
139660.2330143106 117135.9916717522
139181.1712631742 115377.3113495811
136626.1752571136 113618.6310274099
143013.6652722652 124170.7129604369
141097.4182677197 121292.8724332477
139660.2330143106 116656.3515838874
140139.2947654469 119054.5520232117
141736.1672692349 120493.4722868063
139660.2330143106 115697.0714081577
139181.1712631742 117935.3918181937
140298.9820158258 119694.0721403649
135987.4262555985 112819.2308809685

