147726793.4862576723 124847.7556152344
151503199.4066649079 127228.0550231934
151294952.3271623850 126546.1791839600
154765316.6934526563 133738.0344848633
152450962.0869860351 131292.6103820801
151452316.3317854404 126893.6162872314
146624183.9171235561 118803.8166198730
152069090.1388174891 129909.4900512695
151630231.9493145049 128569.2114868164
144939310.1708147526 91031.6913738251
145673055.9225983620 112717.9443664551
153258511.0808281004 131714.4488830566
152240169.4386175573 130334.7041320801
145877116.6930207908 113025.5813446045
145302015.8224466443 111327.2745361328
148705911.0141696334 125827.9886779785
150245373.6117716432 126170.5046691895
153542039.9055525959 132711.0599060059
148635414.5437042415 125532.8286132812
146802085.6151975989 122823.8956909180
145898597.1207019687 114404.2763671875
146429203.6536613107 117731.1254043579
145221361.8503338099 103422.8189163208
145914681.5899136662 116685.6283569336
