564179482.3701153994 20286.4952268600
575985062.6588100195 21160.5397233963
565435155.0982116461 20340.0994329453
559627195.7275830507 19815.2056045532
568330601.4832957983 21086.2237319946
566686495.9844582081 20711.0510115623
566475907.5435260534 20707.1728382111
559672633.4660333395 19946.1526141167
579743821.4094692469 21239.9716444016
564397723.2923539877 20296.0592875481
561709943.2042934895 20097.3581466675
562282415.0158853531 20146.5798234940
566462142.2491528988 20672.2926502228
568036328.3915789127 20955.2217197418
565825352.4981662035 20638.6356782913
565317736.9637116194 20302.4703197479
574499514.0518400669 21135.3663516045
562569666.8681848049 20159.3526725769
564144531.5687320232 20238.6335372925
