472960995.6228540540 3804547.4003906250
459770122.2413473725 3748105.8203125000
465397075.0248028040 3776998.0986328125
455686080.1923516393 3723163.8242187500
454401983.7559676170 3678625.7304687500
461219902.0657216907 3758371.8398437500
468583452.3366403580 3802685.5009765625
467614138.2537272573 3782044.0009765625
459815150.6944232583 3749952.6181640625
458214142.8587846756 3727969.7363281250
458365006.5168820024 3732701.4433593750
459421066.6120159030 3744611.6328125000
476414848.6524202824 3813362.0996093750
458397790.8556381464 3737596.0966796875
469350796.5803164840 3803059.7646484375
463113536.7285737991 3771289.7236328125
