259509815.9132971466 926712.2504882812
258756231.1375856698 918883.8282470703
259649652.8106320798 929406.8843383789
262663380.4892064035 960185.4559936523
261274383.5990895629 944941.9202880859
260784457.1246535480 937269.1596069336
263180601.0810497105 964405.3214111328
261689527.8266094029 948016.4085693359
259907483.9694698453 932305.4653320312
271984809.9081096053 997605.5730590820
270565775.9888619184 982815.3661346436
256307961.2312094867 915253.3333740234
267133735.3957405686 979888.6171875000
271204650.7893415093 992717.3240966797
273908965.0644880533 997983.2319335938
260280105.7574913800 933226.8257446289
261584703.2341035306 945567.4585876465
261259121.5018877685 943883.1016845703
264215255.5469930768 972077.8797607422
259070699.3739095032 924337.2315673828
