157548400.9710510373 92603.9187850952
161224883.3176426291 95018.0035095215
157605688.9489125311 92911.2685241699
154491455.9594556987 89158.8891220093
154543531.4817730784 89581.2570343018
159485328.4658117890 94793.7938385010
163096995.2214377224 95219.3939666748
154678341.6859082282 90320.6635379791
156228161.6699005365 92288.5076522827
157742403.0627032518 93152.3373107910
157455745.9132474363 92435.7113380432
155698308.2553752661 91382.3657531738
158063255.2113465071 93256.1770477295
155038038.2516539693 90927.7934265137
155765246.7591335773 91995.5588073730
154219037.1643411517 88686.0546417236
158677104.2461681962 94040.8943786621
154016595.2632295787 85481.6185264587
