159200058.2406154871 656279.4924316406
159277278.5727624595 659614.4819335938
160997268.9255044162 664469.5444335938
158751306.6200504005 653572.4096679688
147188040.9837056100 528732.4731750488
159046797.3265841007 654081.3107910156
148841867.5945257843 604973.3093872070
147941569.6280475855 585293.4802246094
161196334.8817237914 666111.3586425781
148303628.0121710002 594327.3944091797
159301453.0096071661 661929.3315429688
147668319.9039356411 570681.4606933594
146613785.0771043599 518827.3831481934
151253930.1887447238 622760.2624511719
149568062.4426454604 615792.7451171875
147551978.4352504015 556340.0096435547
151939667.3898429275 629659.4980468750
159125343.6050243974 654308.1986083984
148329845.4001292288 597219.9554901123
152462597.0943050683 649095.8701171875
156643454.3925455213 650741.7242431641
149141302.2640886009 606211.4615478516
151230816.3711842299 620089.4825439453
150937793.6405370533 619031.5418701172
149242586.1169577837 606306.2374267578
148579029.8294570148 599252.1979980469
150418378.3318739831 616289.2760620117
