328642122.8122059107 317.1795116663
335339105.2805159092 324.0824892223
333623923.5477390289 322.0950353146
318641104.3495511413 301.0307495445
321349055.3312193751 304.0438847393
333144200.6867600083 318.3567188382
321617811.8263685703 310.7899681628
325233600.8058266640 316.6240696013
321477473.2358272076 305.2825346291
332829105.2064619660 317.5856026709
317340712.2126805782 273.2200001776
318016131.2502166033 291.0765848942
321319320.6202331185 303.8138507605
321074492.0848817229 301.1577754319
