668130376.7854356766 926476.3069152832
670424830.5124491453 933936.6336669922
688500673.9212285280 956751.5879821777
683722827.5211801529 954793.6907958984
671152652.3186488152 941233.8321838379
664553292.2134649754 903705.2439575195
669737441.1522387266 933758.8553771973
670476029.0265213251 940303.2008056641
661424528.9059960842 733657.6459865570
663900878.4914159775 901677.8463439941
662812088.2929968834 883260.5965881348
662588388.2096309662 880906.1480102539
662075024.5661643744 852336.9205322266
666943279.6068626642 919179.4765777588
676868494.7170279026 953117.1583557129
669285270.2982772589 930495.0129699707
673503157.4079772234 943803.6132507324
660074697.2545831203 699617.3864746094
662158486.1520793438 875091.5598449707
685756559.7129498720 956061.0925903320
663587638.6457673311 886405.1314620972
674114170.6876825094 952104.6101074219
664854489.4814572334 912734.3412170410
