324842969.0940248966 3619512.5380859375
329322039.6238092184 3659918.9863281250
328012850.1016194820 3621973.2968750000
322329276.3664199114 3568738.1367187500
323545410.7337939739 3603767.3027343750
338672397.0380101800 3660684.1894531250
327643105.5203371644 3621926.8613281250
321945305.7779369354 3564818.0869140625
328201459.9808028340 3628043.5195312500
322357335.5741072893 3588231.0214843750
326397665.5826845169 3620456.7714843750
320941436.5298787355 3448722.7246093750
328688057.2581734657 3646192.3378906250
