99502.6675085913 129724.4581909025
113216.6239207304 136426.5048207161
107316.4333713217 130043.6032685127
112897.6947018435 136745.6498983263
105721.7872768870 126533.0074148008
101575.7074313565 132277.6188117839
109070.5440752000 134192.4892774449
110505.7255601913 127171.2975700212
100618.9197746956 129564.8856520975
102054.1012596870 133394.6265834195
98226.9506330435 131798.9011953686
107794.8271996522 132596.7638893941
103170.3535257913 132437.1913505890
108592.1502468696 134192.4892774449
99821.5967274783 130522.3208849280
106040.7164957739 130522.3208849280
104127.1411824522 133554.1991222246
112897.6947018435 135788.2146654958
106678.5749335478 125415.9996431653
102373.0304785739 133394.6265834195
102691.9596974609 133235.0540446144
104127.1411824522 131639.3286565635
103170.3535257913 130522.3208849280
114173.4115773913 137224.3675147415
108273.2210279826 131798.9011953686
111940.9070451826 124139.4193327246
111303.0486074087 128607.4504192669
101894.6366502435 128447.8778804619
112578.7654829565 124298.9918715297
111303.0486074087 136266.9322819110
104764.9996202261 130203.1758073178
110824.6547790783 135149.9245102754
98226.9506330435 130681.8934237331
99502.6675085913 129564.8856520975
102851.4243069043 130362.7483461229
97270.1629763826 130522.3208849280
107316.4333713217 134511.6343550551
108113.7564185391 134830.7794326653
107794.8271996522 133554.1991222246
106678.5749335478 131479.7561177585
111621.9778262957 136905.2224371313
104127.1411824522 131958.4737341737
107635.3625902087 126533.0074148008
110346.2609507478 133394.6265834195
112738.2300924000 123181.9840998941
113695.0177490609 129564.8856520975
110665.1901696348 126054.2897983856
109070.5440752000 129564.8856520975
102213.5658691304 130841.4659625381
109230.0086846435 132596.7638893941
111621.9778262957 137543.5125923517
108592.1502468696 135628.6421266907
107316.4333713217 125415.9996431653
99343.2028991478 131320.1835789534
111940.9070451826 127330.8701088263
112100.3716546261 125575.5721819703
113376.0885301739 128767.0229580720
114332.8761868348 132118.0462729788
96791.7691480522 131001.0385013432
135427.8602554653 120148.4287321475
122163.2599963035 124131.7700042787
125998.8070591936 123335.1017498525
118327.7129334133 125406.4392113607
133510.0867240202 120945.0969865738
136866.1904040491 119033.0931759508
129674.5396611301 121423.0979392295
122003.4455353497 124291.1036551639
130633.4264268526 121901.0988918852
136386.7470211879 119033.0931759508
123281.9612229798 123972.4363533935
130153.9830439913 121582.4315901148
117368.8261676908 125725.1065131311
116210.8976699533 112637.1738504471
116049.8540422600 111515.8755383765
115244.6359037933 107831.6096558588
122974.7300330733 103666.7873538824
114117.3305099400 111195.5045920706
113312.1123714733 108952.9079679294
120398.0319899800 104948.2711391059
115405.6795314867 110554.7626994588
120720.1192453667 105268.6420854118
116694.0285530333 111836.2464846824
113795.2432545533 111035.3191189177
113795.2432545533 109113.0934410824
116532.9849253400 111515.8755383765
115888.8104145667 108472.3515484706
116371.9412976467 111195.5045920706

102691.9596974609 128767.0229580720
99502.6675085913 132118.0462729788
103010.8889163478 128128.7328028517
104605.5350107826 129884.0307297076
109230.0086846435 136426.5048207161
108751.6148563130 124298.9918715297
106040.7164957739 132118.0462729788
114332.8761868348 132118.0462729788
113376.0885301739 124139.4193327246
114013.9469679478 137224.3675147415
112259.8362640696 137703.0851311568
111940.9070451826 129564.8856520975
107475.8979807652 130841.4659625381
106040.7164957739 131479.7561177585
103329.8181352348 127809.5877252415
105083.9288391130 126373.4348759958
100778.3843841391 130522.3208849280
114013.9469679478 128926.5954968771
111781.4424357391 127171.2975700212
113376.0885301739 125735.1447207754
110665.1901696348 126054.2897983856
112738.2300924000 129564.8856520975
108911.0794657565 127650.0151864365
99821.5967274783 129724.4581909025
110665.1901696348 125575.5721819703
109708.4025129739 133394.6265834195
107156.9687618783 134032.9167386398
102373.0304785739 131160.6110401483
109867.8671224174 134192.4892774449
105083.9288391130 127171.2975700212
108911.0794657565 126852.1524924110
110027.3317318609 128288.3053416568
110984.1193885217 129884.0307297076
97748.5568047130 131320.1835789534
111143.5839979652 133713.7716610297
113216.6239207304 122862.8390222839
110186.7963413043 123820.2742551144
103489.2827446783 132437.1913505890
114332.8761868348 122384.1214058686
106359.6457146609 127650.0151864365
109070.5440752000 133394.6265834195
107794.8271996522 134830.7794326653
112100.3716546261 134830.7794326653
108273.2210279826 131160.6110401483
105562.3226674435 133554.1991222246
114013.9469679478 123660.7017163093
109708.4025129739 128607.4504192669
110505.7255601913 125096.8545655551
100140.5259463652 130362.7483461229
110505.7255601913 125735.1447207754
112738.2300924000 121905.4037894534
107475.8979807652 125894.7172595805
102054.1012596870 128128.7328028517
105562.3226674435 130681.8934237331
110186.7963413043 133235.0540446144
112738.2300924000 138341.3752863771
109389.4732940870 134352.0618162500
102054.1012596870 132915.9089670042
112578.7654829565 127650.0151864365
125359.5492153786 123016.4344480820
126797.8793639624 123016.4344480820
131272.6842706676 121263.7642883443
118966.9707772283 125247.1055604754
137665.2627088179 119670.4277794918
141660.6242326619 117121.0893653279
130153.9830439913 121741.7652410000
124400.6624496561 123175.7680989672
132711.0144192514 120785.7633356885
137026.0048650029 118873.7595250656
132870.8288802052 121263.7642883443
134948.4168726041 120148.4287321475
124880.1058325173 123016.4344480820
115566.7231591800 111996.4319578353
123135.7736607667 103506.6018807294
114117.3305099400 110074.2062800000
120881.1628730600 104788.0856659530
113151.0687437800 110394.5772263059
113151.0687437800 108792.7224947765
116532.9849253400 107351.0532364000
118787.5957130467 113438.1012162118
120398.0319899800 104948.2711391059
113956.2868822467 110875.1336457647
117177.1594361133 112957.5447967529
115405.6795314867 108952.9079679294
116371.9412976467 111355.6900652235
115083.5922761000 111195.5045920706
116855.0721807267 107351.0532364000

111303.0486074087 126054.2897983856
105083.9288391130 133873.3441998347
112100.3716546261 123341.5566386991
97908.0214141565 131479.7561177585
107156.9687618783 131798.9011953686
109548.9379035304 125096.8545655551
104127.1411824522 134352.0618162500
113057.1593112870 136266.9322819110
112738.2300924000 133554.1991222246
109389.4732940870 134192.4892774449
102532.4950880174 132596.7638893941
112419.3008735130 133075.4815058093
109230.0086846435 129245.7405744873
111462.5132168522 122384.1214058686
101575.7074313565 128767.0229580720
102054.1012596870 130681.8934237331
114332.8761868348 135469.0695878856
110505.7255601913 122862.8390222839
103489.2827446783 130681.8934237331
107475.8979807652 131958.4737341737
103808.2119635652 132437.1913505890
102851.4243069043 131001.0385013432
109867.8671224174 125256.4271043602
111143.5839979652 136266.9322819110
106838.0395429913 130043.6032685127
107635.3625902087 134671.2068938602
108911.0794657565 127330.8701088263
112100.3716546261 129884.0307297076
113695.0177490609 135947.7872043009
108432.6856374261 132756.3364281992
106200.1811052174 129086.1680356822
113057.1593112870 123660.7017163093
112259.8362640696 123501.1291775042
113695.0177490609 124937.2820267500
112738.2300924000 125415.9996431653
100299.9905558087 131958.4737341737
114173.4115773913 123979.8467939195
113854.4823585043 128926.5954968771
108273.2210279826 135628.6421266907
99343.2028991478 131798.9011953686
112738.2300924000 134990.3519714703
110824.6547790783 132437.1913505890
114173.4115773913 138181.8027475720
109230.0086846435 132756.3364281992
111462.5132168522 131639.3286565635
100299.9905558087 129245.7405744873
114013.9469679478 136586.0773595212
111621.9778262957 133075.4815058093
111781.4424357391 135469.0695878856
111462.5132168522 130522.3208849280
99343.2028991478 130362.7483461229
109867.8671224174 135149.9245102754
107316.4333713217 130681.8934237331
107475.8979807652 130522.3208849280
109389.4732940870 131160.6110401483
113695.0177490609 123341.5566386991
109548.9379035304 131798.9011953686
109230.0086846435 130681.8934237331
105721.7872768870 129245.7405744873
119606.2286210434 124928.4382587049
135268.0457945116 120307.7623830328
133190.4578021127 120148.4287321475
126797.8793639624 122857.1007971967
136866.1904040491 119670.4277794918
125679.1781372861 122857.1007971967
115770.6815581532 126203.1074657869
137825.0771697717 119192.4268268361
127117.5082858699 122219.7661936557
122003.4455353497 124291.1036551639
134628.7879506965 119829.7614303771
128396.0239735000 122060.4325427705
125039.9202934711 123016.4344480820
120398.0319899800 104948.2711391059
117660.2903191933 112476.9883772941
120720.1192453667 115200.1414208941
118948.6393407400 106069.5694511765
113956.2868822467 111035.3191189177
118304.4648299667 113918.6576356706
117016.1158084200 112637.1738504471
114278.3741376333 110074.2062800000
115566.7231591800 111836.2464846824
113473.1559991667 110074.2062800000
114600.4613930200 110875.1336457647
114278.3741376333 109593.6498605412
115888.8104145667 110714.9481726118
119431.7702238200 114239.0285819765
117660.2903191933 113277.9157430588

111940.9070451826 137703.0851311568
113535.5531396174 137383.9400535466
110665.1901696348 137224.3675147415
113057.1593112870 136905.2224371313
109867.8671224174 136745.6498983263
112259.8362640696 135788.2146654958
114173.4115773913 135628.6421266907
109389.4732940870 134830.7794326653
112419.3008735130 134671.2068938602
114332.8761868348 134671.2068938602
114173.4115773913 134511.6343550551
107635.3625902087 134352.0618162500
110984.1193885217 134192.4892774449
113695.0177490609 134192.4892774449
103010.8889163478 133873.3441998347
104924.4642296696 133873.3441998347
111940.9070451826 133873.3441998347
107316.4333713217 133713.7716610297
110665.1901696348 133394.6265834195
111940.9070451826 133394.6265834195
104605.5350107826 132915.9089670042
113216.6239207304 132118.0462729788
108432.6856374261 131320.1835789534
112100.3716546261 131160.6110401483
108113.7564185391 131001.0385013432
112897.6947018435 130841.4659625381
113376.0885301739 130681.8934237331
98864.8090708174 130043.6032685127
103648.7473541217 129884.0307297076
104446.0704013391 129884.0307297076
110186.7963413043 129884.0307297076
102532.4950880174 129724.4581909025
106678.5749335478 129405.3131132924
99662.1321180348 129245.7405744873
102373.0304785739 128926.5954968771
105243.3934485565 128926.5954968771
105562.3226674435 128926.5954968771
104286.6057918957 128767.0229580720
111621.9778262957 128767.0229580720
100778.3843841391 128607.4504192669
101256.7782124696 128447.8778804619
110665.1901696348 128288.3053416568
106519.1103241043 127969.1602640466
103489.2827446783 127809.5877252415
102054.1012596870 127650.0151864365
103967.6765730087 127650.0151864365
109230.0086846435 127171.2975700212
113376.0885301739 127171.2975700212
108751.6148563130 126852.1524924110
113535.5531396174 125735.1447207754
107475.8979807652 125575.5721819703
111621.9778262957 125415.9996431653
113376.0885301739 125256.4271043602
112578.7654829565 124937.2820267500
114013.9469679478 124298.9918715297
114013.9469679478 123501.1291775042
112100.3716546261 123341.5566386991
113535.5531396174 122064.9763282585
111781.4424357391 124618.1369491398
123122.1467620260 124131.7700042787
124720.2913715636 123175.7680989672
128715.6528954075 122538.4334954262
127916.5805906387 122379.0998445410
131112.8698097139 121741.7652410000
130953.0553487601 121104.4306374590
132870.8288802052 121104.4306374590
133829.7156459277 120307.7623830328
136546.5614821416 119192.4268268361
139742.8507012168 118395.7585724098
134628.7879506965 120945.0969865738
139423.2217793092 118077.0912706394
127277.3227468237 123016.4344480820
118948.6393407400 113918.6576356706
117982.3775745800 113758.4721625176
118626.5520853533 113758.4721625176
117177.1594361133 112637.1738504471
117177.1594361133 111836.2464846824
115566.7231591800 111515.8755383765
112506.8942330067 110074.2062800000
114761.5050207133 108952.9079679294
114600.4613930200 108472.3515484706
116210.8976699533 107511.2387095530
117177.1594361133 107030.6822900941
122169.5118946067 103987.1583001882
119592.8138515133 105749.1985048706
116532.9849253400 112316.8029041412
114922.5486484067 111515.8755383765

108911.0794657565 128607.4504192669
112419.3008735130 136905.2224371313
107475.8979807652 133394.6265834195
102691.9596974609 130681.8934237331
102532.4950880174 132277.6188117839
107954.2918090957 129086.1680356822
112578.7654829565 137862.6576699619
105243.3934485565 132437.1913505890
108273.2210279826 135149.9245102754
112738.2300924000 125415.9996431653
103329.8181352348 132596.7638893941
99343.2028991478 131798.9011953686
110984.1193885217 124458.5644103347
106519.1103241043 129086.1680356822
111781.4424357391 124298.9918715297
108273.2210279826 135628.6421266907
108432.6856374261 130522.3208849280
111303.0486074087 129724.4581909025
103010.8889163478 132437.1913505890
109389.4732940870 129245.7405744873
113854.4823585043 131320.1835789534
111462.5132168522 128128.7328028517
109548.9379035304 132437.1913505890
113854.4823585043 130522.3208849280
111143.5839979652 133713.7716610297
108751.6148563130 136266.9322819110
105243.3934485565 134352.0618162500
106997.5041524348 129245.7405744873
113216.6239207304 132915.9089670042
107316.4333713217 125415.9996431653
104127.1411824522 132277.6188117839
105083.9288391130 126533.0074148008
110186.7963413043 132118.0462729788
110346.2609507478 134671.2068938602
103648.7473541217 132596.7638893941
103648.7473541217 131001.0385013432
106200.1811052174 135469.0695878856
101256.7782124696 129086.1680356822
106040.7164957739 128926.5954968771
111303.0486074087 123022.4115610890
112897.6947018435 137224.3675147415
112419.3008735130 129405.3131132924
113535.5531396174 133075.4815058093
102054.1012596870 132277.6188117839
112259.8362640696 122224.5488670635
102691.9596974609 133394.6265834195
113376.0885301739 121905.4037894534
111781.4424357391 125256.4271043602
108432.6856374261 124458.5644103347
112738.2300924000 138181.8027475720
109867.8671224174 124618.1369491398
107954.2918090957 134990.3519714703
112738.2300924000 136745.6498983263
112419.3008735130 136426.5048207161
110984.1193885217 132118.0462729788
111781.4424357391 136745.6498983263
106040.7164957739 134671.2068938602
106200.1811052174 134511.6343550551
107635.3625902087 134352.0618162500
128555.8384344538 122379.0998445410
123601.5901448873 123653.7690516229
138943.7783964480 118714.4258741803
124400.6624496561 123494.4354007377
118647.3418553208 125406.4392113607
125679.1781372861 123335.1017498525
121044.5587696272 124609.7709569344
134468.9734897428 119989.0950812623
140062.4796231243 117758.4239688689
134149.3445678352 120307.7623830328
132551.1999582977 120626.4296848033
132071.7565754364 120785.7633356885
136386.7470211879 120307.7623830328
112828.9814883933 109593.6498605412
113312.1123714733 110554.7626994588
118143.4212022733 106710.3113437882
115727.7667868733 110875.1336457647
117338.2030638067 112637.1738504471
113795.2432545533 110394.5772263059
113795.2432545533 111035.3191189177
114439.4177653267 108632.5370216235
116532.9849253400 111676.0610115294
115888.8104145667 111515.8755383765
117982.3775745800 106389.9403974824
121364.2937561400 115680.6978403529
120075.9447345933 114559.3995282824
116210.8976699533 108472.3515484706
114117.3305099400 110875.1336457647

103808.2119635652 134032.9167386398
110665.1901696348 123341.5566386991
108751.6148563130 130043.6032685127
113854.4823585043 130203.1758073178
106838.0395429913 134990.3519714703
104127.1411824522 131798.9011953686
113695.0177490609 131160.6110401483
110824.6547790783 129724.4581909025
110346.2609507478 133554.1991222246
106678.5749335478 133713.7716610297
102691.9596974609 131479.7561177585
109070.5440752000 136745.6498983263
111781.4424357391 128128.7328028517
100937.8489935826 129086.1680356822
112578.7654829565 137224.3675147415
106359.6457146609 131958.4737341737
113695.0177490609 138181.8027475720
108432.6856374261 126373.4348759958
107954.2918090957 134352.0618162500
100778.3843841391 129564.8856520975
105083.9288391130 134352.0618162500
108273.2210279826 132756.3364281992
106519.1103241043 135149.9245102754
108751.6148563130 131001.0385013432
104446.0704013391 134352.0618162500
102851.4243069043 129245.7405744873
114332.8761868348 124458.5644103347
109230.0086846435 133554.1991222246
108273.2210279826 130681.8934237331
108432.6856374261 125256.4271043602
106200.1811052174 130681.8934237331
109070.5440752000 129884.0307297076
108432.6856374261 132915.9089670042
105721.7872768870 130522.3208849280
112897.6947018435 129245.7405744873
109230.0086846435 123660.7017163093
102373.0304785739 130841.4659625381
112578.7654829565 122543.6939446737
110346.2609507478 136426.5048207161
109070.5440752000 129245.7405744873
107794.8271996522 135149.9245102754
103489.2827446783 127490.4426476313
110027.3317318609 131798.9011953686
97748.5568047130 131479.7561177585
107475.8979807652 134511.6343550551
102851.4243069043 127650.0151864365
111940.9070451826 124458.5644103347
112738.2300924000 126213.8623371907
101575.7074313565 132596.7638893941
100459.4551652522 130522.3208849280
112897.6947018435 135788.2146654958
104924.4642296696 131798.9011953686
110505.7255601913 132596.7638893941
97748.5568047130 130203.1758073178
99662.1321180348 129245.7405744873
113535.5531396174 129245.7405744873
106997.5041524348 129884.0307297076
105721.7872768870 135149.9245102754
111781.4424357391 134192.4892774449
132071.7565754364 121423.0979392295
129514.7252001763 121741.7652410000
131911.9421144827 120785.7633356885
140382.1085450318 117758.4239688689
123921.2190667948 123494.4354007377
136067.1180992803 119829.7614303771
126318.4359811012 122538.4334954262
141021.3663888468 117439.7566670984
135427.8602554653 119351.7604777213
125039.9202934711 123175.7680989672
136706.3759430954 120307.7623830328
120085.6720039046 124769.1046078197
133350.2722630665 120626.4296848033
117016.1158084200 107351.0532364000
117660.2903191933 112637.1738504471
114117.3305099400 109273.2789142353
114761.5050207133 108792.7224947765
119914.9011069000 114879.7704745882
119431.7702238200 113918.6576356706
118143.4212022733 106389.9403974824
115083.5922761000 108792.7224947765
118787.5957130467 106550.1258706353
112828.9814883933 109273.2789142353
114600.4613930200 111355.6900652235
117338.2030638067 112637.1738504471
122330.5555223000 103987.1583001882
115727.7667868733 111195.5045920706
117016.1158084200 111676.0610115294

112738.2300924000 138181.8027475720
113376.0885301739 137543.5125923517
110186.7963413043 136745.6498983263
107954.2918090957 135947.7872043009
107316.4333713217 135469.0695878856
108113.7564185391 134830.7794326653
106678.5749335478 133873.3441998347
106519.1103241043 133713.7716610297
113695.0177490609 133554.1991222246
104446.0704013391 133394.6265834195
107635.3625902087 133394.6265834195
101416.2428219130 133235.0540446144
109548.9379035304 133235.0540446144
103329.8181352348 133075.4815058093
108432.6856374261 132596.7638893941
111143.5839979652 132118.0462729788
102213.5658691304 131798.9011953686
103808.2119635652 131798.9011953686
110984.1193885217 131479.7561177585
107635.3625902087 131160.6110401483
114173.4115773913 131001.0385013432
97589.0921952695 130841.4659625381
99981.0613369217 130681.8934237331
106838.0395429913 130522.3208849280
110665.1901696348 130522.3208849280
112578.7654829565 130522.3208849280
109230.0086846435 130043.6032685127
113535.5531396174 129884.0307297076
114173.4115773913 129884.0307297076
98864.8090708174 129564.8856520975
100459.4551652522 129564.8856520975
100140.5259463652 128926.5954968771
109389.4732940870 128926.5954968771
102373.0304785739 128767.0229580720
103329.8181352348 128128.7328028517
105402.8580580000 128128.7328028517
104127.1411824522 127969.1602640466
105721.7872768870 127969.1602640466
110984.1193885217 127650.0151864365
109230.0086846435 127171.2975700212
113376.0885301739 127171.2975700212
113854.4823585043 127171.2975700212
109708.4025129739 126852.1524924110
105243.3934485565 126692.5799536059
110824.6547790783 126373.4348759958
112578.7654829565 126373.4348759958
109867.8671224174 125894.7172595805
111781.4424357391 125256.4271043602
110027.3317318609 125096.8545655551
107954.2918090957 124298.9918715297
113376.0885301739 123820.2742551144
114492.3407962783 122862.8390222839
111462.5132168522 122224.5488670635
111940.9070451826 121905.4037894534
113695.0177490609 121107.5410954280
113216.6239207304 138181.8027475720
108911.0794657565 135309.4970490805
101735.1720408000 132118.0462729788
113057.1593112870 124777.7094879449
126158.6215201474 122697.7671463115
127596.9516687312 122538.4334954262
128236.2095125462 122379.0998445410
129674.5396611301 121901.0988918852
130473.6119658988 121104.4306374590
133669.9011849740 120785.7633356885
134468.9734897428 120785.7633356885
135587.6747164191 120148.4287321475
139103.5928574017 118077.0912706394
139423.2217793092 118077.0912706394
118008.0840115058 125406.4392113607
119925.8575429509 124769.1046078197
138783.9639354942 119033.0931759508
118626.5520853533 113758.4721625176
114600.4613930200 111515.8755383765
112828.9814883933 109753.8353336941
113634.1996268600 109593.6498605412
112506.8942330067 109433.4643873882
117177.1594361133 107030.6822900941
118626.5520853533 106550.1258706353
114761.5050207133 108632.5370216235
114278.3741376333 109273.2789142353
121525.3373838333 104627.9001928000
117982.3775745800 107190.8677632471
121042.2065007533 115680.6978403529
116855.0721807267 111836.2464846824
112184.8069776200 109273.2789142353
119431.7702238200 113918.6576356706

107156.9687618783 131479.7561177585
113376.0885301739 123979.8467939195
112897.6947018435 129564.8856520975
99662.1321180348 131001.0385013432
106040.7164957739 133554.1991222246
108432.6856374261 134192.4892774449
109548.9379035304 134192.4892774449
102373.0304785739 130681.8934237331
99183.7382897043 131320.1835789534
114173.4115773913 137064.7949759364
110665.1901696348 136745.6498983263
113376.0885301739 135947.7872043009
110824.6547790783 129245.7405744873
112738.2300924000 135149.9245102754
114332.8761868348 120947.9685566229
106997.5041524348 133394.6265834195
112259.8362640696 129884.0307297076
100618.9197746956 131160.6110401483
112259.8362640696 123022.4115610890
114332.8761868348 121586.2587118432
103489.2827446783 131001.0385013432
110984.1193885217 132118.0462729788
110027.3317318609 133713.7716610297
108113.7564185391 131320.1835789534
111621.9778262957 124458.5644103347
101256.7782124696 128767.0229580720
100299.9905558087 131639.3286565635
112578.7654829565 125735.1447207754
111621.9778262957 131639.3286565635
110027.3317318609 135469.0695878856
111303.0486074087 124298.9918715297
103808.2119635652 132756.3364281992
111621.9778262957 133394.6265834195
112100.3716546261 122862.8390222839
112419.3008735130 129086.1680356822
106519.1103241043 130043.6032685127
101097.3136030261 132118.0462729788
103329.8181352348 131320.1835789534
107954.2918090957 129086.1680356822
108432.6856374261 130362.7483461229
105083.9288391130 125894.7172595805
112100.3716546261 133554.1991222246
111462.5132168522 135947.7872043009
110984.1193885217 129564.8856520975
110346.2609507478 131479.7561177585
102691.9596974609 129405.3131132924
113057.1593112870 137383.9400535466
112259.8362640696 136905.2224371313
109708.4025129739 125575.5721819703
110665.1901696348 126373.4348759958
101575.7074313565 128767.0229580720
113695.0177490609 121426.6861730381
112100.3716546261 125575.5721819703
98705.3444613739 129724.4581909025
106040.7164957739 131160.6110401483
100299.9905558087 130522.3208849280
104764.9996202261 134032.9167386398
104286.6057918957 132277.6188117839
110186.7963413043 126054.2897983856
128236.2095125462 122379.0998445410
137345.6337869104 119670.4277794918
140701.7374669393 117439.7566670984
123761.4046058410 123972.4363533935
130633.4264268526 121582.4315901148
131752.1276535289 120626.4296848033
120724.9298477197 124609.7709569344
135268.0457945116 120307.7623830328
132711.0144192514 121104.4306374590
134948.4168726041 120307.7623830328
122482.8889182110 124291.1036551639
131911.9421144827 121263.7642883443
138464.3350135867 118555.0922232951
113634.1996268600 108792.7224947765
117016.1158084200 112316.8029041412
120559.0756176733 115039.9559477412
114600.4613930200 109914.0208068471
116532.9849253400 107511.2387095530
111701.6760945400 109593.6498605412
117499.2466915000 106550.1258706353
116532.9849253400 111515.8755383765
113634.1996268600 110394.5772263059
116371.9412976467 107671.4241827059
115888.8104145667 108472.3515484706
115727.7667868733 108792.7224947765
117821.3339468867 106389.9403974824
118787.5957130467 106550.1258706353
117660.2903191933 112476.9883772941

111781.4424357391 126373.4348759958
100459.4551652522 131160.6110401483
106678.5749335478 134511.6343550551
111940.9070451826 125256.4271043602
109548.9379035304 123820.2742551144
110505.7255601913 129245.7405744873
99662.1321180348 130362.7483461229
106040.7164957739 128607.4504192669
109389.4732940870 131639.3286565635
113854.4823585043 138022.2302087670
114332.8761868348 135149.9245102754
112259.8362640696 133873.3441998347
110346.2609507478 125894.7172595805
107954.2918090957 133554.1991222246
112738.2300924000 123501.1291775042
112100.3716546261 127809.5877252415
106997.5041524348 125256.4271043602
114013.9469679478 127969.1602640466
112419.3008735130 125256.4271043602
105721.7872768870 131798.9011953686
100778.3843841391 128926.5954968771
107635.3625902087 134352.0618162500
113216.6239207304 137862.6576699619
114173.4115773913 130362.7483461229
100778.3843841391 130203.1758073178
112259.8362640696 127330.8701088263
102851.4243069043 129564.8856520975
107954.2918090957 129724.4581909025
105721.7872768870 130522.3208849280
112100.3716546261 121905.4037894534
112259.8362640696 137703.0851311568
104605.5350107826 127330.8701088263
113535.5531396174 123660.7017163093
98226.9506330435 130681.8934237331
105402.8580580000 130203.1758073178
102691.9596974609 133873.3441998347
110984.1193885217 133873.3441998347
106997.5041524348 128926.5954968771
109389.4732940870 124777.7094879449
103808.2119635652 130522.3208849280
111143.5839979652 125735.1447207754
106838.0395429913 135309.4970490805
100140.5259463652 129086.1680356822
98386.4152424870 131001.0385013432
110186.7963413043 123501.1291775042
112100.3716546261 130043.6032685127
108113.7564185391 135309.4970490805
112738.2300924000 121745.8312506483
109708.4025129739 136586.0773595212
114013.9469679478 129884.0307297076
108911.0794657565 128607.4504192669
102691.9596974609 131320.1835789534
112259.8362640696 129086.1680356822
107475.8979807652 133713.7716610297
103648.7473541217 130362.7483461229
112578.7654829565 126373.4348759958
112897.6947018435 130681.8934237331
106200.1811052174 129086.1680356822
104924.4642296696 126852.1524924110
124720.2913715636 123335.1017498525
125998.8070591936 123016.4344480820
125679.1781372861 123175.7680989672
136546.5614821416 119511.0941286066
132071.7565754364 121423.0979392295
137026.0048650029 119033.0931759508
131272.6842706676 121263.7642883443
132870.8288802052 121263.7642883443
127277.3227468237 123016.4344480820
136706.3759430954 118873.7595250656
123761.4046058410 123972.4363533935
122003.4455353497 124450.4373060492
137665.2627088179 118873.7595250656
116694.0285530333 106870.4968169412
117016.1158084200 107511.2387095530
116371.9412976467 112476.9883772941
120075.9447345933 105268.6420854118
118304.4648299667 106069.5694511765
112667.9378607000 109113.0934410824
118626.5520853533 106710.3113437882
114117.3305099400 108952.9079679294
121686.3810115267 116001.0687866588
115727.7667868733 111355.6900652235
118948.6393407400 106389.9403974824
117660.2903191933 112797.3593236000
114600.4613930200 109113.0934410824
117016.1158084200 111836.2464846824
113634.1996268600 110234.3917531529

109230.0086846435 134990.3519714703
112897.6947018435 124298.9918715297
111940.9070451826 127809.5877252415
107156.9687618783 129724.4581909025
104924.4642296696 130043.6032685127
107316.4333713217 134352.0618162500
107156.9687618783 134032.9167386398
101256.7782124696 129564.8856520975
107794.8271996522 135149.9245102754
113376.0885301739 129724.4581909025
104286.6057918957 128288.3053416568
110186.7963413043 126213.8623371907
112259.8362640696 124298.9918715297
106519.1103241043 134192.4892774449
112100.3716546261 130841.4659625381
97748.5568047130 131320.1835789534
111462.5132168522 127490.4426476313
97270.1629763826 131001.0385013432
112578.7654829565 127809.5877252415
110027.3317318609 134671.2068938602
108113.7564185391 128288.3053416568
114332.8761868348 124139.4193327246
99821.5967274783 130841.4659625381
101894.6366502435 131320.1835789534
106200.1811052174 131479.7561177585
103967.6765730087 133713.7716610297
109548.9379035304 124937.2820267500
109708.4025129739 135309.4970490805
113376.0885301739 131160.6110401483
108592.1502468696 130522.3208849280
110505.7255601913 135149.9245102754
104286.6057918957 127809.5877252415
98705.3444613739 130681.8934237331
101575.7074313565 130203.1758073178
100299.9905558087 131160.6110401483
113216.6239207304 122224.5488670635
110984.1193885217 135628.6421266907
106838.0395429913 129405.3131132924
105083.9288391130 134032.9167386398
107475.8979807652 134511.6343550551
110346.2609507478 132437.1913505890
111143.5839979652 127650.0151864365
110346.2609507478 137224.3675147415
103808.2119635652 133554.1991222246
111940.9070451826 121905.4037894534
107475.8979807652 131639.3286565635
113535.5531396174 121267.1136342330
105721.7872768870 131798.9011953686
105243.3934485565 134671.2068938602
105243.3934485565 133235.0540446144
111143.5839979652 131320.1835789534
111462.5132168522 134830.7794326653
113216.6239207304 123501.1291775042
110505.7255601913 136586.0773595212
112738.2300924000 137703.0851311568
108273.2210279826 135788.2146654958
107635.3625902087 130841.4659625381
111621.9778262957 128288.3053416568
98067.4860236000 130362.7483461229
141340.9953107543 117280.4230162131
136386.7470211879 119989.0950812623
132711.0144192514 121263.7642883443
141021.3663888468 117439.7566670984
138783.9639354942 118714.4258741803
132551.1999582977 121104.4306374590
126957.6938249162 122697.7671463115
132711.0144192514 120307.7623830328
122642.7033791647 124131.7700042787
122003.4455353497 124131.7700042787
120405.3009258121 124928.4382587049
130953.0553487601 121901.0988918852
139583.0362402630 117917.7576197541
115083.5922761000 108472.3515484706
114278.3741376333 108312.1660753176
114117.3305099400 111035.3191189177
115566.7231591800 111355.6900652235
114761.5050207133 108472.3515484706
113795.2432545533 110714.9481726118
120881.1628730600 104788.0856659530
115888.8104145667 108472.3515484706
117177.1594361133 112316.8029041412
117338.2030638067 106870.4968169412
115244.6359037933 110714.9481726118
118465.5084576600 106069.5694511765
118626.5520853533 113438.1012162118
115244.6359037933 108312.1660753176
116210.8976699533 108472.3515484706

104764.9996202261 134192.4892774449
106519.1103241043 129884.0307297076
114332.8761868348 129564.8856520975
98386.4152424870 130362.7483461229
106519.1103241043 130362.7483461229
98864.8090708174 131160.6110401483
111940.9070451826 136426.5048207161
103489.2827446783 132915.9089670042
110186.7963413043 127011.7250312161
109230.0086846435 135469.0695878856
107316.4333713217 132756.3364281992
105721.7872768870 131320.1835789534
110027.3317318609 132277.6188117839
106519.1103241043 134511.6343550551
114173.4115773913 130362.7483461229
112419.3008735130 134192.4892774449
105562.3226674435 132756.3364281992
104605.5350107826 131639.3286565635
98067.4860236000 131479.7561177585
103170.3535257913 127011.7250312161
110186.7963413043 124777.7094879449
106997.5041524348 134032.9167386398
98386.4152424870 131479.7561177585
113535.5531396174 122543.6939446737
102532.4950880174 132277.6188117839
98386.4152424870 130522.3208849280
111781.4424357391 127969.1602640466
105721.7872768870 129724.4581909025
111940.9070451826 124777.7094879449
113535.5531396174 128128.7328028517
105402.8580580000 129724.4581909025
111462.5132168522 126533.0074148008
111462.5132168522 135788.2146654958
103170.3535257913 131001.0385013432
106519.1103241043 131479.7561177585
113535.5531396174 137064.7949759364
103648.7473541217 129724.4581909025
107475.8979807652 133713.7716610297
110346.2609507478 128926.5954968771
99981.0613369217 131798.9011953686
113535.5531396174 136905.2224371313
106519.1103241043 133873.3441998347
111303.0486074087 128128.7328028517
113854.4823585043 125894.7172595805
112100.3716546261 125096.8545655551
103648.7473541217 129086.1680356822
102373.0304785739 133075.4815058093
106838.0395429913 131320.1835789534
110505.7255601913 134671.2068938602
100778.3843841391 130841.4659625381
110346.2609507478 126852.1524924110
100937.8489935826 131479.7561177585
107794.8271996522 134352.0618162500
112259.8362640696 121745.8312506483
104605.5350107826 128288.3053416568
99343.2028991478 130043.6032685127
109389.4732940870 124937.2820267500
105083.9288391130 129245.7405744873
110027.3317318609 131798.9011953686
134788.6024116503 120307.7623830328
131432.4987316214 121104.4306374590
125519.3636763324 122857.1007971967
128875.4673563613 121741.7652410000
136706.3759430954 119829.7614303771
123441.7756839335 123972.4363533935
121204.3732305809 124609.7709569344
127117.5082858699 123016.4344480820
137665.2627088179 118555.0922232951
140541.9230059855 117758.4239688689
116889.3827848295 125884.4401640164
137185.8193259566 119670.4277794918
134948.4168726041 120467.0960339180
113795.2432545533 110074.2062800000
111862.7197222333 109433.4643873882
114117.3305099400 111195.5045920706
114922.5486484067 109113.0934410824
114278.3741376333 109593.6498605412
113956.2868822467 110074.2062800000
113956.2868822467 110714.9481726118
113795.2432545533 108792.7224947765
117016.1158084200 112957.5447967529
118143.4212022733 112957.5447967529
118143.4212022733 113117.7302699059
117499.2466915000 107190.8677632471
117660.2903191933 113117.7302699059
118626.5520853533 106389.9403974824
114922.5486484067 109273.2789142353

110665.1901696348 137224.3675147415
107316.4333713217 135788.2146654958
109708.4025129739 134671.2068938602
107316.4333713217 133713.7716610297
103489.2827446783 132756.3364281992
103489.2827446783 132118.0462729788
111940.9070451826 130681.8934237331
100459.4551652522 128767.0229580720
105721.7872768870 127171.2975700212
111621.9778262957 125415.9996431653
111621.9778262957 125096.8545655551
110186.7963413043 124777.7094879449
107954.2918090957 124298.9918715297
114332.8761868348 123660.7017163093
110186.7963413043 125735.1447207754
109070.5440752000 132915.9089670042
98067.4860236000 130362.7483461229
112419.3008735130 134192.4892774449
113216.6239207304 123660.7017163093
107954.2918090957 134032.9167386398
104924.4642296696 133235.0540446144
105243.3934485565 134671.2068938602
99981.0613369217 131479.7561177585
112259.8362640696 132596.7638893941
103648.7473541217 131320.1835789534
109070.5440752000 136426.5048207161
110027.3317318609 136905.2224371313
99343.2028991478 129724.4581909025
107954.2918090957 130841.4659625381
111303.0486074087 128926.5954968771
108911.0794657565 123979.8467939195
103170.3535257913 127809.5877252415
102373.0304785739 128767.0229580720
114013.9469679478 129724.4581909025
112259.8362640696 138022.2302087670
105721.7872768870 133394.6265834195
113854.4823585043 120788.3960178178
106838.0395429913 130522.3208849280
96951.2337574956 130681.8934237331
111781.4424357391 126852.1524924110
107635.3625902087 128128.7328028517
114013.9469679478 131639.3286565635
106838.0395429913 129724.4581909025
110027.3317318609 133713.7716610297
102691.9596974609 131001.0385013432
101894.6366502435 127809.5877252415
110186.7963413043 126852.1524924110
101416.2428219130 129884.0307297076
110186.7963413043 122862.8390222839
106200.1811052174 133235.0540446144
113216.6239207304 138181.8027475720
105243.3934485565 126692.5799536059
106359.6457146609 131160.6110401483
104286.6057918957 133075.4815058093
103489.2827446783 128926.5954968771
113535.5531396174 131958.4737341737
101256.7782124696 129724.4581909025
108432.6856374261 135788.2146654958
103808.2119635652 130203.1758073178
127596.9516687312 122060.4325427705
131752.1276535289 120945.0969865738
138464.3350135867 119192.4268268361
121843.6310743959 124131.7700042787
131432.4987316214 121582.4315901148
134628.7879506965 119829.7614303771
136706.3759430954 119033.0931759508
139423.2217793092 118077.0912706394
118647.3418553208 125247.1055604754
124400.6624496561 123335.1017498525
139742.8507012168 118395.7585724098
126318.4359811012 122697.7671463115
123601.5901448873 123972.4363533935
112184.8069776200 109273.2789142353
121525.3373838333 104467.7147196471
119753.8574792067 114719.5850014353
118626.5520853533 114078.8431088235
121042.2065007533 115680.6978403529
115888.8104145667 112156.6174309882
115566.7231591800 110554.7626994588
113634.1996268600 110875.1336457647
119431.7702238200 113918.6576356706
113956.2868822467 108952.9079679294
116210.8976699533 111035.3191189177
120881.1628730600 115360.3268940471
114761.5050207133 111676.0610115294
112828.9814883933 109753.8353336941
114117.3305099400 110714.9481726118

112897.6947018435 138341.3752863771
113535.5531396174 138341.3752863771
110665.1901696348 137224.3675147415
108751.6148563130 135788.2146654958
114013.9469679478 135309.4970490805
114332.8761868348 135149.9245102754
105243.3934485565 134671.2068938602
103489.2827446783 134192.4892774449
110984.1193885217 134032.9167386398
109230.0086846435 133873.3441998347
106519.1103241043 133713.7716610297
113695.0177490609 133554.1991222246
107635.3625902087 133394.6265834195
101416.2428219130 133235.0540446144
103329.8181352348 133075.4815058093
108432.6856374261 132596.7638893941
114013.9469679478 132596.7638893941
111143.5839979652 132118.0462729788
113535.5531396174 132118.0462729788
99502.6675085913 131958.4737341737
111462.5132168522 131798.9011953686
96791.7691480522 131001.0385013432
97589.0921952695 130841.4659625381
106838.0395429913 130522.3208849280
107954.2918090957 130362.7483461229
114173.4115773913 129884.0307297076
100459.4551652522 129564.8856520975
101575.7074313565 129564.8856520975
109867.8671224174 129564.8856520975
102851.4243069043 129405.3131132924
106200.1811052174 129405.3131132924
100778.3843841391 129245.7405744873
109389.4732940870 129245.7405744873
110824.6547790783 129086.1680356822
100140.5259463652 128926.5954968771
110505.7255601913 128926.5954968771
102373.0304785739 128767.0229580720
103329.8181352348 128128.7328028517
105402.8580580000 128128.7328028517
104127.1411824522 127969.1602640466
103170.3535257913 127809.5877252415
102373.0304785739 127650.0151864365
112578.7654829565 127330.8701088263
113376.0885301739 127171.2975700212
109708.4025129739 126852.1524924110
107156.9687618783 126692.5799536059
110824.6547790783 126373.4348759958
112578.7654829565 126373.4348759958
110027.3317318609 125575.5721819703
109070.5440752000 125256.4271043602
112419.3008735130 125256.4271043602
110027.3317318609 125096.8545655551
107156.9687618783 124937.2820267500
107954.2918090957 124298.9918715297
109230.0086846435 124298.9918715297
111462.5132168522 123820.2742551144
111940.9070451826 123820.2742551144
113057.1593112870 123501.1291775042
114492.3407962783 122862.8390222839
131432.4987316214 121582.4315901148
130473.6119658988 121104.4306374590
130953.0553487601 120945.0969865738
133669.9011849740 120785.7633356885
135427.8602554653 119511.0941286066
136067.1180992803 119511.0941286066
137825.0771697717 119351.7604777213
128396.0239735000 122697.7671463115
127596.9516687312 122538.4334954262
134468.9734897428 120626.4296848033
118008.0840115058 125406.4392113607
132711.0144192514 120467.0960339180
126797.8793639624 122379.0998445410
118626.5520853533 113758.4721625176
117821.3339468867 113598.2866893647
117499.2466915000 112316.8029041412
116855.0721807267 111836.2464846824
112506.8942330067 109433.4643873882
112184.8069776200 109273.2789142353
116049.8540422600 108472.3515484706
120559.0756176733 105108.4566122588
112828.9814883933 109753.8353336941
114600.4613930200 111515.8755383765
117177.1594361133 107030.6822900941
119431.7702238200 113918.6576356706
117982.3775745800 107190.8677632471
121042.2065007533 115680.6978403529
121525.3373838333 104627.9001928000

113376.0885301739 137543.5125923517
110665.1901696348 137224.3675147415
108751.6148563130 135788.2146654958
107316.4333713217 135469.0695878856
108113.7564185391 134830.7794326653
109708.4025129739 134671.2068938602
114173.4115773913 134511.6343550551
103489.2827446783 134192.4892774449
106519.1103241043 133713.7716610297
109389.4732940870 133554.1991222246
113695.0177490609 133554.1991222246
104446.0704013391 133394.6265834195
104605.5350107826 132915.9089670042
113695.0177490609 132915.9089670042
103489.2827446783 132756.3364281992
111462.5132168522 132277.6188117839
101735.1720408000 132118.0462729788
104446.0704013391 131958.4737341737
113376.0885301739 131958.4737341737
103808.2119635652 131798.9011953686
103010.8889163478 131479.7561177585
97589.0921952695 130841.4659625381
111940.9070451826 130681.8934237331
106838.0395429913 130522.3208849280
107954.2918090957 130362.7483461229
113535.5531396174 129884.0307297076
114173.4115773913 129884.0307297076
101894.6366502435 129564.8856520975
108911.0794657565 129564.8856520975
102851.4243069043 129405.3131132924
99981.0613369217 129245.7405744873
103489.2827446783 128926.5954968771
102373.0304785739 128767.0229580720
100937.8489935826 128447.8778804619
104127.1411824522 127969.1602640466
103170.3535257913 127809.5877252415
108273.2210279826 127809.5877252415
102691.9596974609 127650.0151864365
112578.7654829565 127330.8701088263
113854.4823585043 127171.2975700212
109708.4025129739 126852.1524924110
110824.6547790783 126373.4348759958
109230.0086846435 126054.2897983856
109070.5440752000 125256.4271043602
111781.4424357391 125256.4271043602
114173.4115773913 122543.6939446737
111462.5132168522 122224.5488670635
113695.0177490609 121107.5410954280
106200.1811052174 129405.3131132924
106200.1811052174 130841.4659625381
105243.3934485565 129405.3131132924
112578.7654829565 121426.6861730381
103489.2827446783 132118.0462729788
112100.3716546261 137703.0851311568
96791.7691480522 131001.0385013432
105402.8580580000 134192.4892774449
113535.5531396174 138341.3752863771
105243.3934485565 126692.5799536059
109867.8671224174 136745.6498983263
118008.0840115058 125406.4392113607
126797.8793639624 122379.0998445410
128236.2095125462 122379.0998445410
131432.4987316214 121582.4315901148
130473.6119658988 121104.4306374590
133669.9011849740 120785.7633356885
132711.0144192514 120467.0960339180
135427.8602554653 119511.0941286066
136067.1180992803 119511.0941286066
139423.2217793092 118077.0912706394
125838.9925982399 123016.4344480820
128715.6528954075 122538.4334954262
123601.5901448873 123972.4363533935
121042.2065007533 115680.6978403529
118626.5520853533 113758.4721625176
117821.3339468867 113598.2866893647
117821.3339468867 112476.9883772941
116855.0721807267 111836.2464846824
114278.3741376333 111355.6900652235
112184.8069776200 109273.2789142353
120559.0756176733 105108.4566122588
121525.3373838333 104627.9001928000
117177.1594361133 107030.6822900941
113634.1996268600 109593.6498605412
119753.8574792067 114559.3995282824
117499.2466915000 112316.8029041412
114278.3741376333 109273.2789142353
114600.4613930200 111515.8755383765

107954.2918090957 128607.4504192669
110824.6547790783 133394.6265834195
100937.8489935826 129086.1680356822
102532.4950880174 132596.7638893941
111781.4424357391 123820.2742551144
108751.6148563130 136426.5048207161
113695.0177490609 137064.7949759364
113216.6239207304 128447.8778804619
106040.7164957739 131798.9011953686
108273.2210279826 130043.6032685127
113216.6239207304 128926.5954968771
107156.9687618783 131639.3286565635
108273.2210279826 134032.9167386398
112578.7654829565 133075.4815058093
105402.8580580000 134830.7794326653
109389.4732940870 133394.6265834195
109708.4025129739 132277.6188117839
103329.8181352348 132596.7638893941
114013.9469679478 126692.5799536059
113057.1593112870 135788.2146654958
114173.4115773913 123341.5566386991
112738.2300924000 126054.2897983856
110824.6547790783 132596.7638893941
114173.4115773913 135149.9245102754
102213.5658691304 131958.4737341737
106838.0395429913 131320.1835789534
106200.1811052174 131001.0385013432
105721.7872768870 125894.7172595805
108751.6148563130 136266.9322819110
113057.1593112870 133873.3441998347
110824.6547790783 134192.4892774449
110027.3317318609 134671.2068938602
111462.5132168522 128767.0229580720
113535.5531396174 122224.5488670635
100459.4551652522 130203.1758073178
106359.6457146609 129724.4581909025
111621.9778262957 127011.7250312161
99343.2028991478 129405.3131132924
106519.1103241043 128447.8778804619
98386.4152424870 130841.4659625381
113695.0177490609 130362.7483461229
99662.1321180348 132277.6188117839
109230.0086846435 132756.3364281992
102373.0304785739 133075.4815058093
104764.9996202261 133235.0540446144
106200.1811052174 134990.3519714703
113216.6239207304 121745.8312506483
102691.9596974609 133873.3441998347
107635.3625902087 129245.7405744873
109070.5440752000 124458.5644103347
97748.5568047130 131320.1835789534
111303.0486074087 133713.7716610297
98705.3444613739 131479.7561177585
110186.7963413043 132915.9089670042
112259.8362640696 134671.2068938602
98864.8090708174 131160.6110401483
108911.0794657565 131639.3286565635
110505.7255601913 124139.4193327246
113376.0885301739 134830.7794326653
118966.9707772283 125247.1055604754
130473.6119658988 121104.4306374590
125838.9925982399 123335.1017498525
123441.7756839335 123813.1027025082
134309.1590287890 120785.7633356885
129035.2818173150 122379.0998445410
123921.2190667948 123494.4354007377
132391.3854973439 121104.4306374590
115770.6815581532 126203.1074657869
122962.3323010723 124131.7700042787
137026.0048650029 119511.0941286066
132870.8288802052 121263.7642883443
119286.5996991358 125087.7719095902
119592.8138515133 114239.0285819765
114117.3305099400 110554.7626994588
113956.2868822467 109593.6498605412
118948.6393407400 113438.1012162118
118304.4648299667 113438.1012162118
115083.5922761000 111676.0610115294
115566.7231591800 108472.3515484706
118143.4212022733 106229.7549243294
122652.6427776867 116801.9961524235
116694.0285530333 107671.4241827059
121364.2937561400 115680.6978403529
114117.3305099400 109273.2789142353
114278.3741376333 111035.3191189177
116371.9412976467 107671.4241827059
116210.8976699533 111195.5045920706

112897.6947018435 138341.3752863771
113535.5531396174 138341.3752863771
110665.1901696348 137224.3675147415
109867.8671224174 136745.6498983263
108751.6148563130 135788.2146654958
114013.9469679478 135309.4970490805
108113.7564185391 134830.7794326653
105243.3934485565 134671.2068938602
114173.4115773913 134511.6343550551
103489.2827446783 134192.4892774449
106359.6457146609 134032.9167386398
110984.1193885217 134032.9167386398
106678.5749335478 133873.3441998347
106519.1103241043 133713.7716610297
109389.4732940870 133554.1991222246
107635.3625902087 133394.6265834195
110027.3317318609 133394.6265834195
108432.6856374261 132596.7638893941
114013.9469679478 132596.7638893941
111462.5132168522 132277.6188117839
103489.2827446783 132118.0462729788
111143.5839979652 132118.0462729788
113376.0885301739 131958.4737341737
103808.2119635652 131798.9011953686
104286.6057918957 131798.9011953686
103010.8889163478 131479.7561177585
108432.6856374261 131320.1835789534
97589.0921952695 130841.4659625381
106838.0395429913 130522.3208849280
113535.5531396174 129884.0307297076
114173.4115773913 129884.0307297076
101575.7074313565 129564.8856520975
101894.6366502435 129564.8856520975
109867.8671224174 129564.8856520975
102851.4243069043 129405.3131132924
106200.1811052174 129405.3131132924
99981.0613369217 129245.7405744873
100778.3843841391 129245.7405744873
110824.6547790783 129086.1680356822
103489.2827446783 128926.5954968771
105243.3934485565 128926.5954968771
109389.4732940870 128926.5954968771
100937.8489935826 128447.8778804619
105402.8580580000 128128.7328028517
103170.3535257913 127809.5877252415
108273.2210279826 127809.5877252415
102373.0304785739 127650.0151864365
107794.8271996522 127330.8701088263
112578.7654829565 127330.8701088263
113376.0885301739 127171.2975700212
113854.4823585043 127171.2975700212
105243.3934485565 126692.5799536059
110824.6547790783 126373.4348759958
112578.7654829565 126373.4348759958
105562.3226674435 125735.1447207754
110027.3317318609 125575.5721819703
111781.4424357391 125256.4271043602
112419.3008735130 125256.4271043602
110027.3317318609 125096.8545655551
128396.0239735000 122697.7671463115
130473.6119658988 121104.4306374590
133669.9011849740 120785.7633356885
132711.0144192514 120467.0960339180
135427.8602554653 119511.0941286066
136067.1180992803 119511.0941286066
139423.2217793092 118077.0912706394
126797.8793639624 122379.0998445410
137825.0771697717 119351.7604777213
118008.0840115058 125406.4392113607
131432.4987316214 121582.4315901148
140222.2940840780 117758.4239688689
138624.1494745405 118236.4249215246
118626.5520853533 113758.4721625176
117821.3339468867 113598.2866893647
116855.0721807267 111836.2464846824
114922.5486484067 111676.0610115294
114600.4613930200 111515.8755383765
114278.3741376333 111355.6900652235
113634.1996268600 109593.6498605412
112506.8942330067 109433.4643873882
117177.1594361133 107030.6822900941
116049.8540422600 108472.3515484706
112184.8069776200 109273.2789142353
121042.2065007533 115680.6978403529
117499.2466915000 112316.8029041412
120559.0756176733 105108.4566122588
117821.3339468867 112476.9883772941

110346.2609507478 135469.0695878856
106678.5749335478 134990.3519714703
111143.5839979652 132118.0462729788
111462.5132168522 122543.6939446737
103808.2119635652 133713.7716610297
109708.4025129739 134511.6343550551
107635.3625902087 131639.3286565635
100778.3843841391 130043.6032685127
103329.8181352348 133873.3441998347
112259.8362640696 129245.7405744873
106519.1103241043 131958.4737341737
105562.3226674435 134352.0618162500
97748.5568047130 131320.1835789534
111621.9778262957 136107.3597431059
110984.1193885217 134990.3519714703
113057.1593112870 128447.8778804619
101894.6366502435 130203.1758073178
109070.5440752000 129405.3131132924
103648.7473541217 134032.9167386398
101097.3136030261 132437.1913505890
100299.9905558087 131639.3286565635
107635.3625902087 129086.1680356822
102213.5658691304 132277.6188117839
96951.2337574956 130681.8934237331
110824.6547790783 123181.9840998941
105881.2518863304 125415.9996431653
110505.7255601913 128767.0229580720
108592.1502468696 123979.8467939195
111781.4424357391 137064.7949759364
112419.3008735130 125096.8545655551
110346.2609507478 132915.9089670042
105562.3226674435 129884.0307297076
109070.5440752000 124298.9918715297
113376.0885301739 129564.8856520975
102213.5658691304 133075.4815058093
99024.2736802609 130203.1758073178
109548.9379035304 123820.2742551144
106678.5749335478 134352.0618162500
104764.9996202261 126533.0074148008
114332.8761868348 126692.5799536059
109070.5440752000 131160.6110401483
111303.0486074087 124139.4193327246
112419.3008735130 133394.6265834195
108432.6856374261 134671.2068938602
103808.2119635652 130043.6032685127
113535.5531396174 128288.3053416568
108273.2210279826 124777.7094879449
110984.1193885217 133554.1991222246
112738.2300924000 121426.6861730381
101097.3136030261 131798.9011953686
104764.9996202261 133075.4815058093
110824.6547790783 132118.0462729788
107635.3625902087 135469.0695878856
99662.1321180348 129884.0307297076
106040.7164957739 131160.6110401483
104764.9996202261 127490.4426476313
112419.3008735130 125256.4271043602
112578.7654829565 129564.8856520975
112738.2300924000 125735.1447207754
127117.5082858699 122219.7661936557
133350.2722630665 121263.7642883443
136706.3759430954 119989.0950812623
133190.4578021127 120626.4296848033
123601.5901448873 123972.4363533935
121204.3732305809 124450.4373060492
137185.8193259566 118714.4258741803
119446.4141600896 124928.4382587049
132711.0144192514 120945.0969865738
132391.3854973439 121423.0979392295
137026.0048650029 118873.7595250656
132071.7565754364 120467.0960339180
136866.1904040491 119192.4268268361
117982.3775745800 106229.7549243294
112828.9814883933 110074.2062800000
116694.0285530333 112156.6174309882
117499.2466915000 113117.7302699059
117016.1158084200 107351.0532364000
113151.0687437800 109914.0208068471
114439.4177653267 111355.6900652235
114600.4613930200 109433.4643873882
118948.6393407400 113758.4721625176
119270.7265961267 114078.8431088235
118787.5957130467 106389.9403974824
122169.5118946067 116481.6252061177
114922.5486484067 107831.6096558588
116371.9412976467 112637.1738504471
117016.1158084200 112476.9883772941

113376.0885301739 137543.5125923517
114173.4115773913 134511.6343550551
102691.9596974609 133873.3441998347
113216.6239207304 132915.9089670042
103489.2827446783 132756.3364281992
101416.2428219130 132596.7638893941
106678.5749335478 132118.0462729788
107475.8979807652 131320.1835789534
108432.6856374261 131320.1835789534
114173.4115773913 131001.0385013432
99981.0613369217 130841.4659625381
110027.3317318609 130841.4659625381
105721.7872768870 129884.0307297076
112259.8362640696 129724.4581909025
112578.7654829565 128926.5954968771
107635.3625902087 127650.0151864365
109708.4025129739 126852.1524924110
113376.0885301739 125256.4271043602
105402.8580580000 131001.0385013432
100778.3843841391 130043.6032685127
107475.8979807652 132118.0462729788
107156.9687618783 134352.0618162500
111303.0486074087 133554.1991222246
108911.0794657565 131798.9011953686
111303.0486074087 124298.9918715297
106519.1103241043 133713.7716610297
98226.9506330435 130522.3208849280
99024.2736802609 130043.6032685127
101097.3136030261 128767.0229580720
106519.1103241043 126213.8623371907
100937.8489935826 128607.4504192669
108432.6856374261 127969.1602640466
99183.7382897043 131958.4737341737
108273.2210279826 130522.3208849280
112897.6947018435 137862.6576699619
113057.1593112870 135469.0695878856
110186.7963413043 134830.7794326653
103170.3535257913 131958.4737341737
108432.6856374261 124298.9918715297
103648.7473541217 129724.4581909025
108592.1502468696 135469.0695878856
105402.8580580000 133873.3441998347
101735.1720408000 133235.0540446144
106838.0395429913 129086.1680356822
113695.0177490609 135788.2146654958
111143.5839979652 137543.5125923517
111303.0486074087 127490.4426476313
105881.2518863304 125894.7172595805
112578.7654829565 127330.8701088263
110665.1901696348 133235.0540446144
102054.1012596870 131320.1835789534
108273.2210279826 133873.3441998347
114013.9469679478 123341.5566386991
101416.2428219130 129724.4581909025
99502.6675085913 130522.3208849280
112738.2300924000 121745.8312506483
104127.1411824522 134511.6343550551
112738.2300924000 127011.7250312161
112578.7654829565 122543.6939446737
129674.5396611301 121741.7652410000
135427.8602554653 119511.0941286066
134468.9734897428 120467.0960339180
120405.3009258121 124769.1046078197
123761.4046058410 123972.4363533935
137026.0048650029 119033.0931759508
126478.2504420549 123175.7680989672
138783.9639354942 119033.0931759508
127117.5082858699 122857.1007971967
120724.9298477197 124769.1046078197
125838.9925982399 123016.4344480820
136546.5614821416 119192.4268268361
121044.5587696272 124769.1046078197
114117.3305099400 110875.1336457647
116210.8976699533 107511.2387095530
122169.5118946067 103987.1583001882
113956.2868822467 109113.0934410824
115244.6359037933 108632.5370216235
113634.1996268600 108792.7224947765
113956.2868822467 110234.3917531529
119109.6829684333 114239.0285819765
117499.2466915000 112316.8029041412
120881.1628730600 115200.1414208941
119914.9011069000 105749.1985048706
112990.0251160867 108952.9079679294
115244.6359037933 111355.6900652235
118143.4212022733 113277.9157430588
114761.5050207133 110394.5772263059

111781.4424357391 133394.6265834195
108592.1502468696 125575.5721819703
110665.1901696348 136745.6498983263
114013.9469679478 121586.2587118432
103329.8181352348 131160.6110401483
107156.9687618783 130043.6032685127
113216.6239207304 131001.0385013432
110984.1193885217 134671.2068938602
112100.3716546261 131958.4737341737
112578.7654829565 123820.2742551144
113057.1593112870 131320.1835789534
110505.7255601913 130522.3208849280
113216.6239207304 132437.1913505890
114173.4115773913 134990.3519714703
108113.7564185391 129245.7405744873
113535.5531396174 130362.7483461229
111303.0486074087 136426.5048207161
113535.5531396174 133713.7716610297
101097.3136030261 130841.4659625381
105721.7872768870 131001.0385013432
108432.6856374261 134192.4892774449
110346.2609507478 132756.3364281992
104286.6057918957 128288.3053416568
113535.5531396174 126692.5799536059
109389.4732940870 135149.9245102754
114332.8761868348 122224.5488670635
108432.6856374261 135469.0695878856
103808.2119635652 127011.7250312161
113376.0885301739 121107.5410954280
106040.7164957739 127011.7250312161
97270.1629763826 130681.8934237331
113854.4823585043 126692.5799536059
105083.9288391130 129245.7405744873
105721.7872768870 132596.7638893941
103170.3535257913 128607.4504192669
110346.2609507478 132118.0462729788
106997.5041524348 134830.7794326653
113695.0177490609 122862.8390222839
102691.9596974609 133394.6265834195
109867.8671224174 129564.8856520975
110505.7255601913 122862.8390222839
103489.2827446783 132596.7638893941
106997.5041524348 132437.1913505890
109389.4732940870 129724.4581909025
111143.5839979652 125096.8545655551
112578.7654829565 127809.5877252415
111940.9070451826 134511.6343550551
100140.5259463652 129884.0307297076
101735.1720408000 132756.3364281992
108911.0794657565 132756.3364281992
111143.5839979652 122543.6939446737
104446.0704013391 128447.8778804619
112259.8362640696 123820.2742551144
110186.7963413043 125575.5721819703
105402.8580580000 131798.9011953686
113376.0885301739 129245.7405744873
109548.9379035304 131639.3286565635
105881.2518863304 129245.7405744873
100778.3843841391 130043.6032685127
122323.0744572572 124131.7700042787
129354.9107392226 121901.0988918852
132391.3854973439 121104.4306374590
135907.3036383266 119829.7614303771
141181.1808498006 117439.7566670984
130633.4264268526 121263.7642883443
139423.2217793092 118555.0922232951
129834.3541220838 122060.4325427705
129514.7252001763 122219.7661936557
136386.7470211879 119511.0941286066
132711.0144192514 120945.0969865738
134788.6024116503 120467.0960339180
134628.7879506965 119989.0950812623
117660.2903191933 112316.8029041412
121203.2501284467 115680.6978403529
114278.3741376333 108952.9079679294
113956.2868822467 111195.5045920706
113151.0687437800 110394.5772263059
120720.1192453667 104948.2711391059
112990.0251160867 108792.7224947765
117982.3775745800 113277.9157430588
116049.8540422600 107351.0532364000
118626.5520853533 113277.9157430588
120075.9447345933 114559.3995282824
116532.9849253400 107030.6822900941
119109.6829684333 106389.9403974824
116532.9849253400 112316.8029041412
117821.3339468867 106870.4968169412

112419.3008735130 128767.0229580720
113854.4823585043 125894.7172595805
108751.6148563130 130681.8934237331
112738.2300924000 127171.2975700212
107316.4333713217 131001.0385013432
101735.1720408000 129564.8856520975
99981.0613369217 131001.0385013432
111781.4424357391 125575.5721819703
109548.9379035304 125735.1447207754
110824.6547790783 127809.5877252415
113695.0177490609 129405.3131132924
110346.2609507478 131160.6110401483
110027.3317318609 126373.4348759958
114332.8761868348 121905.4037894534
106519.1103241043 133075.4815058093
98386.4152424870 130841.4659625381
109230.0086846435 126054.2897983856
111143.5839979652 134671.2068938602
108432.6856374261 131320.1835789534
109389.4732940870 131958.4737341737
113376.0885301739 128128.7328028517
103170.3535257913 131320.1835789534
107156.9687618783 132437.1913505890
102851.4243069043 132756.3364281992
111781.4424357391 122384.1214058686
98545.8798519304 129884.0307297076
104286.6057918957 133075.4815058093
112100.3716546261 136107.3597431059
106200.1811052174 129724.4581909025
104924.4642296696 129564.8856520975
113057.1593112870 128607.4504192669
114013.9469679478 128447.8778804619
106997.5041524348 133235.0540446144
110665.1901696348 133873.3441998347
113854.4823585043 128926.5954968771
107316.4333713217 132756.3364281992
105721.7872768870 129884.0307297076
110984.1193885217 132437.1913505890
113695.0177490609 123341.5566386991
112578.7654829565 123341.5566386991
114332.8761868348 125415.9996431653
109389.4732940870 130841.4659625381
104924.4642296696 131798.9011953686
106678.5749335478 131958.4737341737
105721.7872768870 131798.9011953686
105083.9288391130 133713.7716610297
103170.3535257913 130841.4659625381
108751.6148563130 136586.0773595212
103808.2119635652 133394.6265834195
113535.5531396174 137383.9400535466
114013.9469679478 121905.4037894534
105243.3934485565 133394.6265834195
99981.0613369217 130681.8934237331
111940.9070451826 134192.4892774449
112738.2300924000 128447.8778804619
109389.4732940870 129724.4581909025
106838.0395429913 131320.1835789534
111781.4424357391 137543.5125923517
113695.0177490609 122224.5488670635
122323.0744572572 124131.7700042787
137665.2627088179 119670.4277794918
129994.1685830376 121582.4315901148
132391.3854973439 120467.0960339180
131432.4987316214 121104.4306374590
141181.1808498006 117439.7566670984
132231.5710363902 120626.4296848033
132071.7565754364 120467.0960339180
127756.7661296850 122697.7671463115
135747.4891773728 120467.0960339180
125838.9925982399 122857.1007971967
135427.8602554653 120467.0960339180
132551.1999582977 120626.4296848033
120720.1192453667 105268.6420854118
119753.8574792067 114719.5850014353
115244.6359037933 111515.8755383765
116049.8540422600 110875.1336457647
115083.5922761000 111836.2464846824
114761.5050207133 111676.0610115294
113795.2432545533 110234.3917531529
116532.9849253400 111355.6900652235
117982.3775745800 113438.1012162118
114278.3741376333 111355.6900652235
115888.8104145667 111676.0610115294
116532.9849253400 111515.8755383765
113795.2432545533 108952.9079679294
117338.2030638067 113117.7302699059
117982.3775745800 112957.5447967529

106359.6457146609 133554.1991222246
113216.6239207304 128288.3053416568
110186.7963413043 123979.8467939195
113695.0177490609 131320.1835789534
102213.5658691304 133394.6265834195
107475.8979807652 127011.7250312161
103329.8181352348 129245.7405744873
97908.0214141565 131639.3286565635
108273.2210279826 127969.1602640466
112100.3716546261 128767.0229580720
114013.9469679478 130043.6032685127
97908.0214141565 130522.3208849280
112738.2300924000 136745.6498983263
113535.5531396174 134830.7794326653
110027.3317318609 135628.6421266907
107954.2918090957 134671.2068938602
110984.1193885217 131639.3286565635
109548.9379035304 132756.3364281992
111462.5132168522 126533.0074148008
109230.0086846435 132915.9089670042
107635.3625902087 125096.8545655551
100140.5259463652 129724.4581909025
108432.6856374261 126692.5799536059
105562.3226674435 126692.5799536059
110346.2609507478 135947.7872043009
112738.2300924000 121586.2587118432
101416.2428219130 129884.0307297076
112259.8362640696 126213.8623371907
104446.0704013391 133075.4815058093
113057.1593112870 132277.6188117839
106838.0395429913 129245.7405744873
109230.0086846435 124139.4193327246
108432.6856374261 123979.8467939195
107954.2918090957 131639.3286565635
99821.5967274783 132118.0462729788
102691.9596974609 131639.3286565635
111621.9778262957 128926.5954968771
105243.3934485565 126373.4348759958
111303.0486074087 131639.3286565635
106997.5041524348 132437.1913505890
109867.8671224174 137064.7949759364
106040.7164957739 130841.4659625381
102851.4243069043 130043.6032685127
112897.6947018435 121905.4037894534
114013.9469679478 128288.3053416568
104286.6057918957 129086.1680356822
109070.5440752000 134511.6343550551
104446.0704013391 126373.4348759958
112578.7654829565 134511.6343550551
112578.7654829565 125096.8545655551
111621.9778262957 133394.6265834195
110824.6547790783 123341.5566386991
107156.9687618783 134830.7794326653
110824.6547790783 134352.0618162500
109070.5440752000 135309.4970490805
111781.4424357391 137224.3675147415
114492.3407962783 120947.9685566229
109230.0086846435 128767.0229580720
113216.6239207304 126692.5799536059
120884.7443086734 124450.4373060492
118327.7129334133 125406.4392113607
131752.1276535289 120945.0969865738
137665.2627088179 119511.0941286066
138783.9639354942 119033.0931759508
129834.3541220838 121582.4315901148
122802.5178401185 124131.7700042787
131432.4987316214 120785.7633356885
133030.6433411590 120945.0969865738
136067.1180992803 119670.4277794918
137026.0048650029 118714.4258741803
125199.7347544248 123335.1017498525
138304.5205526330 118873.7595250656
121042.2065007533 115680.6978403529
118143.4212022733 107030.6822900941
117177.1594361133 112316.8029041412
115083.5922761000 110234.3917531529
117338.2030638067 106550.1258706353
119109.6829684333 106069.5694511765
116371.9412976467 108151.9806021647
116371.9412976467 112316.8029041412
115888.8104145667 108151.9806021647
115566.7231591800 110714.9481726118
114117.3305099400 109273.2789142353
119914.9011069000 105268.6420854118
117016.1158084200 111836.2464846824
112667.9378607000 109113.0934410824
114278.3741376333 109593.6498605412

113376.0885301739 137543.5125923517
112419.3008735130 137064.7949759364
107954.2918090957 135947.7872043009
108751.6148563130 135788.2146654958
107316.4333713217 135309.4970490805
108113.7564185391 134830.7794326653
114173.4115773913 134511.6343550551
103489.2827446783 134192.4892774449
105402.8580580000 134192.4892774449
104924.4642296696 133873.3441998347
107316.4333713217 133713.7716610297
113695.0177490609 133554.1991222246
110665.1901696348 133394.6265834195
104924.4642296696 133075.4815058093
110346.2609507478 133075.4815058093
106838.0395429913 132596.7638893941
114013.9469679478 132596.7638893941
103170.3535257913 132277.6188117839
113535.5531396174 132118.0462729788
107475.8979807652 131798.9011953686
98067.4860236000 131639.3286565635
103010.8889163478 131479.7561177585
99981.0613369217 130681.8934237331
111940.9070451826 130681.8934237331
112578.7654829565 130522.3208849280
105402.8580580000 130362.7483461229
109230.0086846435 130043.6032685127
113535.5531396174 129884.0307297076
101256.7782124696 129724.4581909025
113535.5531396174 129724.4581909025
98864.8090708174 129564.8856520975
101575.7074313565 129564.8856520975
107316.4333713217 129245.7405744873
110824.6547790783 129086.1680356822
102373.0304785739 128926.5954968771
103489.2827446783 128926.5954968771
109389.4732940870 128926.5954968771
114332.8761868348 128288.3053416568
103329.8181352348 128128.7328028517
111781.4424357391 128128.7328028517
105562.3226674435 127969.1602640466
110984.1193885217 127650.0151864365
109230.0086846435 127171.2975700212
109867.8671224174 125894.7172595805
105562.3226674435 125735.1447207754
107475.8979807652 125575.5721819703
109070.5440752000 125256.4271043602
112100.3716546261 125256.4271043602
112419.3008735130 125256.4271043602
111621.9778262957 125096.8545655551
108751.6148563130 124937.2820267500
110186.7963413043 124777.7094879449
113057.1593112870 124777.7094879449
114013.9469679478 124777.7094879449
111462.5132168522 123820.2742551144
111940.9070451826 123820.2742551144
113376.0885301739 123820.2742551144
114332.8761868348 123660.7017163093
110665.1901696348 123501.1291775042
125519.3636763324 123016.4344480820
127596.9516687312 122538.4334954262
132711.0144192514 120467.0960339180
137825.0771697717 119351.7604777213
139423.2217793092 118077.0912706394
135587.6747164191 120148.4287321475
130953.0553487601 120945.0969865738
128236.2095125462 122379.0998445410
139103.5928574017 118077.0912706394
127596.9516687312 122060.4325427705
128396.0239735000 122697.7671463115
131432.4987316214 121582.4315901148
133669.9011849740 120785.7633356885
119753.8574792067 114559.3995282824
118626.5520853533 113758.4721625176
117177.1594361133 113277.9157430588
116855.0721807267 111836.2464846824
112506.8942330067 110074.2062800000
113634.1996268600 109593.6498605412
112506.8942330067 109433.4643873882
114600.4613930200 109433.4643873882
112184.8069776200 109273.2789142353
117982.3775745800 107190.8677632471
117177.1594361133 107030.6822900941
121525.3373838333 104627.9001928000
114600.4613930200 111515.8755383765
116049.8540422600 108472.3515484706
117499.2466915000 112316.8029041412

