365428174.3831317425 52637.4662590027
362808922.4830038548 50788.0196495056
363742260.2811982036 51337.5025444031
365719172.3544285893 52983.4101028442
376884495.5176982284 54740.4454917908
365894864.0913962722 52983.7129669189
371605466.0452928543 54602.7754592896
373415701.4496353865 54722.3297042847
365965896.9112423658 53016.8947143555
373024021.8615644574 54629.3825778961
363593815.0139536262 51294.4128303528
367696267.1219696403 54319.8975067139
365972333.1772079468 54067.0969314575
361508107.5361202955 50231.7399005890
368955785.3002636433 54517.3748550415
367377708.4227768183 54141.0989532471
363323542.2307853103 51229.5400829315
364097877.7653591633 52625.8060951233
