130935894.9743920267 3337128.9375000000
130571475.3947777450 3315141.4843750000
131920965.4340577871 3366130.8789062500
133802064.3532994241 3381900.6953125000
131577276.7936484069 3364503.8710937500
129984080.2764602154 3313966.9492187500
131561560.9173462093 3347989.0781250000
131289365.9166955948 3340163.1367187500
130840013.5145575702 3334566.6367187500
132354568.8301830143 3372743.2109375000
131568840.9466688931 3349405.8632812500
132418147.6771191806 3376231.7617187500
132061108.7230873704 3371224.4453125000
