1251763361.8588023186 141306.6374492645
1240550188.8147733212 138100.3206448555
1258456322.0323605537 142398.4267330170
1244463922.9521992207 139344.8953075409
1269011242.6194283962 143363.1837692261
1265894573.3976736069 142507.6263256073
1269801128.1392173767 143431.9864425659
1266204990.2685108185 142954.6863784790
1236281568.0776522160 131863.5565707684
1248409607.8886032104 139878.4598121643
1237854020.8468720913 134819.0504474640
1271300422.8512973785 143495.9202842712
1245479912.1314561367 139598.6379549801
1239704140.0967483521 136399.3380146027
1268278001.4819498062 143241.9391117096
1237543741.4400138855 132157.8941030502
1276207494.2872591019 143923.4201498032
1255073583.6426150799 141956.8819589615
1248396560.2655196190 139640.4819431305
1271424038.9301521778 143766.0860366821
1277053363.6592752934 144078.6014065742
1249793101.1169660091 140530.1979265213
1240459221.1232419014 137214.3293323517
1241894336.5328557491 138525.1800231934
