837744622.5141795874 3841947.5979003906
858263624.0252730846 4037663.7236328125
854481665.1016139984 4023032.9145507812
841198212.7842549086 3947277.7585449219
839086287.0111887455 3861250.0449218750
840599289.9654159546 3880219.0917968750
848013544.0087047815 4004574.3193359375
837190043.4411627054 3484277.7615966797
839651110.2345809937 3867702.9431152344
845366853.4668530226 3968399.0701904297
860806475.3660383224 4046585.7756347656
837408603.5087664127 3512606.2148437500
864208604.0173128843 4059814.1311035156
846751998.0520325899 3990558.3227539062
843971276.7124192715 3963086.8713378906
845612590.7281672955 3971952.2446289062
840511032.4228460789 3872061.7426757812
841149384.3436877728 3914831.6430664062
841274079.3462148905 3961671.3874511719
857580932.7899615765 4032210.6433105469
840212339.4239094257 3869574.7238769531
