281159521.6511881948 402044.9910278320
293652608.9408720136 432432.5261230469
286318344.1514818072 427416.2588195801
279867087.8086073399 352921.7416534424
281663757.0605969429 422703.2196044922
277909330.6762700081 351670.7609558105
279956423.1862986088 393538.2891540527
287365604.9617416859 431439.2045288086
291731973.8111500144 431442.4713134766
281517913.1433365345 402548.1232299805
284933757.1269366145 424636.8784179688
282425802.0606960058 424473.8202819824
280019364.8204020262 395353.8152465820
280811763.1058881283 399999.7722167969
281661677.8029258847 413001.0255126953
281237132.1713258028 402386.3832092285
