405963643.9073904753 1860260.5893554688
408380016.1446271539 1899934.1645507812
405758862.0131921768 1831943.7216796875
423461946.4794513583 1925510.8061523438
424336086.4801650643 1929502.7897949219
405918084.7215567231 1832939.6635742188
408182118.4432226419 1862022.1872558594
423318830.2075733542 1923398.1613769531
404764669.8745493889 1627572.7733154297
416533465.4842082262 1920937.0878906250
414693533.4819242954 1910626.6037597656
405551866.7390678525 1792961.2204589844
411804838.4736756682 1900928.0544433594
405368952.9384827018 1771101.1333007812
