471899485.3783839345 57458.4676971436
459349967.8161728382 55574.6037960052
453940475.4201395512 54257.9165120125
461956294.9556246400 56067.5237426758
451881428.9429091811 41194.9996819496
452951949.9001799226 50899.9625258446
465010595.8028779030 56632.7555656433
460953702.8071540594 55898.5141601562
453297455.6578451991 51541.4441127777
453369054.6421088576 53837.6135520935
451966456.1878899932 43084.7240196466
461759755.6272479296 56032.5900459290
456722671.8576301336 54715.2905569077
452162559.0363047719 50267.4983236790
460702609.5200610757 55643.3433685303
457266706.3857862949 54980.7592544556
464125471.6450611949 56314.8403720856
465112770.3780871630 57187.5266380310
