289098077.9193573594 2321486.0429687500
284368030.2577546835 2278993.0253906250
285566228.4581744671 2288689.0205078125
282031925.4761368036 2108382.6640625000
283442747.3468830585 2257685.5000000000
290786920.8130988479 2324469.7021484375
286018570.5935277939 2298260.2275390625
282971759.1196976304 2256418.0332031250
283805333.0757686496 2266629.6240234375
285578143.0383307338 2288980.0039062500
292898379.9291884899 2329906.1777343750
294064534.6280835867 2341159.2773437500
285774741.6143954992 2293720.6494140625
286832980.5793072581 2314663.5429687500
282389161.1526368856 2251095.2382812500
286164206.8397674561 2303094.4189453125
289631207.8763132691 2324327.7890625000
