117516500.5608801395 234252.2359619141
115188280.4957541674 226692.9958496094
114122811.1538878530 221394.8218383789
115689099.0525100678 229143.0750732422
114589240.1314310580 224513.5040588379
116261770.9261338711 230332.0302734375
116326884.4922188222 232053.3510742188
114816738.6615451574 224944.2004394531
113011170.3936995119 188806.1773071289
113028674.7967046201 214418.9836425781
115378084.2656331509 227124.3675537109
113917802.4904062450 218884.3045654297
115974808.3517710716 230111.6306152344
115953027.4570638090 229559.6284179688
114557680.3938739598 221466.0180664062
116566893.4670982212 233121.4741210938
115639288.8105596900 227673.5743408203
