723997660.4835678339 26472.3697335720
722997492.3715931177 26283.1763911247
722726947.9081770182 26125.4467644691
738841996.1785960197 28565.9888916016
723595340.2082763910 26295.0853631496
720064307.8054167032 23533.7332987785
727901183.1454963684 27672.4066950679
720354078.7341654301 25663.7122957706
723968057.2122399807 26402.7158262730
724260965.7511361837 26941.7044367790
727797227.9097230434 27409.4926514626
733152999.8346284628 28004.0163249969
725869419.9686768055 27124.6027283669
726523810.4991239309 27385.0925812721
732522633.3340739012 27760.3450572491
