179839765.3677256405 233094.2128295898
178904922.0131818652 229954.6110229492
182503687.7270945907 260115.7396545410
191486453.2061038017 290390.4847717285
182427794.1653480828 260109.3682250977
180366533.9299862981 257790.1193847656
189395123.1039074063 286502.3562622070
180028795.2716121078 256773.7401733398
179603617.3672988117 232122.5883789062
185898907.2642945647 279645.3464355469
179912648.9964310229 249154.6707153320
184416499.5978813469 272811.2252197266
191216374.8718808591 288430.9807739258
178481359.7536612153 226710.6681823730
183213235.5584079623 260995.4736022949
186023890.8139060438 279946.2683410645
181970614.3895334601 259336.3362426758
183316623.7222403288 263944.4231872559
183664619.4322270453 269101.9658813477
183090866.0139569342 260182.6578979492
