141141660.3120458126 1.4832952518
154741297.3672226071 1.6547944287
141951096.7088820040 1.5168367627
142842175.2680218220 1.5475408605
141826998.1405301988 1.4900862405
140423591.1669138968 1.4798711534
153787075.2890309095 1.6334502525
151527188.7976355255 1.6296151149
139358940.6532166004 1.4578441012
149172675.7727575004 1.6011839259
151446032.9532445073 1.6218438626
149385862.2948738635 1.6166986142
149730097.5544562638 1.6210804004
147751252.0849699080 1.5958435230
142675290.9212264419 1.5345520256
144108855.6940874457 1.5936271078
