926606221.7907567024 47.7926011460
920524043.0957520008 41.9666707831
929150748.0977177620 48.9211023827
935121074.3068897724 49.5111230509
927519029.2935194969 48.4530215737
935365031.8277541399 49.9438559619
923964396.5562108755 46.3239468308
935600112.1822636127 50.3534195173
944210751.2499393225 50.4422263103
927468837.4623585939 48.3910502770
935402840.3125327826 50.0186285722
932168200.3417849541 49.3995271118
935248345.8221426010 49.6061717293
934872707.3781543970 49.4277270633
924388261.4678890705 47.6434740846
