62081890.6331504583 3301117.7031250000
58015455.6756867468 3263947.2656250000
58263476.3026485443 3273732.0312500000
63433381.9776099250 3303798.0078125000
58757048.9292886406 3286842.0156250000
59552184.4049824551 3288151.1796875000
57348814.0729642734 3230647.4375000000
58128719.6656854227 3266272.8515625000
56800297.1379744262 3227086.5625000000
57446386.7674501240 3244779.1718750000
58707384.6482967362 3275256.5625000000
65498078.3349489421 3305278.3437500000
59830057.2224975973 3292120.7500000000
60835899.4128001332 3296454.4765625000
57555282.8312489465 3245132.8906250000
59972105.4967228919 3294842.0000000000
57563867.7340683937 3261024.6718750000
61196493.0309199095 3296563.3281250000
56452218.8896445036 3194514.4453125000
57929324.5908274874 3261401.1328125000
61201830.6131210551 3299430.4375000000
