216219234.0088687539 213144.5672912598
217219002.6839823425 213595.5765075684
220070445.2094309330 219636.8446044922
218090404.3742687404 215913.4571228027
222605201.3147940636 223188.1546325684
221194359.1342617869 220676.1885986328
224773145.8117617965 223227.8151855469
218543542.3484889865 217313.2042541504
221656215.2349725068 221165.6724548340
216174418.6527929604 208950.7844085693
214784474.8820421398 206479.7185058594
219472948.4367554784 219356.5043334961
221532040.5223802626 220934.3101501465
218911073.7737918794 217535.3337402344
218933959.9492554069 217694.1635437012
217234629.6681879759 215523.6174316406
