489655949.2201159000 26.1170274422
487727573.0340127349 25.7391462484
496386595.6397666335 27.1588067422
490814790.1093697548 26.3237187909
505484600.0355083942 27.7710279897
486796427.0874596238 25.6649687139
492231437.4650086761 26.4428748623
503447855.0862757564 27.5686115017
490010515.3120453358 26.3087816974
506696511.9422183037 27.9671089289
484218637.1472099423 22.7988708835
502227259.3475683331 27.5498638107
504549137.7424343228 27.6416699090
504616837.5048251152 27.7151634172
499883123.3624935150 27.1980481073
493772807.9941849709 26.8842083837
484390961.7649338841 23.7219697533
504077138.1949224472 27.5877940007
502112152.7557340860 27.4365574699
500424106.1369822621 27.4315807167
492202859.5669068098 26.3414632441
486615773.9943545461 25.3112107306
489254535.1368539929 25.9236467406
489288162.8505166769 26.0002871091
488982310.3327324986 25.8624522523
484623407.6817258596 24.5453002206
483958489.3802969456 20.1694423271
485315939.3995769024 25.1949868754
488700518.6713599563 25.8200079997
496381103.8846842051 26.9629959371
493506999.4697647691 26.6756237857
492451492.9241101146 26.5982901353
