857356983.1786556244 26443010.0976562500
870519936.7689540386 26485415.6328125000
863059343.0348850489 26452991.9531250000
867136687.7096222639 26479562.8437500000
854568042.7258005142 26438546.7031250000
841717225.6735749245 26282372.7109375000
862227089.8044227362 26451502.3203125000
841744782.1326751709 26316333.6601562500
863510869.5459605455 26460921.7617187500
841804201.4176781178 26329743.0546875000
849222278.7038532495 26402197.7539062500
845414442.9941368103 26370058.7226562500
864746166.7634212971 26475899.2187500000
844952055.2039420605 26361455.2890625000
843413036.9993968010 26345769.1562500000
861544022.5278654099 26446809.4218750000
843384530.8624111414 26334186.5664062500
839168228.0987627506 26246981.9062500000
849323131.5218944550 26411020.9296875000
840780930.6456257105 26255365.2539062500
852291828.0764079094 26433851.9609375000
841088608.1275562048 26271480.0468750000
854251440.4368269444 26435464.7929687500
846745379.4941765070 26392268.3046875000
