685796664.3856430054 6596394.5292968750
689058615.1760548353 6651190.4541015625
713704451.1143217087 6780504.0615234375
707602880.6089428663 6772610.8134765625
691549578.4095176458 6687571.4033203125
692489768.4284665585 6711043.9599609375
690858280.9074491262 6660625.0761718750
704007693.6941882372 6760494.5410156250
703659853.1705589294 6750101.5390625000
701431260.1303336620 6741920.1054687500
688841079.8745635748 6646690.9638671875
701510925.4713487625 6745838.1259765625
691170321.8094831705 6687251.1845703125
695232650.5057104826 6724570.4130859375
699471846.3626025915 6725680.0136718750
701092380.2293831110 6729317.6093750000
700832951.7467179298 6726012.7246093750
