644985386.8886817694 70224.2410449982
645395708.8524662256 70962.8075466156
634681005.9595049620 66224.5999298096
643123629.5940504074 69825.5600872040
643961771.3910703659 70101.1193275452
645289496.0152640343 70578.8220987320
639760396.8326323032 69019.4752101898
646545115.6366112232 71757.7951431274
630854920.1052448750 65208.4336595535
634515400.7120596170 66109.4353656769
633438786.4610670805 65937.1835384369
642351097.3804528713 69620.8901367188
638084855.9296146631 68123.0980434418
650259399.0451346636 72453.0713024139
645234837.9398901463 70558.0572500229
645347303.3142387867 70731.5393180847
640168139.9064383507 69569.5422620773
636758793.2410619259 67852.2917623520
644753044.8436708450 70105.4124059677
648532605.7471730709 71799.4644021988
629760080.5316227674 63307.0176391602
638216177.5319199562 68976.9424343109
637443065.5942925215 67937.4163112640
634718809.6333223581 66692.7102088928
635737279.8585222960 67650.1663017273
633287652.7274097204 65717.7561988831
