559994543.4422918558 354192.8654327393
584446760.8136739731 397783.1067047119
563435524.7283307314 368924.0991973877
561657659.2538045645 363855.1999664307
569568138.3654295206 382579.3663482666
564672846.9417737722 370984.9662780762
582503352.7209198475 392357.6221580505
567054028.7857009172 376608.0280761719
578017627.5210934877 391195.1281127930
571607662.7841444016 388562.9717559814
571750287.4341640472 389498.4591369629
571457609.9383496046 385000.2352447510
568767616.6811897755 381488.6985702515
574020288.3383429050 390554.4680023193
567404761.1830166578 381368.9757614136
570821151.6089565754 384860.9604263306
583290252.6618367434 392426.5205230713
565172273.4162502289 373793.4709930420
