854813937.9440797567 6353.3372626305
828976292.8103296757 6045.8081778288
826595797.6370413303 5889.2574663758
847952250.3359839916 6269.3941102028
840034497.3027528524 6257.1149327755
836496863.5315879583 6183.1636144519
836633555.3785560131 6227.8282249570
831085725.5549095869 6075.6071243286
848044087.2266011238 6314.8905996084
825662014.2614744902 5304.5727475286
842498353.2401841879 6269.0678470135
826907267.9201049805 6040.1361764669
831605256.7897520065 6172.0941488147
841432972.9803569317 6257.7873281240
