241561395.5529145896 4615455.7988281250
239134171.2860429883 4569030.4931640625
237320391.7819460034 4503529.4287109375
237639358.9619419277 4518035.2949218750
252176765.3725040853 4661962.5429687500
238254890.9440023899 4545011.6406250000
249286306.6176266968 4651186.0751953125
240629596.5636975169 4602257.7304687500
250449518.1101537645 4655840.2392578125
239865871.8789595366 4586075.9140625000
240314643.8711381555 4598220.2441406250
251483229.3148660660 4660759.7714843750
245373294.9000546932 4645853.5869140625
239050750.9541595876 4555867.6269531250
239200889.4438259900 4584778.6201171875
236365565.9499194920 4490910.3242187500
239004041.2220439613 4550154.4101562500
249283314.2375752926 4646368.1259765625
240930558.1354329884 4610613.7705078125
238984250.8641036153 4545158.1533203125
243560001.4374692738 4636598.3369140625
238123590.5636050701 4543528.5332031250
