128306.3260829545 137168.8463750439
125907.6226428636 136690.0274162544
127986.4989576091 136530.4210966579
130545.1159603727 136530.4210966579
129905.4617096818 136370.8147770614
131504.5973364091 136370.8147770614
130864.9430857182 135093.9642202895
125427.8819548454 134615.1452615000
127506.7582695909 134455.5389419035
129425.7210216636 134455.5389419035
124148.5734534636 133817.1136635175
131184.7702110636 133497.9010243246
123988.6598907909 133338.2947047281
123189.0920774273 133178.6883851316
124468.4005788091 133178.6883851316
128945.9803336454 133178.6883851316
129745.5481470091 133019.0820655351
122389.5242640636 132859.4757459386
132943.8194004636 132859.4757459386
132943.8194004636 132221.0504675526
127666.6718322636 132061.4441479562
131184.7702110636 132061.4441479562
121430.0428880273 131901.8378283597
133903.3007765000 131901.8378283597
135982.1770912454 131582.6251891667
130065.3752723545 131423.0188695702
122229.6107013909 131263.4125499737
119031.3394479363 131103.8062303772
120150.7343866454 130624.9872715877
128466.2396456273 130624.9872715877
125267.9683921727 130146.1683127983
127186.9311442454 129986.5619932018
129425.7210216636 129986.5619932018
119670.9936986273 129507.7430344123
120470.5615119909 129348.1367148158
130864.9430857182 129028.9240756228
134542.9550271909 129028.9240756228
135662.3499659000 129028.9240756228
117592.1173838818 128869.3177560263
118071.8580719000 128869.3177560263
128945.9803336454 128869.3177560263
128466.2396456273 128550.1051168333
117752.0309465546 128071.2861580439
119351.1665732818 128071.2861580439
135662.3499659000 128071.2861580439
118391.6851972455 127911.6798384474
130065.3752723545 127911.6798384474
118231.7716345727 127752.0735188509
119511.0801359545 127752.0735188509
120790.3886373364 127592.4671992544
119191.2530106091 127432.8608796579
124628.3141414818 127432.8608796579
121270.1293253545 127273.2545600614
124948.1412668273 126954.0419208684
116472.7224451727 126794.4356012719
126547.2768935545 126794.4356012719
134063.2143391727 126475.2229620789
117911.9445092273 126156.0103228860
124788.2277041545 126156.0103228860
128626.1532083000 126156.0103228860
116312.8088825000 125996.4040032895
133903.3007765000 125996.4040032895
114074.0190050818 125836.7976836930
113434.3647543909 125677.1913640965
124308.4870161364 125517.5850445000
120310.6479493182 125357.9787249035
132623.9922751182 125357.9787249035
116312.8088825000 125198.3724053070
120630.4750746636 125198.3724053070
127986.4989576091 125198.3724053070
112794.7105037000 125038.7660857105
136941.6584672818 125038.7660857105
131664.5108990818 124559.9471269210
117911.9445092273 124400.3408073246
134063.2143391727 124400.3408073246
134223.1279018454 124400.3408073246
137421.3991553000 124400.3408073246
128466.2396456273 124240.7344877281
134542.9550271909 124240.7344877281
134862.7821525364 124240.7344877281
120790.3886373364 123921.5218485351
130385.2023977000 123921.5218485351
115833.0681944818 123761.9155289386
132943.8194004636 123602.3092093421
134223.1279018454 123442.7028897456
118391.6851972455 123123.4902505526
127666.6718322636 122963.8839309561
126067.5362055364 122804.2776113596
136621.8313419364 122804.2776113596
123828.7463281182 122644.6712917632
133263.6465258091 122644.6712917632
114553.7596931000 122485.0649721667
130225.2888350273 122165.8523329737
133263.6465258091 122006.2460133772
132144.2515871000 121846.6396937807
114393.8461304273 121687.0333741842
117752.0309465546 121687.0333741842
125747.7090801909 121527.4270545877
128945.9803336454 121527.4270545877
120310.6479493182 121367.8207349912
123828.7463281182 121367.8207349912
136302.0042165909 121367.8207349912
136941.6584672818 121367.8207349912
119511.0801359545 121208.2144153947
123508.9192027727 121208.2144153947
133103.7329631363 121208.2144153947
117272.2902585364 121048.6080957982
125587.7955175182 120889.0017762018
126867.1040189000 120889.0017762018
124788.2277041545 120729.3954566053
131344.6837737364 120729.3954566053
116472.7224451727 120569.7891370088
131664.5108990818 120569.7891370088
136621.8313419364 120569.7891370088
114713.6732557727 120250.5764978158
119830.9072613000 120090.9701782193
132304.1651497727 120090.9701782193
123828.7463281182 119931.3638586228
128466.2396456273 119931.3638586228
129905.4617096818 119931.3638586228
122549.4378267364 119771.7575390263
133903.3007765000 119612.1512194298
115193.4139437909 119292.9385802368
135342.5228405545 119292.9385802368
121909.7835760455 119133.3322606404
135982.1770912454 118814.1196214474
124148.5734534636 118494.9069822544
129905.4617096818 118494.9069822544
133903.3007765000 118494.9069822544
116472.7224451727 118335.3006626579
122869.2649520818 118335.3006626579
129585.6345843364 118016.0880234649
133423.5600884818 118016.0880234649
124468.4005788091 117856.4817038684
127826.5853949364 117696.8753842719
115673.1546318091 117537.2690646754
129265.8074589909 117377.6627450790
125267.9683921727 117218.0564254825
126867.1040189000 116739.2374666930
133903.3007765000 116739.2374666930
130065.3752723545 116100.8121883070
131824.4244617545 115781.5995491140
133903.3007765000 115781.5995491140
135022.6957152091 115621.9932295176
133583.4736511545 115462.3869099211
134063.2143391727 115302.7805903246
133903.3007765000 114345.1426727456
131664.5108990818 114185.5363531491
133423.5600884818 114185.5363531491
135182.6092778818 114025.9300335526
134063.2143391727 113706.7173943597
135502.4364032273 113547.1110747632
133743.3872138273 113227.8984355702
134702.8685898636 113227.8984355702
126067.5362055364 117537.2690646754
129425.7210216636 133817.1136635175
135502.4364032273 126156.0103228860
116472.7224451727 119133.3322606404
127186.9311442454 121687.0333741842
130705.0295230455 123921.5218485351
132783.9058377909 135253.5705398860
114233.9325677545 123602.3092093421
136461.9177792636 126794.4356012719
128306.3260829545 123602.3092093421
114393.8461304273 124879.1597661140
127346.8447069182 132859.4757459386
135502.4364032273 120889.0017762018
122389.5242640636 122644.6712917632
129425.7210216636 138445.6969318158
122549.4378267364 133019.0820655351
128945.9803336454 134774.7515810965
123029.1785147545 134455.5389419035
124948.1412668273 123761.9155289386
125907.6226428636 134774.7515810965
130864.9430857182 134615.1452615000
113434.3647543909 122485.0649721667
122389.5242640636 129667.3493540088
125108.0548295000 119612.1512194298
135822.2635285727 122804.2776113596
131504.5973364091 128550.1051168333
122069.6971387182 130465.3809519912

129105.8938963182 138286.0906122193
127986.4989576091 137647.6653338333
128306.3260829545 137647.6653338333
127346.8447069182 137168.8463750439
131504.5973364091 136370.8147770614
128786.0667709727 136211.2084574649
126067.5362055364 136051.6021378684
126227.4497682091 135572.7831790789
124468.4005788091 135253.5705398860
126067.5362055364 134934.3579006930
128945.9803336454 134774.7515810965
124468.4005788091 134615.1452615000
125427.8819548454 134615.1452615000
128466.2396456273 134295.9326223070
124148.5734534636 133817.1136635175
129425.7210216636 133817.1136635175
129265.8074589909 133657.5073439211
129745.5481470091 133497.9010243246
135662.3499659000 132380.6567871491
127186.9311442454 132221.0504675526
122549.4378267364 132061.4441479562
127186.9311442454 131742.2315087632
130225.2888350273 131742.2315087632
131664.5108990818 131742.2315087632
129745.5481470091 131582.6251891667
122229.6107013909 131423.0188695702
135662.3499659000 130784.5935911842
120790.3886373364 130465.3809519912
133423.5600884818 130465.3809519912
120150.7343866454 130305.7746323947
120470.5615119909 130305.7746323947
119031.3394479363 130146.1683127983
135022.6957152091 130146.1683127983
128466.2396456273 129986.5619932018
123828.7463281182 129826.9556736053
124308.4870161364 129826.9556736053
128945.9803336454 129667.3493540088
118871.4258852636 129507.7430344123
127186.9311442454 129348.1367148158
118551.5987599182 129188.5303952193
128626.1532083000 129028.9240756228
130864.9430857182 129028.9240756228
135662.3499659000 129028.9240756228
122069.6971387182 128869.3177560263
127986.4989576091 128869.3177560263
128945.9803336454 128869.3177560263
129585.6345843364 128709.7114364298
128466.2396456273 128550.1051168333
131504.5973364091 128550.1051168333
137741.2262806454 128550.1051168333
116952.4631331909 128230.8924776404
119351.1665732818 128071.2861580439
126387.3633308818 128071.2861580439
127986.4989576091 128071.2861580439
117592.1173838818 127911.6798384474
119191.2530106091 127911.6798384474
127666.6718322636 127911.6798384474
130065.3752723545 127911.6798384474
135822.2635285727 127911.6798384474
119191.2530106091 127432.8608796579
135342.5228405545 127113.6482404649
115193.4139437909 126794.4356012719
118871.4258852636 126634.8292816755
127666.6718322636 126634.8292816755
125108.0548295000 126475.2229620789
131984.3380244273 126315.6166424825
133903.3007765000 125996.4040032895
117112.3766958636 125836.7976836930
137421.3991553000 125836.7976836930
125587.7955175182 125517.5850445000
114074.0190050818 125038.7660857105
114873.5868184455 124879.1597661140
125587.7955175182 124879.1597661140
135982.1770912454 124559.9471269210
119830.9072613000 124400.3408073246
122069.6971387182 124400.3408073246
132623.9922751182 124400.3408073246
127506.7582695909 124240.7344877281
134542.9550271909 124240.7344877281
134862.7821525364 124240.7344877281
136302.0042165909 124240.7344877281
133263.6465258091 124081.1281681316
120790.3886373364 123921.5218485351
119990.8208239727 123761.9155289386
121110.2157626818 123602.3092093421
123988.6598907909 123602.3092093421
128306.3260829545 123602.3092093421
124628.3141414818 123442.7028897456
134223.1279018454 123442.7028897456
118711.5123225909 123283.0965701491
118391.6851972455 123123.4902505526
117911.9445092273 122804.2776113596
126067.5362055364 122804.2776113596
122389.5242640636 122644.6712917632
136302.0042165909 122644.6712917632
113434.3647543909 122485.0649721667
115353.3275064636 122325.4586525702
124788.2277041545 122325.4586525702
114553.7596931000 121846.6396937807
117752.0309465546 121687.0333741842
127186.9311442454 121687.0333741842
117432.2038212091 121527.4270545877
136941.6584672818 121367.8207349912
115673.1546318091 121208.2144153947
117752.0309465546 121208.2144153947
131984.3380244273 121208.2144153947
114074.0190050818 120729.3954566053
124308.4870161364 120729.3954566053
130225.2888350273 120729.3954566053
131344.6837737364 120729.3954566053
116472.7224451727 120569.7891370088
124628.3141414818 120569.7891370088
131664.5108990818 120569.7891370088
136142.0906539182 120410.1828174123
133903.3007765000 120250.5764978158
114713.6732557727 120090.9701782193
119830.9072613000 120090.9701782193
120470.5615119909 120090.9701782193
128466.2396456273 119931.3638586228
115193.4139437909 119771.7575390263
119191.2530106091 119771.7575390263
121110.2157626818 119771.7575390263
127186.9311442454 119771.7575390263
133903.3007765000 119292.9385802368
121909.7835760455 119133.3322606404
133103.7329631363 119133.3322606404
126227.4497682091 118494.9069822544
116472.7224451727 118335.3006626579
122869.2649520818 118335.3006626579
133903.3007765000 118335.3006626579
115193.4139437909 118175.6943430614
115513.2410691364 118175.6943430614
132783.9058377909 118175.6943430614
136142.0906539182 118175.6943430614
129105.8938963182 118016.0880234649
129585.6345843364 118016.0880234649
125267.9683921727 117856.4817038684
131024.8566483909 117218.0564254825
136142.0906539182 117218.0564254825
129585.6345843364 116739.2374666930
129745.5481470091 116100.8121883070
133903.3007765000 115781.5995491140
133583.4736511545 115462.3869099211
131504.5973364091 114823.9616315351
132623.9922751182 114823.9616315351
131664.5108990818 114345.1426727456
134063.2143391727 113706.7173943597
135502.4364032273 113547.1110747632
132943.8194004636 121048.6080957982
117592.1173838818 119452.5448998333
129265.8074589909 131263.4125499737
136302.0042165909 126634.8292816755
123508.9192027727 134455.5389419035
133903.3007765000 112908.6857963772
130225.2888350273 129028.9240756228
118871.4258852636 128071.2861580439
123349.0056401000 128709.7114364298
125907.6226428636 134774.7515810965
113434.3647543909 125677.1913640965
134223.1279018454 128390.4987972368
129905.4617096818 136370.8147770614
129905.4617096818 114983.5679511316
128146.4125202818 116579.6311470965
138061.0534059909 128869.3177560263
127506.7582695909 134455.5389419035
117112.3766958636 124879.1597661140
128466.2396456273 124240.7344877281
117272.2902585364 117696.8753842719
122069.6971387182 122804.2776113596
117911.9445092273 126156.0103228860
128146.4125202818 137966.8779730263
135502.4364032273 130305.7746323947
121749.8700133727 130146.1683127983
131024.8566483909 136530.4210966579
128786.0667709727 125836.7976836930
125907.6226428636 120250.5764978158
117112.3766958636 128550.1051168333
113914.1054424091 124879.1597661140
120790.3886373364 128550.1051168333
133423.5600884818 131423.0188695702
120950.3022000091 120569.7891370088

136621.8313419364 119292.9385802368
127506.7582695909 120569.7891370088
114393.8461304273 125996.4040032895
122069.6971387182 132221.0504675526
133263.6465258091 130465.3809519912
128466.2396456273 124400.3408073246
121270.1293253545 119292.9385802368
126867.1040189000 122325.4586525702
131024.8566483909 114345.1426727456
135822.2635285727 118016.0880234649
134702.8685898636 124879.1597661140
130385.2023977000 129826.9556736053
130385.2023977000 127432.8608796579
135502.4364032273 114823.9616315351
119511.0801359545 129028.9240756228
120950.3022000091 127432.8608796579
123029.1785147545 120410.1828174123
126387.3633308818 134295.9326223070
135502.4364032273 121208.2144153947
118711.5123225909 126794.4356012719
115353.3275064636 123921.5218485351
125587.7955175182 131423.0188695702
118071.8580719000 124879.1597661140
125267.9683921727 121048.6080957982
112474.8833783546 123442.7028897456
129585.6345843364 124400.3408073246
132144.2515871000 136370.8147770614
130705.0295230455 134455.5389419035
114553.7596931000 123283.0965701491
122549.4378267364 130146.1683127983
131024.8566483909 136530.4210966579
132144.2515871000 124400.3408073246
132144.2515871000 134615.1452615000
126547.2768935545 120889.0017762018
129585.6345843364 138286.0906122193
129745.5481470091 120250.5764978158
134063.2143391727 116420.0248275000
113114.5376290454 123442.7028897456
124308.4870161364 127113.6482404649
133903.3007765000 115302.7805903246
122389.5242640636 124081.1281681316
132623.9922751182 130146.1683127983
128466.2396456273 131901.8378283597
130705.0295230455 119771.7575390263
122069.6971387182 123442.7028897456
130225.2888350273 115143.1742707281
118711.5123225909 122165.8523329737
130225.2888350273 132859.4757459386
126707.1904562273 135891.9958182719
135182.6092778818 131742.2315087632
127346.8447069182 128390.4987972368
128306.3260829545 124240.7344877281
125587.7955175182 121367.8207349912
133263.6465258091 132699.8694263421
129585.6345843364 125517.5850445000
121749.8700133727 126475.2229620789
134223.1279018454 120410.1828174123
119670.9936986273 124879.1597661140
125427.8819548454 131742.2315087632
128786.0667709727 125836.7976836930
132783.9058377909 126634.8292816755
130385.2023977000 119612.1512194298
130705.0295230455 115302.7805903246
125747.7090801909 122804.2776113596
126227.4497682091 125517.5850445000
133743.3872138273 132540.2631067456
125747.7090801909 121846.6396937807
131664.5108990818 132221.0504675526
131504.5973364091 120729.3954566053
134063.2143391727 134295.9326223070
117911.9445092273 120569.7891370088
113274.4511917182 123602.3092093421
127506.7582695909 121367.8207349912
125587.7955175182 131582.6251891667
122709.3513894091 134615.1452615000
128945.9803336454 119771.7575390263
121749.8700133727 123442.7028897456
125427.8819548454 133976.7199831140
123349.0056401000 121208.2144153947
131024.8566483909 130624.9872715877
132783.9058377909 119452.5448998333
136142.0906539182 117696.8753842719
130705.0295230455 136051.6021378684
122869.2649520818 128869.3177560263
120470.5615119909 124719.5534465175
123349.0056401000 129348.1367148158
137421.3991553000 127752.0735188509
127986.4989576091 118335.3006626579
134223.1279018454 131742.2315087632
124628.3141414818 119771.7575390263
125747.7090801909 136370.8147770614
132783.9058377909 132380.6567871491
124308.4870161364 121527.4270545877
125587.7955175182 134774.7515810965
131824.4244617545 116579.6311470965
136142.0906539182 116898.8437862895
121909.7835760455 130465.3809519912
121589.9564507000 133338.2947047281
127826.5853949364 119452.5448998333
125587.7955175182 121048.6080957982
132943.8194004636 116100.8121883070
135982.1770912454 128390.4987972368
123988.6598907909 120090.9701782193
129585.6345843364 116898.8437862895
119511.0801359545 131103.8062303772
126227.4497682091 133657.5073439211
132144.2515871000 125836.7976836930
124148.5734534636 132380.6567871491
126227.4497682091 122485.0649721667
131824.4244617545 136370.8147770614
132943.8194004636 133976.7199831140
122709.3513894091 132699.8694263421
120630.4750746636 125996.4040032895
128626.1532083000 136530.4210966579
118231.7716345727 123283.0965701491
134383.0414645182 121208.2144153947
130864.9430857182 119931.3638586228
136302.0042165909 118973.7259410439
131184.7702110636 114504.7489923421
132144.2515871000 120729.3954566053
134383.0414645182 127592.4671992544
128146.4125202818 126156.0103228860
117911.9445092273 118016.0880234649
118071.8580719000 122165.8523329737
135502.4364032273 131263.4125499737
116952.4631331909 122804.2776113596
132783.9058377909 121048.6080957982
127826.5853949364 126634.8292816755
127186.9311442454 128709.7114364298
129745.5481470091 120410.1828174123
130385.2023977000 122485.0649721667
132304.1651497727 129986.5619932018
127986.4989576091 136530.4210966579
131664.5108990818 132859.4757459386
128626.1532083000 137488.0590142368
131184.7702110636 130146.1683127983
128306.3260829545 119292.9385802368
130065.3752723545 132699.8694263421
130864.9430857182 131742.2315087632
114233.9325677545 124719.5534465175
128466.2396456273 115621.9932295176
125747.7090801909 121367.8207349912
128626.1532083000 129826.9556736053
131824.4244617545 130305.7746323947
126387.3633308818 119292.9385802368
114713.6732557727 125198.3724053070
132144.2515871000 133817.1136635175
126867.1040189000 125677.1913640965
121430.0428880273 127592.4671992544
127986.4989576091 121687.0333741842
135822.2635285727 116898.8437862895
115513.2410691364 122804.2776113596
122869.2649520818 131263.4125499737
124148.5734534636 118175.6943430614
121270.1293253545 131263.4125499737
123828.7463281182 125198.3724053070
133583.4736511545 134455.5389419035
127826.5853949364 127273.2545600614
127506.7582695909 123921.5218485351
116952.4631331909 122325.4586525702
116152.8953198273 123123.4902505526
115833.0681944818 122804.2776113596
120790.3886373364 127752.0735188509
135982.1770912454 120250.5764978158
117272.2902585364 123283.0965701491
131664.5108990818 114185.5363531491
118231.7716345727 125198.3724053070
117432.2038212091 121208.2144153947
131984.3380244273 128869.3177560263
132304.1651497727 128071.2861580439
129905.4617096818 131423.0188695702
129905.4617096818 118335.3006626579
134063.2143391727 124081.1281681316
125907.6226428636 122644.6712917632
131504.5973364091 115621.9932295176
128306.3260829545 125038.7660857105
123508.9192027727 129028.9240756228
129745.5481470091 116898.8437862895
127986.4989576091 128071.2861580439
134383.0414645182 131901.8378283597
119351.1665732818 126156.0103228860

129105.8938963182 138605.3032514123
127986.4989576091 137647.6653338333
130545.1159603727 137328.4526946403
129585.6345843364 136530.4210966579
125747.7090801909 136211.2084574649
131504.5973364091 136211.2084574649
125267.9683921727 134774.7515810965
122709.3513894091 134455.5389419035
135182.6092778818 132699.8694263421
129265.8074589909 132540.2631067456
131824.4244617545 132380.6567871491
127027.0175815727 132061.4441479562
131024.8566483909 131901.8378283597
125267.9683921727 131263.4125499737
129425.7210216636 130784.5935911842
132623.9922751182 130784.5935911842
123828.7463281182 130305.7746323947
120790.3886373364 130146.1683127983
118071.8580719000 129986.5619932018
127186.9311442454 129986.5619932018
129105.8938963182 129986.5619932018
131984.3380244273 129667.3493540088
121749.8700133727 129507.7430344123
118871.4258852636 129348.1367148158
131504.5973364091 129188.5303952193
129585.6345843364 128709.7114364298
130225.2888350273 128709.7114364298
119351.1665732818 128390.4987972368
123349.0056401000 128071.2861580439
133263.6465258091 127911.6798384474
120630.4750746636 127592.4671992544
134063.2143391727 127273.2545600614
115033.5003811182 127113.6482404649
117911.9445092273 127113.6482404649
135342.5228405545 127113.6482404649
127666.6718322636 126634.8292816755
126227.4497682091 126475.2229620789
134063.2143391727 126475.2229620789
117112.3766958636 126315.6166424825
134862.7821525364 126315.6166424825
128626.1532083000 126156.0103228860
118231.7716345727 125836.7976836930
115033.5003811182 125677.1913640965
136941.6584672818 125677.1913640965
114233.9325677545 125517.5850445000
134542.9550271909 125198.3724053070
125587.7955175182 124879.1597661140
122069.6971387182 124559.9471269210
113274.4511917182 124400.3408073246
119830.9072613000 124400.3408073246
126867.1040189000 124400.3408073246
128786.0667709727 124240.7344877281
116152.8953198273 124081.1281681316
117911.9445092273 124081.1281681316
114553.7596931000 123921.5218485351
120950.3022000091 123921.5218485351
112474.8833783546 123761.9155289386
118391.6851972455 123761.9155289386
124308.4870161364 123761.9155289386
125587.7955175182 123761.9155289386
123029.1785147545 123602.3092093421
112634.7969410273 123283.0965701491
113114.5376290454 123283.0965701491
117112.3766958636 123283.0965701491
117752.0309465546 123283.0965701491
117911.9445092273 122963.8839309561
125108.0548295000 122963.8839309561
136142.0906539182 122963.8839309561
114553.7596931000 122804.2776113596
126227.4497682091 122804.2776113596
121589.9564507000 122485.0649721667
128306.3260829545 122165.8523329737
118231.7716345727 122006.2460133772
123668.8327654455 122006.2460133772
129265.8074589909 121846.6396937807
115833.0681944818 121687.0333741842
129745.5481470091 121687.0333741842
136302.0042165909 121687.0333741842
125108.0548295000 121527.4270545877
129105.8938963182 121367.8207349912
136142.0906539182 121208.2144153947
136781.7449046091 121208.2144153947
133583.4736511545 121048.6080957982
129745.5481470091 120729.3954566053
116952.4631331909 120569.7891370088
121909.7835760455 120569.7891370088
114393.8461304273 120250.5764978158
129265.8074589909 120250.5764978158
132464.0787124455 120250.5764978158
117911.9445092273 120090.9701782193
118711.5123225909 119771.7575390263
131344.6837737364 119771.7575390263
121589.9564507000 119452.5448998333
135822.2635285727 118973.7259410439
118071.8580719000 118654.5133018509
129905.4617096818 118335.3006626579
134223.1279018454 118335.3006626579
136461.9177792636 118335.3006626579
132464.0787124455 118175.6943430614
132783.9058377909 118175.6943430614
128146.4125202818 118016.0880234649
117272.2902585364 117856.4817038684
116632.6360078455 117537.2690646754
126067.5362055364 117537.2690646754
127027.0175815727 117537.2690646754
124788.2277041545 117377.6627450790
126227.4497682091 117218.0564254825
127027.0175815727 116898.8437862895
129265.8074589909 116420.0248275000
135662.3499659000 116420.0248275000
130864.9430857182 115302.7805903246
133103.7329631363 115143.1742707281
132943.8194004636 114983.5679511316
133423.5600884818 114185.5363531491
135502.4364032273 113547.1110747632
135502.4364032273 112270.2605179912
126867.1040189000 121527.4270545877
129265.8074589909 125038.7660857105
127506.7582695909 137488.0590142368
132464.0787124455 127911.6798384474
133583.4736511545 115462.3869099211
119511.0801359545 130624.9872715877
124148.5734534636 121687.0333741842
125907.6226428636 119771.7575390263
134862.7821525364 130146.1683127983
131504.5973364091 122804.2776113596
117112.3766958636 124879.1597661140
128466.2396456273 132380.6567871491
132144.2515871000 120410.1828174123
129105.8938963182 137807.2716534298
130545.1159603727 132221.0504675526
136781.7449046091 127432.8608796579
128626.1532083000 124719.5534465175
133903.3007765000 114345.1426727456
127826.5853949364 131103.8062303772
125587.7955175182 125517.5850445000
133263.6465258091 122804.2776113596
130065.3752723545 121527.4270545877
125907.6226428636 134774.7515810965
131024.8566483909 137488.0590142368
130864.9430857182 135413.1768594825
123828.7463281182 131263.4125499737
126707.1904562273 131263.4125499737
132464.0787124455 122165.8523329737
122549.4378267364 122804.2776113596
130864.9430857182 122006.2460133772
125267.9683921727 130624.9872715877
127506.7582695909 136849.6337358509
116472.7224451727 125677.1913640965
115513.2410691364 122006.2460133772
128466.2396456273 118494.9069822544
133103.7329631363 114185.5363531491
115992.9817571546 121048.6080957982
125907.6226428636 117058.4501058860
114873.5868184455 126315.6166424825
128306.3260829545 118335.3006626579
136142.0906539182 124400.3408073246
116792.5495705182 118175.6943430614
116312.8088825000 116898.8437862895
133903.3007765000 131901.8378283597
133263.6465258091 119292.9385802368
132464.0787124455 120569.7891370088
136621.8313419364 128869.3177560263
129425.7210216636 117537.2690646754
125747.7090801909 127911.6798384474
125907.6226428636 127592.4671992544
122549.4378267364 131263.4125499737
128945.9803336454 130146.1683127983
135022.6957152091 122006.2460133772
129585.6345843364 118016.0880234649
135822.2635285727 114664.3553119386
122229.6107013909 123602.3092093421
125267.9683921727 123442.7028897456
132943.8194004636 118973.7259410439
135342.5228405545 114664.3553119386
128626.1532083000 123442.7028897456
131664.5108990818 117058.4501058860
120310.6479493182 123442.7028897456
136941.6584672818 130784.5935911842
121430.0428880273 120410.1828174123
124628.3141414818 123442.7028897456

127186.9311442454 136849.6337358509
127986.4989576091 136530.4210966579
129585.6345843364 136530.4210966579
129745.5481470091 136211.2084574649
131504.5973364091 136211.2084574649
127186.9311442454 135732.3894986754
125108.0548295000 135093.9642202895
129745.5481470091 134934.3579006930
122869.2649520818 134774.7515810965
125427.8819548454 134615.1452615000
122709.3513894091 134455.5389419035
122389.5242640636 134136.3263027105
123189.0920774273 133178.6883851316
122549.4378267364 133019.0820655351
133743.3872138273 133019.0820655351
132623.9922751182 132859.4757459386
132464.0787124455 132540.2631067456
131024.8566483909 131901.8378283597
122229.6107013909 131423.0188695702
123828.7463281182 131263.4125499737
133103.7329631363 131103.8062303772
125267.9683921727 130624.9872715877
128306.3260829545 130465.3809519912
130545.1159603727 130465.3809519912
123029.1785147545 130146.1683127983
127186.9311442454 129986.5619932018
129105.8938963182 129986.5619932018
121909.7835760455 129826.9556736053
134702.8685898636 129826.9556736053
122389.5242640636 129667.3493540088
120790.3886373364 129188.5303952193
119990.8208239727 129028.9240756228
129105.8938963182 129028.9240756228
134862.7821525364 129028.9240756228
117592.1173838818 128869.3177560263
128945.9803336454 128869.3177560263
129585.6345843364 128709.7114364298
119670.9936986273 128550.1051168333
117432.2038212091 128230.8924776404
131344.6837737364 127911.6798384474
126387.3633308818 127752.0735188509
123828.7463281182 127592.4671992544
135342.5228405545 127113.6482404649
118871.4258852636 126634.8292816755
134063.2143391727 126475.2229620789
134862.7821525364 126315.6166424825
128626.1532083000 126156.0103228860
123508.9192027727 125996.4040032895
118231.7716345727 125836.7976836930
124148.5734534636 125677.1913640965
129265.8074589909 125677.1913640965
116312.8088825000 125198.3724053070
134542.9550271909 125198.3724053070
125267.9683921727 125038.7660857105
117112.3766958636 124879.1597661140
125587.7955175182 124879.1597661140
117752.0309465546 124719.5534465175
120950.3022000091 124559.9471269210
122709.3513894091 124559.9471269210
116152.8953198273 124081.1281681316
122709.3513894091 124081.1281681316
117432.2038212091 123761.9155289386
124308.4870161364 123761.9155289386
132144.2515871000 123761.9155289386
123029.1785147545 123602.3092093421
120310.6479493182 123442.7028897456
128626.1532083000 123442.7028897456
112634.7969410273 123283.0965701491
118711.5123225909 123283.0965701491
112634.7969410273 122963.8839309561
125108.0548295000 122963.8839309561
136142.0906539182 122963.8839309561
112794.7105037000 122804.2776113596
114553.7596931000 122804.2776113596
126227.4497682091 122804.2776113596
115833.0681944818 122485.0649721667
132144.2515871000 122006.2460133772
134862.7821525364 122006.2460133772
120470.5615119909 121687.0333741842
123349.0056401000 121687.0333741842
127186.9311442454 121687.0333741842
134542.9550271909 121687.0333741842
125108.0548295000 121527.4270545877
136781.7449046091 121527.4270545877
120150.7343866454 121367.8207349912
129105.8938963182 121367.8207349912
117112.3766958636 121208.2144153947
133743.3872138273 121208.2144153947
136781.7449046091 121208.2144153947
128626.1532083000 121048.6080957982
126867.1040189000 120889.0017762018
129745.5481470091 120729.3954566053
129265.8074589909 120250.5764978158
116952.4631331909 120090.9701782193
119511.0801359545 119931.3638586228
123828.7463281182 119931.3638586228
128146.4125202818 119931.3638586228
128466.2396456273 119931.3638586228
118711.5123225909 119771.7575390263
131344.6837737364 119771.7575390263
119031.3394479363 119612.1512194298
135822.2635285727 118973.7259410439
134223.1279018454 118335.3006626579
135662.3499659000 118175.6943430614
128786.0667709727 118016.0880234649
129745.5481470091 117856.4817038684
124788.2277041545 117377.6627450790
125907.6226428636 117058.4501058860
127027.0175815727 116898.8437862895
130545.1159603727 115941.2058687105
135662.3499659000 115143.1742707281
135502.4364032273 113547.1110747632
134063.2143391727 113387.5047551667
134542.9550271909 112749.0794767807
124148.5734534636 121687.0333741842
119990.8208239727 121208.2144153947
117272.2902585364 126954.0419208684
121589.9564507000 122804.2776113596
132144.2515871000 120569.7891370088
134223.1279018454 122644.6712917632
127986.4989576091 116579.6311470965
115193.4139437909 126475.2229620789
116632.6360078455 122963.8839309561
133743.3872138273 132699.8694263421
124468.4005788091 135253.5705398860
137421.3991553000 125357.9787249035
114553.7596931000 123921.5218485351
129105.8938963182 133019.0820655351
135982.1770912454 131582.6251891667
115033.5003811182 127113.6482404649
136781.7449046091 121048.6080957982
130545.1159603727 132221.0504675526
120310.6479493182 132221.0504675526
130065.3752723545 121527.4270545877
127986.4989576091 131103.8062303772
126227.4497682091 121687.0333741842
127666.6718322636 126634.8292816755
115513.2410691364 120250.5764978158
130225.2888350273 128709.7114364298
132783.9058377909 118175.6943430614
133103.7329631363 134295.9326223070
137261.4855926273 129028.9240756228
117272.2902585364 121048.6080957982
123029.1785147545 121687.0333741842
127666.6718322636 129188.5303952193
135982.1770912454 129667.3493540088
132623.9922751182 122165.8523329737
135182.6092778818 132699.8694263421
126387.3633308818 130624.9872715877
125587.7955175182 128709.7114364298
126707.1904562273 119771.7575390263
126387.3633308818 126634.8292816755
130065.3752723545 120410.1828174123
130225.2888350273 135572.7831790789
129585.6345843364 118016.0880234649
129265.8074589909 125038.7660857105
131344.6837737364 135413.1768594825
125267.9683921727 131263.4125499737
127027.0175815727 117537.2690646754
129425.7210216636 130784.5935911842
128306.3260829545 122165.8523329737
134862.7821525364 130146.1683127983
125907.6226428636 121208.2144153947
116632.6360078455 117537.2690646754
129585.6345843364 115941.2058687105
131344.6837737364 122165.8523329737
118071.8580719000 128869.3177560263
114074.0190050818 125038.7660857105
131984.3380244273 119133.3322606404
117911.9445092273 124081.1281681316
130545.1159603727 136530.4210966579
120790.3886373364 127592.4671992544
136941.6584672818 125677.1913640965
132783.9058377909 126156.0103228860
116632.6360078455 126634.8292816755
129905.4617096818 118335.3006626579
113914.1054424091 123123.4902505526
129105.8938963182 132699.8694263421
132943.8194004636 118654.5133018509
119351.1665732818 120729.3954566053
128306.3260829545 118335.3006626579

129425.7210216636 138445.6969318158
127506.7582695909 137488.0590142368
125108.0548295000 135093.9642202895
128466.2396456273 134295.9326223070
122389.5242640636 134136.3263027105
129105.8938963182 132699.8694263421
131024.8566483909 131901.8378283597
122389.5242640636 131582.6251891667
129425.7210216636 130784.5935911842
128466.2396456273 130624.9872715877
123828.7463281182 130305.7746323947
120790.3886373364 130146.1683127983
118071.8580719000 129986.5619932018
127186.9311442454 129986.5619932018
129105.8938963182 129986.5619932018
127826.5853949364 129028.9240756228
119670.9936986273 128550.1051168333
126387.3633308818 127752.0735188509
117272.2902585364 127592.4671992544
120630.4750746636 127592.4671992544
125907.6226428636 127592.4671992544
135342.5228405545 127113.6482404649
135662.3499659000 127113.6482404649
127666.6718322636 126634.8292816755
134063.2143391727 126475.2229620789
115992.9817571546 126315.6166424825
134542.9550271909 125198.3724053070
129265.8074589909 125038.7660857105
117112.3766958636 124879.1597661140
122069.6971387182 124559.9471269210
119830.9072613000 124400.3408073246
133263.6465258091 122804.2776113596
133743.3872138273 121208.2144153947
116472.7224451727 120729.3954566053
123828.7463281182 119931.3638586228
118711.5123225909 119771.7575390263
119031.3394479363 119612.1512194298
120950.3022000091 119612.1512194298
122709.3513894091 118973.7259410439
133903.3007765000 118335.3006626579
134223.1279018454 118335.3006626579
132783.9058377909 118175.6943430614
133423.5600884818 114185.5363531491
135502.4364032273 113547.1110747632
134063.2143391727 113387.5047551667
128306.3260829545 133497.9010243246
118711.5123225909 123283.0965701491
117911.9445092273 120090.9701782193
126067.5362055364 126634.8292816755
125108.0548295000 121527.4270545877
136142.0906539182 122963.8839309561
125108.0548295000 122963.8839309561
132943.8194004636 114983.5679511316
135662.3499659000 116420.0248275000
119990.8208239727 119931.3638586228
136941.6584672818 125677.1913640965
129585.6345843364 128709.7114364298
129105.8938963182 138605.3032514123
132464.0787124455 118175.6943430614
124628.3141414818 123442.7028897456
125907.6226428636 117058.4501058860
122229.6107013909 122644.6712917632
129105.8938963182 129028.9240756228
126227.4497682091 121687.0333741842
127666.6718322636 120090.9701782193
120150.7343866454 125517.5850445000
120310.6479493182 126954.0419208684
123349.0056401000 121687.0333741842
125267.9683921727 131263.4125499737
123508.9192027727 125996.4040032895
134862.7821525364 126315.6166424825
117911.9445092273 122963.8839309561
124308.4870161364 121048.6080957982
136302.0042165909 121687.0333741842
122869.2649520818 132540.2631067456
115033.5003811182 127113.6482404649
134862.7821525364 130146.1683127983
136621.8313419364 128869.3177560263
127027.0175815727 132061.4441479562
132464.0787124455 132540.2631067456
126547.2768935545 124240.7344877281
127027.0175815727 116898.8437862895
125907.6226428636 134774.7515810965
128945.9803336454 134774.7515810965
119511.0801359545 130624.9872715877
133103.7329631363 114185.5363531491
123668.8327654455 122006.2460133772
123029.1785147545 123602.3092093421
126227.4497682091 117218.0564254825
135822.2635285727 131103.8062303772
117112.3766958636 126315.6166424825
124788.2277041545 117377.6627450790
112634.7969410273 122963.8839309561
123828.7463281182 131263.4125499737
133263.6465258091 127911.6798384474
132623.9922751182 130784.5935911842
136781.7449046091 121208.2144153947
129265.8074589909 132540.2631067456
114873.5868184455 122644.6712917632
135502.4364032273 112270.2605179912
134542.9550271909 112749.0794767807
132144.2515871000 120569.7891370088
128626.1532083000 126156.0103228860
131504.5973364091 129188.5303952193
116632.6360078455 117537.2690646754
131504.5973364091 136211.2084574649
135822.2635285727 114664.3553119386
118071.8580719000 118654.5133018509
131344.6837737364 119771.7575390263
117112.3766958636 123283.0965701491
125587.7955175182 131103.8062303772
124148.5734534636 134934.3579006930
131344.6837737364 132061.4441479562
117432.2038212091 123761.9155289386
120310.6479493182 123442.7028897456
116152.8953198273 124081.1281681316
126867.1040189000 126954.0419208684
112474.8833783546 123761.9155289386
117911.9445092273 124081.1281681316
129425.7210216636 117537.2690646754
135022.6957152091 122006.2460133772
117911.9445092273 127113.6482404649
133263.6465258091 113387.5047551667
112794.7105037000 122804.2776113596
122229.6107013909 125677.1913640965
132943.8194004636 132540.2631067456
129265.8074589909 131263.4125499737
135822.2635285727 118973.7259410439
122709.3513894091 134455.5389419035
127666.6718322636 129188.5303952193
128626.1532083000 121048.6080957982
131184.7702110636 137328.4526946403
127346.8447069182 130784.5935911842
130545.1159603727 132221.0504675526
120950.3022000091 123921.5218485351
113114.5376290454 123283.0965701491
134862.7821525364 129028.9240756228
123828.7463281182 127592.4671992544
118071.8580719000 121687.0333741842
129905.4617096818 129348.1367148158
129585.6345843364 136530.4210966579
134702.8685898636 127432.8608796579
117272.2902585364 121048.6080957982
113914.1054424091 121687.0333741842
118871.4258852636 129348.1367148158
130225.2888350273 127592.4671992544
131024.8566483909 122485.0649721667
128626.1532083000 124719.5534465175
121589.9564507000 122485.0649721667
135822.2635285727 116420.0248275000
127826.5853949364 128709.7114364298
120950.3022000091 124719.5534465175
130864.9430857182 115302.7805903246
113274.4511917182 124400.3408073246
135182.6092778818 132699.8694263421
126707.1904562273 119771.7575390263
129105.8938963182 121367.8207349912
116472.7224451727 121687.0333741842
129745.5481470091 120729.3954566053
129585.6345843364 118016.0880234649
128466.2396456273 132540.2631067456
115353.3275064636 118175.6943430614
115193.4139437909 124559.9471269210
121749.8700133727 129507.7430344123
119830.9072613000 121367.8207349912
129905.4617096818 118335.3006626579
130545.1159603727 137328.4526946403
131984.3380244273 129667.3493540088
114553.7596931000 122804.2776113596
129265.8074589909 116420.0248275000
123349.0056401000 128071.2861580439
128306.3260829545 136849.6337358509
131504.5973364091 122804.2776113596
130065.3752723545 129667.3493540088
120150.7343866454 121367.8207349912
115833.0681944818 121687.0333741842
114553.7596931000 123921.5218485351
135982.1770912454 129028.9240756228
120470.5615119909 121687.0333741842
136941.6584672818 130784.5935911842
117272.2902585364 126954.0419208684

118551.5987599182 126315.6166424825
134702.8685898636 131742.2315087632
128466.2396456273 121687.0333741842
122709.3513894091 123442.7028897456
131664.5108990818 127752.0735188509
124308.4870161364 119771.7575390263
117432.2038212091 124879.1597661140
129105.8938963182 122485.0649721667
117752.0309465546 123921.5218485351
125267.9683921727 132699.8694263421
114713.6732557727 126954.0419208684
136461.9177792636 129348.1367148158
134702.8685898636 114345.1426727456
122229.6107013909 129667.3493540088
135342.5228405545 130146.1683127983
112634.7969410273 123123.4902505526
130705.0295230455 131103.8062303772
118711.5123225909 122804.2776113596
121749.8700133727 121527.4270545877
116792.5495705182 117377.6627450790
135502.4364032273 129986.5619932018
126707.1904562273 132221.0504675526
116312.8088825000 128071.2861580439
125427.8819548454 133976.7199831140
130545.1159603727 121367.8207349912
125427.8819548454 130624.9872715877
115033.5003811182 125038.7660857105
122549.4378267364 124559.9471269210
121909.7835760455 125836.7976836930
123508.9192027727 131423.0188695702
136302.0042165909 126315.6166424825
124468.4005788091 130944.1999107807
126067.5362055364 132221.0504675526
120310.6479493182 131582.6251891667
131184.7702110636 133497.9010243246
134862.7821525364 121846.6396937807
127506.7582695909 132221.0504675526
122869.2649520818 123442.7028897456
116792.5495705182 123123.4902505526
127666.6718322636 133817.1136635175
126867.1040189000 119452.5448998333
130705.0295230455 122165.8523329737
130705.0295230455 132699.8694263421
126387.3633308818 132540.2631067456
130065.3752723545 134136.3263027105
131824.4244617545 131901.8378283597
123189.0920774273 121846.6396937807
117592.1173838818 127911.6798384474
113434.3647543909 122804.2776113596
121749.8700133727 132221.0504675526
126707.1904562273 122325.4586525702
130864.9430857182 118335.3006626579
125587.7955175182 129348.1367148158
123988.6598907909 129507.7430344123
125907.6226428636 134295.9326223070
117911.9445092273 118654.5133018509
130864.9430857182 136211.2084574649
132464.0787124455 122325.4586525702
127986.4989576091 122165.8523329737
129745.5481470091 131103.8062303772
128945.9803336454 126954.0419208684
115193.4139437909 118175.6943430614
132783.9058377909 132221.0504675526
124148.5734534636 123442.7028897456
121589.9564507000 121527.4270545877
137741.2262806454 130146.1683127983
126067.5362055364 125517.5850445000
127346.8447069182 122165.8523329737
115833.0681944818 123602.3092093421
123988.6598907909 121846.6396937807
126067.5362055364 128390.4987972368
132623.9922751182 133657.5073439211
124148.5734534636 128071.2861580439
119031.3394479363 124081.1281681316
123828.7463281182 121527.4270545877
122229.6107013909 133657.5073439211
131024.8566483909 134615.1452615000
130864.9430857182 133657.5073439211
122229.6107013909 124081.1281681316
115833.0681944818 117856.4817038684
121909.7835760455 130944.1999107807
135182.6092778818 122006.2460133772
118551.5987599182 119771.7575390263
135022.6957152091 122963.8839309561
127826.5853949364 120729.3954566053
127666.6718322636 125357.9787249035
131824.4244617545 128550.1051168333
130065.3752723545 124240.7344877281
123349.0056401000 127592.4671992544
129265.8074589909 138924.5158906053
126067.5362055364 125677.1913640965
133263.6465258091 133019.0820655351
136621.8313419364 119133.3322606404
125108.0548295000 123442.7028897456
136621.8313419364 129348.1367148158
118231.7716345727 127592.4671992544
122229.6107013909 128071.2861580439
122389.5242640636 131742.2315087632
128146.4125202818 120889.0017762018
123349.0056401000 120729.3954566053
131504.5973364091 135891.9958182719
129425.7210216636 125996.4040032895
125907.6226428636 134455.5389419035
136302.0042165909 131742.2315087632
133423.5600884818 131901.8378283597
128306.3260829545 122804.2776113596
126387.3633308818 133657.5073439211
114074.0190050818 125996.4040032895
115353.3275064636 126156.0103228860
118071.8580719000 118654.5133018509
118551.5987599182 128390.4987972368
127027.0175815727 122325.4586525702
128626.1532083000 130305.7746323947
136142.0906539182 129986.5619932018
125267.9683921727 120250.5764978158
133423.5600884818 118814.1196214474
129585.6345843364 128550.1051168333
121909.7835760455 121367.8207349912
130385.2023977000 133338.2947047281
115992.9817571546 122963.8839309561
129425.7210216636 125677.1913640965
116472.7224451727 123283.0965701491
126867.1040189000 124879.1597661140
125587.7955175182 121687.0333741842
113914.1054424091 125996.4040032895
135342.5228405545 121687.0333741842
123508.9192027727 134295.9326223070
126227.4497682091 127752.0735188509
122069.6971387182 127113.6482404649
131504.5973364091 126156.0103228860
132304.1651497727 127752.0735188509
121909.7835760455 129348.1367148158
117112.3766958636 117696.8753842719
128466.2396456273 126156.0103228860
122069.6971387182 129826.9556736053
131024.8566483909 116579.6311470965
131344.6837737364 117696.8753842719
113434.3647543909 123921.5218485351
135342.5228405545 131423.0188695702
124788.2277041545 117377.6627450790
131024.8566483909 119931.3638586228
128945.9803336454 115302.7805903246
137101.5720299545 130784.5935911842
127986.4989576091 123442.7028897456
135822.2635285727 119292.9385802368
131664.5108990818 136370.8147770614
119031.3394479363 122963.8839309561
126387.3633308818 134934.3579006930
130545.1159603727 114823.9616315351
127506.7582695909 127432.8608796579
135662.3499659000 125357.9787249035
129425.7210216636 116739.2374666930
126547.2768935545 128869.3177560263
114233.9325677545 122963.8839309561
115353.3275064636 122165.8523329737
122229.6107013909 121846.6396937807
130705.0295230455 122963.8839309561
121749.8700133727 122165.8523329737
121270.1293253545 129507.7430344123
117752.0309465546 127592.4671992544
123988.6598907909 133019.0820655351
131824.4244617545 120889.0017762018
120470.5615119909 119612.1512194298
127186.9311442454 122006.2460133772
125427.8819548454 119452.5448998333
115193.4139437909 121846.6396937807
130065.3752723545 133657.5073439211
117911.9445092273 129826.9556736053
131664.5108990818 118814.1196214474
128786.0667709727 134774.7515810965
132623.9922751182 122165.8523329737
125267.9683921727 120410.1828174123
119351.1665732818 128071.2861580439
117272.2902585364 121208.2144153947
115673.1546318091 124879.1597661140
118071.8580719000 126156.0103228860
129745.5481470091 120090.9701782193
121589.9564507000 126156.0103228860
127186.9311442454 118175.6943430614
124628.3141414818 120410.1828174123
127027.0175815727 125517.5850445000

125587.7955175182 131103.8062303772
131984.3380244273 113706.7173943597
124308.4870161364 129348.1367148158
129425.7210216636 115621.9932295176
136142.0906539182 123602.3092093421
131664.5108990818 133976.7199831140
123029.1785147545 119771.7575390263
122549.4378267364 132699.8694263421
127666.6718322636 132859.4757459386
128786.0667709727 125357.9787249035
127666.6718322636 123602.3092093421
129265.8074589909 122325.4586525702
122229.6107013909 125517.5850445000
122069.6971387182 128869.3177560263
126867.1040189000 127432.8608796579
122069.6971387182 119931.3638586228
122389.5242640636 130624.9872715877
133903.3007765000 127113.6482404649
117272.2902585364 117696.8753842719
118231.7716345727 126315.6166424825
129105.8938963182 115143.1742707281
132304.1651497727 119292.9385802368
134223.1279018454 112589.4731571842
136781.7449046091 128230.8924776404
135182.6092778818 124400.3408073246
128786.0667709727 119931.3638586228
132304.1651497727 127273.2545600614
113434.3647543909 123602.3092093421
130225.2888350273 137807.2716534298
133103.7329631363 118335.3006626579
135502.4364032273 118016.0880234649
115673.1546318091 122485.0649721667
122229.6107013909 122644.6712917632
130864.9430857182 120090.9701782193
130545.1159603727 127273.2545600614
118391.6851972455 127113.6482404649
125108.0548295000 121527.4270545877
136142.0906539182 129986.5619932018
135982.1770912454 122485.0649721667
120630.4750746636 125996.4040032895
122549.4378267364 118654.5133018509
128146.4125202818 127752.0735188509
127027.0175815727 135413.1768594825
135502.4364032273 117856.4817038684
129905.4617096818 117058.4501058860
130225.2888350273 119452.5448998333
126707.1904562273 121367.8207349912
131184.7702110636 135572.7831790789
131184.7702110636 131423.0188695702
127186.9311442454 129986.5619932018
129905.4617096818 129348.1367148158
126547.2768935545 133338.2947047281
127826.5853949364 135891.9958182719
121110.2157626818 123761.9155289386
125267.9683921727 121367.8207349912
122069.6971387182 129028.9240756228
128146.4125202818 132699.8694263421
119351.1665732818 120569.7891370088
125747.7090801909 133657.5073439211
114553.7596931000 123761.9155289386
125747.7090801909 122804.2776113596
135022.6957152091 119931.3638586228
129585.6345843364 121527.4270545877
115033.5003811182 118654.5133018509
128466.2396456273 138126.4842926228
127826.5853949364 127273.2545600614
134542.9550271909 118973.7259410439
135182.6092778818 114185.5363531491
120310.6479493182 127432.8608796579
115353.3275064636 126794.4356012719
128786.0667709727 133019.0820655351
130065.3752723545 126156.0103228860
124308.4870161364 118494.9069822544
132943.8194004636 134615.1452615000
121909.7835760455 131582.6251891667
134862.7821525364 128709.7114364298
131344.6837737364 134615.1452615000
112794.7105037000 123442.7028897456
132783.9058377909 126475.2229620789
114713.6732557727 122804.2776113596
131344.6837737364 128550.1051168333
123988.6598907909 131742.2315087632
134702.8685898636 113866.3237139561
132144.2515871000 131582.6251891667
135662.3499659000 126634.8292816755
136781.7449046091 122165.8523329737
122549.4378267364 131582.6251891667
124468.4005788091 122644.6712917632
123988.6598907909 125677.1913640965
132943.8194004636 119931.3638586228
118231.7716345727 118973.7259410439
114393.8461304273 125836.7976836930
119031.3394479363 120569.7891370088
134223.1279018454 133817.1136635175
135022.6957152091 119452.5448998333
124788.2277041545 123442.7028897456
121430.0428880273 125996.4040032895
127666.6718322636 124719.5534465175
133743.3872138273 132859.4757459386
120150.7343866454 130146.1683127983
132943.8194004636 125836.7976836930
117911.9445092273 123761.9155289386
123029.1785147545 131263.4125499737
134862.7821525364 125198.3724053070
134063.2143391727 128071.2861580439
127506.7582695909 135413.1768594825
137261.4855926273 127273.2545600614
133423.5600884818 129986.5619932018
136461.9177792636 131263.4125499737
132783.9058377909 127273.2545600614
129905.4617096818 131423.0188695702
119670.9936986273 131423.0188695702
115193.4139437909 126315.6166424825
130065.3752723545 121527.4270545877
114873.5868184455 124400.3408073246
114873.5868184455 120090.9701782193
119351.1665732818 119931.3638586228
128306.3260829545 133019.0820655351
127027.0175815727 122485.0649721667
126387.3633308818 131423.0188695702
126387.3633308818 129348.1367148158
130385.2023977000 120729.3954566053
132464.0787124455 129028.9240756228
123189.0920774273 133817.1136635175
127186.9311442454 117218.0564254825
128786.0667709727 131582.6251891667
132144.2515871000 134615.1452615000
128306.3260829545 118175.6943430614
126227.4497682091 120250.5764978158
124468.4005788091 132221.0504675526
131504.5973364091 124559.9471269210
124628.3141414818 121048.6080957982
126547.2768935545 117856.4817038684
119990.8208239727 127113.6482404649
125747.7090801909 121208.2144153947
134223.1279018454 121687.0333741842
121589.9564507000 126634.8292816755
114393.8461304273 121527.4270545877
120950.3022000091 119931.3638586228
131024.8566483909 117218.0564254825
134063.2143391727 129028.9240756228
121749.8700133727 125836.7976836930
129265.8074589909 115941.2058687105
120150.7343866454 123761.9155289386
131824.4244617545 132540.2631067456
136781.7449046091 127273.2545600614
118231.7716345727 122963.8839309561
133263.6465258091 119931.3638586228
123988.6598907909 122963.8839309561
135502.4364032273 132380.6567871491
118071.8580719000 118494.9069822544
132623.9922751182 132221.0504675526
114233.9325677545 124240.7344877281
113914.1054424091 124240.7344877281
132304.1651497727 116420.0248275000
130385.2023977000 131263.4125499737
129905.4617096818 127432.8608796579
129585.6345843364 120090.9701782193
133263.6465258091 125836.7976836930
120310.6479493182 129507.7430344123
116312.8088825000 116898.8437862895
125267.9683921727 122165.8523329737
117112.3766958636 129348.1367148158
136302.0042165909 126954.0419208684
125267.9683921727 124879.1597661140
131664.5108990818 127592.4671992544
132304.1651497727 118175.6943430614
128626.1532083000 130944.1999107807
134862.7821525364 118814.1196214474
114713.6732557727 123921.5218485351
125427.8819548454 131901.8378283597
127666.6718322636 116579.6311470965
132304.1651497727 115143.1742707281
124788.2277041545 128230.8924776404
131024.8566483909 126794.4356012719
125747.7090801909 135253.5705398860
127346.8447069182 130784.5935911842
125267.9683921727 118016.0880234649
128786.0667709727 126475.2229620789
124148.5734534636 130784.5935911842
118551.5987599182 125996.4040032895

133583.4736511545 127592.4671992544
133423.5600884818 131901.8378283597
124468.4005788091 121048.6080957982
123029.1785147545 133178.6883851316
116792.5495705182 128550.1051168333
128466.2396456273 122006.2460133772
127186.9311442454 118335.3006626579
119191.2530106091 127432.8608796579
127027.0175815727 121846.6396937807
116152.8953198273 117696.8753842719
135182.6092778818 132540.2631067456
135662.3499659000 116420.0248275000
124308.4870161364 135093.9642202895
132464.0787124455 122644.6712917632
117752.0309465546 118016.0880234649
125587.7955175182 121687.0333741842
116792.5495705182 124081.1281681316
135342.5228405545 112908.6857963772
130065.3752723545 119452.5448998333
136461.9177792636 120410.1828174123
134542.9550271909 131742.2315087632
128945.9803336454 116260.4185079035
129905.4617096818 134295.9326223070
135182.6092778818 127113.6482404649
123189.0920774273 127592.4671992544
127186.9311442454 116260.4185079035
134223.1279018454 114345.1426727456
130065.3752723545 136690.0274162544
130225.2888350273 116420.0248275000
128786.0667709727 121367.8207349912
135342.5228405545 113387.5047551667
129585.6345843364 125517.5850445000
124468.4005788091 127911.6798384474
125427.8819548454 123602.3092093421
127986.4989576091 125996.4040032895
129265.8074589909 117058.4501058860
131824.4244617545 132859.4757459386
134383.0414645182 127592.4671992544
126707.1904562273 132061.4441479562
136941.6584672818 127752.0735188509
129585.6345843364 128390.4987972368
124308.4870161364 120410.1828174123
129105.8938963182 116898.8437862895
135502.4364032273 127273.2545600614
121270.1293253545 120729.3954566053
131824.4244617545 122165.8523329737
114873.5868184455 126475.2229620789
131184.7702110636 121367.8207349912
132783.9058377909 126475.2229620789
126227.4497682091 116579.6311470965
129265.8074589909 135572.7831790789
113914.1054424091 120889.0017762018
124468.4005788091 121208.2144153947
137101.5720299545 127113.6482404649
122389.5242640636 132221.0504675526
130065.3752723545 137488.0590142368
131344.6837737364 122963.8839309561
131664.5108990818 124400.3408073246
135822.2635285727 128230.8924776404
128146.4125202818 117696.8753842719
129585.6345843364 118016.0880234649
115833.0681944818 125198.3724053070
121430.0428880273 124559.9471269210
122389.5242640636 132859.4757459386
130385.2023977000 135732.3894986754
120470.5615119909 125517.5850445000
128786.0667709727 118494.9069822544
128786.0667709727 125836.7976836930
130225.2888350273 126954.0419208684
124468.4005788091 118973.7259410439
125267.9683921727 133338.2947047281
136621.8313419364 129188.5303952193
135662.3499659000 121048.6080957982
131184.7702110636 115621.9932295176
121749.8700133727 123602.3092093421
131984.3380244273 128550.1051168333
123349.0056401000 132221.0504675526
118551.5987599182 129028.9240756228
130385.2023977000 131103.8062303772
120950.3022000091 124081.1281681316
127027.0175815727 122644.6712917632
130065.3752723545 121687.0333741842
118391.6851972455 125677.1913640965
127506.7582695909 130305.7746323947
117911.9445092273 118654.5133018509
132144.2515871000 118175.6943430614
133903.3007765000 113706.7173943597
123988.6598907909 119133.3322606404
131024.8566483909 128550.1051168333
134223.1279018454 113547.1110747632
118871.4258852636 122485.0649721667
133263.6465258091 127752.0735188509
116152.8953198273 128230.8924776404
119670.9936986273 126954.0419208684
130545.1159603727 121687.0333741842
135182.6092778818 119292.9385802368
129425.7210216636 122325.4586525702
113754.1918797364 121687.0333741842
130705.0295230455 128550.1051168333
134862.7821525364 122485.0649721667
132464.0787124455 133178.6883851316
123668.8327654455 129348.1367148158
127666.6718322636 130944.1999107807
113914.1054424091 124559.9471269210
114713.6732557727 124719.5534465175
122229.6107013909 133019.0820655351
127826.5853949364 129507.7430344123
133903.3007765000 125836.7976836930
132464.0787124455 115302.7805903246
128146.4125202818 124879.1597661140
125907.6226428636 122325.4586525702
135182.6092778818 129826.9556736053
137741.2262806454 130146.1683127983
121589.9564507000 122325.4586525702
135982.1770912454 119931.3638586228
120470.5615119909 131742.2315087632
132464.0787124455 124719.5534465175
135502.4364032273 125517.5850445000
119990.8208239727 128390.4987972368
120470.5615119909 132540.2631067456
129265.8074589909 116260.4185079035
135662.3499659000 115621.9932295176
132144.2515871000 114025.9300335526
127506.7582695909 125677.1913640965
123828.7463281182 118814.1196214474
125427.8819548454 123761.9155289386
134383.0414645182 128230.8924776404
128626.1532083000 130944.1999107807
126227.4497682091 121048.6080957982
128626.1532083000 120410.1828174123
122869.2649520818 124719.5534465175
131024.8566483909 122485.0649721667
128626.1532083000 136530.4210966579
130864.9430857182 116898.8437862895
136302.0042165909 130784.5935911842
115673.1546318091 125198.3724053070
123349.0056401000 130305.7746323947
135662.3499659000 114823.9616315351
119351.1665732818 124081.1281681316
133423.5600884818 128071.2861580439
128626.1532083000 116420.0248275000
119191.2530106091 128390.4987972368
126067.5362055364 119292.9385802368
135982.1770912454 125517.5850445000
127986.4989576091 136211.2084574649
122229.6107013909 133817.1136635175
123189.0920774273 132061.4441479562
129745.5481470091 127752.0735188509
134862.7821525364 131423.0188695702
115992.9817571546 118335.3006626579
128786.0667709727 122804.2776113596
122709.3513894091 133976.7199831140
122069.6971387182 125517.5850445000
131184.7702110636 135891.9958182719
119031.3394479363 124400.3408073246
122549.4378267364 130624.9872715877
119031.3394479363 121208.2144153947
137261.4855926273 127273.2545600614
134063.2143391727 125357.9787249035
116472.7224451727 124879.1597661140
128466.2396456273 130784.5935911842
125427.8819548454 135572.7831790789
135342.5228405545 128071.2861580439
127186.9311442454 124559.9471269210
136302.0042165909 129826.9556736053
131184.7702110636 123921.5218485351
132783.9058377909 134774.7515810965
113754.1918797364 124400.3408073246
117752.0309465546 127592.4671992544
126707.1904562273 130305.7746323947
124628.3141414818 124719.5534465175
136461.9177792636 131103.8062303772
121589.9564507000 121208.2144153947
133263.6465258091 135093.9642202895
123349.0056401000 125517.5850445000
120630.4750746636 122804.2776113596
128466.2396456273 115462.3869099211
119990.8208239727 123921.5218485351
134862.7821525364 116739.2374666930
131184.7702110636 118016.0880234649
130545.1159603727 127592.4671992544

133903.3007765000 113227.8984355702
128306.3260829545 137009.2400554474
122389.5242640636 129986.5619932018
124148.5734534636 128390.4987972368
125747.7090801909 117058.4501058860
121589.9564507000 125517.5850445000
129905.4617096818 119452.5448998333
118071.8580719000 118494.9069822544
126707.1904562273 127432.8608796579
123189.0920774273 124240.7344877281
114393.8461304273 122644.6712917632
131664.5108990818 133019.0820655351
128945.9803336454 123442.7028897456
129905.4617096818 122963.8839309561
125108.0548295000 123602.3092093421
129265.8074589909 122804.2776113596
115673.1546318091 126794.4356012719
119990.8208239727 131582.6251891667
136302.0042165909 131742.2315087632
131984.3380244273 136370.8147770614
119670.9936986273 122804.2776113596
129105.8938963182 135732.3894986754
126227.4497682091 121048.6080957982
130385.2023977000 135891.9958182719
118231.7716345727 127113.6482404649
134223.1279018454 125996.4040032895
129905.4617096818 126794.4356012719
114393.8461304273 125996.4040032895
135022.6957152091 116739.2374666930
117752.0309465546 120410.1828174123
125427.8819548454 118494.9069822544
128626.1532083000 117377.6627450790
129745.5481470091 125038.7660857105
135502.4364032273 117058.4501058860
127027.0175815727 120250.5764978158
133903.3007765000 133976.7199831140
134223.1279018454 133019.0820655351
124788.2277041545 119931.3638586228
112314.9698156818 124559.9471269210
135502.4364032273 119133.3322606404
117592.1173838818 122325.4586525702
130385.2023977000 114664.3553119386
116472.7224451727 118335.3006626579
124948.1412668273 117377.6627450790
136302.0042165909 130784.5935911842
128786.0667709727 130305.7746323947
122549.4378267364 124879.1597661140
127346.8447069182 126794.4356012719
134862.7821525364 123921.5218485351
130705.0295230455 118335.3006626579
128146.4125202818 121527.4270545877
129745.5481470091 119612.1512194298
120950.3022000091 125038.7660857105
132464.0787124455 136051.6021378684
126067.5362055364 117218.0564254825
132623.9922751182 120889.0017762018
123029.1785147545 127432.8608796579
126547.2768935545 133657.5073439211
121749.8700133727 126156.0103228860
130385.2023977000 128071.2861580439
130225.2888350273 126954.0419208684
115033.5003811182 126156.0103228860
123189.0920774273 125038.7660857105
117432.2038212091 122963.8839309561
132144.2515871000 121687.0333741842
122549.4378267364 123602.3092093421
124628.3141414818 126156.0103228860
122389.5242640636 122325.4586525702
122389.5242640636 130465.3809519912
118071.8580719000 118654.5133018509
128786.0667709727 118973.7259410439
135022.6957152091 116420.0248275000
125587.7955175182 122165.8523329737
135342.5228405545 113227.8984355702
132464.0787124455 134295.9326223070
129425.7210216636 115462.3869099211
116792.5495705182 118654.5133018509
121430.0428880273 128230.8924776404
115033.5003811182 125677.1913640965
127506.7582695909 137488.0590142368
123988.6598907909 132061.4441479562
130864.9430857182 120569.7891370088
131824.4244617545 133657.5073439211
136142.0906539182 117218.0564254825
123828.7463281182 131263.4125499737
122709.3513894091 128709.7114364298
130225.2888350273 120250.5764978158
134542.9550271909 126794.4356012719
134862.7821525364 120090.9701782193
133263.6465258091 116420.0248275000
130545.1159603727 129028.9240756228
121589.9564507000 126954.0419208684
130065.3752723545 137488.0590142368
118071.8580719000 118814.1196214474
120470.5615119909 125357.9787249035
130864.9430857182 133178.6883851316
115833.0681944818 122485.0649721667
133903.3007765000 113866.3237139561
118071.8580719000 123761.9155289386
121270.1293253545 130784.5935911842
120310.6479493182 126634.8292816755
120150.7343866454 122485.0649721667
130705.0295230455 137009.2400554474
124308.4870161364 134615.1452615000
130864.9430857182 117856.4817038684
128945.9803336454 125677.1913640965
130065.3752723545 137807.2716534298
133583.4736511545 118654.5133018509
126227.4497682091 136370.8147770614
128306.3260829545 125996.4040032895
129745.5481470091 120889.0017762018
124788.2277041545 123442.7028897456
127506.7582695909 130146.1683127983
126707.1904562273 118016.0880234649
135022.6957152091 126794.4356012719
134542.9550271909 125836.7976836930
121270.1293253545 130944.1999107807
135022.6957152091 119292.9385802368
130705.0295230455 135891.9958182719
120150.7343866454 124719.5534465175
117592.1173838818 118016.0880234649
123988.6598907909 129986.5619932018
128146.4125202818 118335.3006626579
126867.1040189000 121527.4270545877
126707.1904562273 130146.1683127983
129105.8938963182 121048.6080957982
134383.0414645182 128071.2861580439
123988.6598907909 121208.2144153947
135342.5228405545 130146.1683127983
137421.3991553000 130465.3809519912
127826.5853949364 124879.1597661140
136461.9177792636 119931.3638586228
121589.9564507000 129188.5303952193
128945.9803336454 131103.8062303772
126227.4497682091 126475.2229620789
119670.9936986273 125357.9787249035
117432.2038212091 122644.6712917632
133423.5600884818 119931.3638586228
133263.6465258091 124081.1281681316
116472.7224451727 117058.4501058860
124308.4870161364 135413.1768594825
117752.0309465546 119931.3638586228
133263.6465258091 130944.1999107807
134542.9550271909 129028.9240756228
114873.5868184455 119133.3322606404
118871.4258852636 123602.3092093421
115193.4139437909 122485.0649721667
116472.7224451727 121048.6080957982
137261.4855926273 129507.7430344123
128146.4125202818 136211.2084574649
136941.6584672818 128230.8924776404
130864.9430857182 119292.9385802368
129425.7210216636 118654.5133018509
119990.8208239727 123921.5218485351
127666.6718322636 135093.9642202895
133743.3872138273 114345.1426727456
124148.5734534636 122804.2776113596
118391.6851972455 127273.2545600614
130545.1159603727 128869.3177560263
129585.6345843364 119771.7575390263
125747.7090801909 127273.2545600614
126067.5362055364 122006.2460133772
126707.1904562273 116739.2374666930
131344.6837737364 117058.4501058860
127666.6718322636 121846.6396937807
134862.7821525364 133338.2947047281
129585.6345843364 125038.7660857105
131344.6837737364 114345.1426727456
118231.7716345727 122165.8523329737
129265.8074589909 117537.2690646754
125587.7955175182 117537.2690646754
126547.2768935545 124719.5534465175
124628.3141414818 122804.2776113596
131504.5973364091 129188.5303952193
123189.0920774273 126156.0103228860
120790.3886373364 130305.7746323947
130065.3752723545 128390.4987972368
131184.7702110636 128071.2861580439
122869.2649520818 132540.2631067456
134223.1279018454 115621.9932295176
130705.0295230455 120090.9701782193

119351.1665732818 120569.7891370088
128146.4125202818 129667.3493540088
124788.2277041545 126315.6166424825
127666.6718322636 119931.3638586228
118871.4258852636 126794.4356012719
119191.2530106091 130465.3809519912
121430.0428880273 120410.1828174123
119830.9072613000 124400.3408073246
130705.0295230455 135093.9642202895
137421.3991553000 124879.1597661140
124628.3141414818 135572.7831790789
132623.9922751182 135413.1768594825
131344.6837737364 136211.2084574649
124308.4870161364 124719.5534465175
130065.3752723545 115941.2058687105
123508.9192027727 122165.8523329737
128146.4125202818 120889.0017762018
134223.1279018454 129348.1367148158
130705.0295230455 134934.3579006930
127186.9311442454 127592.4671992544
121909.7835760455 131901.8378283597
122709.3513894091 131103.8062303772
124148.5734534636 120889.0017762018
119191.2530106091 123921.5218485351
131024.8566483909 127911.6798384474
133903.3007765000 117537.2690646754
133103.7329631363 130465.3809519912
130864.9430857182 130305.7746323947
125907.6226428636 121367.8207349912
134063.2143391727 113387.5047551667
124148.5734534636 124400.3408073246
134542.9550271909 132699.8694263421
133103.7329631363 134615.1452615000
114393.8461304273 124400.3408073246
121270.1293253545 131582.6251891667
123029.1785147545 122325.4586525702
116632.6360078455 125357.9787249035
128626.1532083000 116100.8121883070
127027.0175815727 117856.4817038684
115513.2410691364 122804.2776113596
128466.2396456273 120410.1828174123
129265.8074589909 124240.7344877281
122869.2649520818 134295.9326223070
126867.1040189000 118175.6943430614
123029.1785147545 119452.5448998333
121270.1293253545 130624.9872715877
134063.2143391727 126954.0419208684
134702.8685898636 120250.5764978158
130065.3752723545 130624.9872715877
125907.6226428636 125836.7976836930
135662.3499659000 121048.6080957982
118871.4258852636 123921.5218485351
124948.1412668273 119452.5448998333
122229.6107013909 125198.3724053070
134063.2143391727 131423.0188695702
135662.3499659000 117377.6627450790
126707.1904562273 135413.1768594825
127027.0175815727 122963.8839309561
118711.5123225909 122804.2776113596
123189.0920774273 133178.6883851316
120790.3886373364 127273.2545600614
115513.2410691364 124559.9471269210
121270.1293253545 122165.8523329737
127986.4989576091 133976.7199831140
119511.0801359545 123761.9155289386
128306.3260829545 126794.4356012719
125267.9683921727 129188.5303952193
126067.5362055364 123921.5218485351
134862.7821525364 121367.8207349912
124468.4005788091 127752.0735188509
120150.7343866454 126315.6166424825
122549.4378267364 126794.4356012719
117272.2902585364 117537.2690646754
128466.2396456273 133178.6883851316
135982.1770912454 129826.9556736053
133743.3872138273 133657.5073439211
120950.3022000091 121846.6396937807
122389.5242640636 124559.9471269210
128786.0667709727 117696.8753842719
135342.5228405545 120090.9701782193
134063.2143391727 133019.0820655351
115673.1546318091 123283.0965701491
124948.1412668273 125836.7976836930
127826.5853949364 120729.3954566053
117112.3766958636 124240.7344877281
115193.4139437909 121048.6080957982
128146.4125202818 128071.2861580439
122229.6107013909 125677.1913640965
126387.3633308818 117537.2690646754
127826.5853949364 129507.7430344123
123988.6598907909 135253.5705398860
119351.1665732818 128550.1051168333
129265.8074589909 118654.5133018509
127826.5853949364 120889.0017762018
114713.6732557727 124879.1597661140
119670.9936986273 120729.3954566053
127346.8447069182 130944.1999107807
129425.7210216636 121048.6080957982
137101.5720299545 127273.2545600614
125907.6226428636 122804.2776113596
130545.1159603727 127273.2545600614
125747.7090801909 117058.4501058860
116312.8088825000 128550.1051168333
123029.1785147545 127273.2545600614
114074.0190050818 121846.6396937807
126227.4497682091 119771.7575390263
120950.3022000091 124400.3408073246
133903.3007765000 124081.1281681316
130065.3752723545 133657.5073439211
125587.7955175182 121687.0333741842
128626.1532083000 117856.4817038684
119511.0801359545 126315.6166424825
117272.2902585364 117218.0564254825
126387.3633308818 120729.3954566053
125907.6226428636 126156.0103228860
117911.9445092273 124719.5534465175
134862.7821525364 127592.4671992544
135662.3499659000 121846.6396937807
125907.6226428636 127432.8608796579
129745.5481470091 137966.8779730263
124628.3141414818 122963.8839309561
132943.8194004636 118814.1196214474
126707.1904562273 127113.6482404649
123029.1785147545 126475.2229620789
118871.4258852636 123602.3092093421
123828.7463281182 122006.2460133772
117112.3766958636 125677.1913640965
123029.1785147545 132380.6567871491
122229.6107013909 124879.1597661140
127826.5853949364 118654.5133018509
130065.3752723545 137966.8779730263
129745.5481470091 121048.6080957982
131824.4244617545 121208.2144153947
127986.4989576091 133657.5073439211
120790.3886373364 128550.1051168333
123668.8327654455 124081.1281681316
136461.9177792636 128550.1051168333
127346.8447069182 129667.3493540088
134862.7821525364 129028.9240756228
120630.4750746636 127752.0735188509
134383.0414645182 126475.2229620789
125907.6226428636 122485.0649721667
116312.8088825000 122165.8523329737
131824.4244617545 131103.8062303772
126867.1040189000 125996.4040032895
125427.8819548454 118494.9069822544
130225.2888350273 119452.5448998333
112954.6240663727 124400.3408073246
119670.9936986273 122644.6712917632
118231.7716345727 122644.6712917632
130225.2888350273 134136.3263027105
128146.4125202818 121048.6080957982
132783.9058377909 132061.4441479562
127506.7582695909 119931.3638586228
134223.1279018454 118973.7259410439
126387.3633308818 129188.5303952193
135342.5228405545 112749.0794767807
119990.8208239727 122006.2460133772
126707.1904562273 125038.7660857105
137741.2262806454 128071.2861580439
122389.5242640636 131263.4125499737
119990.8208239727 126954.0419208684
135182.6092778818 128071.2861580439
133903.3007765000 124879.1597661140
115353.3275064636 124719.5534465175
123988.6598907909 123761.9155289386
126867.1040189000 123921.5218485351
136781.7449046091 122804.2776113596
117432.2038212091 117377.6627450790
133583.4736511545 130624.9872715877
127506.7582695909 129028.9240756228
121749.8700133727 124400.3408073246
130225.2888350273 127592.4671992544
124468.4005788091 126794.4356012719
133743.3872138273 130624.9872715877
120790.3886373364 129667.3493540088
133423.5600884818 120090.9701782193
122229.6107013909 122644.6712917632
131824.4244617545 128709.7114364298
126387.3633308818 119452.5448998333
125108.0548295000 135413.1768594825

129425.7210216636 137009.2400554474
132464.0787124455 134615.1452615000
128466.2396456273 133817.1136635175
124468.4005788091 132380.6567871491
127506.7582695909 131901.8378283597
133903.3007765000 131901.8378283597
122389.5242640636 131582.6251891667
127986.4989576091 131263.4125499737
129265.8074589909 131263.4125499737
137101.5720299545 130944.1999107807
124308.4870161364 130784.5935911842
135342.5228405545 129986.5619932018
118231.7716345727 129028.9240756228
131504.5973364091 128550.1051168333
118391.6851972455 127911.6798384474
123508.9192027727 127752.0735188509
127986.4989576091 126475.2229620789
135502.4364032273 126156.0103228860
116312.8088825000 125198.3724053070
129265.8074589909 124879.1597661140
117112.3766958636 124240.7344877281
127346.8447069182 122644.6712917632
114553.7596931000 122485.0649721667
115833.0681944818 122485.0649721667
121909.7835760455 122485.0649721667
118711.5123225909 120729.3954566053
122229.6107013909 119771.7575390263
131984.3380244273 119133.3322606404
131344.6837737364 118814.1196214474
132783.9058377909 118175.6943430614
127826.5853949364 116898.8437862895
130864.9430857182 116420.0248275000
122389.5242640636 121208.2144153947
116312.8088825000 117696.8753842719
123349.0056401000 130624.9872715877
123189.0920774273 125038.7660857105
116632.6360078455 127113.6482404649
115513.2410691364 120090.9701782193
135022.6957152091 114185.5363531491
126227.4497682091 132380.6567871491
128466.2396456273 134934.3579006930
124628.3141414818 129986.5619932018
123029.1785147545 118175.6943430614
125747.7090801909 127113.6482404649
136142.0906539182 130784.5935911842
124308.4870161364 133019.0820655351
126867.1040189000 133019.0820655351
132943.8194004636 126156.0103228860
127027.0175815727 117058.4501058860
129105.8938963182 117696.8753842719
120790.3886373364 123921.5218485351
117272.2902585364 127113.6482404649
135022.6957152091 131582.6251891667
127826.5853949364 137488.0590142368
134542.9550271909 133817.1136635175
126867.1040189000 128071.2861580439
118871.4258852636 123123.4902505526
131984.3380244273 125677.1913640965
129265.8074589909 123602.3092093421
114393.8461304273 121687.0333741842
130385.2023977000 118016.0880234649
126547.2768935545 132859.4757459386
126547.2768935545 132221.0504675526
115673.1546318091 119292.9385802368
131664.5108990818 130944.1999107807
127027.0175815727 122006.2460133772
134702.8685898636 115302.7805903246
123189.0920774273 125996.4040032895
126227.4497682091 136849.6337358509
128786.0667709727 121687.0333741842
133263.6465258091 122006.2460133772
133903.3007765000 132061.4441479562
128945.9803336454 133178.6883851316
119830.9072613000 129667.3493540088
124948.1412668273 131742.2315087632
123828.7463281182 129826.9556736053
131344.6837737364 135093.9642202895
127346.8447069182 123442.7028897456
132304.1651497727 133817.1136635175
125267.9683921727 118335.3006626579
113594.2783170636 122644.6712917632
121589.9564507000 125677.1913640965
123029.1785147545 128550.1051168333
118871.4258852636 122644.6712917632
118231.7716345727 130305.7746323947
129905.4617096818 116739.2374666930
117272.2902585364 122165.8523329737
129425.7210216636 138764.9095710088
115033.5003811182 123283.0965701491
113434.3647543909 125677.1913640965
124308.4870161364 122165.8523329737
137101.5720299545 124559.9471269210
117592.1173838818 118494.9069822544
135982.1770912454 131582.6251891667
126227.4497682091 122804.2776113596
126387.3633308818 117696.8753842719
129905.4617096818 138445.6969318158
127506.7582695909 117058.4501058860
135662.3499659000 118814.1196214474
131024.8566483909 136690.0274162544
122229.6107013909 125677.1913640965
127666.6718322636 118494.9069822544
124788.2277041545 135413.1768594825
135182.6092778818 116739.2374666930
134702.8685898636 116898.8437862895
132144.2515871000 119931.3638586228
130385.2023977000 114983.5679511316
119990.8208239727 130944.1999107807
120470.5615119909 124559.9471269210
132144.2515871000 122006.2460133772
123029.1785147545 125198.3724053070
137101.5720299545 129667.3493540088
129105.8938963182 123442.7028897456
122069.6971387182 122325.4586525702
127986.4989576091 119771.7575390263
136302.0042165909 129986.5619932018
134223.1279018454 129348.1367148158
123668.8327654455 132859.4757459386
131504.5973364091 123761.9155289386
125267.9683921727 122325.4586525702
115513.2410691364 117537.2690646754
127666.6718322636 127752.0735188509
136302.0042165909 126156.0103228860
124788.2277041545 126954.0419208684
122709.3513894091 132061.4441479562
118071.8580719000 128869.3177560263
135342.5228405545 126794.4356012719
115673.1546318091 123602.3092093421
126547.2768935545 123761.9155289386
117592.1173838818 118175.6943430614
124788.2277041545 122804.2776113596
134702.8685898636 118335.3006626579
127506.7582695909 126954.0419208684
137421.3991553000 124879.1597661140
120470.5615119909 130305.7746323947
126707.1904562273 120729.3954566053
135022.6957152091 118814.1196214474
116632.6360078455 120729.3954566053
129585.6345843364 134295.9326223070
126707.1904562273 124879.1597661140
127346.8447069182 121367.8207349912
128466.2396456273 118654.5133018509
129265.8074589909 119612.1512194298
125747.7090801909 125198.3724053070
119191.2530106091 123283.0965701491
126867.1040189000 120889.0017762018
129745.5481470091 127911.6798384474
122869.2649520818 119452.5448998333
124948.1412668273 125357.9787249035
127666.6718322636 118654.5133018509
126387.3633308818 130944.1999107807
129425.7210216636 121527.4270545877
114713.6732557727 120250.5764978158
122389.5242640636 122165.8523329737
131824.4244617545 136370.8147770614
128146.4125202818 128869.3177560263
130065.3752723545 119771.7575390263
127986.4989576091 116579.6311470965
135502.4364032273 114025.9300335526
126547.2768935545 122325.4586525702
128466.2396456273 120410.1828174123
123349.0056401000 126156.0103228860
134383.0414645182 120729.3954566053
124468.4005788091 126954.0419208684
134862.7821525364 116579.6311470965
127986.4989576091 115781.5995491140
116632.6360078455 123602.3092093421
127186.9311442454 129986.5619932018
131504.5973364091 117696.8753842719
115033.5003811182 125357.9787249035
128626.1532083000 121367.8207349912
123668.8327654455 131901.8378283597
134862.7821525364 131901.8378283597
124788.2277041545 130944.1999107807
138061.0534059909 128709.7114364298
119351.1665732818 120410.1828174123
126067.5362055364 117537.2690646754
133743.3872138273 131901.8378283597
136142.0906539182 120569.7891370088
117272.2902585364 119931.3638586228
135502.4364032273 119612.1512194298

125907.6226428636 136690.0274162544
126387.3633308818 133497.9010243246
132783.9058377909 133497.9010243246
123189.0920774273 133178.6883851316
122389.5242640636 132859.4757459386
131824.4244617545 132540.2631067456
131024.8566483909 131901.8378283597
135982.1770912454 131582.6251891667
120150.7343866454 131103.8062303772
136781.7449046091 131103.8062303772
119830.9072613000 130944.1999107807
120150.7343866454 130624.9872715877
121110.2157626818 128869.3177560263
127027.0175815727 128709.7114364298
118231.7716345727 128550.1051168333
118551.5987599182 127911.6798384474
131024.8566483909 127911.6798384474
120630.4750746636 127592.4671992544
134063.2143391727 125517.5850445000
134063.2143391727 124400.3408073246
130385.2023977000 123921.5218485351
128945.9803336454 123761.9155289386
128306.3260829545 123602.3092093421
125108.0548295000 122963.8839309561
135022.6957152091 122963.8839309561
115833.0681944818 122485.0649721667
117432.2038212091 122485.0649721667
119670.9936986273 122485.0649721667
127346.8447069182 121367.8207349912
123189.0920774273 121208.2144153947
136142.0906539182 120410.1828174123
133903.3007765000 120250.5764978158
122549.4378267364 119771.7575390263
115833.0681944818 119452.5448998333
115193.4139437909 118973.7259410439
128945.9803336454 118494.9069822544
116472.7224451727 118335.3006626579
134542.9550271909 116579.6311470965
130545.1159603727 116100.8121883070
133903.3007765000 112908.6857963772
120150.7343866454 129507.7430344123
130065.3752723545 127432.8608796579
121749.8700133727 122325.4586525702
121110.2157626818 121687.0333741842
113754.1918797364 120889.0017762018
118391.6851972455 128071.2861580439
129905.4617096818 121367.8207349912
127346.8447069182 133497.9010243246
118711.5123225909 122006.2460133772
123508.9192027727 122165.8523329737
125267.9683921727 129667.3493540088
121430.0428880273 131901.8378283597
116952.4631331909 125038.7660857105
122549.4378267364 126315.6166424825
119031.3394479363 124719.5534465175
113274.4511917182 124081.1281681316
134223.1279018454 113706.7173943597
118871.4258852636 130305.7746323947
122389.5242640636 122804.2776113596
119670.9936986273 125517.5850445000
123828.7463281182 128071.2861580439
126707.1904562273 132380.6567871491
127186.9311442454 127911.6798384474
124308.4870161364 124240.7344877281
123828.7463281182 132699.8694263421
120950.3022000091 132221.0504675526
116472.7224451727 120410.1828174123
124148.5734534636 133817.1136635175
130705.0295230455 129188.5303952193
119031.3394479363 124081.1281681316
126387.3633308818 120090.9701782193
121270.1293253545 121208.2144153947
130545.1159603727 136690.0274162544
117432.2038212091 118494.9069822544
132783.9058377909 135253.5705398860
116152.8953198273 123442.7028897456
117272.2902585364 128071.2861580439
130705.0295230455 132859.4757459386
135182.6092778818 113547.1110747632
115033.5003811182 126954.0419208684
125747.7090801909 123921.5218485351
133423.5600884818 114185.5363531491
128626.1532083000 121048.6080957982
121110.2157626818 124559.9471269210
114553.7596931000 122485.0649721667
112634.7969410273 122963.8839309561
134223.1279018454 120729.3954566053
123828.7463281182 118335.3006626579
131344.6837737364 129667.3493540088
126547.2768935545 130305.7746323947
114233.9325677545 123123.4902505526
126867.1040189000 121208.2144153947
135662.3499659000 129028.9240756228
136621.8313419364 130784.5935911842
122869.2649520818 127911.6798384474
137901.1398433182 127752.0735188509
131824.4244617545 118494.9069822544
124148.5734534636 121367.8207349912
122709.3513894091 130146.1683127983
132943.8194004636 124559.9471269210
122549.4378267364 132540.2631067456
123988.6598907909 123602.3092093421
128306.3260829545 120729.3954566053
118711.5123225909 121048.6080957982
132943.8194004636 124879.1597661140
120630.4750746636 120569.7891370088
129105.8938963182 124400.3408073246
130065.3752723545 131423.0188695702
121909.7835760455 124240.7344877281
136302.0042165909 124879.1597661140
121430.0428880273 126954.0419208684
115513.2410691364 123921.5218485351
129745.5481470091 138126.4842926228
123349.0056401000 124240.7344877281
136941.6584672818 128230.8924776404
121589.9564507000 121367.8207349912
128945.9803336454 116898.8437862895
123349.0056401000 132380.6567871491
128466.2396456273 122485.0649721667
126547.2768935545 132221.0504675526
126387.3633308818 134774.7515810965
135502.4364032273 132061.4441479562
117592.1173838818 127432.8608796579
131024.8566483909 121846.6396937807
134383.0414645182 127113.6482404649
116792.5495705182 124559.9471269210
116152.8953198273 125836.7976836930
116312.8088825000 119292.9385802368
124148.5734534636 123442.7028897456
131824.4244617545 116260.4185079035
126707.1904562273 129826.9556736053
129585.6345843364 119612.1512194298
126227.4497682091 132540.2631067456
117592.1173838818 119133.3322606404
132943.8194004636 120250.5764978158
115992.9817571546 123921.5218485351
119670.9936986273 131103.8062303772
127346.8447069182 122644.6712917632
134862.7821525364 120569.7891370088
128945.9803336454 122644.6712917632
123189.0920774273 123442.7028897456
125108.0548295000 127273.2545600614
134223.1279018454 129188.5303952193
121589.9564507000 131582.6251891667
126067.5362055364 118814.1196214474
121909.7835760455 122485.0649721667
115833.0681944818 120250.5764978158
131824.4244617545 118654.5133018509
134702.8685898636 129986.5619932018
133423.5600884818 118973.7259410439
114873.5868184455 122963.8839309561
128626.1532083000 132221.0504675526
126227.4497682091 129348.1367148158
121749.8700133727 132380.6567871491
133103.7329631363 123761.9155289386
123508.9192027727 129507.7430344123
118711.5123225909 122804.2776113596
137581.3127179727 126315.6166424825
128146.4125202818 123602.3092093421
122069.6971387182 122804.2776113596
127826.5853949364 120090.9701782193
132144.2515871000 135891.9958182719
123508.9192027727 130465.3809519912
125747.7090801909 120729.3954566053
132623.9922751182 116100.8121883070
127826.5853949364 115941.2058687105
123668.8327654455 122165.8523329737
117911.9445092273 120090.9701782193
126067.5362055364 135891.9958182719
127027.0175815727 119612.1512194298
132943.8194004636 126315.6166424825
125747.7090801909 125677.1913640965
126547.2768935545 126794.4356012719
118871.4258852636 129028.9240756228
113594.2783170636 122006.2460133772
129105.8938963182 138286.0906122193
116312.8088825000 117856.4817038684
129105.8938963182 124879.1597661140
129745.5481470091 118175.6943430614
121270.1293253545 125677.1913640965
136302.0042165909 121687.0333741842

117592.1173838818 119931.3638586228
125907.6226428636 122006.2460133772
124308.4870161364 121208.2144153947
129585.6345843364 131103.8062303772
131344.6837737364 133338.2947047281
130065.3752723545 134455.5389419035
127826.5853949364 122485.0649721667
134702.8685898636 113706.7173943597
122229.6107013909 131742.2315087632
125267.9683921727 124719.5534465175
135182.6092778818 130146.1683127983
133423.5600884818 126954.0419208684
127027.0175815727 124400.3408073246
120150.7343866454 121846.6396937807
130385.2023977000 120569.7891370088
133263.6465258091 124719.5534465175
133743.3872138273 118494.9069822544
128945.9803336454 125996.4040032895
121909.7835760455 121367.8207349912
121270.1293253545 131742.2315087632
130705.0295230455 129188.5303952193
133423.5600884818 130305.7746323947
114393.8461304273 122006.2460133772
131984.3380244273 125357.9787249035
121909.7835760455 129986.5619932018
134383.0414645182 125836.7976836930
120950.3022000091 121208.2144153947
132943.8194004636 130944.1999107807
130705.0295230455 133817.1136635175
125587.7955175182 134295.9326223070
129105.8938963182 135253.5705398860
131504.5973364091 116100.8121883070
118231.7716345727 118335.3006626579
125108.0548295000 127273.2545600614
127027.0175815727 124559.9471269210
127506.7582695909 116100.8121883070
122389.5242640636 123442.7028897456
132943.8194004636 132540.2631067456
133903.3007765000 114504.7489923421
125587.7955175182 132859.4757459386
117752.0309465546 125836.7976836930
127826.5853949364 120569.7891370088
127346.8447069182 120410.1828174123
136941.6584672818 122644.6712917632
123668.8327654455 130465.3809519912
127826.5853949364 121367.8207349912
129265.8074589909 131582.6251891667
130385.2023977000 120889.0017762018
132783.9058377909 119612.1512194298
125108.0548295000 122325.4586525702
117592.1173838818 123442.7028897456
118871.4258852636 122804.2776113596
128466.2396456273 124719.5534465175
129105.8938963182 135732.3894986754
122229.6107013909 126954.0419208684
134702.8685898636 121208.2144153947
130705.0295230455 127592.4671992544
131024.8566483909 120729.3954566053
133743.3872138273 133817.1136635175
131344.6837737364 128390.4987972368
114713.6732557727 124559.9471269210
132304.1651497727 131582.6251891667
128786.0667709727 123442.7028897456
117112.3766958636 129028.9240756228
118711.5123225909 129188.5303952193
130545.1159603727 118494.9069822544
119511.0801359545 121687.0333741842
135982.1770912454 125517.5850445000
131184.7702110636 116420.0248275000
131184.7702110636 114664.3553119386
135982.1770912454 131423.0188695702
126707.1904562273 124400.3408073246
115033.5003811182 126156.0103228860
120950.3022000091 119771.7575390263
124948.1412668273 128390.4987972368
123668.8327654455 134136.3263027105
130065.3752723545 115302.7805903246
129265.8074589909 130465.3809519912
133903.3007765000 127592.4671992544
127986.4989576091 135572.7831790789
128945.9803336454 129986.5619932018
119351.1665732818 125038.7660857105
116632.6360078455 120410.1828174123
116632.6360078455 127113.6482404649
126867.1040189000 136849.6337358509
130864.9430857182 137647.6653338333
136941.6584672818 125198.3724053070
127986.4989576091 123761.9155289386
131984.3380244273 130146.1683127983
124468.4005788091 125357.9787249035
123668.8327654455 121846.6396937807
131664.5108990818 131742.2315087632
134542.9550271909 115941.2058687105
134702.8685898636 132699.8694263421
115513.2410691364 126794.4356012719
133903.3007765000 125198.3724053070
121430.0428880273 126315.6166424825
126867.1040189000 118494.9069822544
136621.8313419364 124879.1597661140
122229.6107013909 133657.5073439211
123029.1785147545 124240.7344877281
130705.0295230455 129986.5619932018
133103.7329631363 134774.7515810965
124148.5734534636 126954.0419208684
137101.5720299545 127752.0735188509
134862.7821525364 115621.9932295176
119191.2530106091 126156.0103228860
122549.4378267364 121048.6080957982
125108.0548295000 123602.3092093421
129745.5481470091 130305.7746323947
122709.3513894091 124879.1597661140
131824.4244617545 127113.6482404649
129905.4617096818 117058.4501058860
122069.6971387182 131742.2315087632
132144.2515871000 122804.2776113596
118391.6851972455 122963.8839309561
126867.1040189000 120410.1828174123
124948.1412668273 122325.4586525702
118071.8580719000 128390.4987972368
126387.3633308818 123602.3092093421
121909.7835760455 131263.4125499737
129585.6345843364 125996.4040032895
128626.1532083000 116420.0248275000
116792.5495705182 125517.5850445000
133583.4736511545 114504.7489923421
114233.9325677545 122804.2776113596
134542.9550271909 131263.4125499737
120950.3022000091 119452.5448998333
116312.8088825000 121367.8207349912
133263.6465258091 113547.1110747632
129905.4617096818 121527.4270545877
128466.2396456273 133817.1136635175
124308.4870161364 134295.9326223070
124148.5734534636 118973.7259410439
127826.5853949364 134615.1452615000
117752.0309465546 127113.6482404649
134702.8685898636 114185.5363531491
127186.9311442454 129986.5619932018
130225.2888350273 124081.1281681316
135502.4364032273 132061.4441479562
124468.4005788091 127113.6482404649
125747.7090801909 133338.2947047281
133103.7329631363 125836.7976836930
129585.6345843364 129667.3493540088
114873.5868184455 123602.3092093421
119830.9072613000 131263.4125499737
128146.4125202818 131582.6251891667
128466.2396456273 125198.3724053070
132464.0787124455 119612.1512194298
136302.0042165909 118175.6943430614
124948.1412668273 124559.9471269210
119511.0801359545 122804.2776113596
131504.5973364091 129348.1367148158
134063.2143391727 133657.5073439211
117432.2038212091 122165.8523329737
133743.3872138273 134615.1452615000
127826.5853949364 119452.5448998333
113114.5376290454 125038.7660857105
124628.3141414818 130624.9872715877
126227.4497682091 133178.6883851316
134223.1279018454 128071.2861580439
132943.8194004636 118814.1196214474
134702.8685898636 132221.0504675526
128306.3260829545 121527.4270545877
126227.4497682091 123442.7028897456
115513.2410691364 125677.1913640965
112634.7969410273 122963.8839309561
125267.9683921727 122485.0649721667
134063.2143391727 125836.7976836930
127666.6718322636 129986.5619932018
116472.7224451727 117537.2690646754
131504.5973364091 136690.0274162544
137101.5720299545 128709.7114364298
136461.9177792636 118654.5133018509
127027.0175815727 133019.0820655351
124628.3141414818 132380.6567871491
129745.5481470091 115143.1742707281
135982.1770912454 120569.7891370088
128466.2396456273 117856.4817038684
133743.3872138273 114345.1426727456
122389.5242640636 119292.9385802368

128626.1532083000 115781.5995491140
122869.2649520818 122485.0649721667
133103.7329631363 129348.1367148158
136941.6584672818 129348.1367148158
134542.9550271909 130624.9872715877
121110.2157626818 120889.0017762018
132464.0787124455 115143.1742707281
134063.2143391727 126475.2229620789
131344.6837737364 119292.9385802368
129425.7210216636 138126.4842926228
121909.7835760455 118973.7259410439
123349.0056401000 129507.7430344123
116472.7224451727 125836.7976836930
122389.5242640636 119612.1512194298
128786.0667709727 115462.3869099211
116472.7224451727 123602.3092093421
124308.4870161364 128869.3177560263
122389.5242640636 133019.0820655351
125267.9683921727 131582.6251891667
132144.2515871000 122644.6712917632
115353.3275064636 126156.0103228860
132783.9058377909 119452.5448998333
124788.2277041545 133976.7199831140
129425.7210216636 122006.2460133772
131664.5108990818 136051.6021378684
127666.6718322636 136530.4210966579
120150.7343866454 120569.7891370088
137581.3127179727 126156.0103228860
132783.9058377909 128230.8924776404
130545.1159603727 120410.1828174123
124948.1412668273 125996.4040032895
128626.1532083000 122006.2460133772
117752.0309465546 121048.6080957982
117911.9445092273 119452.5448998333
123349.0056401000 134615.1452615000
123029.1785147545 125038.7660857105
131504.5973364091 136849.6337358509
113594.2783170636 122485.0649721667
122389.5242640636 121687.0333741842
116952.4631331909 125198.3724053070
133903.3007765000 125836.7976836930
133583.4736511545 122644.6712917632
130705.0295230455 133657.5073439211
129585.6345843364 119133.3322606404
131664.5108990818 134934.3579006930
122069.6971387182 125038.7660857105
128466.2396456273 118494.9069822544
121749.8700133727 130305.7746323947
121749.8700133727 121048.6080957982
120790.3886373364 123602.3092093421
126707.1904562273 122165.8523329737
123029.1785147545 133976.7199831140
132783.9058377909 113387.5047551667
117432.2038212091 120569.7891370088
125907.6226428636 125517.5850445000
116472.7224451727 122006.2460133772
133743.3872138273 124719.5534465175
131824.4244617545 116739.2374666930
132943.8194004636 119771.7575390263
126227.4497682091 125517.5850445000
117592.1173838818 122325.4586525702
130225.2888350273 121846.6396937807
131664.5108990818 126954.0419208684
122549.4378267364 129986.5619932018
130225.2888350273 129028.9240756228
126707.1904562273 126634.8292816755
133583.4736511545 117058.4501058860
130864.9430857182 121527.4270545877
132943.8194004636 124400.3408073246
131504.5973364091 124240.7344877281
134223.1279018454 127911.6798384474
130545.1159603727 120729.3954566053
126547.2768935545 123921.5218485351
131024.8566483909 133338.2947047281
122869.2649520818 121048.6080957982
114873.5868184455 125836.7976836930
128786.0667709727 121367.8207349912
125267.9683921727 122644.6712917632
116632.6360078455 128869.3177560263
124628.3141414818 122165.8523329737
134383.0414645182 126794.4356012719
116952.4631331909 128071.2861580439
136142.0906539182 129667.3493540088
127986.4989576091 122485.0649721667
122069.6971387182 126954.0419208684
124148.5734534636 126156.0103228860
120950.3022000091 122006.2460133772
113914.1054424091 122165.8523329737
127826.5853949364 131742.2315087632
125907.6226428636 130944.1999107807
123349.0056401000 132221.0504675526
127986.4989576091 123442.7028897456
133903.3007765000 122006.2460133772
120950.3022000091 122804.2776113596
125587.7955175182 133497.9010243246
121909.7835760455 129188.5303952193
128466.2396456273 137807.2716534298
127346.8447069182 116100.8121883070
124148.5734534636 120729.3954566053
117432.2038212091 129348.1367148158
124148.5734534636 121208.2144153947
138220.9669686636 129986.5619932018
132464.0787124455 128550.1051168333
121909.7835760455 131901.8378283597
130065.3752723545 121527.4270545877
124788.2277041545 119612.1512194298
126707.1904562273 119612.1512194298
126867.1040189000 125198.3724053070
135022.6957152091 123921.5218485351
135822.2635285727 116579.6311470965
129105.8938963182 137807.2716534298
127346.8447069182 124559.9471269210
131184.7702110636 136530.4210966579
127506.7582695909 122165.8523329737
123189.0920774273 131423.0188695702
130705.0295230455 132699.8694263421
134383.0414645182 122006.2460133772
133103.7329631363 134615.1452615000
136621.8313419364 123921.5218485351
131504.5973364091 116260.4185079035
133903.3007765000 124559.9471269210
115992.9817571546 120889.0017762018
123189.0920774273 123602.3092093421
122229.6107013909 126315.6166424825
131664.5108990818 126634.8292816755
127186.9311442454 125198.3724053070
129585.6345843364 136690.0274162544
119830.9072613000 126634.8292816755
118871.4258852636 123761.9155289386
136142.0906539182 124719.5534465175
114233.9325677545 124879.1597661140
133263.6465258091 119133.3322606404
136781.7449046091 120250.5764978158
122869.2649520818 123442.7028897456
128786.0667709727 135891.9958182719
113754.1918797364 122804.2776113596
124308.4870161364 123761.9155289386
130705.0295230455 116420.0248275000
127986.4989576091 126315.6166424825
124948.1412668273 118335.3006626579
135502.4364032273 130944.1999107807
129265.8074589909 130305.7746323947
121430.0428880273 122006.2460133772
130545.1159603727 132859.4757459386
131824.4244617545 122804.2776113596
126067.5362055364 121208.2144153947
123988.6598907909 128071.2861580439
125907.6226428636 119452.5448998333
131824.4244617545 123921.5218485351
122229.6107013909 131901.8378283597
118871.4258852636 130146.1683127983
124628.3141414818 122485.0649721667
133423.5600884818 133817.1136635175
113754.1918797364 122485.0649721667
132623.9922751182 120410.1828174123
126387.3633308818 126475.2229620789
126867.1040189000 131742.2315087632
116792.5495705182 124719.5534465175
118711.5123225909 125836.7976836930
123189.0920774273 128550.1051168333
126707.1904562273 120410.1828174123
125747.7090801909 120889.0017762018
130065.3752723545 122165.8523329737
125907.6226428636 135891.9958182719
121270.1293253545 132540.2631067456
133743.3872138273 133019.0820655351
121749.8700133727 125357.9787249035
133583.4736511545 126156.0103228860
123349.0056401000 124400.3408073246
114873.5868184455 125996.4040032895
134063.2143391727 125198.3724053070
128146.4125202818 137807.2716534298
131984.3380244273 131742.2315087632
134223.1279018454 128550.1051168333
115513.2410691364 124400.3408073246
119191.2530106091 123602.3092093421
116472.7224451727 119292.9385802368
118391.6851972455 125677.1913640965
117752.0309465546 127273.2545600614
128945.9803336454 133338.2947047281
130065.3752723545 121687.0333741842

