126050.7460877500 125368.3603235370
132798.6080827500 124886.4661106111
133280.5982252500 123922.6776847593
130549.3207510833 123280.1520675247
133762.5883677500 123280.1520675247
133601.9249869167 122798.2578545988
133601.9249869167 122476.9950459815
129103.3503235833 122155.7322373642
132798.6080827500 121673.8380244383
127978.7066577500 121031.3124072037
126211.4094685833 119906.8925770432
125247.4291835833 118300.5785339568
128139.3700385833 117979.3157253395
129746.0038469167 117979.3157253395
122998.1418519167 117818.6843210309
129746.0038469167 117658.0529167222
122194.8249477500 116854.8958951790
126854.0629919167 116373.0016822531
122034.1615669167 116051.7388736358
127657.3798960833 116051.7388736358
132155.9545594167 115891.1074693272
126693.3996110833 115730.4760650185
121391.5080435833 115409.2132564012
127336.0531344167 115409.2132564012
129906.6672277500 115409.2132564012
128139.3700385833 115087.9504477840
122355.4883285833 114927.3190434753
127014.7263727500 114927.3190434753
133923.2517485833 114927.3190434753
133601.9249869167 114445.4248305494
134726.5686527500 114284.7934262408
131995.2911785833 114124.1620219321
133601.9249869167 114124.1620219321
134565.9052719167 113963.5306176234
133601.9249869167 113802.8992133148
132477.2813210833 118943.1041511914
128782.0235619167 114445.4248305494
133601.9249869167 123762.0462804506
127496.7165152500 114445.4248305494

132155.9545594167 124565.2033019938
130549.3207510833 123280.1520675247
124926.1024219167 122958.8892589074
131513.3010360833 122798.2578545988
129103.3503235833 122155.7322373642
131352.6376552500 121834.4694287469
128621.3601810833 121513.2066201296
128300.0334194167 120549.4181942778
131031.3108935833 120388.7867899691
123319.4686135833 120228.1553856605
128621.3601810833 120067.5239813518
126050.7460877500 119906.8925770432
131191.9742744167 119746.2611727346
133923.2517485833 119424.9983641173
131673.9644169167 119264.3669598086
132477.2813210833 118943.1041511914
133923.2517485833 118782.4727468827
132959.2714635833 118461.2099382654
123158.8052327500 118300.5785339568
127818.0432769167 118300.5785339568
126211.4094685833 117658.0529167222
128621.3601810833 116854.8958951790
121552.1714244167 116373.0016822531
125247.4291835833 116373.0016822531
123640.7953752500 116051.7388736358
131834.6277977500 115891.1074693272
121230.8446627500 115569.8446607099
130388.6573702500 115569.8446607099
121070.1812819167 115248.5818520926
122676.8150902500 115087.9504477840
124444.1122794167 115087.9504477840
132637.9447019167 114766.6876391667
130067.3306085833 114284.7934262408
130549.3207510833 114124.1620219321
134244.5785102500 113642.2678090062
133119.9348444167 113321.0050003889
127657.3798960833 119746.2611727346
130549.3207510833 117176.1587037963
131995.2911785833 120710.0495985864

132155.9545594167 124565.2033019938
132477.2813210833 124404.5718976852
130870.6475127500 122798.2578545988
130709.9841319167 122476.9950459815
130870.6475127500 121995.1008330556
131352.6376552500 121834.4694287469
131995.2911785833 120710.0495985864
123319.4686135833 120228.1553856605
126854.0629919167 120067.5239813518
126050.7460877500 119906.8925770432
131191.9742744167 119746.2611727346
127336.0531344167 119424.9983641173
133923.2517485833 119424.9983641173
125408.0925644167 118943.1041511914
130388.6573702500 118943.1041511914
130709.9841319167 118782.4727468827
133923.2517485833 118782.4727468827
133762.5883677500 118461.2099382654
133441.2616060833 117979.3157253395
126372.0728494167 117658.0529167222
133441.2616060833 117658.0529167222
127496.7165152500 116854.8958951790
128621.3601810833 116854.8958951790
122837.4784710833 116373.0016822531
129424.6770852500 116373.0016822531
134565.9052719167 115730.4760650185
121230.8446627500 115569.8446607099
130388.6573702500 115569.8446607099
132959.2714635833 115569.8446607099
131031.3108935833 115087.9504477840
121873.4981860833 114927.3190434753
122355.4883285833 114927.3190434753
125408.0925644167 114766.6876391667
126050.7460877500 114766.6876391667
133762.5883677500 114766.6876391667
130067.3306085833 114284.7934262408
130549.3207510833 114124.1620219321
131995.2911785833 114124.1620219321
133280.5982252500 113642.2678090062

125086.7658027500 116373.0016822531
130227.9939894167 119264.3669598086
134083.9151294167 119424.9983641173
123801.4587560833 120388.7867899691
129746.0038469167 117015.5272994876
130709.9841319167 117658.0529167222
130388.6573702500 122798.2578545988
127014.7263727500 120067.5239813518
134405.2418910833 115891.1074693272
122837.4784710833 118300.5785339568
123319.4686135833 117176.1587037963
129906.6672277500 118782.4727468827
130709.9841319167 118782.4727468827
125890.0827069167 119103.7355555000
123480.1319944167 117015.5272994876
133441.2616060833 120870.6810028951
133441.2616060833 119264.3669598086
132637.9447019167 117658.0529167222
132959.2714635833 121995.1008330556
129746.0038469167 115891.1074693272
128782.0235619167 122155.7322373642
124604.7756602500 117497.4215124136
130388.6573702500 117658.0529167222
133441.2616060833 118782.4727468827
132155.9545594167 120710.0495985864
125408.0925644167 117818.6843210309
132798.6080827500 117658.0529167222
129585.3404660833 122476.9950459815
133280.5982252500 117497.4215124136
132959.2714635833 124243.9404933765
123319.4686135833 117818.6843210309
128460.6968002500 120228.1553856605
130067.3306085833 118621.8413425741
127818.0432769167 118621.8413425741
131191.9742744167 122155.7322373642
133280.5982252500 120228.1553856605
131031.3108935833 119585.6297684259
129103.3503235833 117176.1587037963
125086.7658027500 115409.2132564012

132155.9545594167 124243.9404933765
125247.4291835833 114766.6876391667
132477.2813210833 120067.5239813518
133280.5982252500 117818.6843210309
124604.7756602500 118461.2099382654
128621.3601810833 114124.1620219321
132477.2813210833 120870.6810028951
125247.4291835833 118461.2099382654
132798.6080827500 115409.2132564012
128942.6869427500 118943.1041511914
133923.2517485833 120870.6810028951
124765.4390410833 117658.0529167222
132959.2714635833 119264.3669598086
126050.7460877500 116533.6330865617
127336.0531344167 118300.5785339568
128139.3700385833 118461.2099382654
133280.5982252500 124725.8347063025
132155.9545594167 119103.7355555000
132477.2813210833 119746.2611727346
133119.9348444167 119103.7355555000
123962.1221369167 116854.8958951790
130549.3207510833 119264.3669598086
125408.0925644167 118300.5785339568
131995.2911785833 118461.2099382654
130709.9841319167 121191.9438115123
129906.6672277500 117497.4215124136
131834.6277977500 117176.1587037963
133119.9348444167 118943.1041511914
132477.2813210833 118943.1041511914
133923.2517485833 118139.9471296481
125890.0827069167 116854.8958951790
124444.1122794167 117015.5272994876
132798.6080827500 117818.6843210309
134083.9151294167 119264.3669598086
133441.2616060833 122798.2578545988
124604.7756602500 115569.8446607099
130870.6475127500 116533.6330865617
127657.3798960833 117658.0529167222
123962.1221369167 117818.6843210309

132316.6179402500 116854.8958951790
130388.6573702500 117176.1587037963
128621.3601810833 114927.3190434753
122355.4883285833 116212.3702779445
124926.1024219167 115409.2132564012
130549.3207510833 116051.7388736358
131191.9742744167 118461.2099382654
134244.5785102500 117658.0529167222
132798.6080827500 119746.2611727346
133119.9348444167 119103.7355555000
129264.0137044167 121995.1008330556
124444.1122794167 118139.9471296481
121873.4981860833 116533.6330865617
133441.2616060833 116694.2644908704
134083.9151294167 117336.7901081049
124122.7855177500 115248.5818520926
123480.1319944167 120388.7867899691
129746.0038469167 117497.4215124136
130388.6573702500 113642.2678090062
132155.9545594167 118782.4727468827
128942.6869427500 114284.7934262408
130709.9841319167 116854.8958951790
126050.7460877500 118782.4727468827
126532.7362302500 120549.4181942778
124765.4390410833 115409.2132564012
131191.9742744167 120228.1553856605
125408.0925644167 123762.0462804506
133601.9249869167 114927.3190434753
131031.3108935833 115409.2132564012
132477.2813210833 120388.7867899691
132798.6080827500 119424.9983641173
133280.5982252500 114124.1620219321
125086.7658027500 119264.3669598086
131352.6376552500 121834.4694287469
133119.9348444167 114927.3190434753
123801.4587560833 115730.4760650185
128621.3601810833 121191.9438115123
129746.0038469167 113642.2678090062
132637.9447019167 122155.7322373642

124122.7855177500 118621.8413425741
132155.9545594167 113321.0050003889
132477.2813210833 116051.7388736358
132477.2813210833 120228.1553856605
122034.1615669167 117015.5272994876
131191.9742744167 121352.5752158210
134083.9151294167 117336.7901081049
129906.6672277500 114124.1620219321
125890.0827069167 118782.4727468827
122516.1517094167 116051.7388736358
131995.2911785833 123601.4148761420
125890.0827069167 124886.4661106111
131834.6277977500 119264.3669598086
122676.8150902500 115409.2132564012
134405.2418910833 115891.1074693272
131513.3010360833 113963.5306176234
123480.1319944167 119424.9983641173
126693.3996110833 118943.1041511914
125086.7658027500 117979.3157253395
128782.0235619167 117176.1587037963
124444.1122794167 117497.4215124136
123640.7953752500 120710.0495985864
133441.2616060833 117658.0529167222
130067.3306085833 117176.1587037963
125890.0827069167 119103.7355555000
126211.4094685833 120228.1553856605
129585.3404660833 115248.5818520926
131031.3108935833 121031.3124072037
131834.6277977500 119746.2611727346
130067.3306085833 118461.2099382654
123801.4587560833 120228.1553856605
133601.9249869167 118621.8413425741
132155.9545594167 123119.5206632160
132959.2714635833 114766.6876391667
132316.6179402500 113642.2678090062
132155.9545594167 117497.4215124136
131352.6376552500 116212.3702779445
129746.0038469167 117658.0529167222
132477.2813210833 118943.1041511914

132316.6179402500 115248.5818520926
131834.6277977500 118621.8413425741
130388.6573702500 114606.0562348580
133280.5982252500 113160.3735960803
120748.8545202500 115569.8446607099
122837.4784710833 117497.4215124136
131995.2911785833 120388.7867899691
123319.4686135833 118621.8413425741
124444.1122794167 114766.6876391667
127336.0531344167 115569.8446607099
129585.3404660833 115569.8446607099
133280.5982252500 114766.6876391667
129103.3503235833 121834.4694287469
132637.9447019167 117015.5272994876
132316.6179402500 119746.2611727346
133119.9348444167 124565.2033019938
133441.2616060833 113963.5306176234
125568.7559452500 116694.2644908704
123319.4686135833 115569.8446607099
123480.1319944167 116212.3702779445
123480.1319944167 119585.6297684259
133280.5982252500 124886.4661106111
126211.4094685833 118621.8413425741
129103.3503235833 119585.6297684259
129103.3503235833 114606.0562348580
133280.5982252500 125368.3603235370
130067.3306085833 114927.3190434753
133119.9348444167 114927.3190434753
134083.9151294167 119746.2611727346
131031.3108935833 117336.7901081049
131673.9644169167 119746.2611727346
130709.9841319167 118461.2099382654
134244.5785102500 118943.1041511914
124283.4488985833 116854.8958951790
132477.2813210833 122958.8892589074
124926.1024219167 116854.8958951790
127336.0531344167 119906.8925770432
121873.4981860833 116694.2644908704
130227.9939894167 121673.8380244383

126050.7460877500 125368.3603235370
132477.2813210833 123119.5206632160
131513.3010360833 122798.2578545988
129103.3503235833 122155.7322373642
131995.2911785833 120710.0495985864
131673.9644169167 119264.3669598086
125247.4291835833 118621.8413425741
133441.2616060833 117176.1587037963
128621.3601810833 116854.8958951790
132959.2714635833 115569.8446607099
121873.4981860833 114927.3190434753
126532.7362302500 114445.4248305494
132959.2714635833 112839.1107874630
125247.4291835833 115087.9504477840
132477.2813210833 118943.1041511914
123962.1221369167 118461.2099382654
122194.8249477500 117818.6843210309
132477.2813210833 113802.8992133148
134565.9052719167 113321.0050003889
133601.9249869167 118300.5785339568
132798.6080827500 115248.5818520926
132477.2813210833 124243.9404933765
128300.0334194167 120870.6810028951
127496.7165152500 116854.8958951790
122676.8150902500 116854.8958951790
128942.6869427500 115891.1074693272
131995.2911785833 121191.9438115123
132477.2813210833 113160.3735960803
125729.4193260833 114766.6876391667
129746.0038469167 119585.6297684259
131352.6376552500 117979.3157253395
129103.3503235833 120710.0495985864
130388.6573702500 115891.1074693272
132316.6179402500 119906.8925770432
131191.9742744167 119746.2611727346
123158.8052327500 118943.1041511914
131995.2911785833 123601.4148761420
133923.2517485833 118782.4727468827
123962.1221369167 115569.8446607099

122998.1418519167 118461.2099382654
130870.6475127500 121995.1008330556
124283.4488985833 117015.5272994876
132637.9447019167 118461.2099382654
123801.4587560833 119746.2611727346
133762.5883677500 118300.5785339568
132959.2714635833 120870.6810028951
129103.3503235833 117176.1587037963
129585.3404660833 122476.9950459815
133762.5883677500 115569.8446607099
131031.3108935833 121031.3124072037
127175.3897535833 120549.4181942778
132155.9545594167 118943.1041511914
134405.2418910833 116212.3702779445
132316.6179402500 115891.1074693272
133441.2616060833 124886.4661106111
129424.6770852500 119585.6297684259
130709.9841319167 122798.2578545988
131995.2911785833 119264.3669598086
128300.0334194167 117497.4215124136
121391.5080435833 115248.5818520926
127818.0432769167 116051.7388736358
131673.9644169167 119746.2611727346
130549.3207510833 121352.5752158210
131995.2911785833 115248.5818520926
125247.4291835833 117176.1587037963
131834.6277977500 117497.4215124136
130549.3207510833 118782.4727468827
123962.1221369167 117818.6843210309
131031.3108935833 115409.2132564012
126854.0629919167 117176.1587037963
128300.0334194167 119424.9983641173
133119.9348444167 115730.4760650185
126211.4094685833 117176.1587037963
124926.1024219167 118943.1041511914
130870.6475127500 114606.0562348580
128139.3700385833 121352.5752158210
125568.7559452500 118139.9471296481
127336.0531344167 117818.6843210309

125890.0827069167 115891.1074693272
133762.5883677500 116694.2644908704
124604.7756602500 118943.1041511914
128621.3601810833 115248.5818520926
126211.4094685833 114124.1620219321
134405.2418910833 117336.7901081049
127818.0432769167 121352.5752158210
126372.0728494167 119424.9983641173
131191.9742744167 118461.2099382654
122194.8249477500 116854.8958951790
133119.9348444167 117818.6843210309
130549.3207510833 113321.0050003889
123480.1319944167 120549.4181942778
129585.3404660833 117015.5272994876
130870.6475127500 115248.5818520926
131995.2911785833 114606.0562348580
132477.2813210833 119906.8925770432
131995.2911785833 117336.7901081049
132155.9545594167 116854.8958951790
131995.2911785833 115891.1074693272
132155.9545594167 119264.3669598086
132637.9447019167 124565.2033019938
130227.9939894167 116212.3702779445
132959.2714635833 118300.5785339568
124765.4390410833 116373.0016822531
130549.3207510833 117336.7901081049
132477.2813210833 112999.7421917716
133119.9348444167 117015.5272994876
122194.8249477500 118139.9471296481
132798.6080827500 124083.3090890679
123801.4587560833 117818.6843210309
125247.4291835833 117176.1587037963
132155.9545594167 117818.6843210309
130549.3207510833 117015.5272994876
127818.0432769167 119103.7355555000
133441.2616060833 118943.1041511914
127818.0432769167 120549.4181942778
128460.6968002500 121673.8380244383
133762.5883677500 116051.7388736358

130549.3207510833 113802.8992133148
132959.2714635833 124886.4661106111
133923.2517485833 115891.1074693272
127657.3798960833 117979.3157253395
128942.6869427500 114606.0562348580
132959.2714635833 113321.0050003889
125247.4291835833 117658.0529167222
134244.5785102500 118300.5785339568
124444.1122794167 116854.8958951790
125729.4193260833 116533.6330865617
128300.0334194167 113642.2678090062
128782.0235619167 113642.2678090062
131673.9644169167 119906.8925770432
129585.3404660833 117818.6843210309
132155.9545594167 122798.2578545988
132798.6080827500 121995.1008330556
132798.6080827500 123762.0462804506
133280.5982252500 116694.2644908704
125086.7658027500 117818.6843210309
131031.3108935833 121513.2066201296
132155.9545594167 121352.5752158210
126854.0629919167 117818.6843210309
122355.4883285833 116694.2644908704
133119.9348444167 115891.1074693272
130227.9939894167 116694.2644908704
129746.0038469167 115569.8446607099
133923.2517485833 114927.3190434753
127818.0432769167 116212.3702779445
133762.5883677500 123280.1520675247
130067.3306085833 117818.6843210309
130067.3306085833 120228.1553856605
134244.5785102500 118621.8413425741
132959.2714635833 112839.1107874630
128139.3700385833 121513.2066201296
125086.7658027500 123280.1520675247
123480.1319944167 119264.3669598086
126211.4094685833 115409.2132564012
131191.9742744167 117818.6843210309
125890.0827069167 118782.4727468827

126050.7460877500 125368.3603235370
132155.9545594167 124565.2033019938
124926.1024219167 122958.8892589074
131513.3010360833 122798.2578545988
129103.3503235833 122155.7322373642
132477.2813210833 121995.1008330556
123319.4686135833 120228.1553856605
133441.2616060833 120228.1553856605
126854.0629919167 120067.5239813518
128621.3601810833 120067.5239813518
126050.7460877500 119906.8925770432
131191.9742744167 119746.2611727346
131673.9644169167 119585.6297684259
133923.2517485833 119424.9983641173
132477.2813210833 119264.3669598086
132477.2813210833 118943.1041511914
133923.2517485833 118782.4727468827
125247.4291835833 118621.8413425741
133762.5883677500 118461.2099382654
127818.0432769167 118300.5785339568
126211.4094685833 117658.0529167222
133441.2616060833 117658.0529167222
127014.7263727500 117336.7901081049
133441.2616060833 117176.1587037963
121552.1714244167 116373.0016822531
126211.4094685833 115891.1074693272
121230.8446627500 115569.8446607099
132959.2714635833 115569.8446607099
124444.1122794167 115409.2132564012
121070.1812819167 115248.5818520926
124444.1122794167 115087.9504477840
121873.4981860833 114927.3190434753
122355.4883285833 114927.3190434753
127496.7165152500 114766.6876391667
132637.9447019167 114766.6876391667
133762.5883677500 114766.6876391667
130067.3306085833 114284.7934262408
130549.3207510833 114124.1620219321
133119.9348444167 113321.0050003889

123319.4686135833 118461.2099382654
128300.0334194167 121191.9438115123
125890.0827069167 118300.5785339568
131031.3108935833 115730.4760650185
133923.2517485833 119424.9983641173
131834.6277977500 118782.4727468827
123962.1221369167 117336.7901081049
125729.4193260833 119103.7355555000
130227.9939894167 115730.4760650185
133280.5982252500 125368.3603235370
134405.2418910833 117818.6843210309
129906.6672277500 117176.1587037963
133601.9249869167 124404.5718976852
129746.0038469167 115087.9504477840
131191.9742744167 116533.6330865617
130870.6475127500 118139.9471296481
132798.6080827500 119906.8925770432
133280.5982252500 112999.7421917716
132477.2813210833 118943.1041511914
129585.3404660833 113963.5306176234
130549.3207510833 113963.5306176234
132316.6179402500 123762.0462804506
133923.2517485833 118782.4727468827
129103.3503235833 121513.2066201296
129103.3503235833 119424.9983641173
124765.4390410833 116694.2644908704
122998.1418519167 119264.3669598086
133119.9348444167 119585.6297684259
127818.0432769167 120710.0495985864
130709.9841319167 116373.0016822531
127978.7066577500 114284.7934262408
133762.5883677500 118782.4727468827
134083.9151294167 118461.2099382654
131031.3108935833 114927.3190434753
125408.0925644167 117497.4215124136
123319.4686135833 117176.1587037963
132477.2813210833 122155.7322373642
123962.1221369167 120870.6810028951
130709.9841319167 117015.5272994876

134244.5785102500 119103.7355555000
122355.4883285833 118300.5785339568
124765.4390410833 118943.1041511914
130227.9939894167 113802.8992133148
132959.2714635833 117818.6843210309
126854.0629919167 116051.7388736358
126372.0728494167 119746.2611727346
132316.6179402500 117979.3157253395
133762.5883677500 118943.1041511914
130227.9939894167 121995.1008330556
128782.0235619167 117176.1587037963
122998.1418519167 119264.3669598086
125568.7559452500 118139.9471296481
123801.4587560833 120228.1553856605
126693.3996110833 120549.4181942778
123319.4686135833 117497.4215124136
130870.6475127500 117818.6843210309
133923.2517485833 121995.1008330556
133601.9249869167 116051.7388736358
129103.3503235833 119906.8925770432
129103.3503235833 114124.1620219321
125729.4193260833 117176.1587037963
125408.0925644167 117658.0529167222
132316.6179402500 121995.1008330556
127496.7165152500 121031.3124072037
126211.4094685833 117658.0529167222
131673.9644169167 123280.1520675247
121873.4981860833 117176.1587037963
125247.4291835833 118461.2099382654
128782.0235619167 122155.7322373642
131031.3108935833 117658.0529167222
129585.3404660833 120870.6810028951
133762.5883677500 118139.9471296481
133923.2517485833 117658.0529167222
130549.3207510833 117979.3157253395
123962.1221369167 121191.9438115123
133119.9348444167 117497.4215124136
134083.9151294167 117979.3157253395
129746.0038469167 122155.7322373642

131352.6376552500 117818.6843210309
123962.1221369167 117658.0529167222
132637.9447019167 118300.5785339568
124765.4390410833 117979.3157253395
131352.6376552500 116533.6330865617
129906.6672277500 114606.0562348580
129264.0137044167 113642.2678090062
129906.6672277500 121834.4694287469
129103.3503235833 115087.9504477840
131995.2911785833 122476.9950459815
123640.7953752500 115248.5818520926
133280.5982252500 125368.3603235370
131352.6376552500 117176.1587037963
128782.0235619167 114284.7934262408
126854.0629919167 115730.4760650185
131513.3010360833 114284.7934262408
133601.9249869167 120388.7867899691
133280.5982252500 113642.2678090062
122998.1418519167 118782.4727468827
131352.6376552500 122958.8892589074
122355.4883285833 117015.5272994876
120909.5179010833 115569.8446607099
132798.6080827500 120388.7867899691
131995.2911785833 118461.2099382654
134083.9151294167 114124.1620219321
124283.4488985833 118782.4727468827
123319.4686135833 120067.5239813518
122516.1517094167 118139.9471296481
123480.1319944167 117818.6843210309
131995.2911785833 116533.6330865617
131031.3108935833 114606.0562348580
132155.9545594167 118300.5785339568
130067.3306085833 114766.6876391667
129103.3503235833 120067.5239813518
131673.9644169167 121513.2066201296
129424.6770852500 114927.3190434753
134083.9151294167 118139.9471296481
123319.4686135833 115891.1074693272
133119.9348444167 119424.9983641173

122676.8150902500 119103.7355555000
131995.2911785833 121352.5752158210
133441.2616060833 119585.6297684259
131995.2911785833 114124.1620219321
133280.5982252500 115730.4760650185
134244.5785102500 116694.2644908704
132959.2714635833 120067.5239813518
132798.6080827500 113160.3735960803
125408.0925644167 118139.9471296481
127014.7263727500 114124.1620219321
124926.1024219167 117015.5272994876
128942.6869427500 118782.4727468827
130709.9841319167 116051.7388736358
125086.7658027500 123119.5206632160
130388.6573702500 114927.3190434753
134244.5785102500 113321.0050003889
124444.1122794167 115569.8446607099
131834.6277977500 120067.5239813518
130549.3207510833 115248.5818520926
124765.4390410833 116694.2644908704
122998.1418519167 117979.3157253395
130227.9939894167 122155.7322373642
125408.0925644167 116694.2644908704
131031.3108935833 114766.6876391667
130709.9841319167 116854.8958951790
127496.7165152500 120710.0495985864
127496.7165152500 115087.9504477840
131031.3108935833 123762.0462804506
132637.9447019167 116854.8958951790
133441.2616060833 112839.1107874630
130067.3306085833 122798.2578545988
132637.9447019167 118621.8413425741
122676.8150902500 118139.9471296481
133762.5883677500 112839.1107874630
120909.5179010833 115409.2132564012
130227.9939894167 120710.0495985864
123640.7953752500 117658.0529167222
123319.4686135833 120067.5239813518
134244.5785102500 117015.5272994876

122837.4784710833 117979.3157253395
121712.8348052500 116533.6330865617
131031.3108935833 113321.0050003889
128942.6869427500 119906.8925770432
124765.4390410833 122316.3636416728
124765.4390410833 122798.2578545988
129264.0137044167 118943.1041511914
125890.0827069167 116051.7388736358
124604.7756602500 114927.3190434753
124604.7756602500 118782.4727468827
132798.6080827500 116854.8958951790
123158.8052327500 119585.6297684259
131673.9644169167 123922.6776847593
123319.4686135833 120228.1553856605
133280.5982252500 117658.0529167222
132477.2813210833 118300.5785339568
130709.9841319167 116533.6330865617
123480.1319944167 115569.8446607099
130549.3207510833 114606.0562348580
130388.6573702500 117497.4215124136
132637.9447019167 122155.7322373642
132959.2714635833 116373.0016822531
120909.5179010833 115569.8446607099
129424.6770852500 117176.1587037963
124604.7756602500 121834.4694287469
121873.4981860833 117176.1587037963
122034.1615669167 117015.5272994876
133119.9348444167 118300.5785339568
133119.9348444167 118943.1041511914
132959.2714635833 122637.6264502901
126532.7362302500 115569.8446607099
129424.6770852500 117015.5272994876
131031.3108935833 119585.6297684259
130870.6475127500 118943.1041511914
124765.4390410833 118461.2099382654
129906.6672277500 118139.9471296481
128942.6869427500 121031.3124072037
133923.2517485833 116212.3702779445
128621.3601810833 113481.6364046975

133601.9249869167 113160.3735960803
131191.9742744167 118300.5785339568
131031.3108935833 120870.6810028951
133280.5982252500 116051.7388736358
132798.6080827500 112999.7421917716
133441.2616060833 115730.4760650185
133119.9348444167 113642.2678090062
130870.6475127500 119264.3669598086
124765.4390410833 114927.3190434753
128782.0235619167 116533.6330865617
131031.3108935833 117497.4215124136
128621.3601810833 114606.0562348580
130067.3306085833 117176.1587037963
131513.3010360833 122476.9950459815
124765.4390410833 118300.5785339568
131191.9742744167 116533.6330865617
133441.2616060833 116694.2644908704
133280.5982252500 118621.8413425741
131834.6277977500 119585.6297684259
132959.2714635833 116373.0016822531
129103.3503235833 117979.3157253395
131673.9644169167 120228.1553856605
132316.6179402500 120549.4181942778
129103.3503235833 114445.4248305494
126050.7460877500 116694.2644908704
131352.6376552500 116854.8958951790
133762.5883677500 117658.0529167222
124604.7756602500 121995.1008330556
122837.4784710833 117979.3157253395
130549.3207510833 120870.6810028951
133601.9249869167 122958.8892589074
121391.5080435833 116533.6330865617
130709.9841319167 115891.1074693272
132316.6179402500 117658.0529167222
123319.4686135833 119103.7355555000
122194.8249477500 118139.9471296481
134244.5785102500 118782.4727468827
130388.6573702500 115409.2132564012
133280.5982252500 117658.0529167222

132477.2813210833 121191.9438115123
132477.2813210833 118461.2099382654
133762.5883677500 117176.1587037963
131031.3108935833 116694.2644908704
133601.9249869167 120870.6810028951
131191.9742744167 120549.4181942778
129585.3404660833 119264.3669598086
126854.0629919167 119103.7355555000
128782.0235619167 114606.0562348580
132316.6179402500 121191.9438115123
125247.4291835833 118139.9471296481
129585.3404660833 116212.3702779445
129103.3503235833 113802.8992133148
133762.5883677500 118461.2099382654
129906.6672277500 122798.2578545988
133601.9249869167 120549.4181942778
133280.5982252500 118621.8413425741
131031.3108935833 118139.9471296481
132798.6080827500 124565.2033019938
132477.2813210833 118943.1041511914
131191.9742744167 118943.1041511914
131834.6277977500 118621.8413425741
128782.0235619167 120870.6810028951
130549.3207510833 122476.9950459815
132477.2813210833 119746.2611727346
132798.6080827500 121673.8380244383
130870.6475127500 116051.7388736358
130067.3306085833 121352.5752158210
123640.7953752500 120710.0495985864
133119.9348444167 118943.1041511914
128782.0235619167 113481.6364046975
131513.3010360833 113481.6364046975
128942.6869427500 121031.3124072037
131031.3108935833 113160.3735960803
124444.1122794167 116533.6330865617
130870.6475127500 122155.7322373642
134083.9151294167 117015.5272994876
133601.9249869167 123280.1520675247
132959.2714635833 117336.7901081049

130549.3207510833 122637.6264502901
124283.4488985833 121352.5752158210
133762.5883677500 119424.9983641173
129103.3503235833 119103.7355555000
133923.2517485833 117818.6843210309
127818.0432769167 117015.5272994876
123158.8052327500 115891.1074693272
133441.2616060833 113481.6364046975
133923.2517485833 113321.0050003889
124926.1024219167 114284.7934262408
130870.6475127500 115569.8446607099
128621.3601810833 115730.4760650185
134244.5785102500 117336.7901081049
131995.2911785833 115730.4760650185
132637.9447019167 120388.7867899691
133119.9348444167 117979.3157253395
132959.2714635833 118139.9471296481
128300.0334194167 119585.6297684259
131995.2911785833 122637.6264502901
130388.6573702500 123119.5206632160
132798.6080827500 118461.2099382654
130870.6475127500 117497.4215124136
130709.9841319167 113802.8992133148
126050.7460877500 117658.0529167222
123319.4686135833 120228.1553856605
121070.1812819167 115569.8446607099
125086.7658027500 114927.3190434753
123480.1319944167 119264.3669598086
131834.6277977500 119103.7355555000
131191.9742744167 116694.2644908704
127818.0432769167 117979.3157253395
123158.8052327500 118139.9471296481
133441.2616060833 120549.4181942778
133441.2616060833 122958.8892589074
123640.7953752500 119585.6297684259
122676.8150902500 116533.6330865617
130709.9841319167 118782.4727468827
125568.7559452500 124404.5718976852
130709.9841319167 116533.6330865617

