148169005.2998014390 60909.8822326660
153572773.1332131326 64688.3031616211
144826450.2974166572 54765.2297973633
152106824.8289108276 64440.6506347656
153918791.4008074403 65027.0329284668
145690077.7551685274 56282.9086608887
150484363.1572730839 63177.0978698730
146650226.7197097242 58625.5118331909
147064557.1406659782 58653.8422622681
149673497.3200510442 62992.3540878296
148501567.5768888891 61803.7905120850
147736407.4298044443 60151.7149429321
145986846.6137016118 58579.8855285645
149077370.8937521279 62202.3513488770
145983761.3834992349 56444.5101966858
153895335.2464332283 64821.9918823242
147202602.7403313518 59740.1944274902
150516755.7963860929 63320.9647216797
147655455.2427949607 59778.7888488770
148764921.8304452002 61898.3373413086
150654826.1761622727 63965.1361236572
150117704.8860406280 63025.2026443481
