159154793.5747179389 320607.9746093750
161351077.5147641599 345304.0179443359
162471605.4642899930 347605.1813964844
164098217.0495782793 356524.2242431641
162845788.5264754891 349467.0253906250
159205068.8599545658 331683.3995971680
169172418.0245615542 361505.3940429688
159704797.7912524343 344499.2168579102
162766935.8631630838 348688.9418334961
163262323.3685681522 354303.2532348633
167869410.8506305218 359618.7701416016
168542435.6863766611 359868.7971191406
166326800.5159882009 358017.3040161133
