754017797.9803968668 507748.5290222168
752407019.4768995047 491363.8063583374
750623028.0160708427 472195.1051139832
763493226.4689894915 530641.8758544922
776423818.8726438284 551088.1416320801
753916394.9747432470 506078.4125595093
752749207.8257271051 491798.8684616089
754100188.4873304367 511390.9663619995
766999618.9940319061 533965.0881805420
772982075.4229927063 540442.9955749512
775761794.9802311659 544988.6491394043
765135445.8083146811 530812.4873428345
774807628.6018486023 544434.2434997559
753700849.8808133602 502213.9843902588
753387786.2149639130 501812.9638137817
774352514.0195039511 540481.3561096191
754129851.2626814842 511570.6186046600
754377964.2934595346 515445.3234558105
766127720.9882044792 532662.6902389526
768333105.7316547632 538700.4795837402
755173300.4802106619 526880.8028182983
753726149.9232431650 505659.7974548340
