246307316.9809540808 9664240.5000000000
246474135.3745161593 9701993.7734375000
247385791.8381535411 9764262.1269531250
249885184.5220333040 9805596.5449218750
249081305.1220608652 9789605.0234375000
246760431.4942954481 9748154.5371093750
246704553.0469196737 9728153.1445312500
246293828.0036256313 9651523.2050781250
248454569.3305743933 9783250.7812500000
255119196.1135378480 9836237.7578125000
249176398.1759679914 9799878.2656250000
256365057.8258185983 9851868.1015625000
255514052.2713137567 9838066.6894531250
251835836.0890785754 9830343.3125000000
255810623.5645315051 9842052.7148437500
255621126.7878345251 9841214.6035156250
