236686625.7210828364 139874.0422782898
246623863.8033932745 188888.1905822754
249455736.5719321668 192211.0526733398
239812045.1977706254 175879.3405303955
245033425.2865693569 186422.9793090820
245914134.9001047909 187358.4449157715
245907094.5726332366 186838.5529174805
242778884.7088006735 184191.0671386719
237875547.7055383325 170517.8041534424
247130083.9513033032 190859.0079040527
239616737.0373135805 173255.8255004883
240095672.2487626970 176908.5204162598
246655741.6458401084 190279.0972900391
241782745.8706285357 180104.2071838379
248008264.8414421976 191700.3546447754
242730102.4541374445 182205.7568969727
240401530.8126317561 178413.0087432861
241542692.7819395363 179239.0338134766
239700367.0785127282 173367.0845184326
242211860.2186369598 180400.2857666016
237853566.3515579700 164089.7841567993
246094465.9413673878 187624.9956359863
239825314.0090934932 176342.7595214844
246207447.9777246714 187682.5909118652
236802404.4350703359 162233.4933319092
238981372.7936745584 171113.5097351074
239466798.6826993525 172482.7872314453
245729186.4008835852 186826.0522918701
241366539.8693932593 178836.6827774048
242563636.3139325976 180745.4646301270
