144971550.7506002784 2869626.1894531250
148587091.5279622674 2894424.4160156250
148075941.7938345969 2885269.0683593750
145633662.1686519086 2875578.0234375000
146237386.9217953086 2883306.6718750000
152028421.9538328946 2902283.8925781250
148165144.3929089606 2889921.6660156250
143507786.0932580233 2851431.3613281250
141688507.2733521163 2796517.6640625000
144295965.2802555263 2853105.4394531250
144667255.8127702177 2856212.6250000000
141790742.0213850737 2807445.7832031250
142819685.9654866755 2826141.3027343750
142459832.6258143187 2818019.9140625000
143060503.5435684919 2842541.5488281250
141618453.1317471564 2794224.8964843750
149250481.0380900502 2900403.1171875000
