1103066505.1299555302 34143.3117651939
1077340816.4765088558 32939.0395052433
1104617669.7220823765 34365.0730791092
1104262330.8395016193 34190.6458849907
1103691413.4332513809 34175.4740335941
1082879250.9134454727 33014.1422843933
1101661892.4398534298 34109.3136625290
1099636114.4124624729 33660.1845245361
1105103212.0176978111 34463.1370639801
1094475782.3554415703 33439.7425584793
1081222824.2740335464 32969.8004202843
1099911515.3776910305 33983.8034934998
1104143156.8469853401 34178.2124853134
1099396953.5732805729 33607.7074699402
1073625478.8973630667 31990.8892233372
1083197996.6660113335 33284.5075836182
1099100326.0875220299 33580.9713592529
1074252210.7587597370 32481.5542087555
1096016373.6080284119 33478.2926502228
1069458680.3400754929 31971.1567060947
1086459711.9842772484 33414.2702512741
1082176440.5559124947 32973.8500581980
1099902335.0958313942 33724.5993375778
1092144785.9798891544 33435.5761287212
1074251368.3826355934 32398.5664331913
1074053828.7163379192 32071.9168045521
1096671950.3220353127 33512.5499157906
