1382622535.6757671833 41039.0493767262
1373841210.1144983768 38596.5426263809
1378934631.3239729404 39552.5440256596
1398829691.6613476276 41634.3178825378
1403753079.3643791676 41935.9692850113
1380450009.3485252857 40268.9078001976
1392887112.7727260590 41294.4586710930
1376014580.4707186222 39515.7724373341
1399744135.0179147720 41661.9828313589
1380251147.6237337589 40010.8851838112
1403810489.7054128647 42521.0880370140
1396176417.7750399113 41449.8487038612
1382511031.7328166962 40562.9882235527
1402275651.3134870529 41864.1954898834
1401737917.9100370407 41794.0617733896
1375904414.0292923450 38918.6000938416
1387206112.8284163475 41048.2626152039
