439664474.5234264731 3026680.1064453125
447697415.6860414147 3064270.1923828125
447258356.4778890014 3056077.4589843750
434664452.5216393471 2955061.3515625000
449232094.5588024855 3067944.1289062500
439491934.5180609226 3022909.8247070312
436017769.2276318073 3012961.5180664062
438682039.5627849698 3021371.3320312500
433455619.5129083395 2953275.8437500000
433432444.1636388898 2911788.1503906250
435271020.9336063266 2969133.2539062500
440372085.3238525391 3052185.5703125000
435815538.4505143166 3001187.6064453125
443006025.0965802073 3055397.2490234375
434942838.7092041373 2956342.3818359375
432905749.1750077605 2907310.1250000000
