125032.2199510139 120013.9372447922
138493.7878213472 124661.5921608701
120705.2874212639 120494.7291326623
120865.5441816250 114244.4345903507
126795.0443149861 119533.1453569221
131282.2336050972 124661.5921608701
134968.1390934028 122417.8966841428
139775.8419042361 126424.4957497273
114455.2737671806 117449.7138428182
130961.7200843750 122898.6885720130
129839.9227618472 112641.7949641169
133205.3147294305 116648.3940297013
135288.6526141250 121456.3129084026
128557.8686789583 119533.1453569221
129679.6660014861 115847.0742165844
129198.8957204028 113282.8508146104
137692.5040195417 117449.7138428182
139936.0986645972 125142.3840487403
134327.1120519583 123379.4804598831
140897.6392267639 124982.1200861169
132884.8012087083 118411.2976185585
129359.1524807639 116488.1300670779
128878.3821996805 112161.0030762468
128397.6119185972 119052.3534690520
130000.1795222083 123058.9525346364
114615.5305275417 108314.6679732857
137852.7607799028 116007.3381792078
136250.1931762917 121296.0489457792
142019.4365492917 128027.1353759611
138814.3013420694 121456.3129084026
136730.9634573750 126905.2876375974
135448.9093744861 113603.3787398571
124871.9631906528 119372.8813942987
126955.3010753472 113282.8508146104
138974.5581024305 127386.0795254675
131602.7471258194 121296.0489457792
138173.2743006250 123219.2164972598
126474.5307942639 114564.9625155974
120545.0306609028 114564.9625155974
130160.4362825694 121135.7849831559
114615.5305275417 114725.2264782208
138814.3013420694 118892.0895064286
130801.4633240139 112000.7391136234
142660.4635907361 129629.7750021948
137371.9904988194 115686.8102539610
134647.6255726806 116808.6579923247
130641.2065636528 117449.7138428182
138173.2743006250 128027.1353759611
124711.7064302917 118731.8255438052
124711.7064302917 113763.6427024805
119262.9765780139 115366.2823287143
122788.6253059583 114404.6985529740
132884.8012087083 114244.4345903507
133205.3147294305 124982.1200861169
126474.5307942639 113443.1147772338
118621.9495365694 119052.3534690520
133686.0850105139 124341.0642356234
128557.8686789583 118411.2976185585
142019.4365492917 128828.4551890779
119904.0036194583 115045.7544034675
131121.9768447361 125142.3840487403
132083.5174069028 112161.0030762468
136410.4499366528 121776.8408336494
136891.2202177361 121296.0489457792
136250.1931762917 114885.4904408442
136089.9364159305 118251.0336559351
132404.0309276250 111519.9472257532
132724.5444483472 117289.4498801948

134006.5985312361 118731.8255438052
125352.7334717361 118411.2976185585
138814.3013420694 123860.2723477533
140256.6121853194 127225.8155628442
128077.0983978750 122097.3687588961
135609.1661348472 116648.3940297013
140737.3824664028 129148.9831143247
130320.6930429306 119693.4093195455
135769.4228952083 121135.7849831559
117339.8954536806 119212.6174316753
131602.7471258194 114885.4904408442
139615.5851438750 127706.6074507143
129839.9227618472 114084.1706277273
135769.4228952083 119212.6174316753
120865.5441816250 118892.0895064286
131602.7471258194 115526.5462913377
122788.6253059583 115526.5462913377
128397.6119185972 119212.6174316753
133686.0850105139 125943.7038618572
126154.0172735417 118411.2976185585
115416.8143293472 115366.2823287143
140416.8689456806 125302.6480113636
124391.1929095694 121456.3129084026
130641.2065636528 118090.7696933117
133045.0579690694 112321.2670388701
119743.7468590972 120013.9372447922
137211.7337384583 116488.1300670779
130000.1795222083 118251.0336559351
137692.5040195417 118411.2976185585
127916.8416375139 118411.2976185585
127115.5578357083 119533.1453569221
126474.5307942639 113763.6427024805
138814.3013420694 125623.1759366104
135769.4228952083 113763.6427024805
120705.2874212639 117609.9778054416
139134.8148627917 124020.5363103766
132243.7741672639 112962.3228893636
123429.6523474028 115847.0742165844
130000.1795222083 124341.0642356234
137051.4769780972 123058.9525346364
140737.3824664028 124821.8561234935
132243.7741672639 115045.7544034675
127436.0713564305 117129.1859175714
119743.7468590972 115206.0183660909
120545.0306609028 116007.3381792078
134166.8552915972 124821.8561234935
129359.1524807639 116327.8661044546
137852.7607799028 120334.4651700390
130160.4362825694 117770.2417680649
117980.9224951250 118411.2976185585
131763.0038861806 113603.3787398571
125192.4767113750 121456.3129084026
115897.5846104306 117609.9778054416
130320.6930429306 122257.6327215195
129198.8957204028 117770.2417680649
127596.3281167917 116167.6021418312
139295.0716231528 124501.3281982467
141218.1527474861 127866.8714133377
132884.8012087083 114564.9625155974
134647.6255726806 124020.5363103766
127275.8145960694 114404.6985529740
134006.5985312361 123379.4804598831
136089.9364159305 116007.3381792078
136410.4499366528 112321.2670388701
134807.8823330417 114244.4345903507
136250.1931762917 125623.1759366104
130000.1795222083 116167.6021418312
119583.4900987361 117930.5057306883

138654.0445817083 126745.0236749740
139134.8148627917 125943.7038618572
135288.6526141250 124661.5921608701
128557.8686789583 123860.2723477533
131121.9768447361 123539.7444225065
132884.8012087083 122257.6327215195
131282.2336050972 122097.3687588961
136730.9634573750 121296.0489457792
120865.5441816250 120174.2012074156
134327.1120519583 119693.4093195455
135609.1661348472 118892.0895064286
135929.6796555694 118571.5615811818
114775.7872879028 118251.0336559351
117660.4089744028 117930.5057306883
124551.4496699305 117129.1859175714
137692.5040195417 116808.6579923247
118141.1792554861 116648.3940297013
124711.7064302917 115206.0183660909
121666.8279834305 114244.4345903507
131442.4903654583 114244.4345903507
133205.3147294305 113282.8508146104
130961.7200843750 113122.5868519870
131442.4903654583 112481.5310014935
134968.1390934028 112481.5310014935
119583.4900987361 115526.5462913377
118942.4630572917 116007.3381792078
129679.6660014861 115366.2823287143
129038.6389600417 124020.5363103766
132243.7741672639 116808.6579923247
124391.1929095694 118892.0895064286
140897.6392267639 127386.0795254675
130320.6930429306 118411.2976185585
135288.6526141250 120654.9930952857
134968.1390934028 115847.0742165844
117019.3819329583 116968.9219549481
129519.4092411250 112161.0030762468
125512.9902320972 113603.3787398571
137532.2472591806 115526.5462913377
115416.8143293472 116808.6579923247
140577.1257060417 124661.5921608701
126474.5307942639 120494.7291326623
131121.9768447361 112481.5310014935
133525.8282501528 115526.5462913377
137852.7607799028 118892.0895064286
134166.8552915972 121456.3129084026
141057.8959871250 126424.4957497273
129839.9227618472 118892.0895064286
135288.6526141250 113763.6427024805
133525.8282501528 122417.8966841428
133686.0850105139 125302.6480113636
125512.9902320972 114404.6985529740
132884.8012087083 125302.6480113636
136891.2202177361 117609.9778054416
126314.2740339028 122578.1606467662
115737.3278500694 116808.6579923247
123589.9091077639 113443.1147772338
118621.9495365694 116968.9219549481
126314.2740339028 119693.4093195455
133045.0579690694 114244.4345903507
126955.3010753472 118892.0895064286
127916.8416375139 114084.1706277273
118942.4630572917 118571.5615811818
132884.8012087083 120494.7291326623
129038.6389600417 118090.7696933117
127596.3281167917 112481.5310014935
125833.5037528194 117930.5057306883
121827.0847437917 115206.0183660909
116859.1251725972 117449.7138428182

121827.0847437917 114885.4904408442
129839.9227618472 119693.4093195455
116057.8413707917 116648.3940297013
127115.5578357083 118731.8255438052
123589.9091077639 113282.8508146104
115897.5846104306 117609.9778054416
136089.9364159305 117449.7138428182
131602.7471258194 112000.7391136234
116538.6116518750 116488.1300670779
119904.0036194583 120334.4651700390
136410.4499366528 119533.1453569221
131442.4903654583 124180.8002730000
124551.4496699305 122097.3687588961
133686.0850105139 125462.9119739870
114455.2737671806 116167.6021418312
118782.2062969305 116968.9219549481
137532.2472591806 120013.9372447922
128878.3821996805 112321.2670388701
118942.4630572917 117289.4498801948
132243.7741672639 113603.3787398571
130000.1795222083 116648.3940297013
136410.4499366528 119052.3534690520
136250.1931762917 126424.4957497273
127436.0713564305 119372.8813942987
134647.6255726806 114725.2264782208
124070.6793888472 121296.0489457792
126314.2740339028 114084.1706277273
127275.8145960694 115045.7544034675
129679.6660014861 120013.9372447922
120384.7739005417 118731.8255438052
127756.5848771528 120334.4651700390
124070.6793888472 116808.6579923247
123269.3955870417 114564.9625155974
128557.8686789583 118731.8255438052
127115.5578357083 117129.1859175714
124070.6793888472 112802.0589267403
138013.0175402639 116648.3940297013
126474.5307942639 114725.2264782208
140897.6392267639 125943.7038618572
121666.8279834305 115366.2823287143
135929.6796555694 120334.4651700390
135929.6796555694 115526.5462913377
130480.9498032917 119372.8813942987
118141.1792554861 116327.8661044546
119102.7198176528 115686.8102539610
128237.3551582361 113923.9066651039
122948.8820663194 117449.7138428182
128718.1254393194 122738.4246093896
114615.5305275417 117770.2417680649
125833.5037528194 115366.2823287143
122788.6253059583 115686.8102539610
131923.2606465417 119052.3534690520
126474.5307942639 113763.6427024805
139134.8148627917 122898.6885720130
131763.0038861806 112802.0589267403
125192.4767113750 120334.4651700390
132083.5174069028 119372.8813942987
115416.8143293472 117289.4498801948
115416.8143293472 117770.2417680649
135609.1661348472 115847.0742165844
116698.8684122361 115366.2823287143
137371.9904988194 127065.5516002208
142339.9500700139 128988.7191517013
131121.9768447361 111840.4751510000
125352.7334717361 122738.4246093896
134807.8823330417 121776.8408336494
133205.3147294305 118090.7696933117
135609.1661348472 121296.0489457792

140256.6121853194 128347.6633012078
141859.1797889305 127866.8714133377
135448.9093744861 125783.4398992338
135929.6796555694 125462.9119739870
137532.2472591806 124501.3281982467
131121.9768447361 123058.9525346364
123269.3955870417 121776.8408336494
123589.9091077639 120975.5210205325
137852.7607799028 120975.5210205325
120545.0306609028 120654.9930952857
121025.8009419861 120494.7291326623
126154.0172735417 120174.2012074156
138493.7878213472 120013.9372447922
121666.8279834305 119853.6732821688
124070.6793888472 119853.6732821688
118621.9495365694 119693.4093195455
134327.1120519583 119693.4093195455
127436.0713564305 118731.8255438052
130480.9498032917 118731.8255438052
126634.7875546250 118571.5615811818
138814.3013420694 118571.5615811818
129679.6660014861 118411.2976185585
118301.4360158472 118251.0336559351
118461.6927762083 117770.2417680649
134487.3688123194 117609.9778054416
137532.2472591806 117609.9778054416
128077.0983978750 116648.3940297013
121987.3415041528 116007.3381792078
131763.0038861806 116007.3381792078
124551.4496699305 115366.2823287143
128557.8686789583 115366.2823287143
132243.7741672639 115206.0183660909
132083.5174069028 113122.5868519870
128397.6119185972 112962.3228893636
135448.9093744861 125142.3840487403
129359.1524807639 121456.3129084026
118621.9495365694 115045.7544034675
130641.2065636528 123058.9525346364
126314.2740339028 119853.6732821688
126955.3010753472 121135.7849831559
132404.0309276250 124341.0642356234
134487.3688123194 115206.0183660909
141698.9230285694 126745.0236749740
128237.3551582361 120494.7291326623
136730.9634573750 120815.2570579091
139295.0716231528 125142.3840487403
133365.5714897916 120815.2570579091
116378.3548915139 116968.9219549481
124070.6793888472 117449.7138428182
134968.1390934028 122898.6885720130
129359.1524807639 112641.7949641169
141698.9230285694 129629.7750021948
134647.6255726806 115045.7544034675
128557.8686789583 122738.4246093896
133365.5714897916 115847.0742165844
134807.8823330417 124821.8561234935
142500.2068303750 129790.0389648182
120384.7739005417 118731.8255438052
130641.2065636528 121456.3129084026
135128.3958537639 114725.2264782208
130801.4633240139 111680.2111883766
116218.0981311528 117770.2417680649
132243.7741672639 120975.5210205325
120545.0306609028 118571.5615811818
121025.8009419861 118731.8255438052
132083.5174069028 113763.6427024805
121186.0577023472 115206.0183660909
135929.6796555694 115366.2823287143

140897.6392267639 128187.3993385844
139134.8148627917 128027.1353759611
141859.1797889305 127866.8714133377
141057.8959871250 127546.3434880909
136730.9634573750 126424.4957497273
135929.6796555694 126264.2317871039
130641.2065636528 124982.1200861169
136891.2202177361 124982.1200861169
138333.5310609861 124982.1200861169
137532.2472591806 124501.3281982467
134327.1120519583 124341.0642356234
139455.3283835139 123700.0083851299
134487.3688123194 123219.2164972598
128718.1254393194 123058.9525346364
126474.5307942639 122738.4246093896
138013.0175402639 122578.1606467662
139455.3283835139 122097.3687588961
132404.0309276250 121776.8408336494
129359.1524807639 121456.3129084026
122948.8820663194 121296.0489457792
130801.4633240139 121296.0489457792
136730.9634573750 121296.0489457792
123589.9091077639 120975.5210205325
139455.3283835139 120975.5210205325
120865.5441816250 120815.2570579091
133525.8282501528 120815.2570579091
134006.5985312361 120815.2570579091
120545.0306609028 120654.9930952857
126795.0443149861 120494.7291326623
130641.2065636528 120334.4651700390
131282.2336050972 119853.6732821688
134487.3688123194 119853.6732821688
134006.5985312361 119693.4093195455
136570.7066970139 119693.4093195455
130480.9498032917 119372.8813942987
125352.7334717361 118892.0895064286
116218.0981311528 118731.8255438052
118141.1792554861 118731.8255438052
117820.6657347639 118571.5615811818
122948.8820663194 118411.2976185585
132083.5174069028 118411.2976185585
132404.0309276250 118411.2976185585
114936.0440482639 118251.0336559351
124391.1929095694 118090.7696933117
136250.1931762917 117930.5057306883
116378.3548915139 117770.2417680649
135288.6526141250 117770.2417680649
136891.2202177361 117770.2417680649
119423.2333383750 117289.4498801948
115577.0710897083 117129.1859175714
117660.4089744028 116648.3940297013
134647.6255726806 116488.1300670779
124711.7064302917 116327.8661044546
133045.0579690694 116327.8661044546
126955.3010753472 116167.6021418312
116859.1251725972 116007.3381792078
126314.2740339028 116007.3381792078
129359.1524807639 116007.3381792078
125512.9902320972 115526.5462913377
124711.7064302917 115206.0183660909
114455.2737671806 115045.7544034675
123269.3955870417 115045.7544034675
131602.7471258194 114725.2264782208
128718.1254393194 114404.6985529740
119423.2333383750 113923.9066651039
128718.1254393194 113603.3787398571
135609.1661348472 112962.3228893636
130801.4633240139 111840.4751510000

122468.1117852361 120174.2012074156
131121.9768447361 116648.3940297013
136730.9634573750 127386.0795254675
121025.8009419861 114564.9625155974
131923.2606465417 113603.3787398571
117660.4089744028 116327.8661044546
131121.9768447361 111840.4751510000
118301.4360158472 119533.1453569221
134807.8823330417 121776.8408336494
119904.0036194583 116648.3940297013
131121.9768447361 113763.6427024805
120545.0306609028 119052.3534690520
127275.8145960694 112641.7949641169
128718.1254393194 116648.3940297013
140096.3554249583 126103.9678244805
131763.0038861806 116327.8661044546
133365.5714897916 124180.8002730000
124391.1929095694 113122.5868519870
137211.7337384583 125623.1759366104
135288.6526141250 126584.7597123506
138814.3013420694 119693.4093195455
121346.3144627083 118251.0336559351
128718.1254393194 120654.9930952857
138013.0175402639 121456.3129084026
131121.9768447361 112000.7391136234
125993.7605131806 119693.4093195455
126795.0443149861 118731.8255438052
117820.6657347639 116808.6579923247
117980.9224951250 119533.1453569221
123589.9091077639 119372.8813942987
136250.1931762917 114084.1706277273
133205.3147294305 111840.4751510000
129679.6660014861 116648.3940297013
121666.8279834305 117129.1859175714
130801.4633240139 114885.4904408442
127756.5848771528 119693.4093195455
138974.5581024305 126424.4957497273
140737.3824664028 124020.5363103766
132724.5444483472 118892.0895064286
128718.1254393194 119372.8813942987
137051.4769780972 116488.1300670779
119102.7198176528 116648.3940297013
126154.0172735417 112481.5310014935
123910.4226284861 120334.4651700390
120224.5171401806 115526.5462913377
134968.1390934028 114244.4345903507
119743.7468590972 120334.4651700390
135609.1661348472 126745.0236749740
138333.5310609861 124180.8002730000
130641.2065636528 117289.4498801948
135769.4228952083 115847.0742165844
130961.7200843750 113923.9066651039
139295.0716231528 126424.4957497273
121827.0847437917 117930.5057306883
125673.2469924583 120013.9372447922
135128.3958537639 120013.9372447922
125993.7605131806 117289.4498801948
137692.5040195417 116808.6579923247
136410.4499366528 118251.0336559351
120224.5171401806 115847.0742165844
122948.8820663194 116488.1300670779
136250.1931762917 115686.8102539610
131602.7471258194 113122.5868519870
133846.3417708750 123860.2723477533
140897.6392267639 124661.5921608701
133365.5714897916 124821.8561234935
128077.0983978750 115206.0183660909
131763.0038861806 124982.1200861169

142019.4365492917 128668.1912264545
139615.5851438750 128187.3993385844
139134.8148627917 128027.1353759611
140577.1257060417 127866.8714133377
135288.6526141250 126424.4957497273
139134.8148627917 125943.7038618572
136410.4499366528 125783.4398992338
140897.6392267639 125783.4398992338
130641.2065636528 124982.1200861169
136410.4499366528 124821.8561234935
140897.6392267639 124661.5921608701
132564.2876879861 124341.0642356234
137532.2472591806 124020.5363103766
140256.6121853194 124020.5363103766
128718.1254393194 123539.7444225065
133686.0850105139 123539.7444225065
126314.2740339028 122738.4246093896
132564.2876879861 122578.1606467662
136891.2202177361 122257.6327215195
128077.0983978750 122097.3687588961
132404.0309276250 121776.8408336494
124551.4496699305 121616.5768710260
134968.1390934028 121616.5768710260
129038.6389600417 121456.3129084026
136891.2202177361 121456.3129084026
130801.4633240139 121296.0489457792
133846.3417708750 121135.7849831559
127756.5848771528 120975.5210205325
134006.5985312361 120975.5210205325
137852.7607799028 120975.5210205325
120865.5441816250 120815.2570579091
126795.0443149861 120494.7291326623
128878.3821996805 120494.7291326623
122628.3685455972 120174.2012074156
137532.2472591806 120013.9372447922
128718.1254393194 119693.4093195455
132243.7741672639 119693.4093195455
119904.0036194583 119533.1453569221
129519.4092411250 119533.1453569221
123750.1658681250 119212.6174316753
137371.9904988194 119212.6174316753
137852.7607799028 119212.6174316753
120224.5171401806 118892.0895064286
135609.1661348472 118892.0895064286
134166.8552915972 118571.5615811818
138333.5310609861 118571.5615811818
128077.0983978750 118090.7696933117
133205.3147294305 118090.7696933117
118461.6927762083 117930.5057306883
131442.4903654583 117289.4498801948
118782.2062969305 116808.6579923247
123269.3955870417 116808.6579923247
116218.0981311528 116648.3940297013
116859.1251725972 116007.3381792078
127275.8145960694 116007.3381792078
129359.1524807639 116007.3381792078
123910.4226284861 115206.0183660909
127275.8145960694 115206.0183660909
131121.9768447361 115045.7544034675
134968.1390934028 114885.4904408442
127916.8416375139 114564.9625155974
119102.7198176528 114404.6985529740
134487.3688123194 113443.1147772338
131442.4903654583 112321.2670388701
135448.9093744861 112000.7391136234
129359.1524807639 111840.4751510000
125673.2469924583 118411.2976185585
131763.0038861806 111519.9472257532

142500.2068303750 129629.7750021948
139134.8148627917 125943.7038618572
130641.2065636528 124982.1200861169
140897.6392267639 124661.5921608701
134647.6255726806 123539.7444225065
140096.3554249583 122738.4246093896
127115.5578357083 122417.8966841428
132404.0309276250 121776.8408336494
120865.5441816250 120815.2570579091
120545.0306609028 120654.9930952857
138814.3013420694 120013.9372447922
134006.5985312361 119693.4093195455
131923.2606465417 119212.6174316753
117339.8954536806 118892.0895064286
134807.8823330417 118731.8255438052
136410.4499366528 118571.5615811818
118461.6927762083 117770.2417680649
134166.8552915972 116327.8661044546
116859.1251725972 116007.3381792078
132884.8012087083 115847.0742165844
135128.3958537639 115526.5462913377
131121.9768447361 115045.7544034675
134968.1390934028 114885.4904408442
117980.9224951250 114564.9625155974
128718.1254393194 113603.3787398571
135929.6796555694 114564.9625155974
133846.3417708750 121135.7849831559
137532.2472591806 120013.9372447922
137371.9904988194 119212.6174316753
128878.3821996805 120494.7291326623
132564.2876879861 122578.1606467662
130641.2065636528 115206.0183660909
133205.3147294305 126103.9678244805
133686.0850105139 121296.0489457792
127596.3281167917 114725.2264782208
131282.2336050972 122578.1606467662
125192.4767113750 121296.0489457792
123910.4226284861 121296.0489457792
120865.5441816250 114244.4345903507
131923.2606465417 120334.4651700390
137532.2472591806 124020.5363103766
122628.3685455972 120174.2012074156
138814.3013420694 128347.6633012078
124391.1929095694 115526.5462913377
139936.0986645972 128828.4551890779
126314.2740339028 122738.4246093896
123750.1658681250 119212.6174316753
127756.5848771528 118411.2976185585
129359.1524807639 116007.3381792078
139615.5851438750 127386.0795254675
129038.6389600417 121456.3129084026
124551.4496699305 121616.5768710260
120224.5171401806 118892.0895064286
127275.8145960694 116007.3381792078
117179.6386933194 116968.9219549481
119102.7198176528 115847.0742165844
125993.7605131806 117770.2417680649
140256.6121853194 125623.1759366104
131442.4903654583 117289.4498801948
129519.4092411250 123219.2164972598
130000.1795222083 118411.2976185585
132564.2876879861 125462.9119739870
140416.8689456806 124341.0642356234
116218.0981311528 116648.3940297013
135609.1661348472 114885.4904408442
134006.5985312361 123700.0083851299
140416.8689456806 122898.6885720130
131923.2606465417 114725.2264782208

118141.1792554861 118892.0895064286
114775.7872879028 117930.5057306883
133846.3417708750 123700.0083851299
135448.9093744861 121937.1047962727
121987.3415041528 119853.6732821688
136730.9634573750 126264.2317871039
118621.9495365694 119533.1453569221
137051.4769780972 117770.2417680649
128557.8686789583 112321.2670388701
135128.3958537639 121937.1047962727
128397.6119185972 113443.1147772338
132564.2876879861 124501.3281982467
120865.5441816250 114244.4345903507
129839.9227618472 112962.3228893636
128397.6119185972 119693.4093195455
130480.9498032917 112481.5310014935
132564.2876879861 116648.3940297013
124551.4496699305 114725.2264782208
135448.9093744861 118892.0895064286
133686.0850105139 120494.7291326623
121987.3415041528 118731.8255438052
114775.7872879028 113603.3787398571
124711.7064302917 122417.8966841428
128237.3551582361 121135.7849831559
139615.5851438750 124501.3281982467
126795.0443149861 115686.8102539610
127596.3281167917 123700.0083851299
131442.4903654583 120654.9930952857
138173.2743006250 116808.6579923247
133525.8282501528 115526.5462913377
132083.5174069028 117449.7138428182
131763.0038861806 118090.7696933117
137051.4769780972 126905.2876375974
137852.7607799028 121937.1047962727
134166.8552915972 111359.6832631299
131763.0038861806 111519.9472257532
129359.1524807639 116648.3940297013
137051.4769780972 125302.6480113636
116218.0981311528 117609.9778054416
121827.0847437917 116488.1300670779
114936.0440482639 117449.7138428182
127916.8416375139 116167.6021418312
124391.1929095694 119693.4093195455
125993.7605131806 122738.4246093896
125032.2199510139 117449.7138428182
131602.7471258194 113282.8508146104
137692.5040195417 127225.8155628442
130320.6930429306 114885.4904408442
114455.2737671806 111519.9472257532
133686.0850105139 125462.9119739870
123109.1388266805 115526.5462913377
129519.4092411250 124341.0642356234
129839.9227618472 123219.2164972598
137532.2472591806 122257.6327215195
135288.6526141250 126905.2876375974
138974.5581024305 125302.6480113636
118782.2062969305 115206.0183660909
132884.8012087083 121776.8408336494
129198.8957204028 119853.6732821688
138814.3013420694 122898.6885720130
125673.2469924583 112481.5310014935
114455.2737671806 115847.0742165844
127756.5848771528 121937.1047962727
137532.2472591806 120174.2012074156
137532.2472591806 123860.2723477533
134968.1390934028 114404.6985529740
138013.0175402639 121456.3129084026
130320.6930429306 124341.0642356234

125833.5037528194 112962.3228893636
116378.3548915139 118251.0336559351
129839.9227618472 118892.0895064286
130000.1795222083 116167.6021418312
137051.4769780972 127706.6074507143
120224.5171401806 114725.2264782208
133365.5714897916 113122.5868519870
119102.7198176528 115686.8102539610
135288.6526141250 121456.3129084026
134647.6255726806 121135.7849831559
125673.2469924583 114244.4345903507
138493.7878213472 124661.5921608701
134487.3688123194 120654.9930952857
120064.2603798194 114725.2264782208
123429.6523474028 119212.6174316753
137692.5040195417 124180.8002730000
135769.4228952083 126745.0236749740
132724.5444483472 115526.5462913377
121987.3415041528 113603.3787398571
130480.9498032917 111680.2111883766
132404.0309276250 117770.2417680649
128557.8686789583 114084.1706277273
137211.7337384583 123058.9525346364
128718.1254393194 118892.0895064286
139295.0716231528 127546.3434880909
140416.8689456806 124982.1200861169
136250.1931762917 127386.0795254675
136089.9364159305 121296.0489457792
127275.8145960694 114725.2264782208
125032.2199510139 121456.3129084026
137371.9904988194 122898.6885720130
122788.6253059583 116808.6579923247
135288.6526141250 120815.2570579091
128718.1254393194 118731.8255438052
135448.9093744861 122257.6327215195
117980.9224951250 116327.8661044546
130961.7200843750 116488.1300670779
123910.4226284861 120654.9930952857
119423.2333383750 118571.5615811818
116859.1251725972 115526.5462913377
138814.3013420694 123860.2723477533
117500.1522140417 115686.8102539610
115096.3008086250 115847.0742165844
121987.3415041528 115847.0742165844
127436.0713564305 119853.6732821688
125352.7334717361 118411.2976185585
114455.2737671806 112161.0030762468
132564.2876879861 123860.2723477533
119102.7198176528 114084.1706277273
139775.8419042361 128668.1912264545
121506.5712230694 116007.3381792078
129679.6660014861 117930.5057306883
127916.8416375139 119533.1453569221
138654.0445817083 123219.2164972598
127436.0713564305 118090.7696933117
128077.0983978750 121296.0489457792
141698.9230285694 126584.7597123506
127756.5848771528 120334.4651700390
134006.5985312361 124180.8002730000
128397.6119185972 113443.1147772338
126955.3010753472 118411.2976185585
121666.8279834305 119853.6732821688
118621.9495365694 115686.8102539610
133045.0579690694 118411.2976185585
130801.4633240139 124501.3281982467
126795.0443149861 114404.6985529740
130000.1795222083 111840.4751510000
123910.4226284861 114084.1706277273

129038.6389600417 112000.7391136234
128878.3821996805 123058.9525346364
135929.6796555694 121135.7849831559
136089.9364159305 114404.6985529740
123750.1658681250 114404.6985529740
129359.1524807639 117930.5057306883
133205.3147294305 117609.9778054416
136250.1931762917 112161.0030762468
135448.9093744861 125302.6480113636
129679.6660014861 124020.5363103766
134647.6255726806 122417.8966841428
136250.1931762917 126424.4957497273
125192.4767113750 120654.9930952857
133045.0579690694 121937.1047962727
142660.4635907361 129950.3029274416
141538.6662682083 126584.7597123506
131121.9768447361 123860.2723477533
122948.8820663194 113923.9066651039
124871.9631906528 114244.4345903507
124871.9631906528 112962.3228893636
120224.5171401806 119372.8813942987
114615.5305275417 109596.7796742727
133045.0579690694 118251.0336559351
122307.8550248750 115526.5462913377
121186.0577023472 118571.5615811818
141057.8959871250 128027.1353759611
131442.4903654583 116968.9219549481
127115.5578357083 118411.2976185585
131121.9768447361 120334.4651700390
134968.1390934028 116808.6579923247
131442.4903654583 111519.9472257532
132243.7741672639 116488.1300670779
119904.0036194583 113443.1147772338
122628.3685455972 116968.9219549481
134807.8823330417 115526.5462913377
119102.7198176528 120013.9372447922
134807.8823330417 121937.1047962727
139775.8419042361 121135.7849831559
128397.6119185972 114725.2264782208
134487.3688123194 120654.9930952857
122948.8820663194 114725.2264782208
135769.4228952083 115206.0183660909
131763.0038861806 117770.2417680649
127275.8145960694 119372.8813942987
127916.8416375139 122738.4246093896
135448.9093744861 118411.2976185585
137692.5040195417 116327.8661044546
131282.2336050972 112641.7949641169
133525.8282501528 123219.2164972598
114455.2737671806 113923.9066651039
137692.5040195417 124180.8002730000
134968.1390934028 114244.4345903507
137852.7607799028 127225.8155628442
137051.4769780972 120174.2012074156
120705.2874212639 114084.1706277273
138333.5310609861 120013.9372447922
123429.6523474028 116648.3940297013
121186.0577023472 113603.3787398571
135929.6796555694 119853.6732821688
121666.8279834305 114084.1706277273
135609.1661348472 110878.8913752597
132564.2876879861 112161.0030762468
115096.3008086250 116968.9219549481
127596.3281167917 116648.3940297013
129679.6660014861 123379.4804598831
129198.8957204028 117930.5057306883
132884.8012087083 115686.8102539610
129038.6389600417 118411.2976185585

135609.1661348472 111519.9472257532
137211.7337384583 119853.6732821688
124551.4496699305 113763.6427024805
131442.4903654583 112161.0030762468
123109.1388266805 121296.0489457792
118141.1792554861 117449.7138428182
122788.6253059583 120013.9372447922
134327.1120519583 123219.2164972598
139455.3283835139 120815.2570579091
141859.1797889305 127225.8155628442
124711.7064302917 117449.7138428182
132404.0309276250 117609.9778054416
132884.8012087083 112641.7949641169
127756.5848771528 112802.0589267403
118782.2062969305 119533.1453569221
115577.0710897083 118090.7696933117
125673.2469924583 113923.9066651039
114615.5305275417 109917.3075995195
132564.2876879861 125302.6480113636
127916.8416375139 118411.2976185585
134166.8552915972 122738.4246093896
122788.6253059583 117129.1859175714
125993.7605131806 122257.6327215195
115897.5846104306 116007.3381792078
117339.8954536806 115686.8102539610
140096.3554249583 127866.8714133377
133045.0579690694 116167.6021418312
134647.6255726806 115847.0742165844
136089.9364159305 116327.8661044546
140416.8689456806 125142.3840487403
121987.3415041528 113763.6427024805
126314.2740339028 115206.0183660909
129198.8957204028 119212.6174316753
125192.4767113750 113923.9066651039
141538.6662682083 129148.9831143247
129038.6389600417 123379.4804598831
139775.8419042361 124501.3281982467
128718.1254393194 112000.7391136234
121987.3415041528 114404.6985529740
138173.2743006250 125302.6480113636
139775.8419042361 126264.2317871039
132564.2876879861 117449.7138428182
135769.4228952083 121135.7849831559
131602.7471258194 116167.6021418312
116057.8413707917 117289.4498801948
133846.3417708750 112481.5310014935
132564.2876879861 116808.6579923247
137051.4769780972 120334.4651700390
136891.2202177361 126905.2876375974
138493.7878213472 122738.4246093896
121186.0577023472 114725.2264782208
140416.8689456806 125943.7038618572
136570.7066970139 115526.5462913377
134006.5985312361 123539.7444225065
136730.9634573750 122257.6327215195
136250.1931762917 116167.6021418312
129198.8957204028 118411.2976185585
134327.1120519583 121456.3129084026
131121.9768447361 124661.5921608701
137532.2472591806 115206.0183660909
133846.3417708750 116808.6579923247
136250.1931762917 125302.6480113636
136089.9364159305 111840.4751510000
128077.0983978750 115045.7544034675
132564.2876879861 113282.8508146104
139775.8419042361 125302.6480113636
120384.7739005417 118251.0336559351
132724.5444483472 121296.0489457792

120384.7739005417 118892.0895064286
136250.1931762917 112481.5310014935
121346.3144627083 115526.5462913377
129198.8957204028 118571.5615811818
135288.6526141250 122097.3687588961
117500.1522140417 115206.0183660909
133686.0850105139 124661.5921608701
132564.2876879861 111359.6832631299
128878.3821996805 123860.2723477533
124711.7064302917 120815.2570579091
136410.4499366528 115526.5462913377
136570.7066970139 120975.5210205325
140577.1257060417 123860.2723477533
128878.3821996805 124180.8002730000
137692.5040195417 123700.0083851299
136250.1931762917 119052.3534690520
131923.2606465417 116327.8661044546
131602.7471258194 124982.1200861169
122468.1117852361 113603.3787398571
140577.1257060417 125623.1759366104
130961.7200843750 124982.1200861169
130000.1795222083 119212.6174316753
125673.2469924583 112481.5310014935
121666.8279834305 118090.7696933117
137051.4769780972 122578.1606467662
119262.9765780139 117129.1859175714
138333.5310609861 121776.8408336494
137211.7337384583 127225.8155628442
133525.8282501528 119212.6174316753
119743.7468590972 115366.2823287143
127596.3281167917 118411.2976185585
133205.3147294305 113923.9066651039
128878.3821996805 116648.3940297013
131923.2606465417 115526.5462913377
133686.0850105139 118731.8255438052
140416.8689456806 123860.2723477533
134487.3688123194 114885.4904408442
131121.9768447361 123539.7444225065
114615.5305275417 116167.6021418312
136250.1931762917 111840.4751510000
120384.7739005417 115206.0183660909
130480.9498032917 111680.2111883766
132083.5174069028 117129.1859175714
134327.1120519583 125623.1759366104
139295.0716231528 123860.2723477533
131763.0038861806 124501.3281982467
124391.1929095694 120334.4651700390
135769.4228952083 115045.7544034675
137371.9904988194 114885.4904408442
133365.5714897916 111840.4751510000
115256.5575689861 117449.7138428182
117500.1522140417 116167.6021418312
121186.0577023472 119052.3534690520
134807.8823330417 124661.5921608701
126795.0443149861 120654.9930952857
124070.6793888472 113122.5868519870
132243.7741672639 118571.5615811818
132243.7741672639 112000.7391136234
128557.8686789583 122417.8966841428
131923.2606465417 112641.7949641169
128718.1254393194 122898.6885720130
128557.8686789583 117129.1859175714
124711.7064302917 118571.5615811818
132884.8012087083 120654.9930952857
139134.8148627917 128507.9272638312
140897.6392267639 127706.6074507143
132724.5444483472 117609.9778054416
126314.2740339028 114885.4904408442

122147.5982645139 120815.2570579091
138654.0445817083 125142.3840487403
141218.1527474861 127866.8714133377
118621.9495365694 118571.5615811818
124871.9631906528 120334.4651700390
142980.9771114583 130110.5668900649
122307.8550248750 113443.1147772338
121025.8009419861 120334.4651700390
114455.2737671806 115526.5462913377
129519.4092411250 123700.0083851299
116538.6116518750 117449.7138428182
128878.3821996805 124180.8002730000
122468.1117852361 120013.9372447922
139134.8148627917 122738.4246093896
114455.2737671806 112321.2670388701
123750.1658681250 120494.7291326623
132404.0309276250 116327.8661044546
121346.3144627083 116327.8661044546
133045.0579690694 113443.1147772338
130480.9498032917 117770.2417680649
134166.8552915972 122417.8966841428
130641.2065636528 113443.1147772338
125833.5037528194 121135.7849831559
127916.8416375139 123860.2723477533
141218.1527474861 128347.6633012078
115096.3008086250 118090.7696933117
125673.2469924583 122898.6885720130
123109.1388266805 121296.0489457792
122788.6253059583 118090.7696933117
131923.2606465417 118892.0895064286
124711.7064302917 121937.1047962727
118942.4630572917 117449.7138428182
118461.6927762083 117129.1859175714
132404.0309276250 118731.8255438052
127275.8145960694 112321.2670388701
114936.0440482639 117609.9778054416
132243.7741672639 117129.1859175714
132243.7741672639 114725.2264782208
128237.3551582361 122578.1606467662
128397.6119185972 117609.9778054416
125833.5037528194 112802.0589267403
128718.1254393194 116327.8661044546
119102.7198176528 115526.5462913377
136730.9634573750 119693.4093195455
122147.5982645139 116488.1300670779
122788.6253059583 117770.2417680649
127275.8145960694 118090.7696933117
133045.0579690694 124501.3281982467
125192.4767113750 122257.6327215195
118621.9495365694 116327.8661044546
119583.4900987361 115526.5462913377
136410.4499366528 114564.9625155974
133045.0579690694 123219.2164972598
134647.6255726806 114244.4345903507
118942.4630572917 118571.5615811818
122788.6253059583 119693.4093195455
131442.4903654583 116167.6021418312
138974.5581024305 126264.2317871039
136250.1931762917 120815.2570579091
133525.8282501528 122417.8966841428
121666.8279834305 115366.2823287143
129679.6660014861 115526.5462913377
130000.1795222083 118571.5615811818
133686.0850105139 111199.4193005065
123910.4226284861 114084.1706277273
136250.1931762917 112641.7949641169
116698.8684122361 118892.0895064286
127596.3281167917 117289.4498801948

