588141100.1199531555 6728886.9042968750
563462812.7526144981 6583830.5292968750
591257419.3917484283 6730591.1035156250
566857805.9333041906 6640760.2070312500
573545412.6814882755 6663491.2773437500
571699715.2038148642 6647588.8320312500
587958308.2406082153 6706760.5878906250
573780479.2212742567 6678472.3007812500
583893586.0406154394 6704803.5136718750
569369845.4144814014 6644625.6308593750
572470286.6351972818 6650382.2998046875
573474062.8973677158 6653801.4160156250
575001287.7592527866 6704150.3554687500
572916271.4145299196 6651511.4687500000
