287480556.9577144384 397150.7664184570
303266461.1942224503 447513.5935058594
287610757.5054374933 403552.5187072754
290551061.7281837463 410424.6002502441
290609422.1362552643 412551.6621398926
289194914.1102758646 408286.5717163086
292151659.5556259751 427346.9570617676
302835638.4488723278 447104.0080566406
290863201.0427086949 412921.8089752197
305696631.4045073986 451023.1180419922
304143200.2334150076 449952.6682128906
306612285.6412854195 457100.2792968750
286336459.5376802683 383763.7376098633
300874973.8894203901 444703.4652709961
291060005.6996183395 417271.7691650391
298558093.5115169287 441580.8178100586
301444469.7489091158 446224.7755737305
301340685.7332717180 444740.6707153320
303278448.8054100275 447684.4977416992
292797990.5877550244 436546.6993408203
299392114.4946447015 442800.6362915039
