946599429.9283701181 29390.8500142097
952938384.5340423584 30139.4930515289
949830635.8851019144 29646.4628753662
959901686.4492188692 30538.9652061462
963683934.8577449322 30607.9524500370
958677815.5461267233 30405.8204889297
969001599.6586568356 31107.6732282639
950529810.7831914425 29828.0737984180
953988069.1630781889 30192.6680583954
964815706.3941307068 30874.2802016735
951921679.5073970556 29903.0134086609
950248568.2506803274 29696.0815033913
965474528.1381472349 31081.8168821335
959869009.1155908108 30488.1645708084
963862248.4177892208 30716.5041971207
962771715.1754459143 30593.2991628647
965270990.4741055965 30899.2914614677
945482845.2583951950 29224.3321259618
943470973.9872201681 29044.1573547125
959512699.5179803371 30450.8878926039
947086851.3593410254 29630.9469306469
952455931.7560594082 30020.2447071075
942288281.7571735382 25383.1293410063
956706271.3487839699 30266.6798129082
