937739271.9416832924 9240254.2744140625
917632279.9370720387 9093313.7490234375
938929129.1029400826 9256947.8291015625
922570911.1273260117 9155852.2529296875
929661070.7105698586 9216018.9589843750
941990139.3829239607 9260519.7128906250
925472071.2909481525 9195990.3427734375
921953512.4442378283 9135490.5390625000
920475952.9230453968 9124378.4375000000
924627304.0569212437 9169544.0410156250
933845010.4173575640 9232617.8994140625
923355417.3327202797 9159229.1054687500
925304642.1765855551 9182900.9658203125
926140087.4226636887 9200154.8828125000
