155492262.5115899444 924698.1728515625
164097712.0573179126 983680.0517578125
156284094.5065057278 930486.1826171875
156855912.4201219082 953960.7233886719
154928375.5479352474 857871.7160644531
156341286.3278646469 951443.5424804688
161788915.2380970716 981920.1323242188
159676806.5953508317 960048.7758789062
155339764.9037577808 913376.4240722656
159212081.5631421804 958614.2578125000
160073123.2471096516 965586.9492187500
164226982.7445475459 984443.2919921875
154993127.8414408565 894624.8298339844
156996912.0441079736 957094.3969726562
154947286.6822825968 871027.9541015625
160151309.3871125281 967215.2780761719
159952903.6764990091 960339.2207031250
160236095.8496660590 973672.8210449219
155165268.9734584987 903829.3068847656
156619087.7776075006 953387.3662109375
