714537160.1900289059 911529.9140014648
718724118.2966068983 927469.7036285400
705587638.7376916409 863725.1936035156
711589121.1271888018 892274.3656692505
739160662.7680181265 960527.9231109619
712731516.2259956598 892896.2478942871
733976390.1879652739 953639.5884399414
730967328.9039983749 941424.4817504883
731802127.5913860798 941925.2716369629
726725614.0054837465 931753.5036163330
729055200.3415491581 935132.6975708008
713078458.5522454977 901391.3773345947
708055947.6805169582 889536.7066955566
