1512283975.8345327377 6326487.0612792969
1485253951.8083491325 6147183.7136230469
1507880279.8328528404 6273792.9331054688
1511202880.1596784592 6283074.8803710938
1479140406.8317279816 5306344.3334960938
1495118383.9865078926 6237983.8264160156
1485406946.3681945801 6149351.0292968750
1484541029.0161495209 6111368.8508300781
1518807210.9401433468 6338479.1076660156
1484480266.7943589687 6104761.5932617188
1515920528.2666676044 6331026.5168457031
1504111587.4934072495 6270878.3890380859
1503231347.6146841049 6259107.3913574219
1522373389.7900989056 6339758.6950683594
1510958726.7111604214 6277239.7082519531
1487894593.4470024109 6172923.0236816406
1479698144.4908354282 6043300.8225097656
1483743810.0787227154 6092396.6630859375
1502978665.5859057903 6254658.4645996094
1511940414.6004841328 6291571.1063232422
1510979293.5618844032 6280589.0505371094
1501979834.4136638641 6244348.3668212891
1481192987.6604464054 6091955.3085937500
1488442266.8081071377 6232021.8027343750
1505783832.6799681187 6271089.3626708984
1479340785.6385402679 5912877.2602539062
