161975669.3555483520 84559.5431365967
161745412.1731872857 84253.7642059326
153947656.8995567262 81232.9015502930
153546727.6465444267 80539.8340454102
159642686.0195590854 83677.8782501221
152619599.8731879890 78131.2960968018
156807048.9416097999 83296.9048309326
151742545.6522729397 78043.2306308746
152920226.0328345299 79138.3792190552
155648716.2217860222 82540.5629425049
154575122.5220533311 81596.7798233032
153135122.0364145637 79347.3765411377
157047170.9930618405 83449.0451278687
153390349.0818272531 80419.8682861328
154219449.3441849649 81493.1395797729
156095561.2087495327 83138.7337570190
155977922.9350169599 82979.7196044922
155145671.3191861808 81969.1536865234
153175622.5234189034 79515.1458015442
