371613319.3920254111 1003891.4623718262
360697809.7450422049 954455.4936523438
358095173.7543417215 938394.3067016602
358411194.3976228237 947459.8223876953
360803540.1931288838 957508.7301330566
361640656.3512475491 961250.3994750977
370337202.6087784171 993191.9013671875
365469170.4593907595 980694.1015625000
361894558.4798895121 964686.7184448242
364111492.0748392344 976406.1098022461
369076532.4009950161 985524.1091613770
356754328.0342848301 914441.4399719238
367070371.7095397711 984091.5806274414
353855738.0765146613 908353.7374877930
363390395.9177085161 965832.5498657227
357844292.5776957870 937233.6476593018
360331473.5270100832 950428.9515380859
356907449.2323324084 930566.2526855469
