107437.2351423216 114992.0399888617
110017.6592046732 120561.1403181676
109014.1609582031 127113.0230585275
110304.3729893789 125638.8494419465
112024.6556976133 121052.5315236946
112454.7263746719 124492.2699623835
111594.5850205547 125638.8494419465
109730.9454199674 120561.1403181676
114031.6521905534 121707.7197977306
113028.1539440833 125802.6465104555
108010.6627117330 127768.2113325634
106720.4506805572 118923.1696330776
109157.5178505560 118923.1696330776
114891.7935446706 120233.5461811496
103709.9559411471 111879.8956871908
107437.2351423216 115811.0253314067
112741.4401593776 121380.1256607126
114031.6521905534 120561.1403181676
110017.6592046732 126130.2406474735
110877.8005587903 126294.0377159825
108584.0902811445 114992.0399888617
114318.3659752591 120397.3432496586
103709.9559411471 111716.0986186818
113458.2246211419 122199.1110032576
108870.8040658502 127276.8201270365
105143.5248646757 117285.1989479877
115035.1504370234 120561.1403181676
108727.4471734974 127276.8201270365
112454.7263746719 123509.4875513295
110447.7298817317 116138.6194684247
110591.0867740846 123509.4875513295
106003.6662187929 117940.3872220236
109300.8747429088 121871.5168662396
109874.3023123203 121052.5315236946
113744.9384058477 120233.5461811496
108154.0196040859 114500.6487833347
107007.1644652630 117448.9960164966
114605.0797599649 121871.5168662396
105430.2386493815 116793.8077424607
108297.3764964388 117776.5901535146
113601.5815134948 125311.2553049285
108870.8040658502 117121.4018794787
111881.2988052604 121871.5168662396
106720.4506805572 120724.9373866766
114748.4366523177 120561.1403181676
109874.3023123203 122854.2992772935
114748.4366523177 119414.5608386046
111881.2988052604 116957.6048109697
107867.3058193802 121707.7197977306
110447.7298817317 116793.8077424607
105860.3093264401 114009.2575778077
111307.8712358489 126785.4289215095
102563.1008023241 110733.3162076278
112884.7970517305 123509.4875513295
109444.2316352617 115974.8223999157
109300.8747429088 120724.9373866766
113028.1539440833 125311.2553049285
112741.4401593776 125311.2553049285
106290.3800034986 118104.1842905326
109300.8747429088 124819.8640994015
128797.4121028985 113517.8663722807
130374.3379187801 111224.7074131548
127220.4862870170 112698.8810297357
123063.1364087839 112535.0839612267
126647.0587176056 115647.2282628977
123349.8501934896 119414.5608386046
121772.9243776081 111388.5044816638
131807.9068423087 112698.8810297357
128654.0552105457 110897.1132761368
129514.1965646629 111224.7074131548
122202.9950546667 111879.8956871908
130087.6241340743 111388.5044816638
126073.6311481941 111388.5044816638
129370.8396723100 114173.0546463167
122489.7088393725 116302.4165369337
127077.1293946642 111879.8956871908
130230.9810264272 113681.6634407897
127220.4862870170 114009.2575778077
122059.6381623139 117776.5901535146
133814.9033352488 111716.0986186818
130230.9810264272 112698.8810297357
125643.5604711355 115155.8370573707
131377.8361652501 112862.6780982447
122776.4226240782 115155.8370573707
127937.2707487813 111388.5044816638
123493.2070858425 117121.4018794787
129800.9103493686 111060.9103446458
125213.4897940769 111224.7074131548
126073.6311481941 113845.4605092987
124209.9915476068 117121.4018794787

105000.1679723229 111388.5044816638
105716.9524340872 116630.0106739517
102993.1714793827 111716.0986186818
108010.6627117330 123509.4875513295
108584.0902811445 121707.7197977306
104713.4541876171 113354.0693037717
105000.1679723229 113354.0693037717
107293.8782499687 115811.0253314067
107150.5213576158 113681.6634407897
106003.6662187929 120397.3432496586
113028.1539440833 124656.0670308925
105286.8817570286 113026.4751667537
109444.2316352617 117776.5901535146
110304.3729893789 127768.2113325634
113888.2952982005 119742.1549756226
105716.9524340872 114173.0546463167
112311.3694823190 125966.4435789645
109014.1609582031 121871.5168662396
111737.9419129075 120069.7491126406
109300.8747429088 120069.7491126406
115035.1504370234 119742.1549756226
112598.0832670247 124328.4728938745
106290.3800034986 120888.7344551856
106720.4506805572 113026.4751667537
103853.3128334999 110733.3162076278
109014.1609582031 118759.3725645686
109444.2316352617 120888.7344551856
113888.2952982005 123018.0963458025
114605.0797599649 120724.9373866766
110017.6592046732 122035.3139347486
111307.8712358489 118104.1842905326
106720.4506805572 115483.4311943887
110734.4436664375 115974.8223999157
111307.8712358489 124164.6758253655
107580.5920346744 114664.4458518437
107867.3058193802 114664.4458518437
111594.5850205547 121871.5168662396
106433.7368958515 121052.5315236946
104283.3835105585 112207.4898242088
108870.8040658502 126785.4289215095
109874.3023123203 115647.2282628977
102419.7439099713 109586.7367280648
112024.6556976133 125966.4435789645
103566.5990487942 111879.8956871908
106003.6662187929 116466.2136054427
108010.6627117330 126949.2259900185
109730.9454199674 123673.2846198385
111307.8712358489 122854.2992772935
104140.0266182057 115647.2282628977
113888.2952982005 124492.2699623835
108584.0902811445 114828.2429203527
107580.5920346744 118923.1696330776
112454.7263746719 119414.5608386046
104570.0972952643 113190.2722352627
107150.5213576158 117612.7930850056
107437.2351423216 118267.9813590416
108297.3764964388 119250.7637700956
108010.6627117330 116793.8077424607
110591.0867740846 120888.7344551856
111021.1574511432 119086.9667015866
121199.4968081967 112207.4898242088
124496.7053323126 113190.2722352627
124926.7760093712 110897.1132761368
129084.1258876043 111224.7074131548
123493.2070858425 119250.7637700956
127077.1293946642 113026.4751667537
123636.5639781954 118923.1696330776
123349.8501934896 111224.7074131548
131234.4792728972 112698.8810297357
123063.1364087839 118595.5754960596
123636.5639781954 117612.7930850056
127507.2000717227 114500.6487833347
122202.9950546667 113190.2722352627
124066.6346552540 112698.8810297357
127077.1293946642 112371.2868927177
135965.2567205418 110897.1132761368
122059.6381623139 118923.1696330776
129944.2672417215 112371.2868927177
123779.9208705482 112698.8810297357
126503.7018252527 114173.0546463167
122202.9950546667 117285.1989479877
122776.4226240782 118431.7784275506
125213.4897940769 115974.8223999157
131951.2637346616 111552.3015501728
132237.9775193673 112862.6780982447
121629.5674852553 114173.0546463167
133241.4757658374 111716.0986186818
128367.3414258399 113517.8663722807
129514.1965646629 111879.8956871908
125930.2742558412 112371.2868927177

111451.2281282018 121216.3285922036
105000.1679723229 117940.3872220236
109730.9454199674 127113.0230585275
105430.2386493815 115811.0253314067
111451.2281282018 122526.7051402755
107437.2351423216 118595.5754960596
104283.3835105585 111552.3015501728
114175.0090829063 122854.2992772935
108154.0196040859 114009.2575778077
105143.5248646757 116138.6194684247
112741.4401593776 124000.8787568565
111451.2281282018 121380.1256607126
106003.6662187929 114500.6487833347
109300.8747429088 127276.8201270365
110877.8005587903 119742.1549756226
114891.7935446706 121380.1256607126
107437.2351423216 114336.8517148257
108154.0196040859 119742.1549756226
107437.2351423216 117612.7930850056
109587.5885276146 117448.9960164966
106290.3800034986 117612.7930850056
104856.8110799700 116793.8077424607
111164.5143434961 126949.2259900185
109014.1609582031 115319.6341258797
109730.9454199674 123837.0816883475
112168.0125899661 117448.9960164966
109157.5178505560 126294.0377159825
105000.1679723229 116138.6194684247
106003.6662187929 116302.4165369337
114461.7228676120 123018.0963458025
109300.8747429088 117448.9960164966
106863.8075729101 118595.5754960596
110734.4436664375 119250.7637700956
113601.5815134948 121707.7197977306
108297.3764964388 121052.5315236946
109300.8747429088 125802.6465104555
114748.4366523177 120397.3432496586
108870.8040658502 123673.2846198385
109014.1609582031 125147.4582364195
105716.9524340872 120233.5461811496
105430.2386493815 117121.4018794787
106577.0937882044 116138.6194684247
112598.0832670247 120888.7344551856
114605.0797599649 122526.7051402755
111737.9419129075 117612.7930850056
109300.8747429088 125638.8494419465
113888.2952982005 122199.1110032576
113171.5108364362 120888.7344551856
113744.9384058477 122690.5022087845
110447.7298817317 126130.2406474735
110304.3729893789 118923.1696330776
112598.0832670247 121707.7197977306
108727.4471734974 115483.4311943887
109444.2316352617 126294.0377159825
112598.0832670247 120069.7491126406
102993.1714793827 109914.3308650828
111881.2988052604 121871.5168662396
112311.3694823190 117940.3872220236
105716.9524340872 114664.4458518437
110304.3729893789 123673.2846198385
121772.9243776081 117121.4018794787
124066.6346552540 117940.3872220236
126360.3449328998 113845.4605092987
127220.4862870170 113845.4605092987
133958.2602276017 111224.7074131548
123206.4933011368 113190.2722352627
125500.2035787826 113845.4605092987
133958.2602276017 111552.3015501728
124066.6346552540 110897.1132761368
132237.9775193673 111879.8956871908
131521.1930576030 112862.6780982447
130947.7654881915 113354.0693037717
128510.6983181928 114336.8517148257
127793.9138564285 114173.0546463167
135821.8998281889 111224.7074131548
127220.4862870170 111388.5044816638
129370.8396723100 111060.9103446458
129944.2672417215 111060.9103446458
122489.7088393725 116630.0106739517
128940.7689952514 112043.6927556998
128223.9845334871 114009.2575778077
127650.5569640756 111388.5044816638
126647.0587176056 111552.3015501728
134244.9740123074 111388.5044816638
132237.9775193673 112862.6780982447
123349.8501934896 116793.8077424607
121629.5674852553 115811.0253314067
124783.4191170183 115647.2282628977
122059.6381623139 115483.4311943887
133241.4757658374 111552.3015501728

102276.3870176184 109914.3308650828
103853.3128334999 112698.8810297357
104140.0266182057 113845.4605092987
104426.7404029114 111716.0986186818
104570.0972952643 114500.6487833347
106147.0231111458 114664.4458518437
106290.3800034986 120233.5461811496
106433.7368958515 115319.6341258797
106433.7368958515 122854.2992772935
106720.4506805572 120397.3432496586
107150.5213576158 120397.3432496586
107293.8782499687 113026.4751667537
107293.8782499687 118759.3725645686
107580.5920346744 114336.8517148257
107580.5920346744 121543.9227292216
107867.3058193802 114173.0546463167
108010.6627117330 127604.4142640544
108154.0196040859 120397.3432496586
108297.3764964388 116138.6194684247
108440.7333887916 121543.9227292216
108584.0902811445 124328.4728938745
108870.8040658502 124983.6611679105
109014.1609582031 118267.9813590416
109157.5178505560 116957.6048109697
109157.5178505560 124656.0670308925
109157.5178505560 126949.2259900185
109444.2316352617 123837.0816883475
109730.9454199674 119742.1549756226
109874.3023123203 127113.0230585275
110447.7298817317 117121.4018794787
110591.0867740846 119250.7637700956
110734.4436664375 117612.7930850056
110734.4436664375 121216.3285922036
111021.1574511432 117448.9960164966
111451.2281282018 116793.8077424607
111451.2281282018 119086.9667015866
111737.9419129075 117612.7930850056
111881.2988052604 125475.0523734375
112024.6556976133 118104.1842905326
112168.0125899661 121707.7197977306
112311.3694823190 125311.2553049285
112598.0832670247 121216.3285922036
112884.7970517305 118267.9813590416
112884.7970517305 125966.4435789645
113314.8677287891 125311.2553049285
114175.0090829063 119578.3579071136
110017.6592046732 116630.0106739517
110017.6592046732 126785.4289215095
113601.5815134948 120724.9373866766
105286.8817570286 114336.8517148257
107007.1644652630 115319.6341258797
107293.8782499687 124164.6758253655
110304.3729893789 124492.2699623835
105860.3093264401 121052.5315236946
105860.3093264401 119578.3579071136
103279.8852640885 112698.8810297357
110734.4436664375 116302.4165369337
111164.5143434961 119250.7637700956
114605.0797599649 122035.3139347486
106147.0231111458 116957.6048109697
120769.4261311381 111552.3015501728
121056.1399158438 112207.4898242088
121486.2105929024 112043.6927556998
121629.5674852553 115647.2282628977
121772.9243776081 110897.1132761368
121772.9243776081 112207.4898242088
121772.9243776081 116466.2136054427
122059.6381623139 114500.6487833347
122059.6381623139 114992.0399888617
122059.6381623139 117776.5901535146
123063.1364087839 113190.2722352627
123063.1364087839 118759.3725645686
123349.8501934896 118759.3725645686
123493.2070858425 113517.8663722807
123636.5639781954 118595.5754960596
123779.9208705482 111552.3015501728
123923.2777629011 115974.8223999157
124496.7053323126 117121.4018794787
124783.4191170183 111388.5044816638
124926.7760093712 114828.2429203527
125786.9173634884 115647.2282628977
126647.0587176056 111552.3015501728
127507.2000717227 110897.1132761368
129227.4827799571 113354.0693037717
129657.5534570157 113354.0693037717
132381.3344117202 111716.0986186818
133528.1895505431 112371.2868927177
135248.4722587775 111388.5044816638
127363.8431793699 113681.6634407897
124209.9915476068 115155.8370573707

110304.3729893789 116138.6194684247
113744.9384058477 123673.2846198385
114175.0090829063 123181.8934143115
113888.2952982005 119414.5608386046
105000.1679723229 117940.3872220236
102706.4576946770 111060.9103446458
107580.5920346744 116957.6048109697
108727.4471734974 126294.0377159825
109730.9454199674 116630.0106739517
110877.8005587903 125311.2553049285
110734.4436664375 122362.9080717665
108440.7333887916 114992.0399888617
111881.2988052604 117448.9960164966
103709.9559411471 112207.4898242088
112024.6556976133 124000.8787568565
108154.0196040859 118267.9813590416
109444.2316352617 120561.1403181676
106863.8075729101 116793.8077424607
113314.8677287891 120069.7491126406
112884.7970517305 119414.5608386046
107007.1644652630 115974.8223999157
109157.5178505560 117285.1989479877
106720.4506805572 117121.4018794787
112741.4401593776 123181.8934143115
109444.2316352617 115155.8370573707
110877.8005587903 124492.2699623835
113888.2952982005 124656.0670308925
111164.5143434961 123345.6904828205
110447.7298817317 120561.1403181676
113888.2952982005 121543.9227292216
103566.5990487942 112862.6780982447
109874.3023123203 123018.0963458025
108297.3764964388 114500.6487833347
108297.3764964388 128095.8054695814
114461.7228676120 122854.2992772935
105286.8817570286 115155.8370573707
107150.5213576158 122362.9080717665
106720.4506805572 116302.4165369337
109300.8747429088 125147.4582364195
103996.6697258528 110241.9250021008
113601.5815134948 121871.5168662396
111737.9419129075 118759.3725645686
115321.8642217292 120069.7491126406
112168.0125899661 120724.9373866766
111737.9419129075 125638.8494419465
114031.6521905534 119742.1549756226
112598.0832670247 118759.3725645686
107437.2351423216 122526.7051402755
108584.0902811445 126785.4289215095
107437.2351423216 115319.6341258797
106577.0937882044 114009.2575778077
103996.6697258528 111060.9103446458
106577.0937882044 115811.0253314067
108584.0902811445 120069.7491126406
112168.0125899661 117776.5901535146
111737.9419129075 122690.5022087845
112598.0832670247 123345.6904828205
107867.3058193802 116302.4165369337
104283.3835105585 115319.6341258797
114461.7228676120 121871.5168662396
135391.8291511303 110897.1132761368
125786.9173634884 112698.8810297357
122202.9950546667 113517.8663722807
128367.3414258399 112371.2868927177
123779.9208705482 117448.9960164966
122059.6381623139 115155.8370573707
121629.5674852553 114664.4458518437
134531.6877970131 111388.5044816638
131521.1930576030 111552.3015501728
122776.4226240782 119742.1549756226
123493.2070858425 115974.8223999157
125070.1329017240 115811.0253314067
121199.4968081967 113026.4751667537
132524.6913040730 111552.3015501728
122346.3519470196 116466.2136054427
122489.7088393725 113681.6634407897
123636.5639781954 114009.2575778077
133671.5464428960 111388.5044816638
123493.2070858425 119086.9667015866
126503.7018252527 114664.4458518437
125500.2035787826 114992.0399888617
128797.4121028985 111879.8956871908
126216.9880405470 110897.1132761368
124209.9915476068 115155.8370573707
133671.5464428960 112207.4898242088
130230.9810264272 112371.2868927177
130374.3379187801 113517.8663722807
127077.1293946642 112862.6780982447
129227.4827799571 113517.8663722807
129514.1965646629 111224.7074131548

101989.6732329127 108767.7513855198
102276.3870176184 109914.3308650828
103566.5990487942 113190.2722352627
104426.7404029114 114009.2575778077
105143.5248646757 117121.4018794787
105573.5955417343 113190.2722352627
105860.3093264401 116793.8077424607
105860.3093264401 121052.5315236946
106147.0231111458 112207.4898242088
106147.0231111458 114664.4458518437
106433.7368958515 115319.6341258797
106720.4506805572 114173.0546463167
106720.4506805572 122854.2992772935
107007.1644652630 115319.6341258797
107293.8782499687 113026.4751667537
107293.8782499687 118759.3725645686
107293.8782499687 124164.6758253655
107867.3058193802 114173.0546463167
108154.0196040859 120397.3432496586
108727.4471734974 118595.5754960596
108870.8040658502 125475.0523734375
109014.1609582031 118267.9813590416
109444.2316352617 121380.1256607126
109730.9454199674 119742.1549756226
109730.9454199674 125475.0523734375
109874.3023123203 127113.0230585275
110447.7298817317 117121.4018794787
110447.7298817317 120888.7344551856
110591.0867740846 124819.8640994015
110734.4436664375 121216.3285922036
110734.4436664375 123837.0816883475
111021.1574511432 117448.9960164966
111307.8712358489 125638.8494419465
112024.6556976133 123018.0963458025
112168.0125899661 118431.7784275506
112884.7970517305 118267.9813590416
112884.7970517305 119742.1549756226
113171.5108364362 118595.5754960596
113601.5815134948 118431.7784275506
113888.2952982005 123509.4875513295
114605.0797599649 120724.9373866766
108297.3764964388 122362.9080717665
109300.8747429088 119250.7637700956
110734.4436664375 117285.1989479877
109444.2316352617 116466.2136054427
106433.7368958515 122854.2992772935
110734.4436664375 116302.4165369337
112598.0832670247 121216.3285922036
103279.8852640885 112698.8810297357
108870.8040658502 120888.7344551856
110877.8005587903 127604.4142640544
106577.0937882044 120397.3432496586
110017.6592046732 116630.0106739517
108010.6627117330 119086.9667015866
106863.8075729101 120069.7491126406
104426.7404029114 112698.8810297357
108440.7333887916 121543.9227292216
111737.9419129075 122690.5022087845
105573.5955417343 112535.0839612267
113314.8677287891 123181.8934143115
120769.4261311381 111552.3015501728
121056.1399158438 111879.8956871908
121486.2105929024 112043.6927556998
121772.9243776081 110897.1132761368
122059.6381623139 114992.0399888617
122059.6381623139 118431.7784275506
122489.7088393725 114009.2575778077
123063.1364087839 113190.2722352627
123493.2070858425 113517.8663722807
123636.5639781954 118595.5754960596
124066.6346552540 111716.0986186818
124066.6346552540 112043.6927556998
124353.3484399597 112371.2868927177
124496.7053323126 117121.4018794787
125500.2035787826 114992.0399888617
126360.3449328998 113354.0693037717
127077.1293946642 115319.6341258797
127650.5569640756 114336.8517148257
129227.4827799571 111552.3015501728
132668.0481964259 112698.8810297357
133241.4757658374 112371.2868927177
124066.6346552540 112535.0839612267
135248.4722587775 111388.5044816638
127937.2707487813 112371.2868927177
123779.9208705482 111060.9103446458
123063.1364087839 117776.5901535146
122776.4226240782 113190.2722352627
124783.4191170183 114336.8517148257
122489.7088393725 121216.3285922036
124066.6346552540 115483.4311943887

108440.7333887916 125475.0523734375
114748.4366523177 121707.7197977306
111164.5143434961 126949.2259900185
106863.8075729101 116630.0106739517
109874.3023123203 121380.1256607126
107580.5920346744 123018.0963458025
106003.6662187929 117940.3872220236
111307.8712358489 122199.1110032576
111594.5850205547 117448.9960164966
111737.9419129075 121216.3285922036
112741.4401593776 124656.0670308925
106003.6662187929 112698.8810297357
109444.2316352617 117612.7930850056
102706.4576946770 110405.7220706098
110017.6592046732 124819.8640994015
103566.5990487942 111060.9103446458
114031.6521905534 120397.3432496586
103136.5283717356 109914.3308650828
107723.9489270273 115155.8370573707
107580.5920346744 117940.3872220236
114031.6521905534 124164.6758253655
108010.6627117330 115483.4311943887
112454.7263746719 121380.1256607126
109444.2316352617 120069.7491126406
111451.2281282018 120397.3432496586
113601.5815134948 120724.9373866766
113171.5108364362 122854.2992772935
110304.3729893789 115974.8223999157
113314.8677287891 122199.1110032576
102563.1008023241 109750.5337965738
113888.2952982005 121380.1256607126
109874.3023123203 125966.4435789645
113458.2246211419 125966.4435789645
113314.8677287891 119905.9520441316
113171.5108364362 125638.8494419465
108010.6627117330 114500.6487833347
102849.8145870299 111224.7074131548
104283.3835105585 112535.0839612267
103996.6697258528 113026.4751667537
109730.9454199674 116466.2136054427
113314.8677287891 120561.1403181676
109874.3023123203 126457.8347844915
104283.3835105585 115155.8370573707
105573.5955417343 116302.4165369337
108010.6627117330 126294.0377159825
111881.2988052604 121543.9227292216
114031.6521905534 120888.7344551856
105143.5248646757 116466.2136054427
108727.4471734974 118759.3725645686
104426.7404029114 114500.6487833347
109444.2316352617 126130.2406474735
105286.8817570286 116793.8077424607
106290.3800034986 122199.1110032576
110734.4436664375 123509.4875513295
113028.1539440833 121543.9227292216
108297.3764964388 117448.9960164966
106863.8075729101 118759.3725645686
104570.0972952643 117121.4018794787
114748.4366523177 121052.5315236946
109874.3023123203 121707.7197977306
131807.9068423087 111879.8956871908
133958.2602276017 111879.8956871908
126360.3449328998 115483.4311943887
135248.4722587775 111224.7074131548
126647.0587176056 113026.4751667537
120912.7830234909 112043.6927556998
127507.2000717227 112043.6927556998
130804.4085958387 112207.4898242088
123063.1364087839 117448.9960164966
129084.1258876043 111716.0986186818
124209.9915476068 114500.6487833347
132524.6913040730 111060.9103446458
128654.0552105457 113354.0693037717
131377.8361652501 113026.4751667537
124496.7053323126 116138.6194684247
127220.4862870170 114992.0399888617
123636.5639781954 114336.8517148257
131521.1930576030 113190.2722352627
126073.6311481941 114828.2429203527
126790.4156099584 115483.4311943887
133241.4757658374 110897.1132761368
131234.4792728972 111388.5044816638
122776.4226240782 119905.9520441316
120912.7830234909 111552.3015501728
127220.4862870170 112535.0839612267
124209.9915476068 113845.4605092987
125643.5604711355 113845.4605092987
128080.6276411342 112862.6780982447
123636.5639781954 118595.5754960596
128080.6276411342 113845.4605092987

103566.5990487942 110405.7220706098
111021.1574511432 119742.1549756226
113888.2952982005 119905.9520441316
109444.2316352617 125475.0523734375
107437.2351423216 118759.3725645686
111594.5850205547 124164.6758253655
105860.3093264401 117285.1989479877
111451.2281282018 118923.1696330776
108010.6627117330 116466.2136054427
108440.7333887916 126949.2259900185
109730.9454199674 115155.8370573707
107580.5920346744 124819.8640994015
106863.8075729101 120069.7491126406
103136.5283717356 110569.5191391188
108010.6627117330 114664.4458518437
113601.5815134948 121707.7197977306
108440.7333887916 124656.0670308925
110877.8005587903 124983.6611679105
106577.0937882044 122199.1110032576
113888.2952982005 124164.6758253655
107723.9489270273 118923.1696330776
112598.0832670247 120069.7491126406
107293.8782499687 118104.1842905326
107580.5920346744 115811.0253314067
102419.7439099713 110241.9250021008
108584.0902811445 116466.2136054427
104570.0972952643 116957.6048109697
110017.6592046732 122854.2992772935
111307.8712358489 123509.4875513295
105860.3093264401 115483.4311943887
112168.0125899661 118595.5754960596
108727.4471734974 125966.4435789645
109874.3023123203 121543.9227292216
114175.0090829063 121543.9227292216
109014.1609582031 118759.3725645686
106290.3800034986 120561.1403181676
114461.7228676120 120233.5461811496
112598.0832670247 123181.8934143115
109014.1609582031 121871.5168662396
107580.5920346744 121871.5168662396
102419.7439099713 109750.5337965738
112884.7970517305 120561.1403181676
114748.4366523177 121052.5315236946
108440.7333887916 120233.5461811496
104856.8110799700 111060.9103446458
110017.6592046732 120561.1403181676
113314.8677287891 122690.5022087845
108154.0196040859 126130.2406474735
110017.6592046732 120888.7344551856
105286.8817570286 118104.1842905326
106577.0937882044 119905.9520441316
102849.8145870299 109914.3308650828
106433.7368958515 113681.6634407897
105430.2386493815 118431.7784275506
109157.5178505560 117285.1989479877
106003.6662187929 117940.3872220236
105716.9524340872 111879.8956871908
110734.4436664375 126457.8347844915
102133.0301252655 109586.7367280648
110447.7298817317 125966.4435789645
122489.7088393725 116302.4165369337
129800.9103493686 113190.2722352627
132524.6913040730 112043.6927556998
120482.7123464323 111060.9103446458
121056.1399158438 111552.3015501728
131807.9068423087 111224.7074131548
123349.8501934896 117285.1989479877
131091.1223805444 112371.2868927177
133098.1188734845 111224.7074131548
136538.6842899533 110897.1132761368
124209.9915476068 116302.4165369337
124209.9915476068 112535.0839612267
127937.2707487813 112371.2868927177
126216.9880405470 111224.7074131548
128223.9845334871 112371.2868927177
130517.6948111329 112535.0839612267
122202.9950546667 111716.0986186818
122776.4226240782 114009.2575778077
135105.1153664246 111552.3015501728
123349.8501934896 116630.0106739517
126790.4156099584 114009.2575778077
130230.9810264272 113517.8663722807
125070.1329017240 114992.0399888617
122202.9950546667 116466.2136054427
126073.6311481941 114992.0399888617
124640.0622246654 112698.8810297357
128797.4121028985 113517.8663722807
124066.6346552540 114336.8517148257
130517.6948111329 110897.1132761368
132668.0481964259 110897.1132761368

114461.7228676120 122854.2992772935
106577.0937882044 112862.6780982447
110017.6592046732 122199.1110032576
114748.4366523177 121380.1256607126
109730.9454199674 127604.4142640544
109014.1609582031 127276.8201270365
111021.1574511432 125311.2553049285
114318.3659752591 122526.7051402755
103566.5990487942 110078.1279335918
106433.7368958515 116793.8077424607
111594.5850205547 120888.7344551856
113458.2246211419 125802.6465104555
109874.3023123203 117612.7930850056
105430.2386493815 117285.1989479877
104140.0266182057 114009.2575778077
107867.3058193802 117285.1989479877
107293.8782499687 125311.2553049285
109874.3023123203 127276.8201270365
112024.6556976133 118759.3725645686
114175.0090829063 120069.7491126406
111307.8712358489 125638.8494419465
106863.8075729101 117776.5901535146
113744.9384058477 121380.1256607126
108010.6627117330 117121.4018794787
110304.3729893789 116630.0106739517
107867.3058193802 117121.4018794787
112741.4401593776 120888.7344551856
110447.7298817317 126621.6318530005
111451.2281282018 122854.2992772935
108584.0902811445 127932.0084010724
114891.7935446706 121380.1256607126
112024.6556976133 124819.8640994015
112741.4401593776 123345.6904828205
110017.6592046732 117612.7930850056
110017.6592046732 122690.5022087845
109587.5885276146 121871.5168662396
111164.5143434961 124819.8640994015
112884.7970517305 123837.0816883475
112168.0125899661 119414.5608386046
110017.6592046732 120561.1403181676
106863.8075729101 118104.1842905326
109300.8747429088 121707.7197977306
113601.5815134948 123837.0816883475
108440.7333887916 117612.7930850056
114318.3659752591 121216.3285922036
111737.9419129075 124656.0670308925
102419.7439099713 108931.5484540288
114031.6521905534 123837.0816883475
106863.8075729101 114828.2429203527
111594.5850205547 116793.8077424607
106290.3800034986 112698.8810297357
104570.0972952643 114992.0399888617
104283.3835105585 116138.6194684247
111164.5143434961 122690.5022087845
107723.9489270273 123673.2846198385
114605.0797599649 121380.1256607126
113601.5815134948 122362.9080717665
103566.5990487942 113354.0693037717
113744.9384058477 120233.5461811496
111164.5143434961 122854.2992772935
129657.5534570157 111388.5044816638
126216.9880405470 115483.4311943887
130517.6948111329 110897.1132761368
121916.2812699610 116957.6048109697
123923.2777629011 115974.8223999157
122059.6381623139 117940.3872220236
129657.5534570157 112862.6780982447
125930.2742558412 113026.4751667537
132094.6206270144 111716.0986186818
123063.1364087839 112043.6927556998
125786.9173634884 115811.0253314067
121486.2105929024 114828.2429203527
122059.6381623139 117285.1989479877
135678.5429358361 110897.1132761368
124926.7760093712 112698.8810297357
122346.3519470196 117612.7930850056
133384.8326581902 111552.3015501728
123923.2777629011 114500.6487833347
128510.6983181928 112371.2868927177
127363.8431793699 114009.2575778077
132811.4050887788 112207.4898242088
126503.7018252527 112698.8810297357
131807.9068423087 111552.3015501728
126933.7725023113 111879.8956871908
125930.2742558412 111552.3015501728
126503.7018252527 111879.8956871908
128940.7689952514 111552.3015501728
129514.1965646629 113354.0693037717
132524.6913040730 111224.7074131548
128223.9845334871 111388.5044816638

101989.6732329127 108767.7513855198
102276.3870176184 109914.3308650828
103279.8852640885 112207.4898242088
103566.5990487942 113354.0693037717
104140.0266182057 112698.8810297357
104426.7404029114 111716.0986186818
104426.7404029114 113681.6634407897
104856.8110799700 112371.2868927177
105860.3093264401 121052.5315236946
106720.4506805572 114173.0546463167
107007.1644652630 113681.6634407897
107580.5920346744 114336.8517148257
107867.3058193802 121543.9227292216
108154.0196040859 128259.6025380904
108440.7333887916 121052.5315236946
108584.0902811445 124328.4728938745
108727.4471734974 118104.1842905326
108870.8040658502 124328.4728938745
109014.1609582031 127604.4142640544
109157.5178505560 126949.2259900185
109444.2316352617 120561.1403181676
109587.5885276146 118104.1842905326
109730.9454199674 119742.1549756226
110017.6592046732 126785.4289215095
110161.0160970260 116138.6194684247
110304.3729893789 124492.2699623835
110734.4436664375 121216.3285922036
110734.4436664375 124164.6758253655
110877.8005587903 127276.8201270365
111307.8712358489 125638.8494419465
111307.8712358489 126621.6318530005
112168.0125899661 118431.7784275506
112168.0125899661 121707.7197977306
112598.0832670247 121216.3285922036
113314.8677287891 118595.5754960596
113314.8677287891 123345.6904828205
113601.5815134948 118431.7784275506
107867.3058193802 114173.0546463167
105286.8817570286 113517.8663722807
113171.5108364362 121216.3285922036
106863.8075729101 119414.5608386046
110877.8005587903 127604.4142640544
109157.5178505560 115155.8370573707
106147.0231111458 112207.4898242088
111594.5850205547 125311.2553049285
106577.0937882044 112862.6780982447
108870.8040658502 124983.6611679105
110447.7298817317 127768.2113325634
110734.4436664375 117121.4018794787
110591.0867740846 119250.7637700956
111737.9419129075 119905.9520441316
110017.6592046732 116630.0106739517
105000.1679723229 116793.8077424607
113888.2952982005 123509.4875513295
113601.5815134948 120724.9373866766
105860.3093264401 111879.8956871908
107437.2351423216 117612.7930850056
112884.7970517305 121871.5168662396
112024.6556976133 123018.0963458025
114175.0090829063 121380.1256607126
120339.3554540795 111716.0986186818
120626.0692387852 111060.9103446458
121486.2105929024 112043.6927556998
122059.6381623139 119742.1549756226
122489.7088393725 114009.2575778077
123493.2070858425 111552.3015501728
124066.6346552540 111716.0986186818
124066.6346552540 115483.4311943887
124496.7053323126 113190.2722352627
124496.7053323126 117121.4018794787
125213.4897940769 114500.6487833347
125786.9173634884 115811.0253314067
126073.6311481941 113354.0693037717
126647.0587176056 110897.1132761368
127077.1293946642 114828.2429203527
127937.2707487813 114828.2429203527
129227.4827799571 111552.3015501728
129657.5534570157 113354.0693037717
130804.4085958387 111716.0986186818
131377.8361652501 111716.0986186818
131377.8361652501 113026.4751667537
132668.0481964259 112698.8810297357
133241.4757658374 112371.2868927177
133528.1895505431 112371.2868927177
128367.3414258399 114336.8517148257
127937.2707487813 112371.2868927177
126073.6311481941 111716.0986186818
124926.7760093712 115155.8370573707
123349.8501934896 118759.3725645686
124926.7760093712 111224.7074131548

103279.8852640885 110078.1279335918
104283.3835105585 115483.4311943887
104570.0972952643 116793.8077424607
105286.8817570286 112698.8810297357
105286.8817570286 116302.4165369337
105573.5955417343 114336.8517148257
106147.0231111458 119578.3579071136
106290.3800034986 112207.4898242088
107007.1644652630 121052.5315236946
108010.6627117330 122526.7051402755
108154.0196040859 114992.0399888617
108154.0196040859 125475.0523734375
108584.0902811445 124000.8787568565
109014.1609582031 127276.8201270365
109157.5178505560 124983.6611679105
109300.8747429088 126785.4289215095
109444.2316352617 116138.6194684247
110161.0160970260 123345.6904828205
110304.3729893789 119086.9667015866
110734.4436664375 116138.6194684247
111021.1574511432 121871.5168662396
111307.8712358489 119086.9667015866
111451.2281282018 124819.8640994015
111594.5850205547 120724.9373866766
112024.6556976133 123837.0816883475
112741.4401593776 123837.0816883475
113028.1539440833 126130.2406474735
113888.2952982005 124656.0670308925
114605.0797599649 119578.3579071136
114891.7935446706 120561.1403181676
107437.2351423216 113190.2722352627
111451.2281282018 125475.0523734375
106147.0231111458 114173.0546463167
109014.1609582031 120561.1403181676
109157.5178505560 127768.2113325634
107007.1644652630 113190.2722352627
110877.8005587903 119905.9520441316
106720.4506805572 119414.5608386046
107723.9489270273 116793.8077424607
104140.0266182057 114664.4458518437
111881.2988052604 120233.5461811496
112884.7970517305 123018.0963458025
105000.1679723229 113517.8663722807
107293.8782499687 116466.2136054427
105860.3093264401 114173.0546463167
104713.4541876171 113517.8663722807
106577.0937882044 114828.2429203527
107437.2351423216 122526.7051402755
107723.9489270273 114828.2429203527
113028.1539440833 119578.3579071136
102563.1008023241 109422.9396595558
104283.3835105585 114500.6487833347
108440.7333887916 127604.4142640544
113314.8677287891 121052.5315236946
108154.0196040859 119086.9667015866
111737.9419129075 125311.2553049285
111307.8712358489 123673.2846198385
114175.0090829063 119578.3579071136
106577.0937882044 120233.5461811496
105860.3093264401 117940.3872220236
122059.6381623139 113354.0693037717
122202.9950546667 117776.5901535146
123063.1364087839 112535.0839612267
123779.9208705482 110897.1132761368
123923.2777629011 118104.1842905326
124640.0622246654 111388.5044816638
127220.4862870170 111388.5044816638
128797.4121028985 113845.4605092987
128940.7689952514 111224.7074131548
128940.7689952514 111716.0986186818
129657.5534570157 111716.0986186818
129944.2672417215 113354.0693037717
130804.4085958387 112862.6780982447
131951.2637346616 111552.3015501728
132954.7619811316 111060.9103446458
135248.4722587775 111388.5044816638
123063.1364087839 120069.7491126406
120912.7830234909 111388.5044816638
124209.9915476068 114009.2575778077
124926.7760093712 112207.4898242088
133528.1895505431 111879.8956871908
130230.9810264272 113517.8663722807
128223.9845334871 112535.0839612267
126073.6311481941 114992.0399888617
128223.9845334871 111060.9103446458
123923.2777629011 114336.8517148257
131234.4792728972 111552.3015501728
122776.4226240782 114009.2575778077
125930.2742558412 113845.4605092987
127650.5569640756 114828.2429203527

113744.9384058477 119905.9520441316
107437.2351423216 117121.4018794787
109157.5178505560 117448.9960164966
113888.2952982005 122690.5022087845
108440.7333887916 125147.4582364195
106720.4506805572 115974.8223999157
111881.2988052604 118595.5754960596
113028.1539440833 122690.5022087845
111164.5143434961 122690.5022087845
107723.9489270273 122526.7051402755
105716.9524340872 114664.4458518437
112598.0832670247 118267.9813590416
110591.0867740846 126785.4289215095
108297.3764964388 117612.7930850056
110447.7298817317 117285.1989479877
103709.9559411471 112862.6780982447
114748.4366523177 121052.5315236946
114031.6521905534 120397.3432496586
113028.1539440833 123345.6904828205
107867.3058193802 115483.4311943887
104426.7404029114 111060.9103446458
109444.2316352617 116138.6194684247
104856.8110799700 117776.5901535146
112884.7970517305 120724.9373866766
108154.0196040859 116793.8077424607
111451.2281282018 124164.6758253655
105860.3093264401 119578.3579071136
107867.3058193802 115974.8223999157
104140.0266182057 115647.2282628977
105430.2386493815 117121.4018794787
109157.5178505560 124492.2699623835
109157.5178505560 118431.7784275506
104140.0266182057 110897.1132761368
110591.0867740846 119414.5608386046
112311.3694823190 121380.1256607126
111021.1574511432 119905.9520441316
107007.1644652630 119905.9520441316
106720.4506805572 116957.6048109697
108297.3764964388 115811.0253314067
110161.0160970260 125966.4435789645
115178.5073293763 120888.7344551856
103279.8852640885 113026.4751667537
109444.2316352617 125311.2553049285
110877.8005587903 122854.2992772935
107293.8782499687 120397.3432496586
110447.7298817317 117940.3872220236
108727.4471734974 127768.2113325634
109730.9454199674 123673.2846198385
110734.4436664375 116138.6194684247
114605.0797599649 122362.9080717665
113458.2246211419 121543.9227292216
106863.8075729101 122690.5022087845
106720.4506805572 119742.1549756226
113314.8677287891 124656.0670308925
102849.8145870299 111060.9103446458
108154.0196040859 126294.0377159825
110877.8005587903 125802.6465104555
107580.5920346744 124000.8787568565
107580.5920346744 116302.4165369337
106290.3800034986 116630.0106739517
122202.9950546667 116630.0106739517
121772.9243776081 115483.4311943887
124640.0622246654 115811.0253314067
127220.4862870170 115155.8370573707
124353.3484399597 115319.6341258797
129657.5534570157 113354.0693037717
121342.8537005495 113190.2722352627
127220.4862870170 113517.8663722807
132954.7619811316 111060.9103446458
130374.3379187801 112371.2868927177
126647.0587176056 112698.8810297357
128510.6983181928 114173.0546463167
123349.8501934896 116302.4165369337
124209.9915476068 117285.1989479877
121629.5674852553 113190.2722352627
124353.3484399597 115483.4311943887
131521.1930576030 111879.8956871908
129084.1258876043 111224.7074131548
124353.3484399597 115811.0253314067
126790.4156099584 112535.0839612267
127793.9138564285 114336.8517148257
121916.2812699610 115155.8370573707
130517.6948111329 112207.4898242088
125070.1329017240 112698.8810297357
127507.2000717227 114500.6487833347
132237.9775193673 112698.8810297357
123063.1364087839 119086.9667015866
122919.7795164311 112371.2868927177
122776.4226240782 120724.9373866766
128940.7689952514 113517.8663722807

105860.3093264401 114173.0546463167
111594.5850205547 120724.9373866766
112598.0832670247 125311.2553049285
109014.1609582031 127276.8201270365
112741.4401593776 123837.0816883475
107007.1644652630 121052.5315236946
102419.7439099713 110241.9250021008
104283.3835105585 114500.6487833347
108010.6627117330 122526.7051402755
108584.0902811445 124000.8787568565
106577.0937882044 118267.9813590416
111737.9419129075 125311.2553049285
113171.5108364362 124328.4728938745
104283.3835105585 115483.4311943887
113888.2952982005 124656.0670308925
111307.8712358489 119086.9667015866
108440.7333887916 127604.4142640544
111164.5143434961 127604.4142640544
106147.0231111458 114173.0546463167
109157.5178505560 124983.6611679105
108584.0902811445 120069.7491126406
105286.8817570286 112698.8810297357
109730.9454199674 120888.7344551856
107867.3058193802 123837.0816883475
111881.2988052604 120233.5461811496
105286.8817570286 116302.4165369337
110877.8005587903 119905.9520441316
113314.8677287891 121052.5315236946
104570.0972952643 116793.8077424607
103709.9559411471 112043.6927556998
106147.0231111458 119578.3579071136
105286.8817570286 114664.4458518437
106577.0937882044 119742.1549756226
110304.3729893789 119086.9667015866
109444.2316352617 118104.1842905326
110734.4436664375 116138.6194684247
103279.8852640885 110078.1279335918
111451.2281282018 125475.0523734375
104713.4541876171 113517.8663722807
108154.0196040859 125475.0523734375
111021.1574511432 123509.4875513295
113028.1539440833 126130.2406474735
112024.6556976133 123837.0816883475
104713.4541876171 112207.4898242088
109444.2316352617 116138.6194684247
105000.1679723229 113517.8663722807
107007.1644652630 113190.2722352627
106290.3800034986 112207.4898242088
111021.1574511432 121871.5168662396
110161.0160970260 126949.2259900185
114605.0797599649 119578.3579071136
102849.8145870299 111716.0986186818
107150.5213576158 117121.4018794787
111307.8712358489 123673.2846198385
103566.5990487942 110897.1132761368
113314.8677287891 122690.5022087845
114175.0090829063 119578.3579071136
107867.3058193802 126621.6318530005
106577.0937882044 114828.2429203527
105573.5955417343 114336.8517148257
125930.2742558412 113845.4605092987
127220.4862870170 111388.5044816638
123063.1364087839 112535.0839612267
126503.7018252527 115319.6341258797
124640.0622246654 111388.5044816638
129657.5534570157 111716.0986186818
124640.0622246654 116466.2136054427
124926.7760093712 112207.4898242088
125070.1329017240 112698.8810297357
122059.6381623139 115811.0253314067
132954.7619811316 111060.9103446458
123063.1364087839 120069.7491126406
131951.2637346616 111552.3015501728
128223.9845334871 111060.9103446458
125643.5604711355 111060.9103446458
124209.9915476068 114009.2575778077
127507.2000717227 114336.8517148257
135248.4722587775 111388.5044816638
128940.7689952514 111716.0986186818
120482.7123464323 111552.3015501728
122202.9950546667 117776.5901535146
125643.5604711355 115811.0253314067
123923.2777629011 114336.8517148257
129944.2672417215 113354.0693037717
130661.0517034858 110897.1132761368
129084.1258876043 114500.6487833347
130804.4085958387 112862.6780982447
126790.4156099584 114336.8517148257
128654.0552105457 111879.8956871908
123923.2777629011 118104.1842905326

