127128.0278628478 110109.7997069833
120549.6041937609 104818.0476292833
121512.3003404565 105459.4721235500
119105.5599737174 104016.2670114500
127288.4772206304 111071.9364483833
123598.1419916304 108185.5262241833
127288.4772206304 113958.3466725833
128251.1733673261 110109.7997069833
129855.6669451522 115080.8395375500
118945.1106159348 105138.7598764167
127769.8252939783 112996.2099311833
123598.1419916304 108345.8823477500
130497.4643762826 114920.4834139833
121993.6484138044 111071.9364483833
127769.8252939783 114118.7027961500
127128.0278628478 109308.0190891500
129534.7682295869 110911.5803248167
123598.1419916304 107063.0333592167
121993.6484138044 106742.3211120833
118463.7625425869 103214.4863936167
131139.2618074130 112354.7854369167
129855.6669451522 115882.6201553833
128732.5214406739 114760.1272904167
127128.0278628478 110430.5119541167
127448.9265784130 112194.4293133500
138680.7925165571 121352.2168750932
134369.7846868143 119906.7157695509
135966.4542533857 122476.4955127373
134369.7846868143 120549.1607053475
133571.4499035286 117015.7135584661
133092.4490335571 121673.4393429915
133252.1159902143 123921.9966182797
141714.4646930429 120870.3831732458
140117.7951264714 121994.6618108898
132134.4472936143 124564.4415540763
141554.7977363857 121673.4393429915
141395.1307797286 121834.0505769407
133092.4490335571 117176.3247924153
135008.4525134429 123600.7741503814
132773.1151202428 124564.4415540763
132613.4481635857 121673.4393429915
132134.4472936143 123921.9966182797
136285.7881667000 122637.1067466864
131655.4464236428 123118.9404485339
140916.1299097571 121994.6618108898
135168.1194701000 119103.6595998051
138521.1255599000 121512.8281090424
122848.4127431397 130343.9557951221
116922.8688824191 129861.8477373663
115481.5203757573 128897.6316218547
123328.8622453603 127772.7128204244
121887.5137386985 125844.2805894012
116922.8688824191 123594.4429865407
120446.1652320368 123594.4429865407
120766.4649001838 121023.2000118430
122528.1130749927 119576.8758385756
127973.2074334926 128254.8208781802
121086.7645683309 126647.7940189942
123969.4615816544 120862.4973259244
125891.2595905367 129540.4423655291
128934.1064379338 129219.0369936919
129574.7057742279 129058.3343077733
120766.4649001838 122148.1188132732
119325.1163935221 124397.9564161337
120446.1652320368 125362.1725316453
127012.3084290515 128736.9289359360
120926.6147342574 123433.7403006221
122047.6635727720 120219.6865822500
120766.4649001838 120219.6865822500
124610.0609179485 119737.5785244942
122848.4127431397 119094.7677808198
115321.3705416838 126647.7940189942
125891.2595905367 128576.2262500174
126211.5592586838 129058.3343077733
122688.2629090662 130183.2531092035

128251.1733673261 115080.8395375500
131460.1605229783 112515.1415604833
122635.4458449348 112354.7854369167
128732.5214406739 111713.3609426500
124400.3887805435 110590.8680776833
125683.9836428043 108826.9507184500
123116.7939182826 108666.5945948833
122154.0977715870 106742.3211120833
119586.9080470652 106261.2527413833
121030.9522671087 106261.2527413833
121993.6484138044 105940.5404942500
119105.5599737174 103695.5547643167
124560.8381383261 110270.1558305500
125844.4330005870 109949.4435834167
130978.8124496304 113156.5660547500
119266.0093315000 104497.3353821500
128732.5214406739 114599.7711668500
129053.4201562391 110911.5803248167
128732.5214406739 112194.4293133500
127930.2746517609 111232.2925719500
127609.3759361957 113316.9221783167
122474.9964871522 105940.5404942500
118463.7625425869 104176.6231350167
124881.7368538913 109147.6629655833
118463.7625425869 103535.1986407500
135008.4525134429 123921.9966182797
138042.1246899286 123761.3853843305
139798.4612131571 123279.5516824831
135806.7872967286 122958.3292145848
133092.4490335571 122637.1067466864
138361.4586032428 122315.8842787881
135008.4525134429 121994.6618108898
138521.1255599000 121994.6618108898
140437.1290397857 121994.6618108898
141235.4638230714 121994.6618108898
133092.4490335571 121673.4393429915
132613.4481635857 121352.2168750932
133571.4499035286 121191.6056411441
133252.1159902143 121030.9944071949
136924.4559933286 123600.7741503814
136605.1220800143 123440.1629164322
132134.4472936143 121834.0505769407
139798.4612131571 121673.4393429915
139638.7942565000 121994.6618108898
138521.1255599000 121512.8281090424
131495.7794669857 122637.1067466864
135168.1194701000 119424.8820677034
110196.5758513309 130504.6584810407
116762.7190483456 130183.2531092035
123168.7124112868 130183.2531092035
112438.6735283603 129701.1450514477
110997.3250216985 129540.4423655291
125891.2595905367 129540.4423655291
117403.3183846397 129379.7396796105
112438.6735283603 129219.0369936919
115481.5203757573 128897.6316218547
116762.7190483456 128736.9289359360
123809.3117475809 128736.9289359360
112598.8233624338 128576.2262500174
115481.5203757573 128415.5235640988
121887.5137386985 128415.5235640988
118844.6668913015 128254.8208781802
114680.7712053897 127933.4155063430
124770.2107520220 127772.7128204244
118204.0675550073 126969.1993908314
122047.6635727720 126487.0913330756
120286.0153979632 126004.9832753198
117723.6180527868 125522.8752175640
120446.1652320368 125362.1725316453
116122.1197120515 125040.7671598081
117243.1685505662 123755.1456724593
121727.3639046250 123273.0376147035
119805.5658957426 122469.5241851105
120446.1652320368 122469.5241851105
120125.8655638897 121183.9026977616

129695.2175873696 113477.2783018833
127128.0278628478 109949.4435834167
122474.9964871522 106742.3211120833
127769.8252939783 110590.8680776833
118463.7625425869 103374.8425171833
128411.6227251087 113958.3466725833
119586.9080470652 106100.8966178167
125683.9836428043 109468.3752127167
127448.9265784130 113797.9905490167
121993.6484138044 106581.9649885167
125844.4330005870 108666.5945948833
120228.7054781957 104818.0476292833
128251.1733673261 114439.4150432833
121351.8509826739 106100.8966178167
130497.4643762826 115241.1956611167
130818.3630918478 112194.4293133500
131460.1605229783 112515.1415604833
121030.9522671087 109147.6629655833
126646.6797895000 112034.0731897833
129053.4201562391 114118.7027961500
123919.0407071956 108987.3068420167
127448.9265784130 110109.7997069833
126807.1291472826 112194.4293133500
119907.8067626304 105138.7598764167
123919.0407071956 107704.4578534833
139958.1281698143 121512.8281090424
137722.7907766143 121834.0505769407
132773.1151202428 118943.0483658559
131974.7803369571 119906.7157695509
138680.7925165571 121512.8281090424
134848.7855567857 121673.4393429915
138042.1246899286 123761.3853843305
141554.7977363857 121673.4393429915
135008.4525134429 122476.4955127373
135647.1203400714 122155.2730448390
135647.1203400714 121030.9944071949
134050.4507735000 122637.1067466864
133411.7829468714 123279.5516824831
135966.4542533857 121191.6056411441
133411.7829468714 124082.6078522288
137084.1229499857 122797.7179806356
133571.4499035286 116694.4910905678
139638.7942565000 121834.0505769407
134050.4507735000 118300.6034300593
134529.4516434714 123279.5516824831
134848.7855567857 118621.8258979576
134369.7846868143 123921.9966182797
119164.9665594485 120701.7946400058
123008.5625772132 127290.6047626686
121887.5137386985 129379.7396796105
125731.1097564632 118130.5516653081
117243.1685505662 125040.7671598081
112438.6735283603 129058.3343077733
126371.7090927574 117487.7409216337
123168.7124112868 120058.9838963314
128293.5071016397 130183.2531092035
120606.3150661103 125362.1725316453
119485.2662275956 127772.7128204244
120766.4649001838 124558.6591020523
128934.1064379338 129058.3343077733
127012.3084290515 128254.8208781802
120606.3150661103 124719.3617879709
128613.8067697868 129219.0369936919
119805.5658957426 121183.9026977616
120766.4649001838 124076.5510442965
119645.4160616691 127129.9020767500
120446.1652320368 129219.0369936919
115801.8200439044 124076.5510442965
113079.2728646544 128576.2262500174
127492.7579312720 127933.4155063430
119325.1163935221 123594.4429865407
128453.6569357132 129058.3343077733
122367.9632409191 122469.5241851105
115481.5203757573 125201.4698457267
115641.6702098309 130343.9557951221

122314.5471293696 108025.1701006167
123116.7939182826 107063.0333592167
126486.2304317174 108826.9507184500
131299.7111651957 112354.7854369167
126165.3317161522 110751.2242012500
127128.0278628478 112675.4976840500
131460.1605229783 113637.6344254500
119266.0093315000 103695.5547643167
119426.4586892826 105780.1843706833
121191.4016248913 105299.1159999833
127128.0278628478 113797.9905490167
119907.8067626304 104978.4037528500
126004.8823583696 109628.7313362833
127288.4772206304 112996.2099311833
127769.8252939783 114118.7027961500
129695.2175873696 113477.2783018833
129053.4201562391 115561.9079082500
130497.4643762826 112034.0731897833
124079.4900649783 108345.8823477500
131299.7111651957 113477.2783018833
130176.5656607174 112034.0731897833
128411.6227251087 110109.7997069833
126165.3317161522 111553.0048190833
127288.4772206304 111392.6486955167
125523.5342850217 108506.2384713167
134689.1186001286 123600.7741503814
137084.1229499857 122155.2730448390
133890.7838168429 117015.7135584661
137243.7899066428 121512.8281090424
133411.7829468714 123118.9404485339
134689.1186001286 123761.3853843305
133571.4499035286 123440.1629164322
135806.7872967286 123761.3853843305
133252.1159902143 118782.4371319068
133731.1168601857 122476.4955127373
134689.1186001286 121191.6056411441
136924.4559933286 122476.4955127373
134848.7855567857 119103.6595998051
133411.7829468714 122797.7179806356
134210.1177301571 120227.9382374492
134210.1177301571 122797.7179806356
131974.7803369571 124082.6078522288
135647.1203400714 120388.5494713983
133890.7838168429 124403.8303201271
137882.4577332714 123118.9404485339
136605.1220800143 123279.5516824831
133252.1159902143 123600.7741503814
114040.1718690956 130183.2531092035
118684.5170572279 124880.0644738895
120926.6147342574 126326.3886471570
122367.9632409191 122308.8214991919
124770.2107520220 128094.1181922616
118204.0675550073 124237.2537302151
123328.8622453603 120541.0919540872
112278.5236942867 130183.2531092035
112919.1230305809 129219.0369936919
124610.0609179485 118773.3624089826
116122.1197120515 129540.4423655291
118844.6668913015 121344.6053836802
118204.0675550073 126647.7940189942
119325.1163935221 129540.4423655291
113239.4226987279 127129.9020767500
122207.8134068456 128736.9289359360
123328.8622453603 119094.7677808198
117563.4682187132 127933.4155063430
126852.1585949779 128576.2262500174
120606.3150661103 122469.5241851105
119645.4160616691 124880.0644738895
123008.5625772132 128094.1181922616
120766.4649001838 122148.1188132732
120446.1652320368 128897.6316218547
112919.1230305809 129701.1450514477
113399.5725328015 130022.5504232849
112919.1230305809 130022.5504232849
123489.0120794338 129379.7396796105

129855.6669451522 115241.1956611167
127448.9265784130 111232.2925719500
122956.3445605000 108345.8823477500
125844.4330005870 111713.3609426500
128411.6227251087 110430.5119541167
127769.8252939783 114599.7711668500
127288.4772206304 112515.1415604833
122474.9964871522 108185.5262241833
122314.5471293696 111713.3609426500
123437.6926338478 109308.0190891500
118142.8638270217 102893.7741464833
122474.9964871522 105940.5404942500
122956.3445605000 107704.4578534833
129213.8695140217 115401.5517846833
120389.1548359783 104657.6915057167
125363.0849272391 110430.5119541167
123437.6926338478 106742.3211120833
122314.5471293696 107383.7456063500
125844.4330005870 110109.7997069833
117501.0663958913 102412.7057757833
126967.5785050652 110109.7997069833
122154.0977715870 105780.1843706833
124239.9394227609 109468.3752127167
122795.8952027174 107544.1017299167
127769.8252939783 114439.4150432833
133731.1168601857 116694.4910905678
137403.4568633000 122315.8842787881
134050.4507735000 123600.7741503814
133571.4499035286 120227.9382374492
132773.1151202428 122476.4955127373
140596.7959964428 122797.7179806356
134529.4516434714 119906.7157695509
141395.1307797286 121191.6056411441
136924.4559933286 122797.7179806356
136605.1220800143 122958.3292145848
134050.4507735000 118621.8258979576
140916.1299097571 121834.0505769407
139000.1264298715 123118.9404485339
132453.7812069286 119424.8820677034
132453.7812069286 124243.2190861780
133571.4499035286 124082.6078522288
135008.4525134429 118782.4371319068
137403.4568633000 123118.9404485339
131974.7803369571 120709.7719392966
134210.1177301571 122797.7179806356
133890.7838168429 123921.9966182797
134210.1177301571 122315.8842787881
116922.8688824191 124397.9564161337
115961.9698779779 125683.5779034826
118204.0675550073 129219.0369936919
119805.5658957426 126326.3886471570
123168.7124112868 119255.4704667384
121567.2140705515 120380.3892681686
125250.6602542426 117809.1462934709
110516.8755194779 130022.5504232849
119004.8167253750 127933.4155063430
126211.5592586838 127772.7128204244
112919.1230305809 130343.9557951221
128453.6569357132 128897.6316218547
127652.9077653456 129701.1450514477
124610.0609179485 128254.8208781802
129094.2562720073 129379.7396796105
118524.3672231544 121666.0107555174
120606.3150661103 120380.3892681686
111637.9243579926 128576.2262500174
119325.1163935221 124076.5510442965
114840.9210394632 125040.7671598081
119004.8167253750 122790.9295569477
127973.2074334926 129540.4423655291
115161.2207076103 127129.9020767500
119325.1163935221 121826.7134414360
119965.7157298162 123755.1456724593
119965.7157298162 120541.0919540872
119645.4160616691 130022.5504232849
121246.9144024044 128094.1181922616

130337.0150185000 112675.4976840500
126004.8823583696 110751.2242012500
126807.1291472826 110109.7997069833
131941.5085963261 112675.4976840500
128572.0720828913 114599.7711668500
128090.7240095435 114920.4834139833
123437.6926338478 106902.6772356500
129534.7682295869 115722.2640318167
130176.5656607174 112034.0731897833
126325.7810739348 111553.0048190833
131139.2618074130 113156.5660547500
120228.7054781957 107704.4578534833
126004.8823583696 110590.8680776833
128892.9707984565 111392.6486955167
128732.5214406739 114760.1272904167
117821.9651114565 102733.4180229167
131460.1605229783 112835.8538076167
119266.0093315000 103855.9108878833
127609.3759361957 110109.7997069833
126486.2304317174 108987.3068420167
118142.8638270217 102893.7741464833
130497.4643762826 114118.7027961500
129374.3188718043 116363.6885260833
129374.3188718043 113477.2783018833
125523.5342850217 108506.2384713167
140437.1290397857 121352.2168750932
134689.1186001286 119264.2708337542
138042.1246899286 121512.8281090424
132294.1142502714 120067.3270035000
133252.1159902143 123921.9966182797
136285.7881667000 122315.8842787881
136924.4559933286 123279.5516824831
139798.4612131571 123761.3853843305
139958.1281698143 121512.8281090424
139479.1272998429 123118.9404485339
132613.4481635857 123279.5516824831
131495.7794669857 122155.2730448390
134689.1186001286 118782.4371319068
132134.4472936143 124082.6078522288
141075.7968664143 121994.6618108898
134210.1177301571 124243.2190861780
134529.4516434714 118300.6034300593
134369.7846868143 122476.4955127373
139638.7942565000 123600.7741503814
133731.1168601857 123921.9966182797
133411.7829468714 122958.3292145848
133252.1159902143 116694.4910905678
118043.9177209338 123915.8483583779
122688.2629090662 120862.4973259244
118204.0675550073 122469.5241851105
123649.1619135073 128254.8208781802
128293.5071016397 128897.6316218547
121887.5137386985 119898.2812104128
123969.4615816544 120219.6865822500
123168.7124112868 126647.7940189942
123649.1619135073 118773.3624089826
123809.3117475809 129379.7396796105
117723.6180527868 128415.5235640988
117883.7678868603 127612.0101345058
122848.4127431397 119094.7677808198
126531.8589268309 129058.3343077733
117723.6180527868 122630.2268710291
120446.1652320368 126165.6859612384
121727.3639046250 121666.0107555174
123168.7124112868 119255.4704667384
115961.9698779779 124719.3617879709
119965.7157298162 129540.4423655291
123008.5625772132 118934.0650949012
121567.2140705515 120862.4973259244
121567.2140705515 125522.8752175640
119004.8167253750 128576.2262500174
122367.9632409191 129379.7396796105
117243.1685505662 127129.9020767500
113079.2728646544 127290.6047626686
119645.4160616691 127612.0101345058

119426.4586892826 106100.8966178167
124400.3887805435 109789.0874598500
131460.1605229783 113637.6344254500
124239.9394227609 109308.0190891500
130657.9137340652 111873.7170662167
129534.7682295869 112194.4293133500
130657.9137340652 114279.0589197167
121351.8509826739 106581.9649885167
126004.8823583696 110911.5803248167
126486.2304317174 109308.0190891500
123598.1419916304 109628.7313362833
129374.3188718043 114279.0589197167
129534.7682295869 111071.9364483833
119907.8067626304 104818.0476292833
121833.1990560218 105459.4721235500
129534.7682295869 113637.6344254500
129534.7682295869 116363.6885260833
130818.3630918478 111713.3609426500
127769.8252939783 110590.8680776833
120870.5029093261 105780.1843706833
126646.6797895000 110109.7997069833
118784.6612581522 103855.9108878833
128732.5214406739 112354.7854369167
122956.3445605000 106421.6088649500
126165.3317161522 110270.1558305500
138201.7916465857 123600.7741503814
133092.4490335571 122797.7179806356
138201.7916465857 123440.1629164322
132134.4472936143 121030.9944071949
134529.4516434714 123761.3853843305
132613.4481635857 119103.6595998051
141235.4638230714 122155.2730448390
133890.7838168429 119746.1045356017
135647.1203400714 122637.1067466864
136445.4551233572 123440.1629164322
133731.1168601857 123279.5516824831
140277.4620831286 122797.7179806356
133731.1168601857 121352.2168750932
132932.7820769000 119264.2708337542
133252.1159902143 117979.3809621610
134689.1186001286 120067.3270035000
140437.1290397857 121673.4393429915
133571.4499035286 123600.7741503814
140916.1299097571 122155.2730448390
134210.1177301571 120388.5494713983
138521.1255599000 121834.0505769407
133731.1168601857 122797.7179806356
123328.8622453603 129540.4423655291
117723.6180527868 122469.5241851105
124610.0609179485 129861.8477373663
120286.0153979632 121505.3080695988
120125.8655638897 129701.1450514477
115961.9698779779 130022.5504232849
125410.8100883162 127612.0101345058
112598.8233624338 128897.6316218547
122207.8134068456 120701.7946400058
122848.4127431397 120219.6865822500
122528.1130749927 127612.0101345058
122047.6635727720 128415.5235640988
113399.5725328015 127451.3074485872
129895.0054423750 129701.1450514477
120606.3150661103 121183.9026977616
120446.1652320368 126969.1993908314
126531.8589268309 129861.8477373663
114840.9210394632 126969.1993908314
121567.2140705515 123594.4429865407
113559.7223668750 129058.3343077733
129254.4061060809 129379.7396796105
113719.8722009485 130343.9557951221
126531.8589268309 128897.6316218547
125891.2595905367 128897.6316218547
119965.7157298162 127129.9020767500
120125.8655638897 124719.3617879709
118844.6668913015 130343.9557951221
123489.0120794338 129379.7396796105

127609.3759361957 113316.9221783167
128732.5214406739 113477.2783018833
125042.1862116739 109949.4435834167
125523.5342850217 111873.7170662167
122956.3445605000 107544.1017299167
125683.9836428043 111713.3609426500
125363.0849272391 108506.2384713167
117501.0663958913 102412.7057757833
128732.5214406739 112835.8538076167
119907.8067626304 104978.4037528500
126004.8823583696 108506.2384713167
119105.5599737174 105459.4721235500
130016.1163029348 113958.3466725833
127930.2746517609 114760.1272904167
123598.1419916304 109468.3752127167
121993.6484138044 111071.9364483833
125042.1862116739 108826.9507184500
120710.0535515435 104978.4037528500
127930.2746517609 110751.2242012500
127128.0278628478 109949.4435834167
124881.7368538913 109147.6629655833
130337.0150185000 113637.6344254500
123598.1419916304 108185.5262241833
125042.1862116739 107704.4578534833
121672.7496982391 107383.7456063500
134848.7855567857 118300.6034300593
134529.4516434714 122797.7179806356
137243.7899066428 121512.8281090424
133571.4499035286 116212.6573887203
132932.7820769000 120549.1607053475
133092.4490335571 124082.6078522288
131495.7794669857 121994.6618108898
133252.1159902143 117818.7697282119
138201.7916465857 121673.4393429915
134050.4507735000 121352.2168750932
131974.7803369571 123600.7741503814
137563.1238199572 123600.7741503814
134369.7846868143 124082.6078522288
132294.1142502714 120549.1607053475
140277.4620831286 121191.6056411441
134689.1186001286 121191.6056411441
134848.7855567857 122315.8842787881
139319.4603431857 121512.8281090424
142193.4655630143 121030.9944071949
131974.7803369571 121834.0505769407
136605.1220800143 121834.0505769407
132294.1142502714 124564.4415540763
123489.0120794338 120541.0919540872
126531.8589268309 127772.7128204244
123489.0120794338 129701.1450514477
119805.5658957426 120701.7946400058
123969.4615816544 119416.1731526570
122528.1130749927 121666.0107555174
118043.9177209338 123915.8483583779
119325.1163935221 127612.0101345058
122207.8134068456 130183.2531092035
118684.5170572279 124880.0644738895
122047.6635727720 127612.0101345058
121407.0642364779 122148.1188132732
124129.6114157279 120541.0919540872
117563.4682187132 124880.0644738895
123649.1619135073 129540.4423655291
114840.9210394632 126808.4967049128
118844.6668913015 121183.9026977616
121567.2140705515 121023.2000118430
113079.2728646544 130343.9557951221
120926.6147342574 120219.6865822500
119485.2662275956 128415.5235640988
120286.0153979632 124880.0644738895
120606.3150661103 129379.7396796105
123168.7124112868 126808.4967049128
119004.8167253750 125040.7671598081
113880.0220350220 126808.4967049128
123168.7124112868 120058.9838963314
117563.4682187132 129540.4423655291

130337.0150185000 112835.8538076167
129695.2175873696 111873.7170662167
124400.3887805435 110109.7997069833
126486.2304317174 110911.5803248167
127930.2746517609 111232.2925719500
122314.5471293696 106902.6772356500
131941.5085963261 112675.4976840500
130176.5656607174 111553.0048190833
130176.5656607174 115080.8395375500
131139.2618074130 112034.0731897833
125683.9836428043 110751.2242012500
128892.9707984565 111713.3609426500
130176.5656607174 111873.7170662167
129855.6669451522 112194.4293133500
123919.0407071956 109949.4435834167
125523.5342850217 109308.0190891500
129374.3188718043 114920.4834139833
130497.4643762826 113958.3466725833
127128.0278628478 113156.5660547500
127288.4772206304 109949.4435834167
123598.1419916304 108345.8823477500
121191.4016248913 106742.3211120833
123598.1419916304 107223.3894827833
121833.1990560218 105619.8282471167
122795.8952027174 106261.2527413833
134689.1186001286 120709.7719392966
136764.7890366714 122958.3292145848
133731.1168601857 123761.3853843305
132294.1142502714 123440.1629164322
132134.4472936143 121030.9944071949
132932.7820769000 119103.6595998051
133731.1168601857 117015.7135584661
136764.7890366714 123761.3853843305
136764.7890366714 122155.2730448390
133731.1168601857 116212.6573887203
141554.7977363857 121512.8281090424
138361.4586032428 121673.4393429915
134210.1177301571 123600.7741503814
139319.4603431857 122155.2730448390
131815.1133803000 121994.6618108898
133571.4499035286 119585.4933016525
135647.1203400714 123921.9966182797
133890.7838168429 123440.1629164322
139638.7942565000 123440.1629164322
134369.7846868143 119264.2708337542
141075.7968664143 121512.8281090424
134529.4516434714 122797.7179806356
128613.8067697868 128415.5235640988
110837.1751876250 130022.5504232849
118844.6668913015 121505.3080695988
119164.9665594485 129379.7396796105
116282.2695461250 124237.2537302151
124610.0609179485 130183.2531092035
122848.4127431397 129701.1450514477
117083.0187164926 129058.3343077733
112438.6735283603 128576.2262500174
110837.1751876250 130183.2531092035
126531.8589268309 117166.3355497965
118524.3672231544 127772.7128204244
115321.3705416838 127451.3074485872
118364.2173890809 123755.1456724593
123008.5625772132 121666.0107555174
115161.2207076103 130504.6584810407
121407.0642364779 129379.7396796105
114840.9210394632 130504.6584810407
125090.5104201691 128736.9289359360
121887.5137386985 127129.9020767500
123489.0120794338 129379.7396796105
120446.1652320368 122148.1188132732
117403.3183846397 127290.6047626686
125250.6602542426 128415.5235640988
121086.7645683309 120380.3892681686
112758.9731965074 130022.5504232849
116762.7190483456 127772.7128204244
116762.7190483456 124076.5510442965

128411.6227251087 110911.5803248167
126486.2304317174 109949.4435834167
130818.3630918478 112675.4976840500
122956.3445605000 107063.0333592167
119266.0093315000 105459.4721235500
129695.2175873696 116363.6885260833
131299.7111651957 113477.2783018833
118303.3131848043 103535.1986407500
129374.3188718043 114920.4834139833
128572.0720828913 112354.7854369167
130978.8124496304 112354.7854369167
126004.8823583696 111713.3609426500
119266.0093315000 104336.9792585833
130337.0150185000 112354.7854369167
124721.2874961087 110109.7997069833
129374.3188718043 116042.9762789500
120870.5029093261 104818.0476292833
121351.8509826739 105619.8282471167
127128.0278628478 110430.5119541167
125042.1862116739 109147.6629655833
123919.0407071956 107704.4578534833
129695.2175873696 111071.9364483833
130337.0150185000 112996.2099311833
126486.2304317174 111232.2925719500
123437.6926338478 108185.5262241833
135647.1203400714 121352.2168750932
131655.4464236428 121030.9944071949
132932.7820769000 119746.1045356017
132932.7820769000 118621.8258979576
132453.7812069286 123761.3853843305
134369.7846868143 122155.2730448390
134529.4516434714 123118.9404485339
139638.7942565000 121030.9944071949
139000.1264298715 123279.5516824831
136764.7890366714 121834.0505769407
137403.4568633000 121994.6618108898
132294.1142502714 120549.1607053475
135008.4525134429 123118.9404485339
139798.4612131571 122797.7179806356
137563.1238199572 121834.0505769407
135966.4542533857 122958.3292145848
136605.1220800143 121834.0505769407
141554.7977363857 120870.3831732458
139638.7942565000 121994.6618108898
133092.4490335571 121030.9944071949
140756.4629531000 121512.8281090424
137084.1229499857 121994.6618108898
118043.9177209338 123273.0376147035
116762.7190483456 124880.0644738895
116442.4193801985 129058.3343077733
120926.6147342574 123755.1456724593
113239.4226987279 129379.7396796105
126531.8589268309 130183.2531092035
117723.6180527868 123273.0376147035
120766.4649001838 127772.7128204244
118684.5170572279 121826.7134414360
121246.9144024044 126326.3886471570
124129.6114157279 118291.2543512267
124289.7612498015 128094.1181922616
120125.8655638897 121505.3080695988
118364.2173890809 123915.8483583779
126211.5592586838 128415.5235640988
124289.7612498015 129861.8477373663
129734.8556083015 129701.1450514477
120446.1652320368 120380.3892681686
119805.5658957426 128736.9289359360
120766.4649001838 121505.3080695988
113880.0220350220 127933.4155063430
128613.8067697868 128897.6316218547
113079.2728646544 127612.0101345058
113719.8722009485 129701.1450514477
126051.4094246103 129058.3343077733
121086.7645683309 120701.7946400058
113559.7223668750 127129.9020767500
111317.6246898456 129861.8477373663

123116.7939182826 107063.0333592167
119266.0093315000 104497.3353821500
127128.0278628478 110751.2242012500
127448.9265784130 110590.8680776833
126165.3317161522 110751.2242012500
121030.9522671087 106421.6088649500
127769.8252939783 109789.0874598500
129855.6669451522 112194.4293133500
120389.1548359783 105780.1843706833
121993.6484138044 106581.9649885167
121512.3003404565 106581.9649885167
121351.8509826739 105780.1843706833
127769.8252939783 114118.7027961500
122314.5471293696 106742.3211120833
130818.3630918478 112675.4976840500
118303.3131848043 103535.1986407500
129695.2175873696 114279.0589197167
128251.1733673261 115080.8395375500
128892.9707984565 113637.6344254500
123758.5913494130 107063.0333592167
123277.2432760652 107544.1017299167
126807.1291472826 109147.6629655833
129374.3188718043 112996.2099311833
118784.6612581522 104818.0476292833
130337.0150185000 112515.1415604833
140277.4620831286 123440.1629164322
141075.7968664143 122476.4955127373
140756.4629531000 121191.6056411441
132932.7820769000 119264.2708337542
133092.4490335571 117818.7697282119
134369.7846868143 117336.9360263644
131815.1133803000 121512.8281090424
140756.4629531000 122315.8842787881
132773.1151202428 121512.8281090424
134369.7846868143 123600.7741503814
138521.1255599000 123118.9404485339
139000.1264298715 121673.4393429915
134689.1186001286 118139.9921961102
140277.4620831286 122155.2730448390
136764.7890366714 123118.9404485339
132453.7812069286 122958.3292145848
134689.1186001286 121352.2168750932
134369.7846868143 124082.6078522288
135487.4533834143 121352.2168750932
132613.4481635857 124403.8303201271
137563.1238199572 122315.8842787881
133411.7829468714 119585.4933016525
119645.4160616691 123915.8483583779
127172.4582631250 128736.9289359360
110837.1751876250 130022.5504232849
118524.3672231544 123915.8483583779
123649.1619135073 118773.3624089826
119485.2662275956 127772.7128204244
123969.4615816544 128415.5235640988
118684.5170572279 127290.6047626686
118204.0675550073 124880.0644738895
113079.2728646544 130183.2531092035
123008.5625772132 120701.7946400058
122367.9632409191 126969.1993908314
124289.7612498015 127290.6047626686
121246.9144024044 126487.0913330756
119485.2662275956 126165.6859612384
119485.2662275956 121344.6053836802
126692.0087609044 129861.8477373663
123328.8622453603 119576.8758385756
115001.0708735368 126004.9832753198
121887.5137386985 128576.2262500174
120446.1652320368 129379.7396796105
128133.3572675662 128254.8208781802
120766.4649001838 120380.3892681686
124449.9110838750 119255.4704667384
117083.0187164926 127612.0101345058
115481.5203757573 126004.9832753198
126051.4094246103 117487.7409216337
121727.3639046250 130022.5504232849

127769.8252939783 109789.0874598500
126004.8823583696 110751.2242012500
128892.9707984565 115722.2640318167
127128.0278628478 110590.8680776833
128411.6227251087 114599.7711668500
129053.4201562391 112034.0731897833
122956.3445605000 106421.6088649500
121351.8509826739 106261.2527413833
130016.1163029348 112034.0731897833
123598.1419916304 108025.1701006167
129855.6669451522 111392.6486955167
130016.1163029348 112194.4293133500
125683.9836428043 109949.4435834167
121993.6484138044 105619.8282471167
126325.7810739348 109949.4435834167
127288.4772206304 110751.2242012500
125202.6355694565 108826.9507184500
127128.0278628478 109468.3752127167
125683.9836428043 108987.3068420167
123919.0407071956 107063.0333592167
118945.1106159348 104176.6231350167
131299.7111651957 112194.4293133500
125523.5342850217 110590.8680776833
126646.6797895000 109789.0874598500
127930.2746517609 114279.0589197167
135008.4525134429 121834.0505769407
134210.1177301571 116855.1023245169
133571.4499035286 123761.3853843305
134529.4516434714 122315.8842787881
135008.4525134429 121673.4393429915
135327.7864267571 120549.1607053475
131815.1133803000 122315.8842787881
133252.1159902143 118139.9921961102
132613.4481635857 120227.9382374492
135806.7872967286 123118.9404485339
133731.1168601857 123600.7741503814
133890.7838168429 119906.7157695509
137403.4568633000 122315.8842787881
133411.7829468714 123921.9966182797
131815.1133803000 121030.9944071949
133252.1159902143 122315.8842787881
133252.1159902143 116533.8798566186
135008.4525134429 121994.6618108898
131974.7803369571 120388.5494713983
139159.7933865286 123118.9404485339
134529.4516434714 124243.2190861780
132773.1151202428 124564.4415540763
125731.1097564632 129379.7396796105
113079.2728646544 128094.1181922616
127813.0575994191 128094.1181922616
124289.7612498015 128415.5235640988
124449.9110838750 128254.8208781802
117083.0187164926 126487.0913330756
113559.7223668750 128094.1181922616
117883.7678868603 125362.1725316453
127813.0575994191 129219.0369936919
113559.7223668750 129219.0369936919
117883.7678868603 126487.0913330756
119805.5658957426 130343.9557951221
123969.4615816544 126647.7940189942
126051.4094246103 129058.3343077733
124770.2107520220 127129.9020767500
119485.2662275956 128576.2262500174
127172.4582631250 128415.5235640988
120446.1652320368 121505.3080695988
117563.4682187132 127612.0101345058
118043.9177209338 123433.7403006221
121086.7645683309 120701.7946400058
120446.1652320368 125040.7671598081
119164.9665594485 127451.3074485872
123649.1619135073 119576.8758385756
117403.3183846397 125683.5779034826
123008.5625772132 126969.1993908314
119965.7157298162 124880.0644738895
120606.3150661103 123273.0376147035

129374.3188718043 112354.7854369167
124881.7368538913 111071.9364483833
124560.8381383261 109949.4435834167
124881.7368538913 109147.6629655833
119586.9080470652 106261.2527413833
119266.0093315000 104497.3353821500
119105.5599737174 103695.5547643167
122314.5471293696 107864.8139770500
130978.8124496304 113156.5660547500
121030.9522671087 105459.4721235500
123116.7939182826 108666.5945948833
121030.9522671087 106261.2527413833
130818.3630918478 112034.0731897833
124400.3887805435 110590.8680776833
125844.4330005870 109949.4435834167
124560.8381383261 109468.3752127167
131460.1605229783 112515.1415604833
127930.2746517609 111232.2925719500
118463.7625425869 103535.1986407500
128732.5214406739 112194.4293133500
129053.4201562391 115561.9079082500
121191.4016248913 105138.7598764167
122795.8952027174 106902.6772356500
125683.9836428043 108826.9507184500
125202.6355694565 111071.9364483833
137882.4577332714 123600.7741503814
132773.1151202428 122315.8842787881
135008.4525134429 121994.6618108898
139638.7942565000 121994.6618108898
141235.4638230714 121994.6618108898
138521.1255599000 121512.8281090424
135008.4525134429 121352.2168750932
132932.7820769000 121191.6056411441
131974.7803369571 122797.7179806356
139798.4612131571 123279.5516824831
136605.1220800143 123440.1629164322
133252.1159902143 117015.7135584661
133571.4499035286 116373.2686226695
132613.4481635857 121352.2168750932
133571.4499035286 121191.6056411441
138521.1255599000 121994.6618108898
132453.7812069286 122797.7179806356
141714.4646930429 121512.8281090424
133252.1159902143 121030.9944071949
137084.1229499857 123761.3853843305
133411.7829468714 120227.9382374492
135168.1194701000 119424.8820677034
110196.5758513309 130504.6584810407
118524.3672231544 130343.9557951221
116762.7190483456 130183.2531092035
111798.0741920662 129861.8477373663
117723.6180527868 129701.1450514477
118684.5170572279 129701.1450514477
129734.8556083015 129540.4423655291
112438.6735283603 129219.0369936919
116762.7190483456 128736.9289359360
115481.5203757573 128415.5235640988
125891.2595905367 128415.5235640988
118844.6668913015 128254.8208781802
126211.5592586838 128254.8208781802
126371.7090927574 128094.1181922616
114680.7712053897 127933.4155063430
117243.1685505662 126808.4967049128
122047.6635727720 126487.0913330756
120926.6147342574 125683.5779034826
120446.1652320368 125362.1725316453
121727.3639046250 123273.0376147035
120446.1652320368 122469.5241851105
118364.2173890809 121666.0107555174
122207.8134068456 119898.2812104128
122688.2629090662 119737.5785244942
125250.6602542426 119094.7677808198
124129.6114157279 118451.9570371453
113559.7223668750 130504.6584810407
124289.7612498015 129701.1450514477

129053.4201562391 115561.9079082500
127769.8252939783 112034.0731897833
130818.3630918478 112034.0731897833
121672.7496982391 110430.5119541167
125202.6355694565 108987.3068420167
122314.5471293696 107864.8139770500
119266.0093315000 104497.3353821500
118463.7625425869 103535.1986407500
130176.5656607174 112996.2099311833
124881.7368538913 111071.9364483833
117821.9651114565 102893.7741464833
128251.1733673261 113316.9221783167
129534.7682295869 112835.8538076167
121191.4016248913 105138.7598764167
118303.3131848043 103855.9108878833
124881.7368538913 109147.6629655833
122474.9964871522 105940.5404942500
129374.3188718043 115401.5517846833
124079.4900649783 108185.5262241833
124560.8381383261 109468.3752127167
125202.6355694565 111071.9364483833
130978.8124496304 114118.7027961500
128411.6227251087 110109.7997069833
120710.0535515435 105780.1843706833
130978.8124496304 113156.5660547500
135008.4525134429 123921.9966182797
137084.1229499857 123761.3853843305
131655.4464236428 122797.7179806356
131974.7803369571 122797.7179806356
137403.4568633000 122315.8842787881
136285.7881667000 122155.2730448390
140437.1290397857 121994.6618108898
138521.1255599000 121512.8281090424
135008.4525134429 121352.2168750932
133411.7829468714 120227.9382374492
132453.7812069286 119585.4933016525
133731.1168601857 116052.0461547712
139798.4612131571 121673.4393429915
135168.1194701000 119424.8820677034
132453.7812069286 122155.2730448390
132773.1151202428 122315.8842787881
136445.4551233572 123279.5516824831
134689.1186001286 117979.3809621610
134529.4516434714 118782.4371319068
139638.7942565000 121994.6618108898
139638.7942565000 122637.1067466864
135008.4525134429 121994.6618108898
114680.7712053897 130343.9557951221
120286.0153979632 130183.2531092035
111798.0741920662 129861.8477373663
112438.6735283603 129701.1450514477
125731.1097564632 129701.1450514477
129734.8556083015 129540.4423655291
114520.6213713162 129219.0369936919
115961.9698779779 129219.0369936919
117723.6180527868 129058.3343077733
116762.7190483456 128736.9289359360
121727.3639046250 128576.2262500174
128613.8067697868 128415.5235640988
126211.5592586838 128254.8208781802
117243.1685505662 126808.4967049128
120446.1652320368 126808.4967049128
120926.6147342574 125683.5779034826
120446.1652320368 125362.1725316453
120606.3150661103 125201.4698457267
116122.1197120515 125040.7671598081
119004.8167253750 124719.3617879709
117723.6180527868 124558.6591020523
121727.3639046250 123273.0376147035
117083.0187164926 122790.9295569477
122528.1130749927 122630.2268710291
120446.1652320368 122469.5241851105
119164.9665594485 121505.3080695988
122047.6635727720 119576.8758385756
124129.6114157279 118451.9570371453

129053.4201562391 115561.9079082500
128251.1733673261 113316.9221783167
131620.6098807609 113316.9221783167
130176.5656607174 112996.2099311833
128732.5214406739 112194.4293133500
124881.7368538913 111071.9364483833
121672.7496982391 110430.5119541167
124560.8381383261 109949.4435834167
123277.2432760652 108025.1701006167
122314.5471293696 107864.8139770500
119586.9080470652 106261.2527413833
121030.9522671087 106261.2527413833
122474.9964871522 105940.5404942500
121191.4016248913 105138.7598764167
119266.0093315000 104497.3353821500
117821.9651114565 102893.7741464833
119105.5599737174 103695.5547643167
122314.5471293696 107223.3894827833
128732.5214406739 113316.9221783167
129534.7682295869 116203.3324025167
127769.8252939783 113958.3466725833
124881.7368538913 109147.6629655833
125683.9836428043 108826.9507184500
129374.3188718043 112354.7854369167
126325.7810739348 110590.8680776833
136605.1220800143 123440.1629164322
131495.7794669857 122637.1067466864
138361.4586032428 122315.8842787881
135008.4525134429 121994.6618108898
139638.7942565000 121994.6618108898
141235.4638230714 121994.6618108898
138521.1255599000 121512.8281090424
141714.4646930429 120870.3831732458
134210.1177301571 119424.8820677034
132613.4481635857 119264.2708337542
139798.4612131571 121673.4393429915
137403.4568633000 122315.8842787881
134050.4507735000 119103.6595998051
141714.4646930429 121512.8281090424
134210.1177301571 122958.3292145848
137722.7907766143 121352.2168750932
139638.7942565000 122637.1067466864
135806.7872967286 122958.3292145848
140277.4620831286 121512.8281090424
132932.7820769000 121191.6056411441
137084.1229499857 123761.3853843305
135806.7872967286 121352.2168750932
120286.0153979632 130183.2531092035
127492.7579312720 129379.7396796105
114840.9210394632 129058.3343077733
127332.6080971985 129058.3343077733
116762.7190483456 128736.9289359360
117403.3183846397 128736.9289359360
113239.4226987279 128415.5235640988
115481.5203757573 128415.5235640988
128613.8067697868 128415.5235640988
124770.2107520220 127772.7128204244
117243.1685505662 126808.4967049128
121086.7645683309 126487.0913330756
120926.6147342574 125683.5779034826
115321.3705416838 125362.1725316453
116122.1197120515 125040.7671598081
121727.3639046250 123273.0376147035
118204.0675550073 122469.5241851105
119325.1163935221 122469.5241851105
119805.5658957426 122469.5241851105
120446.1652320368 122469.5241851105
121567.2140705515 121826.7134414360
118364.2173890809 121666.0107555174
122207.8134068456 119898.2812104128
124289.7612498015 119898.2812104128
124449.9110838750 119737.5785244942
121727.3639046250 119576.8758385756
125570.9599223897 118773.3624089826
124129.6114157279 118451.9570371453

128732.5214406739 114599.7711668500
131299.7111651957 113637.6344254500
130657.9137340652 113316.9221783167
130818.3630918478 112354.7854369167
125844.4330005870 111232.2925719500
128090.7240095435 110751.2242012500
126325.7810739348 110430.5119541167
124721.2874961087 110109.7997069833
123116.7939182826 108666.5945948833
125683.9836428043 108666.5945948833
121993.6484138044 107223.3894827833
122154.0977715870 106742.3211120833
119586.9080470652 106261.2527413833
120870.5029093261 105940.5404942500
119586.9080470652 104176.6231350167
118463.7625425869 103535.1986407500
125844.4330005870 108506.2384713167
118303.3131848043 103695.5547643167
122314.5471293696 111713.3609426500
130176.5656607174 111873.7170662167
129534.7682295869 111873.7170662167
124721.2874961087 109468.3752127167
119426.4586892826 104657.6915057167
126486.2304317174 111553.0048190833
124881.7368538913 111071.9364483833
132932.7820769000 123921.9966182797
135327.7864267571 123921.9966182797
135487.4533834143 123279.5516824831
137882.4577332714 122637.1067466864
139479.1272998429 122476.4955127373
138521.1255599000 121994.6618108898
140756.4629531000 121834.0505769407
139798.4612131571 121673.4393429915
133252.1159902143 121030.9944071949
139958.1281698143 121030.9944071949
141395.1307797286 121030.9944071949
141714.4646930429 120870.3831732458
133092.4490335571 119103.6595998051
133731.1168601857 119103.6595998051
133411.7829468714 117979.3809621610
139638.7942565000 121994.6618108898
131655.4464236428 123118.9404485339
135008.4525134429 121191.6056411441
136285.7881667000 122637.1067466864
132932.7820769000 122315.8842787881
138680.7925165571 121352.2168750932
133411.7829468714 118782.4371319068
116762.7190483456 130183.2531092035
116282.2695461250 129861.8477373663
117083.0187164926 129861.8477373663
130055.1552764485 129861.8477373663
114200.3217031691 129701.1450514477
119965.7157298162 129701.1450514477
125891.2595905367 129540.4423655291
128934.1064379338 129219.0369936919
129254.4061060809 129219.0369936919
114840.9210394632 129058.3343077733
122848.4127431397 129058.3343077733
111477.7745239191 128897.6316218547
115481.5203757573 128897.6316218547
122528.1130749927 128897.6316218547
121086.7645683309 128736.9289359360
124930.3605860956 128736.9289359360
119485.2662275956 128094.1181922616
117883.7678868603 127451.3074485872
118844.6668913015 127451.3074485872
116602.5692142721 127290.6047626686
118524.3672231544 127290.6047626686
122848.4127431397 127290.6047626686
123328.8622453603 127129.9020767500
120766.4649001838 126647.7940189942
116442.4193801985 126165.6859612384
122047.6635727720 125844.2805894012
114840.9210394632 125201.4698457267
119645.4160616691 124237.2537302151

125042.1862116739 108987.3068420167
124239.9394227609 108826.9507184500
123277.2432760652 109147.6629655833
119586.9080470652 106261.2527413833
128892.9707984565 115241.1956611167
127448.9265784130 112194.4293133500
130016.1163029348 111553.0048190833
129855.6669451522 115241.1956611167
119747.3574048478 104016.2670114500
125363.0849272391 108185.5262241833
128732.5214406739 113958.3466725833
127128.0278628478 109949.4435834167
120710.0535515435 105299.1159999833
131620.6098807609 112354.7854369167
126807.1291472826 111071.9364483833
129374.3188718043 114118.7027961500
127609.3759361957 109468.3752127167
125523.5342850217 111873.7170662167
119426.4586892826 104176.6231350167
130978.8124496304 113958.3466725833
127448.9265784130 112835.8538076167
127930.2746517609 114439.4150432833
119105.5599737174 104336.9792585833
129695.2175873696 112675.4976840500
126967.5785050652 109147.6629655833
132453.7812069286 119585.4933016525
137722.7907766143 123118.9404485339
131974.7803369571 123279.5516824831
140437.1290397857 122476.4955127373
140756.4629531000 121673.4393429915
135168.1194701000 120067.3270035000
137403.4568633000 122637.1067466864
133571.4499035286 118621.8258979576
132134.4472936143 120227.9382374492
132932.7820769000 124082.6078522288
138361.4586032428 123440.1629164322
134369.7846868143 117336.9360263644
139958.1281698143 122315.8842787881
136445.4551233572 122637.1067466864
134689.1186001286 122797.7179806356
134689.1186001286 120709.7719392966
135487.4533834143 121352.2168750932
136924.4559933286 121994.6618108898
138361.4586032428 121352.2168750932
138201.7916465857 122958.3292145848
140437.1290397857 121994.6618108898
133731.1168601857 122315.8842787881
115481.5203757573 125844.2805894012
122047.6635727720 128897.6316218547
123008.5625772132 121826.7134414360
127492.7579312720 130343.9557951221
119485.2662275956 124719.3617879709
121727.3639046250 120380.3892681686
118043.9177209338 124719.3617879709
117883.7678868603 126487.0913330756
124289.7612498015 119576.8758385756
125250.6602542426 128576.2262500174
117723.6180527868 127290.6047626686
122848.4127431397 129540.4423655291
115161.2207076103 127612.0101345058
123649.1619135073 120219.6865822500
120446.1652320368 124237.2537302151
126371.7090927574 129861.8477373663
123649.1619135073 126969.1993908314
120606.3150661103 130343.9557951221
125570.9599223897 118451.9570371453
120286.0153979632 124880.0644738895
117723.6180527868 124880.0644738895
120926.6147342574 120541.0919540872
117243.1685505662 123915.8483583779
115001.0708735368 128415.5235640988
120766.4649001838 128576.2262500174
116602.5692142721 126165.6859612384
119645.4160616691 120541.0919540872
124129.6114157279 127290.6047626686

128251.1733673261 113316.9221783167
129374.3188718043 112354.7854369167
130818.3630918478 112034.0731897833
121672.7496982391 110430.5119541167
124560.8381383261 109949.4435834167
124079.4900649783 108185.5262241833
122314.5471293696 107864.8139770500
119586.9080470652 106261.2527413833
121030.9522671087 106261.2527413833
122474.9964871522 105940.5404942500
121191.4016248913 105138.7598764167
119266.0093315000 104497.3353821500
118463.7625425869 103535.1986407500
130176.5656607174 112996.2099311833
127930.2746517609 111232.2925719500
125202.6355694565 111071.9364483833
129374.3188718043 115401.5517846833
125042.1862116739 108987.3068420167
127769.8252939783 112034.0731897833
124881.7368538913 109147.6629655833
128732.5214406739 112194.4293133500
117821.9651114565 102893.7741464833
126325.7810739348 112835.8538076167
119105.5599737174 103695.5547643167
123116.7939182826 108666.5945948833
135008.4525134429 123921.9966182797
136605.1220800143 123440.1629164322
131655.4464236428 122797.7179806356
135008.4525134429 121994.6618108898
139798.4612131571 121673.4393429915
138521.1255599000 121512.8281090424
132613.4481635857 121352.2168750932
135008.4525134429 121352.2168750932
133411.7829468714 120227.9382374492
133571.4499035286 116373.2686226695
132932.7820769000 121191.6056411441
140277.4620831286 121512.8281090424
133252.1159902143 121030.9944071949
134369.7846868143 117336.9360263644
137403.4568633000 122315.8842787881
134689.1186001286 117979.3809621610
141235.4638230714 121994.6618108898
137243.7899066428 123440.1629164322
133890.7838168429 121512.8281090424
134210.1177301571 119424.8820677034
131974.7803369571 122797.7179806356
141235.4638230714 122155.2730448390
120286.0153979632 130183.2531092035
116922.8688824191 129861.8477373663
112438.6735283603 129701.1450514477
117723.6180527868 129701.1450514477
118684.5170572279 129701.1450514477
125731.1097564632 129701.1450514477
120766.4649001838 129540.4423655291
129734.8556083015 129540.4423655291
112438.6735283603 129219.0369936919
116762.7190483456 128736.9289359360
123809.3117475809 128736.9289359360
118844.6668913015 128254.8208781802
126371.7090927574 128094.1181922616
117243.1685505662 126808.4967049128
120446.1652320368 126808.4967049128
120446.1652320368 125362.1725316453
120606.3150661103 125201.4698457267
116122.1197120515 125040.7671598081
121407.0642364779 123594.4429865407
121727.3639046250 123273.0376147035
117083.0187164926 122790.9295569477
119164.9665594485 121505.3080695988
119645.4160616691 120701.7946400058
125250.6602542426 119094.7677808198
124129.6114157279 118451.9570371453
126211.5592586838 129701.1450514477
116762.7190483456 130183.2531092035
127973.2074334926 130183.2531092035

125683.9836428043 109628.7313362833
119907.8067626304 105299.1159999833
128251.1733673261 110590.8680776833
129053.4201562391 112194.4293133500
125683.9836428043 108987.3068420167
122795.8952027174 107864.8139770500
130978.8124496304 113637.6344254500
131941.5085963261 112996.2099311833
118463.7625425869 104176.6231350167
121191.4016248913 105619.8282471167
122314.5471293696 106421.6088649500
129695.2175873696 114279.0589197167
119907.8067626304 104657.6915057167
128892.9707984565 114920.4834139833
126165.3317161522 111392.6486955167
124881.7368538913 107704.4578534833
128892.9707984565 113797.9905490167
128251.1733673261 114920.4834139833
127609.3759361957 112515.1415604833
124721.2874961087 109628.7313362833
125202.6355694565 110911.5803248167
126486.2304317174 111392.6486955167
126486.2304317174 110109.7997069833
120870.5029093261 105940.5404942500
119426.4586892826 106100.8966178167
135327.7864267571 120870.3831732458
135327.7864267571 121512.8281090424
134050.4507735000 123118.9404485339
133411.7829468714 116373.2686226695
140596.7959964428 121352.2168750932
136924.4559933286 122797.7179806356
135168.1194701000 119103.6595998051
133731.1168601857 122155.2730448390
131495.7794669857 121834.0505769407
134689.1186001286 119264.2708337542
133411.7829468714 120709.7719392966
140277.4620831286 122315.8842787881
137084.1229499857 122637.1067466864
138840.4594732143 121512.8281090424
133731.1168601857 119264.2708337542
135168.1194701000 123600.7741503814
134529.4516434714 121673.4393429915
131974.7803369571 121030.9944071949
133890.7838168429 116533.8798566186
132773.1151202428 118943.0483658559
139000.1264298715 123761.3853843305
133731.1168601857 120067.3270035000
121887.5137386985 129058.3343077733
124449.9110838750 129540.4423655291
127172.4582631250 128897.6316218547
123489.0120794338 129540.4423655291
114200.3217031691 128576.2262500174
116122.1197120515 129701.1450514477
120286.0153979632 121344.6053836802
123328.8622453603 129701.1450514477
121246.9144024044 120058.9838963314
120286.0153979632 120380.3892681686
121407.0642364779 129058.3343077733
117723.6180527868 130022.5504232849
128613.8067697868 128897.6316218547
118684.5170572279 122790.9295569477
126371.7090927574 117487.7409216337
114520.6213713162 129861.8477373663
116122.1197120515 123915.8483583779
114360.4715372426 125522.8752175640
112919.1230305809 127772.7128204244
123489.0120794338 127290.6047626686
117563.4682187132 127451.3074485872
121086.7645683309 120541.0919540872
121246.9144024044 127290.6047626686
112278.5236942867 129058.3343077733
120125.8655638897 129701.1450514477
123168.7124112868 119416.1731526570
118524.3672231544 121344.6053836802
122207.8134068456 119737.5785244942

130657.9137340652 113316.9221783167
130176.5656607174 112996.2099311833
130818.3630918478 112354.7854369167
130818.3630918478 112034.0731897833
127930.2746517609 111232.2925719500
125202.6355694565 111071.9364483833
125202.6355694565 110590.8680776833
124881.7368538913 109147.6629655833
125683.9836428043 108826.9507184500
123116.7939182826 108666.5945948833
122314.5471293696 107864.8139770500
123116.7939182826 107544.1017299167
119426.4586892826 104657.6915057167
119266.0093315000 104497.3353821500
120870.5029093261 105940.5404942500
124881.7368538913 111071.9364483833
120549.6041937609 105940.5404942500
124560.8381383261 109949.4435834167
119105.5599737174 103695.5547643167
129374.3188718043 110911.5803248167
129374.3188718043 112354.7854369167
129534.7682295869 116203.3324025167
125844.4330005870 109949.4435834167
130978.8124496304 113156.5660547500
117821.9651114565 102893.7741464833
135008.4525134429 123921.9966182797
135327.7864267571 123921.9966182797
131655.4464236428 122797.7179806356
137882.4577332714 122637.1067466864
132932.7820769000 122315.8842787881
141235.4638230714 121994.6618108898
140756.4629531000 121834.0505769407
133092.4490335571 121673.4393429915
135008.4525134429 121352.2168750932
133252.1159902143 121030.9944071949
134210.1177301571 117658.1584942627
141714.4646930429 120870.3831732458
133890.7838168429 117658.1584942627
132613.4481635857 121352.2168750932
135487.4533834143 123279.5516824831
132453.7812069286 122155.2730448390
135966.4542533857 122476.4955127373
140437.1290397857 121994.6618108898
138521.1255599000 121994.6618108898
141714.4646930429 121512.8281090424
133890.7838168429 121512.8281090424
139798.4612131571 121673.4393429915
118524.3672231544 130343.9557951221
117723.6180527868 129701.1450514477
125731.1097564632 129701.1450514477
120766.4649001838 129540.4423655291
114520.6213713162 129219.0369936919
120125.8655638897 129219.0369936919
127332.6080971985 129058.3343077733
116762.7190483456 128736.9289359360
115481.5203757573 128254.8208781802
118844.6668913015 128254.8208781802
126211.5592586838 128254.8208781802
120286.0153979632 127612.0101345058
121567.2140705515 127129.9020767500
125570.9599223897 127129.9020767500
120446.1652320368 125362.1725316453
116122.1197120515 125040.7671598081
117723.6180527868 124558.6591020523
120766.4649001838 123594.4429865407
118364.2173890809 122951.6322428663
122528.1130749927 122630.2268710291
118844.6668913015 122148.1188132732
121567.2140705515 121826.7134414360
119164.9665594485 121505.3080695988
120125.8655638897 120701.7946400058
122848.4127431397 119898.2812104128
123489.0120794338 119576.8758385756
125250.6602542426 119094.7677808198
125570.9599223897 118773.3624089826

123116.7939182826 108666.5945948833
125844.4330005870 110590.8680776833
125363.0849272391 109308.0190891500
128251.1733673261 114118.7027961500
129695.2175873696 110911.5803248167
126967.5785050652 109468.3752127167
123437.6926338478 106742.3211120833
127930.2746517609 111873.7170662167
127128.0278628478 110430.5119541167
118303.3131848043 104016.2670114500
126165.3317161522 108506.2384713167
120549.6041937609 104978.4037528500
128090.7240095435 114760.1272904167
126165.3317161522 111553.0048190833
128411.6227251087 110911.5803248167
131941.5085963261 112515.1415604833
129053.4201562391 115882.6201553833
119426.4586892826 104336.9792585833
131620.6098807609 112354.7854369167
127930.2746517609 112996.2099311833
126325.7810739348 109147.6629655833
119426.4586892826 103855.9108878833
129374.3188718043 116042.9762789500
127128.0278628478 111392.6486955167
129855.6669451522 112194.4293133500
134529.4516434714 117658.1584942627
135487.4533834143 123279.5516824831
136924.4559933286 121994.6618108898
133411.7829468714 119585.4933016525
132613.4481635857 118943.0483658559
139479.1272998429 122155.2730448390
133731.1168601857 123600.7741503814
140117.7951264714 121673.4393429915
137243.7899066428 123761.3853843305
131974.7803369571 121191.6056411441
134689.1186001286 120067.3270035000
140596.7959964428 121030.9944071949
138361.4586032428 123440.1629164322
134689.1186001286 118782.4371319068
134689.1186001286 123118.9404485339
133252.1159902143 118782.4371319068
137403.4568633000 121834.0505769407
136285.7881667000 121512.8281090424
133571.4499035286 116855.1023245169
135806.7872967286 122476.4955127373
137084.1229499857 121673.4393429915
134210.1177301571 123600.7741503814
123008.5625772132 121183.9026977616
121567.2140705515 119576.8758385756
112118.3738602132 129219.0369936919
120606.3150661103 123273.0376147035
126692.0087609044 128576.2262500174
125250.6602542426 117809.1462934709
119965.7157298162 120380.3892681686
113719.8722009485 128736.9289359360
123649.1619135073 120380.3892681686
118844.6668913015 127772.7128204244
119004.8167253750 124880.0644738895
115801.8200439044 129540.4423655291
118684.5170572279 128415.5235640988
118844.6668913015 125683.5779034826
125570.9599223897 130343.9557951221
114520.6213713162 127933.4155063430
117083.0187164926 128897.6316218547
120766.4649001838 128736.9289359360
127492.7579312720 130183.2531092035
126371.7090927574 129379.7396796105
121246.9144024044 123915.8483583779
116762.7190483456 130022.5504232849
130535.6047786691 130022.5504232849
125250.6602542426 118291.2543512267
111958.2240261397 128415.5235640988
113399.5725328015 127612.0101345058
119164.9665594485 124719.3617879709
121246.9144024044 122148.1188132732

129053.4201562391 115561.9079082500
129374.3188718043 112354.7854369167
127769.8252939783 112034.0731897833
130818.3630918478 112034.0731897833
124881.7368538913 111071.9364483833
121672.7496982391 110430.5119541167
124560.8381383261 109949.4435834167
123116.7939182826 108666.5945948833
122314.5471293696 107864.8139770500
119586.9080470652 106261.2527413833
121030.9522671087 106261.2527413833
122474.9964871522 105940.5404942500
121191.4016248913 105138.7598764167
124881.7368538913 109147.6629655833
125683.9836428043 108826.9507184500
118463.7625425869 103535.1986407500
130176.5656607174 112996.2099311833
119266.0093315000 104497.3353821500
127769.8252939783 113958.3466725833
124079.4900649783 108185.5262241833
125202.6355694565 108987.3068420167
125202.6355694565 110590.8680776833
130978.8124496304 114118.7027961500
117821.9651114565 102893.7741464833
128251.1733673261 113316.9221783167
135008.4525134429 123921.9966182797
137084.1229499857 123761.3853843305
131655.4464236428 122797.7179806356
131974.7803369571 122797.7179806356
136285.7881667000 122155.2730448390
135008.4525134429 121994.6618108898
140437.1290397857 121994.6618108898
141235.4638230714 121994.6618108898
133890.7838168429 121512.8281090424
132613.4481635857 121352.2168750932
135008.4525134429 121352.2168750932
133411.7829468714 120227.9382374492
133731.1168601857 116052.0461547712
138521.1255599000 121512.8281090424
140756.4629531000 122476.4955127373
137722.7907766143 121352.2168750932
133252.1159902143 121030.9944071949
136605.1220800143 123440.1629164322
133252.1159902143 117015.7135584661
137882.4577332714 123600.7741503814
139798.4612131571 121673.4393429915
140277.4620831286 121512.8281090424
110196.5758513309 130504.6584810407
112919.1230305809 130504.6584810407
116762.7190483456 130183.2531092035
120286.0153979632 130183.2531092035
116922.8688824191 129861.8477373663
117723.6180527868 129701.1450514477
126211.5592586838 129701.1450514477
129734.8556083015 129540.4423655291
115961.9698779779 129219.0369936919
125891.2595905367 128415.5235640988
120286.0153979632 127612.0101345058
122047.6635727720 126487.0913330756
114200.3217031691 125844.2805894012
120446.1652320368 125362.1725316453
115321.3705416838 125201.4698457267
120606.3150661103 125201.4698457267
116122.1197120515 125040.7671598081
119004.8167253750 124719.3617879709
117723.6180527868 123915.8483583779
121727.3639046250 123273.0376147035
121567.2140705515 121826.7134414360
119645.4160616691 120701.7946400058
122207.8134068456 119898.2812104128
125250.6602542426 119094.7677808198
124129.6114157279 118451.9570371453
122848.4127431397 119898.2812104128
115481.5203757573 128415.5235640988
118844.6668913015 128254.8208781802

129695.2175873696 115722.2640318167
129374.3188718043 112194.4293133500
130176.5656607174 111713.3609426500
127128.0278628478 110911.5803248167
127288.4772206304 110751.2242012500
128090.7240095435 110590.8680776833
124239.9394227609 110109.7997069833
124400.3887805435 109468.3752127167
124079.4900649783 107223.3894827833
121030.9522671087 105299.1159999833
118463.7625425869 104016.2670114500
123758.5913494130 107063.0333592167
130497.4643762826 113477.2783018833
122956.3445605000 107864.8139770500
130337.0150185000 111553.0048190833
129695.2175873696 111553.0048190833
127930.2746517609 114439.4150432833
124560.8381383261 109147.6629655833
126325.7810739348 112354.7854369167
125844.4330005870 109468.3752127167
126646.6797895000 110270.1558305500
118624.2119003696 103695.5547643167
123598.1419916304 107223.3894827833
120068.2561204130 104657.6915057167
119747.3574048478 106742.3211120833
132453.7812069286 124564.4415540763
131974.7803369571 123761.3853843305
139159.7933865286 123279.5516824831
136445.4551233572 123118.9404485339
139159.7933865286 121994.6618108898
139958.1281698143 121834.0505769407
135487.4533834143 121512.8281090424
134050.4507735000 121352.2168750932
140756.4629531000 121512.8281090424
137563.1238199572 122797.7179806356
140437.1290397857 122637.1067466864
133890.7838168429 123279.5516824831
139958.1281698143 122315.8842787881
133731.1168601857 121834.0505769407
136605.1220800143 121673.4393429915
134529.4516434714 123921.9966182797
132773.1151202428 119264.2708337542
138361.4586032428 123761.3853843305
139159.7933865286 122637.1067466864
131495.7794669857 121834.0505769407
138680.7925165571 121191.6056411441
139479.1272998429 121994.6618108898
129574.7057742279 130022.5504232849
130215.3051105221 129861.8477373663
129254.4061060809 129058.3343077733
120606.3150661103 128576.2262500174
116602.5692142721 128254.8208781802
112598.8233624338 127933.4155063430
116442.4193801985 127933.4155063430
119004.8167253750 127933.4155063430
122207.8134068456 127933.4155063430
124610.0609179485 127772.7128204244
115161.2207076103 127451.3074485872
122367.9632409191 127451.3074485872
113559.7223668750 127129.9020767500
119325.1163935221 126165.6859612384
119965.7157298162 126004.9832753198
115001.0708735368 125362.1725316453
119645.4160616691 122148.1188132732
122528.1130749927 122148.1188132732
121407.0642364779 120541.0919540872
124289.7612498015 119898.2812104128
122528.1130749927 119576.8758385756
124770.2107520220 117969.8489793895
115961.9698779779 127451.3074485872
126852.1585949779 129701.1450514477
120125.8655638897 130183.2531092035
118043.9177209338 126969.1993908314
125250.6602542426 127612.0101345058
119645.4160616691 128094.1181922616

120228.7054781957 105619.8282471167
121672.7496982391 105619.8282471167
122474.9964871522 107063.0333592167
128251.1733673261 113316.9221783167
128411.6227251087 111071.9364483833
126486.2304317174 109789.0874598500
127288.4772206304 113477.2783018833
129855.6669451522 112675.4976840500
129374.3188718043 112515.1415604833
122314.5471293696 105940.5404942500
122635.4458449348 107063.0333592167
120389.1548359783 105138.7598764167
124239.9394227609 108987.3068420167
120068.2561204130 104657.6915057167
125363.0849272391 109789.0874598500
128572.0720828913 111873.7170662167
121030.9522671087 105619.8282471167
126646.6797895000 111553.0048190833
123598.1419916304 109628.7313362833
128892.9707984565 115722.2640318167
131460.1605229783 113477.2783018833
118784.6612581522 104657.6915057167
127930.2746517609 111392.6486955167
123277.2432760652 106742.3211120833
123919.0407071956 106902.6772356500
140596.7959964428 121030.9944071949
132134.4472936143 124243.2190861780
132294.1142502714 120388.5494713983
135966.4542533857 123440.1629164322
131815.1133803000 122315.8842787881
140596.7959964428 121834.0505769407
133731.1168601857 124243.2190861780
132453.7812069286 118621.8258979576
136285.7881667000 121512.8281090424
133731.1168601857 122958.3292145848
134050.4507735000 121673.4393429915
141395.1307797286 121030.9944071949
133092.4490335571 123279.5516824831
134369.7846868143 120388.5494713983
139319.4603431857 122637.1067466864
139638.7942565000 122797.7179806356
140277.4620831286 123279.5516824831
132294.1142502714 119585.4933016525
135168.1194701000 120388.5494713983
140596.7959964428 122315.8842787881
131655.4464236428 121512.8281090424
135806.7872967286 123600.7741503814
125410.8100883162 128094.1181922616
123328.8622453603 120701.7946400058
121567.2140705515 122308.8214991919
126852.1585949779 129379.7396796105
115321.3705416838 126808.4967049128
112598.8233624338 130183.2531092035
124930.3605860956 119416.1731526570
119164.9665594485 121344.6053836802
114520.6213713162 129701.1450514477
116442.4193801985 126808.4967049128
126692.0087609044 130022.5504232849
119645.4160616691 127772.7128204244
121407.0642364779 123273.0376147035
119325.1163935221 126004.9832753198
121246.9144024044 129861.8477373663
110516.8755194779 129861.8477373663
120286.0153979632 120701.7946400058
115161.2207076103 128736.9289359360
119325.1163935221 123433.7403006221
120926.6147342574 123112.3349287849
125090.5104201691 118934.0650949012
116922.8688824191 130022.5504232849
123809.3117475809 119576.8758385756
119325.1163935221 126808.4967049128
114360.4715372426 125844.2805894012
130375.4549445956 130183.2531092035
122207.8134068456 119255.4704667384
117243.1685505662 125522.8752175640

