846978735.5806180239 2005178.5918273926
831597445.7341085672 1946551.3418884277
835113538.8832005262 1949525.8304138184
847715988.7167534828 2038011.7165374756
830362722.3497551680 1918619.1597900391
829873497.4420260191 1899230.5530395508
823447812.1559486389 1882450.9841995239
835505369.7367349863 1949742.5472412109
845753621.5914218426 1993009.1773681641
846482071.0599449873 1994049.0399780273
851700017.0885615349 2038745.5642700195
837734452.0756154060 1976226.1750335693
836923519.9267994165 1953396.4406738281
837383588.0739097595 1962149.8014068604
828728887.8929575682 1894913.9043579102
839811607.9295995235 1988343.6129455566
