1045271512.3642337322 125939.8622894287
1040249866.0423058271 122562.4981126785
1043302295.4342584610 123425.2243595123
1044823896.2936587334 123581.2996883392
1059402419.0040003061 129431.8734951019
1058253738.7726992369 127110.0432524681
1050484309.8309364319 126027.4779310226
1058630280.6521705389 127479.6782131195
1058345111.7345221043 127370.3943443298
1057575584.9294339418 126794.8526077271
1044905093.8720618486 124887.0078487396
1039999638.2555873394 117086.5910387039
1053337250.1276582479 126691.5237751007
