129272598.4366147965 122131.8533782959
130056907.0513862073 127599.8862304688
128769591.1165876538 118791.3814697266
127791561.9465011358 112937.6024017334
134124699.8353103250 136042.2425537109
132131083.8601763844 132280.7870483398
135926351.6900082827 137399.9551391602
129584047.4776775539 123711.9424133301
132270284.8682748228 133014.1514892578
133070509.4758902043 133048.3771972656
130338557.7937731296 129018.3190612793
127860576.7974792123 114119.7633972168
131785196.1950166821 129363.6604919434
131826504.9581619650 130723.5662841797
129492454.9787993133 122748.8007202148
129698118.7749556303 125272.2475280762
