571380489.7607909441 367400.1394805908
569743998.0732589960 294705.1385669708
582083342.9493635893 399591.6094665527
570705187.3443849087 357727.1277275085
575513924.9583685398 382129.5629348755
575596101.6356227398 385249.3595809937
589248857.2770334482 403722.7527770996
576001498.7475924492 385805.4995918274
575331304.1874893904 381945.1111907959
574942364.1318086386 380123.1643676758
582037867.0366833210 394448.4161529541
571584200.9441378117 378385.7186584473
576904793.1095747948 394395.2300224304
