1006078996.3096424341 11801855.9531250000
1004976466.7701265812 11791578.8574218750
1002784305.0139169693 11783218.2480468750
1008510013.2321926355 11807358.2792968750
984503314.5283135176 11633850.9335937500
985679293.7213774920 11658489.7324218750
986402327.2138141394 11668385.0976562500
997189206.9634221792 11759641.9082031250
984239082.8651682138 11629026.0996093750
988170172.6501545906 11744741.5781250000
1011250690.9609981775 11812140.7187500000
1002116745.1434795856 11777791.2109375000
987517769.7000784874 11694118.4960937500
983424148.3109191656 11613062.1406250000
981427816.4413460493 11604728.5644531250
986280519.9786770344 11665456.8652343750
993257579.1104655266 11752890.4394531250
987638449.5901734829 11725358.4726562500
980735333.1139214039 11562045.1523437500
985381457.1331639290 11639901.2421875000
997701464.2876648903 11768538.5957031250
999425210.0003784895 11772529.6601562500
