775861724.4431132078 476851.7554779053
757603269.6256248951 443216.7325439453
783875276.7700914145 497028.7902221680
774839728.9377900362 476720.4969635010
766505545.5181828737 465713.9641723633
778278419.7207504511 483570.7388687134
776245173.2926717997 477758.0891265869
772407250.6325875521 475567.4163513184
762909655.9655215740 455546.0068473816
780671647.7740308046 486951.0474224091
774008621.1404080391 475732.7346000671
767592938.1874541044 473268.0569763184
767048240.8051863909 467759.9514923096
777905655.0477001667 481070.6975326538
783646232.2712165117 491309.0598907471
760703405.3637696505 447744.4531669617
760140295.3415483236 443445.6849136353
783571963.1169584990 487879.2442626953
765510584.2044810057 463945.4272460938
761057102.5921379328 451781.5967903137
762543764.2015960217 454111.5424118042
763356262.1288859844 463840.8484954834
777435679.7453726530 479962.9574432373
