306049682.5160502791 2678.0997557640
304504703.2652405500 2178.5260328054
315307415.0474826097 2789.8269419670
308090706.5181199908 2754.6847546101
304970628.0780821443 2631.0772504807
310440762.5892565250 2774.4615824223
313793415.6628574729 2774.5444836617
310060158.4336747527 2757.9694144726
307673075.8968753219 2685.5185353756
306687439.9271386266 2682.4680402279
307709981.9786679745 2692.5186190605
315203626.0495241880 2781.5536231995
307927975.6663538814 2699.0525641441
310233956.0350859165 2769.3639664650
307314448.4340288639 2684.1347682476
316373701.4412822127 2791.5252678394
