677031338.0682978630 615.4038537145
691786805.9462027550 659.7689808905
699096268.2866499424 672.5089035332
688246301.2466495037 659.6829417050
695192614.9517377615 667.4603556395
683986481.2225316763 650.2338741720
675025851.6725445986 613.6296323687
696317411.1298997402 669.3962090015
682859101.8013919592 646.3789828345
686795664.4491285086 650.6177222133
693060353.8792839050 664.3801995069
674799451.0212764740 494.7846539423
674020463.1176168919 486.0374287213
692555017.2078640461 660.2927827239
695750391.3258967400 667.5322889686
693984900.1244935989 666.7643313706
679289218.8687688112 641.3040465266
680969765.9823174477 646.1665357202
678109033.8900119066 632.0580426157
687571072.3517713547 656.1389992014
677618920.0236790180 627.4967106283
683402954.8359831572 648.1447153240
