568311608.6134871244 80696.2816691399
569902821.4539197683 81872.9733819962
569077918.9367542267 81480.9520282745
587973577.2915560007 85917.2458553314
577939057.3300036192 84677.0546951294
565631403.0934557915 79821.1433811188
587357070.4919896126 85635.6645584106
570274587.7036111355 82793.3088417053
574968665.2814421654 83594.3464603424
590027006.9890288115 86055.1221542358
584622169.2629597187 85378.6486091614
594254509.4654794931 86615.4733543396
564178920.6040110588 77336.5340566635
563933041.9453775883 75932.0231084824
567040829.4361284971 80051.8385505676
567132700.4960199594 80171.7675333023
565032244.8202486038 77888.4345703125
563552072.3713837862 68766.2122612000
