918624218.8700883389 266010.5307326317
931764113.5919511318 276513.8176250458
930124898.0712175369 273672.7424621582
933199713.9661657810 276553.0430421829
921747955.0244199038 270073.2306442261
933294123.0439999104 278836.8038864136
922873159.3547281027 272133.6195964813
914330574.1189966202 264647.4921951294
919826777.6294240952 269720.1846733093
921241966.3408104181 269852.6619796753
922316792.7996519804 270123.1111221313
912140872.3158103228 264436.5480079651
926963012.8054332733 273308.4558639526
918552965.4127550125 264901.5010643005
927887551.0383054018 273420.2096481323
924753608.1567695141 273173.5384025574
