918383285.6733341217 271992.1098861694
938704991.2205386162 282794.4017028809
911977959.3012396097 256011.4602088928
935148422.6071963310 279655.5604743958
936380155.4328446388 280610.7583656311
923878289.0452293158 273362.6063537598
927478107.4408479929 276169.9637832642
918154113.8723251820 269268.5645637512
915120871.3054064512 266760.5601158142
917019541.6651754379 267455.2593765259
924368822.9856473207 274152.5741653442
931764113.5919511318 276513.8176250458
933199713.9661657810 276553.0430421829
933294123.0439999104 278836.8038864136
922873159.3547281027 272133.6195964813
914330574.1189966202 264647.4921951294
912140872.3158103228 264436.5480079651
