67824929.6184062958 50993.1736450195
66949879.7772306502 50478.8521423340
65433550.9803080782 49178.0118408203
72766155.8737295717 51709.7915039062
65419054.7339210957 47903.6638183594
65124282.5642343163 47840.6843872070
65911693.4645544961 49331.7487487793
66165418.5758482888 50117.5774536133
64928817.5017191246 47291.0675048828
67410904.8562513590 50659.4837951660
67833255.4505762011 51126.2117614746
68738402.7390740365 51193.8576660156
68441094.1648301780 51145.2855529785
70814057.3429424018 51689.8699645996
66754115.7955888733 50147.2526092529
72812891.6215855330 51720.1294860840
68812161.3344127983 51274.9471740723
66563807.7682276741 50127.6277160645
67460614.7027438283 50970.8838806152
69169740.2070439011 51458.1650390625
