99501836.4428028315 1317.3086986542
101327585.3441988826 1396.6701140404
101228341.1562948823 1387.1270551682
103826378.0894467831 1440.5030007362
99470611.1127081215 1170.9234461784
107685046.3776098788 1465.0617723465
102319354.5077851713 1416.0910019875
100524784.6856496036 1333.5512804985
102139919.0695183128 1414.7915430069
101844269.1990743876 1409.9653892517
100683619.3160788119 1377.8294332027
100882481.6871878207 1378.4984931946
103985583.3888700753 1458.1787366867
99848600.5390325338 1326.8013982773
102898311.1461364776 1434.4758310318
100640919.7949557304 1357.6694461107
103804698.5008271039 1438.8129558563
