134179256.8426067978 472369.0593261719
134606340.4402283132 507923.9305419922
139531988.4088069499 550200.6651611328
146963337.5424253643 566810.1228027344
135736283.8537502289 525845.0264892578
137266413.2179231644 532690.0260620117
141624803.3594965041 561448.3610839844
139185875.3901246786 547578.1636962891
140624909.2840917706 558541.9344482422
145598159.8647688627 562719.8732910156
147085938.0647464395 569907.6422119141
150871028.9294407070 574430.9653320312
147003903.0443393588 569643.3532714844
137440280.0710453391 543322.0994873047
142859630.2374809086 562000.7145996094
145778140.8573912382 566795.7535400391
138757130.2506824136 546052.7530517578
147964139.1160579920 570517.2229003906
144148729.9169893265 562640.1477050781
140498491.0881716013 556788.9876708984
