153726697.8485431969 625231.7442626953
156396360.8449161947 646888.7689208984
151313129.5701685846 617437.4882812500
150059391.9578225315 590526.5962829590
160105196.3550518155 649347.9686889648
156372476.7694436014 645089.9161376953
147094431.6264817119 525526.5093994141
148516272.8126288354 550723.1381225586
157346586.5302018523 648654.2622070312
155304059.7597290576 637381.6638183594
156083328.2790390253 638087.1839599609
151211843.9738392830 606005.1662597656
149682635.2317855358 587699.2766113281
148750992.6725645065 572942.1208801270
149159979.9587679207 576447.6021118164
154131260.7978199720 631629.1108398438
149521120.9254870415 580229.6306457520
149383107.9898847044 577850.7198486328
150276078.1316181421 600313.6796264648
150407427.8188960850 604195.3409423828
148481191.8386501372 540450.7056579590
151178597.5310295224 604377.1050109863
148667546.5189045072 570828.2803955078
152617121.8734895289 622011.3519287109
152370446.1523952186 620142.9769897461
149595048.5284990072 582581.4064941406
