751203002.9360910654 1102977.6545410156
761349669.9434922934 1139850.4920349121
774270367.8232654333 1162618.6586914062
771585284.5826668739 1162541.2164916992
752095639.6419006586 1117876.9364013672
765977324.2194722891 1152934.4248199463
765510525.2475253344 1147109.6621704102
755250892.1439007521 1129558.4205169678
754387721.6159569025 1122751.3737945557
769997399.9775547981 1159448.3695983887
752982074.0044442415 1118743.3407745361
750469689.7966797352 1095826.2353973389
760419822.4292168617 1137548.6082763672
763106191.3098360300 1145048.5961608887
757826797.9377247095 1135689.5183410645
766773779.3085837364 1155440.2096862793
750067735.6246904135 1092097.9523010254
747407007.3597121239 1083069.1945190430
