289508967.6087461114 1141417.5140380859
283366631.2724897861 1092186.5072021484
282821283.3008165956 1082091.1595458984
285501274.4415275455 1113358.8215332031
292723159.8340991139 1151861.8228149414
285621124.1912404895 1126324.4176025391
288119267.8945404291 1132639.2833251953
281690140.2040212750 1080434.0898437500
280839601.9192789197 1024935.2164916992
280862972.9104657173 1041641.4766540527
280806979.0146363378 1008996.0831298828
290840842.5961806178 1148338.1973266602
280971847.8085883856 1053745.9192504883
293450329.7116915584 1154353.1097412109
289509714.0572208762 1145655.6481933594
291672786.4776744843 1151406.3651123047
283618036.1385574937 1111491.0461425781
