306734547.0939396024 6074330.6484375000
309531854.4813706875 6133101.7031250000
311107515.5542916656 6148807.2265625000
317519748.7883491516 6176327.5937500000
307769923.5303692818 6085862.9296875000
306197624.8853920102 6062559.6523437500
314010252.4552602768 6158572.2578125000
305014675.4105798006 5999067.8085937500
306090362.3172441125 6017928.0507812500
318330342.4300997853 6186056.8867187500
306135059.1403624415 6018418.6835937500
306396046.0765500665 6067575.3867187500
315072845.2136367559 6166429.3007812500
308047007.1008098125 6100236.7539062500
316385929.8214265108 6172955.8867187500
308758114.9526502490 6113693.9609375000
308384757.5745475292 6103960.2031250000
306782373.9770665765 6084439.6914062500
304742320.2880013585 5922399.1875000000
316540651.9294913411 6174717.6328125000
312074651.6402574778 6154880.3164062500
316227296.3259444833 6170536.8945312500
305910705.9546798468 6010743.3710937500
