520561240.9661741257 822565.5143432617
525638909.6929985881 842101.9522705078
525471378.7932283878 841765.3159179688
520375110.6044210196 818611.5324707031
520368158.7692748308 818451.7392578125
526760343.3968166709 852140.2783508301
518934983.6013840437 801064.5900878906
520593475.4398580194 828173.8751831055
520527067.0129531026 819255.4183349609
529134439.3395126462 853914.7709655762
522411010.0315029621 837950.2432861328
516850458.3791956902 752099.6292724609
532288501.6752445698 856087.2228393555
519720114.4787018299 814471.0426025391
517573937.0409938097 765667.3244628906
526065690.7393370271 845455.5967407227
520359371.0119194388 814806.8997192383
517849856.5920201540 796877.9248046875
535810871.2281624079 859467.7407226562
533994890.8548817635 856943.8778076172
523316050.2770752311 840826.7549438477
519174524.2406559587 809141.3688049316
