700397348.3119926453 2886436.1284179688
709436194.4584383965 2927756.0612792969
698918038.9136309624 2854171.5241699219
689307030.2844185829 2808023.3288574219
689127075.9265996218 2795108.6208496094
700390620.4197955132 2870140.5346679688
693769290.7924541235 2854149.6740722656
691085341.4431066513 2824120.4047851562
689975939.7992315292 2816291.7478027344
688818958.4287010431 2790261.8933105469
684666933.3697017431 2765682.1589355469
707938254.7655147314 2899702.3437500000
687422772.3222855330 2784566.2036132812
689426457.0645817518 2810790.1015625000
699078670.0267889500 2865533.0456542969
682682342.9896166325 2731609.4699707031
691432605.8353351355 2827424.5163574219
684402905.1196963787 2738192.9772949219
681790360.7758079767 2727923.0676269531
685584885.5018267632 2779552.7012939453
706991957.3790495396 2895631.6940917969
691646344.4223204851 2843001.9729003906
