182779471.1970264614 27158.8680858612
184084607.2814979255 27687.3985061646
183947966.4366831779 27206.2927169800
181460408.1743510962 26193.1975288391
178926455.9843984842 23547.5589199066
190627614.8282901645 28483.8114604950
181303657.2234495282 26076.3465423584
180766206.5156351924 26020.4932098389
188821844.9643465281 28421.3689727783
181678381.5449491143 26511.2459945679
179875523.3621251881 24803.6505274773
182566103.9531850815 26652.9149055481
185090331.6091847718 27858.8813667297
185966833.1486041546 28156.4095687866
179699165.4352835715 24543.4147958755
180590610.7093416452 25322.1771488190
180402693.9479210675 24945.9465999603
184071819.2585533261 27252.4863815308
