134474.4542986549 113906.5827849107
132555.2016520679 111659.8859814107
123918.5647424266 108610.7974623750
133194.9525342636 111820.3643245179
135114.2051808505 121449.0649109464
130156.1358438342 113104.1910693750
130955.8244465788 119202.3681074464
132555.2016520679 111980.8426676250
128236.8831972473 115511.3662159821
132075.3884904212 120004.7598229821
133834.7034164592 120486.1948523036
123758.6270218777 113104.1910693750
122319.1875369375 109573.6675210179
132555.2016520679 119202.3681074464
142311.4026055516 115190.4095297679
124558.3156246223 110376.0592365536
126797.4437123071 115029.9311866607
127917.0077561495 116153.2795884107
138792.7727534756 114067.0611280179
128556.7586383451 114548.4961573393
134634.3920192038 120967.6298816250
125997.7551095625 110376.0592365536
129516.3849616386 111980.8426676250
143750.8420904918 115832.3229021964
125198.0665068179 116153.2795884107
128556.7586383451 117276.6279901607
126157.6928301114 111178.4509520893
122159.2498163886 109894.6242072321
120239.9971698016 110376.0592365536
122799.0006985842 108610.7974623750
128556.7586383451 114869.4528435536
119920.1217287038 107968.8840899464
131435.6376082255 111659.8859814107
121199.6234930951 111017.9726089821
130316.0735643832 117437.1063332678
128556.7586383451 110376.0592365536
127757.0700356005 117276.6279901607
132715.1393726169 111820.3643245179
131755.5130493234 113585.6260986964
135753.9560630462 122251.4566264821
120879.7480519973 111178.4509520893
134154.5788575571 114869.4528435536
125517.9419479158 117116.1496470536
119440.3085670571 107968.8840899464
127117.3191534049 115671.8445590893
119280.3708465081 108931.7541485893
139912.3367973179 114388.0178142322
124878.1910657201 115832.3229021964
138312.9595918288 114067.0611280179
122639.0629780353 111178.4509520893
131115.7621671277 118079.0197056964
130795.8867260299 119683.8031367678
123598.6893013288 111980.8426676250
123918.5647424266 112462.2776969464
121679.4366547418 112141.3210107322
134794.3297397527 122090.9782833750
136233.7692246930 122732.8916558036
128236.8831972473 117918.5413625893
119600.2462876060 109573.6675210179
138632.8350329266 114548.4961573393
131435.6376082255 115511.3662159821
121519.4989341929 111499.4076383036
133994.6411370081 120325.7165091964
133834.7034164592 121128.1082247321
126157.6928301114 112943.7127262679
125198.0665068179 114708.9745004464
129036.5717999918 114227.5394711250
130635.9490054810 115511.3662159821
125517.9419479158 115350.8878728750
120559.8726108995 110697.0159227679
119760.1840081549 107487.4490606250
126157.6928301114 111980.8426676250
128556.7586383451 110697.0159227679
131115.7621671277 113104.1910693750
129996.1981232853 116313.7579315179
124078.5024629755 115190.4095297679
126477.5682712092 118560.4547350178
134634.3920192038 120486.1948523036
128716.6963588940 119362.8464505536
122479.1252574864 107968.8840899464
135434.0806219484 113585.6260986964
131915.4507698723 112783.2343831607
136713.5823863397 113104.1910693750
129996.1981232853 116474.2362746250
120719.8103314484 108610.7974623750

144070.7175315897 115832.3229021964
120399.9348903505 108931.7541485893
122319.1875369375 109413.1891779107
133194.9525342636 120004.7598229821
127117.3191534049 109573.6675210179
129996.1981232853 116795.1929608393
136393.7069452418 122411.9349695893
128876.6340794429 111659.8859814107
126797.4437123071 113104.1910693750
135753.9560630462 112943.7127262679
130795.8867260299 112301.7993538393
139432.5236356712 114548.4961573393
143111.0912082962 115671.8445590893
128876.6340794429 113104.1910693750
131915.4507698723 113585.6260986964
121999.3120958397 110376.0592365536
119440.3085670571 108129.3624330536
131115.7621671277 115029.9311866607
127917.0077561495 116955.6713039464
128396.8209177962 119202.3681074464
138472.8973123777 114548.4961573393
125837.8173890136 114708.9745004464
123758.6270218777 112141.3210107322
123278.8138602310 114548.4961573393
129836.2604027364 116955.6713039464
122479.1252574864 107968.8840899464
119280.3708465081 108610.7974623750
126637.5059917582 113264.6694124821
130156.1358438342 112783.2343831607
136713.5823863397 122411.9349695893
125837.8173890136 114227.5394711250
130316.0735643832 110857.4942658750
128716.6963588940 118720.9330781250
135594.0183424973 113585.6260986964
123758.6270218777 109413.1891779107
131435.6376082255 114869.4528435536
121839.3743752908 112622.7560400536
121519.4989341929 112141.3210107322
130955.8244465788 113585.6260986964
126637.5059917582 109573.6675210179
137193.3955479864 123214.3266851250
121039.6857725462 111178.4509520893
126477.5682712092 111338.9292951964
129356.4472410897 110857.4942658750
124238.4401835245 109413.1891779107
136393.7069452418 113906.5827849107
124718.2533451712 116634.7146177321
124238.4401835245 113264.6694124821
129516.3849616386 114067.0611280179
120879.7480519973 107968.8840899464
127277.2568739538 118079.0197056964
127757.0700356005 109894.6242072321
120080.0594492527 108931.7541485893
135114.2051808505 121609.5432540536
126477.5682712092 110536.5375796607
126637.5059917582 112622.7560400536
122639.0629780353 110055.1025503393
139272.5859151223 114708.9745004464
134154.5788575571 114548.4961573393
125198.0665068179 113425.1477555893
133514.8279753614 119362.8464505536
121839.3743752908 108289.8407761607
127757.0700356005 112943.7127262679
140871.9631206114 114708.9745004464
129676.3226821875 110536.5375796607
123438.7515807799 110697.0159227679
122639.0629780353 111820.3643245179
123118.8761396821 113746.1044418036
130316.0735643832 119523.3247936607
127917.0077561495 110536.5375796607
128876.6340794429 116634.7146177321
136073.8315041440 122090.9782833750
131755.5130493234 117918.5413625893
129676.3226821875 117276.6279901607
123278.8138602310 108289.8407761607
131435.6376082255 114067.0611280179
120399.9348903505 108289.8407761607
129836.2604027364 113906.5827849107
123598.6893013288 108610.7974623750
129196.5095205408 117276.6279901607
126477.5682712092 115671.8445590893
122958.9384191331 111017.9726089821
129836.2604027364 114227.5394711250
131275.6998876766 114388.0178142322
132395.2639315190 112622.7560400536

132075.3884904212 113264.6694124821
145030.3438548832 116153.2795884107
131115.7621671277 115190.4095297679
129036.5717999918 118399.9763919107
126797.4437123071 116313.7579315179
129196.5095205408 116153.2795884107
131915.4507698723 120486.1948523036
121519.4989341929 109252.7108348036
124238.4401835245 112301.7993538393
118000.8690821168 107326.9707175178
135594.0183424973 121449.0649109464
128236.8831972473 115029.9311866607
124238.4401835245 114548.4961573393
126637.5059917582 113104.1910693750
130316.0735643832 118881.4114212321
130955.8244465788 120486.1948523036
125677.8796684647 109573.6675210179
124558.3156246223 109413.1891779107
125677.8796684647 111980.8426676250
130635.9490054810 119362.8464505536
129676.3226821875 117116.1496470536
121519.4989341929 107968.8840899464
142151.4648850027 115511.3662159821
134314.5165781060 120165.2381660893
142311.4026055516 115190.4095297679
128716.6963588940 119362.8464505536
125198.0665068179 114548.4961573393
129836.2604027364 110857.4942658750
129996.1981232853 111980.8426676250
129036.5717999918 112141.3210107322
127917.0077561495 111820.3643245179
131435.6376082255 115350.8878728750
121039.6857725462 109734.1458641250
120719.8103314484 107968.8840899464
122159.2498163886 111980.8426676250
135114.2051808505 121609.5432540536
138792.7727534756 114388.0178142322
142631.2780466495 115350.8878728750
119440.3085670571 107808.4057468393
130795.8867260299 117276.6279901607
124398.3779040734 111499.4076383036
123758.6270218777 114869.4528435536
122479.1252574864 111178.4509520893
132395.2639315190 115350.8878728750
119760.1840081549 109252.7108348036
129516.3849616386 113906.5827849107
121679.4366547418 112462.2776969464
129676.3226821875 112301.7993538393
127437.1945945027 110215.5808934464
128076.9454766984 118881.4114212321
128396.8209177962 113906.5827849107
127117.3191534049 109894.6242072321
118960.4954054103 108289.8407761607
132715.1393726169 112622.7560400536
123598.6893013288 108771.2758054821
125837.8173890136 116955.6713039464
130156.1358438342 117116.1496470536
121999.3120958397 111499.4076383036
120559.8726108995 110376.0592365536
127757.0700356005 112141.3210107322
122639.0629780353 113585.6260986964
123598.6893013288 109894.6242072321
132875.0770931658 115190.4095297679
127917.0077561495 112622.7560400536
132715.1393726169 119041.8897643393
135274.1429013995 114548.4961573393
125837.8173890136 111659.8859814107
135274.1429013995 114227.5394711250
122479.1252574864 108129.3624330536
125997.7551095625 116153.2795884107
134474.4542986549 120486.1948523036
132715.1393726169 113104.1910693750
134314.5165781060 112783.2343831607
124238.4401835245 112141.3210107322
120399.9348903505 110697.0159227679
127917.0077561495 117437.1063332678
122319.1875369375 110376.0592365536
125198.0665068179 116795.1929608393
130156.1358438342 113425.1477555893
137193.3955479864 113585.6260986964
120399.9348903505 110055.1025503393
128556.7586383451 116634.7146177321
120239.9971698016 108289.8407761607
124078.5024629755 115671.8445590893
137353.3332685353 113906.5827849107

136073.8315041440 122732.8916558036
137193.3955479864 122732.8916558036
132715.1393726169 120325.7165091964
133674.7656959103 120165.2381660893
128876.6340794429 119523.3247936607
126157.6928301114 118079.0197056964
129996.1981232853 116955.6713039464
126157.6928301114 116474.2362746250
127437.1945945027 116153.2795884107
126797.4437123071 115350.8878728750
131755.5130493234 115190.4095297679
128076.9454766984 115029.9311866607
123758.6270218777 114869.4528435536
124238.4401835245 114708.9745004464
133354.8902548125 114708.9745004464
139432.5236356712 114388.0178142322
124718.2533451712 114227.5394711250
136873.5201068886 114067.0611280179
125038.1287862690 113906.5827849107
137993.0841507310 113906.5827849107
135114.2051808505 113746.1044418036
127277.2568739538 113585.6260986964
133194.9525342636 113264.6694124821
136393.7069452418 113104.1910693750
128076.9454766984 112943.7127262679
130156.1358438342 112783.2343831607
124238.4401835245 112141.3210107322
127437.1945945027 111980.8426676250
124558.3156246223 111338.9292951964
129676.3226821875 111338.9292951964
126957.3814328560 111017.9726089821
121199.6234930951 110536.5375796607
124078.5024629755 110376.0592365536
121039.6857725462 109894.6242072321
125517.9419479158 109413.1891779107
126157.6928301114 109252.7108348036
125198.0665068179 108931.7541485893
122319.1875369375 108289.8407761607
118320.7445232147 106685.0573450893
134954.2674603016 113104.1910693750
125997.7551095625 117758.0630194821
125038.1287862690 116313.7579315179
126797.4437123071 113585.6260986964
130316.0735643832 113104.1910693750
127757.0700356005 115350.8878728750
120719.8103314484 109734.1458641250
120559.8726108995 109252.7108348036
126317.6305506603 111659.8859814107
121519.4989341929 109894.6242072321
130955.8244465788 111499.4076383036
127757.0700356005 113585.6260986964
123118.8761396821 109894.6242072321
128556.7586383451 111980.8426676250
125677.8796684647 116634.7146177321
118800.5576848614 107808.4057468393
132235.3262109701 113746.1044418036
122319.1875369375 109092.2324916964
130795.8867260299 120004.7598229821
138312.9595918288 113906.5827849107
131755.5130493234 120004.7598229821
125038.1287862690 115511.3662159821
129356.4472410897 111338.9292951964
129676.3226821875 119523.3247936607
123438.7515807799 113585.6260986964
130156.1358438342 115029.9311866607
124078.5024629755 111659.8859814107
124718.2533451712 113104.1910693750
134634.3920192038 112622.7560400536
129836.2604027364 113906.5827849107
127437.1945945027 112462.2776969464
132395.2639315190 111499.4076383036
134474.4542986549 114708.9745004464
140072.2745178668 114388.0178142322
122319.1875369375 111499.4076383036
141351.7762822582 114869.4528435536
139752.3990767690 114869.4528435536
123758.6270218777 108771.2758054821
134954.2674603016 121288.5865678393
126957.3814328560 116153.2795884107
124558.3156246223 112783.2343831607
128236.8831972473 114708.9745004464
121679.4366547418 112141.3210107322
135434.0806219484 114227.5394711250
120399.9348903505 110697.0159227679
132715.1393726169 112141.3210107322

130795.8867260299 117276.6279901607
133035.0148137147 113425.1477555893
120879.7480519973 107487.4490606250
122958.9384191331 114227.5394711250
130316.0735643832 119202.3681074464
124718.2533451712 116474.2362746250
124558.3156246223 112462.2776969464
120559.8726108995 108129.3624330536
131435.6376082255 113585.6260986964
132395.2639315190 120165.2381660893
129516.3849616386 115190.4095297679
119760.1840081549 107487.4490606250
130795.8867260299 115350.8878728750
121839.3743752908 110536.5375796607
131275.6998876766 115511.3662159821
135913.8937835951 122090.9782833750
120399.9348903505 108450.3191192679
130635.9490054810 118720.9330781250
128076.9454766984 118881.4114212321
133354.8902548125 120967.6298816250
131595.5753287745 113746.1044418036
130156.1358438342 110697.0159227679
133354.8902548125 115029.9311866607
130635.9490054810 117437.1063332678
128076.9454766984 117918.5413625893
136713.5823863397 113264.6694124821
128716.6963588940 110697.0159227679
122958.9384191331 111338.9292951964
127117.3191534049 118079.0197056964
132075.3884904212 119523.3247936607
123918.5647424266 113585.6260986964
120239.9971698016 110215.5808934464
133194.9525342636 119683.8031367678
131755.5130493234 113264.6694124821
134954.2674603016 120967.6298816250
129356.4472410897 119041.8897643393
135434.0806219484 121128.1082247321
135594.0183424973 112783.2343831607
127757.0700356005 117116.1496470536
123758.6270218777 113425.1477555893
130635.9490054810 114227.5394711250
137673.2087096332 113906.5827849107
130156.1358438342 112943.7127262679
126637.5059917582 113746.1044418036
124878.1910657201 112141.3210107322
139432.5236356712 114548.4961573393
131115.7621671277 111499.4076383036
130795.8867260299 113746.1044418036
128076.9454766984 116153.2795884107
137353.3332685353 113906.5827849107
127277.2568739538 114067.0611280179
127437.1945945027 110215.5808934464
134314.5165781060 114067.0611280179
124398.3779040734 112943.7127262679
132235.3262109701 118881.4114212321
125997.7551095625 111017.9726089821
126797.4437123071 114869.4528435536
131275.6998876766 117918.5413625893
145030.3438548832 116153.2795884107
129836.2604027364 116955.6713039464
130795.8867260299 119844.2814798750
134954.2674603016 113906.5827849107
132555.2016520679 112783.2343831607
139592.4613562201 114708.9745004464
139432.5236356712 114708.9745004464
128236.8831972473 119202.3681074464
130156.1358438342 116955.6713039464
128556.7586383451 111178.4509520893
124238.4401835245 109573.6675210179
131435.6376082255 118239.4980488036
125517.9419479158 111178.4509520893
125997.7551095625 109413.1891779107
136713.5823863397 122411.9349695893
137833.1464301821 114227.5394711250
143750.8420904918 115832.3229021964
124558.3156246223 109092.2324916964
122958.9384191331 108771.2758054821
124398.3779040734 110376.0592365536
133994.6411370081 113746.1044418036
120399.9348903505 107808.4057468393
128076.9454766984 113425.1477555893
122958.9384191331 113264.6694124821
123758.6270218777 109252.7108348036
128716.6963588940 118881.4114212321
129516.3849616386 110857.4942658750

137193.3955479864 122732.8916558036
135753.9560630462 121449.0649109464
132715.1393726169 121288.5865678393
131755.5130493234 120807.1515385178
130476.0112849321 120325.7165091964
131755.5130493234 120165.2381660893
129676.3226821875 119523.3247936607
129516.3849616386 119202.3681074464
131595.5753287745 119202.3681074464
132395.2639315190 118881.4114212321
125997.7551095625 118239.4980488036
129996.1981232853 116955.6713039464
124878.1910657201 116795.1929608393
125517.9419479158 116795.1929608393
125677.8796684647 116634.7146177321
128876.6340794429 116634.7146177321
126957.3814328560 116153.2795884107
125517.9419479158 115350.8878728750
126797.4437123071 115350.8878728750
127757.0700356005 115350.8878728750
125837.8173890136 115190.4095297679
142311.4026055516 115190.4095297679
140552.0876795136 114869.4528435536
141351.7762822582 114869.4528435536
133354.8902548125 114708.9745004464
124718.2533451712 114227.5394711250
136233.7692246930 114227.5394711250
127277.2568739538 113585.6260986964
134154.5788575571 113425.1477555893
133194.9525342636 113264.6694124821
121999.3120958397 112943.7127262679
125997.7551095625 112943.7127262679
124558.3156246223 112783.2343831607
121999.3120958397 112622.7560400536
130635.9490054810 112462.2776969464
122479.1252574864 112301.7993538393
122958.9384191331 112141.3210107322
127437.1945945027 111980.8426676250
125358.0042273668 111659.8859814107
126797.4437123071 111499.4076383036
132395.2639315190 111499.4076383036
128076.9454766984 111338.9292951964
120399.9348903505 110697.0159227679
130156.1358438342 110697.0159227679
121199.6234930951 110536.5375796607
123598.6893013288 110376.0592365536
124878.1910657201 109894.6242072321
125517.9419479158 109413.1891779107
120559.8726108995 109252.7108348036
122159.2498163886 108450.3191192679
120399.9348903505 107487.4490606250
117201.1804793723 106203.6223157679
129836.2604027364 113906.5827849107
117680.9936410190 106203.6223157679
124238.4401835245 114708.9745004464
124238.4401835245 112141.3210107322
125358.0042273668 115671.8445590893
121679.4366547418 112141.3210107322
130316.0735643832 113104.1910693750
138632.8350329266 114548.4961573393
121039.6857725462 109894.6242072321
129996.1981232853 111017.9726089821
140072.2745178668 114388.0178142322
123598.6893013288 108610.7974623750
124558.3156246223 111338.9292951964
125198.0665068179 108931.7541485893
125198.0665068179 115832.3229021964
125358.0042273668 113746.1044418036
124878.1910657201 113425.1477555893
126957.3814328560 115190.4095297679
131115.7621671277 112141.3210107322
125198.0665068179 117276.6279901607
134954.2674603016 121288.5865678393
126157.6928301114 118079.0197056964
129836.2604027364 119844.2814798750
123278.8138602310 111017.9726089821
125837.8173890136 110697.0159227679
128076.9454766984 115029.9311866607
131115.7621671277 113585.6260986964
119920.1217287038 109573.6675210179
133674.7656959103 112301.7993538393
132875.0770931658 119041.8897643393
136873.5201068886 113746.1044418036
134634.3920192038 112622.7560400536
132395.2639315190 113585.6260986964

133035.0148137147 119041.8897643393
121519.4989341929 107968.8840899464
125358.0042273668 109092.2324916964
121039.6857725462 110857.4942658750
119280.3708465081 107808.4057468393
118320.7445232147 106845.5356881964
123438.7515807799 113425.1477555893
120239.9971698016 110055.1025503393
127437.1945945027 115671.8445590893
128396.8209177962 115029.9311866607
126797.4437123071 110215.5808934464
128556.7586383451 117758.0630194821
134634.3920192038 114548.4961573393
131115.7621671277 114227.5394711250
126157.6928301114 109573.6675210179
129676.3226821875 113264.6694124821
132395.2639315190 119844.2814798750
128716.6963588940 113425.1477555893
132075.3884904212 111980.8426676250
143271.0289288451 115511.3662159821
123118.8761396821 108129.3624330536
122639.0629780353 112301.7993538393
132555.2016520679 119362.8464505536
131595.5753287745 118399.9763919107
133035.0148137147 120967.6298816250
136713.5823863397 113585.6260986964
120719.8103314484 108610.7974623750
129676.3226821875 115029.9311866607
130635.9490054810 116955.6713039464
139272.5859151223 114067.0611280179
123598.6893013288 110055.1025503393
123278.8138602310 108771.2758054821
126477.5682712092 111178.4509520893
121839.3743752908 112301.7993538393
126157.6928301114 118399.9763919107
124078.5024629755 109413.1891779107
126157.6928301114 113264.6694124821
131595.5753287745 117758.0630194821
127117.3191534049 110857.4942658750
126957.3814328560 109734.1458641250
130955.8244465788 118079.0197056964
125517.9419479158 112462.2776969464
128236.8831972473 112141.3210107322
123918.5647424266 115190.4095297679
123278.8138602310 111338.9292951964
129036.5717999918 119202.3681074464
124398.3779040734 112943.7127262679
129996.1981232853 116634.7146177321
131275.6998876766 120646.6731954107
119920.1217287038 107487.4490606250
136713.5823863397 113906.5827849107
125198.0665068179 116795.1929608393
129996.1981232853 118881.4114212321
132075.3884904212 118399.9763919107
144230.6552521386 115992.8012453036
129356.4472410897 119683.8031367678
124238.4401835245 113104.1910693750
120080.0594492527 109413.1891779107
127597.1323150516 110376.0592365536
142151.4648850027 115190.4095297679
132875.0770931658 113104.1910693750
124558.3156246223 109092.2324916964
131595.5753287745 114869.4528435536
143910.7798110408 115832.3229021964
136553.6446657908 122572.4133126964
123118.8761396821 111499.4076383036
128556.7586383451 111338.9292951964
126797.4437123071 111499.4076383036
122958.9384191331 112301.7993538393
126157.6928301114 111820.3643245179
121519.4989341929 108450.3191192679
134154.5788575571 114227.5394711250
129996.1981232853 114708.9745004464
134154.5788575571 114708.9745004464
125837.8173890136 113104.1910693750
126157.6928301114 115671.8445590893
132075.3884904212 119362.8464505536
121199.6234930951 107808.4057468393
128396.8209177962 116474.2362746250
130955.8244465788 112141.3210107322
122159.2498163886 113104.1910693750
126317.6305506603 114708.9745004464
128556.7586383451 118560.4547350178
131435.6376082255 111338.9292951964
131595.5753287745 113746.1044418036

135434.0806219484 113425.1477555893
126477.5682712092 116153.2795884107
125677.8796684647 109252.7108348036
121039.6857725462 109734.1458641250
120399.9348903505 109894.6242072321
133194.9525342636 119844.2814798750
130476.0112849321 117437.1063332678
126157.6928301114 113906.5827849107
127277.2568739538 118079.0197056964
119920.1217287038 107006.0140313036
126477.5682712092 111499.4076383036
122799.0006985842 111820.3643245179
120559.8726108995 107808.4057468393
125997.7551095625 110697.0159227679
132075.3884904212 118881.4114212321
124078.5024629755 114869.4528435536
134474.4542986549 121449.0649109464
128236.8831972473 110376.0592365536
124078.5024629755 111499.4076383036
127917.0077561495 117918.5413625893
128396.8209177962 118881.4114212321
125198.0665068179 109734.1458641250
143590.9043699429 115671.8445590893
126797.4437123071 110697.0159227679
129196.5095205408 112301.7993538393
135114.2051808505 121770.0215971607
137033.4578274375 122572.4133126964
131115.7621671277 113104.1910693750
129036.5717999918 114067.0611280179
136873.5201068886 113746.1044418036
131755.5130493234 113104.1910693750
126957.3814328560 109734.1458641250
129996.1981232853 117758.0630194821
126157.6928301114 114708.9745004464
123118.8761396821 110697.0159227679
127757.0700356005 114548.4961573393
125997.7551095625 112141.3210107322
134474.4542986549 120967.6298816250
127757.0700356005 116955.6713039464
119760.1840081549 109092.2324916964
125997.7551095625 118079.0197056964
124878.1910657201 115832.3229021964
133834.7034164592 120165.2381660893
131435.6376082255 113585.6260986964
134314.5165781060 114548.4961573393
133834.7034164592 121609.5432540536
130476.0112849321 114548.4961573393
121519.4989341929 110055.1025503393
132715.1393726169 120807.1515385178
132715.1393726169 112462.2776969464
119600.2462876060 108610.7974623750
122799.0006985842 111499.4076383036
130795.8867260299 115350.8878728750
130476.0112849321 118079.0197056964
120239.9971698016 108450.3191192679
117521.0559204701 106364.1006588750
127917.0077561495 109894.6242072321
125677.8796684647 112462.2776969464
128236.8831972473 115511.3662159821
137513.2709890842 113425.1477555893
121039.6857725462 110055.1025503393
124558.3156246223 109894.6242072321
118000.8690821168 107006.0140313036
126957.3814328560 116634.7146177321
121519.4989341929 111820.3643245179
118160.8068026658 106364.1006588750
135114.2051808505 113104.1910693750
130955.8244465788 120486.1948523036
125517.9419479158 109894.6242072321
122479.1252574864 107968.8840899464
134794.3297397527 114548.4961573393
127117.3191534049 110215.5808934464
131115.7621671277 112301.7993538393
129356.4472410897 114869.4528435536
123438.7515807799 109734.1458641250
134634.3920192038 121288.5865678393
123278.8138602310 114067.0611280179
126317.6305506603 115832.3229021964
129356.4472410897 119844.2814798750
125677.8796684647 110697.0159227679
122958.9384191331 110376.0592365536
125837.8173890136 116955.6713039464
135434.0806219484 121449.0649109464
125837.8173890136 109573.6675210179
119440.3085670571 108289.8407761607

135753.9560630462 121449.0649109464
134954.2674603016 121288.5865678393
131755.5130493234 120807.1515385178
131755.5130493234 120165.2381660893
132395.2639315190 120165.2381660893
129836.2604027364 119844.2814798750
133354.8902548125 119844.2814798750
129676.3226821875 119523.3247936607
129516.3849616386 119202.3681074464
132395.2639315190 118881.4114212321
125198.0665068179 117276.6279901607
129996.1981232853 116955.6713039464
124878.1910657201 116795.1929608393
125677.8796684647 116634.7146177321
125517.9419479158 116153.2795884107
125358.0042273668 115671.8445590893
126957.3814328560 115190.4095297679
131755.5130493234 115190.4095297679
128076.9454766984 115029.9311866607
140552.0876795136 114869.4528435536
141351.7762822582 114869.4528435536
140072.2745178668 114388.0178142322
136873.5201068886 114067.0611280179
138312.9595918288 113906.5827849107
136873.5201068886 113746.1044418036
126797.4437123071 113585.6260986964
127277.2568739538 113585.6260986964
124878.1910657201 113425.1477555893
134154.5788575571 113425.1477555893
133194.9525342636 113264.6694124821
130316.0735643832 113104.1910693750
124558.3156246223 112783.2343831607
122958.9384191331 112141.3210107322
128876.6340794429 111659.8859814107
126797.4437123071 111499.4076383036
128076.9454766984 111338.9292951964
125358.0042273668 110857.4942658750
120399.9348903505 110697.0159227679
125517.9419479158 109413.1891779107
123598.6893013288 108610.7974623750
122319.1875369375 108289.8407761607
117201.1804793723 106203.6223157679
121039.6857725462 109894.6242072321
129356.4472410897 111178.4509520893
127917.0077561495 109894.6242072321
128236.8831972473 110055.1025503393
124878.1910657201 109573.6675210179
137193.3955479864 122732.8916558036
128556.7586383451 115029.9311866607
128876.6340794429 113746.1044418036
126797.4437123071 115350.8878728750
126157.6928301114 118079.0197056964
123598.6893013288 110376.0592365536
135594.0183424973 114548.4961573393
129996.1981232853 111017.9726089821
124718.2533451712 113104.1910693750
130795.8867260299 114388.0178142322
135434.0806219484 114227.5394711250
142311.4026055516 115190.4095297679
119600.2462876060 108450.3191192679
124878.1910657201 113906.5827849107
133674.7656959103 112301.7993538393
130156.1358438342 110697.0159227679
120559.8726108995 109894.6242072321
129836.2604027364 112462.2776969464
118800.5576848614 107647.9274037321
121679.4366547418 110536.5375796607
131115.7621671277 113585.6260986964
120399.9348903505 107487.4490606250
125837.8173890136 115190.4095297679
130156.1358438342 115029.9311866607
129196.5095205408 114388.0178142322
131435.6376082255 117918.5413625893
124238.4401835245 112141.3210107322
141031.9008411603 115190.4095297679
124078.5024629755 111659.8859814107
130795.8867260299 115350.8878728750
124558.3156246223 111338.9292951964
125997.7551095625 112141.3210107322
120559.8726108995 109252.7108348036
126317.6305506603 111659.8859814107
121199.6234930951 110536.5375796607
130476.0112849321 112943.7127262679
126637.5059917582 114548.4961573393
122799.0006985842 109413.1891779107

132395.2639315190 120165.2381660893
133354.8902548125 119844.2814798750
128876.6340794429 119523.3247936607
129676.3226821875 119523.3247936607
129516.3849616386 119202.3681074464
131595.5753287745 119202.3681074464
126157.6928301114 118079.0197056964
125198.0665068179 117276.6279901607
129996.1981232853 116955.6713039464
124878.1910657201 116795.1929608393
125517.9419479158 116795.1929608393
125677.8796684647 116634.7146177321
128876.6340794429 116634.7146177321
126797.4437123071 115350.8878728750
128396.8209177962 115350.8878728750
128556.7586383451 115029.9311866607
130156.1358438342 115029.9311866607
140552.0876795136 114869.4528435536
128236.8831972473 114708.9745004464
126797.4437123071 114548.4961573393
129196.5095205408 114388.0178142322
135434.0806219484 114227.5394711250
136233.7692246930 114227.5394711250
136873.5201068886 114067.0611280179
132395.2639315190 113585.6260986964
135594.0183424973 113585.6260986964
133194.9525342636 113264.6694124821
123438.7515807799 113104.1910693750
130316.0735643832 113104.1910693750
134634.3920192038 112622.7560400536
129836.2604027364 112462.2776969464
133674.7656959103 112301.7993538393
124238.4401835245 112141.3210107322
131115.7621671277 112141.3210107322
128076.9454766984 111980.8426676250
124558.3156246223 111338.9292951964
128076.9454766984 111338.9292951964
126957.3814328560 111017.9726089821
120399.9348903505 110697.0159227679
130156.1358438342 110697.0159227679
121519.4989341929 109894.6242072321
125198.0665068179 109573.6675210179
120559.8726108995 109252.7108348036
125198.0665068179 108931.7541485893
122159.2498163886 108450.3191192679
118800.5576848614 107647.9274037321
117201.1804793723 106203.6223157679
124238.4401835245 114708.9745004464
129996.1981232853 111017.9726089821
120559.8726108995 109894.6242072321
127437.1945945027 111980.8426676250
125997.7551095625 118239.4980488036
122319.1875369375 108289.8407761607
126797.4437123071 113585.6260986964
142311.4026055516 115190.4095297679
128876.6340794429 113746.1044418036
131755.5130493234 120165.2381660893
127277.2568739538 113585.6260986964
125997.7551095625 112141.3210107322
127757.0700356005 115350.8878728750
125517.9419479158 109413.1891779107
126317.6305506603 111659.8859814107
126157.6928301114 116474.2362746250
131755.5130493234 111659.8859814107
124558.3156246223 112783.2343831607
138312.9595918288 113906.5827849107
134154.5788575571 113425.1477555893
124878.1910657201 114708.9745004464
121039.6857725462 109894.6242072321
123438.7515807799 113585.6260986964
123758.6270218777 114869.4528435536
121199.6234930951 110536.5375796607
122319.1875369375 111499.4076383036
141031.9008411603 115190.4095297679
134954.2674603016 112462.2776969464
133354.8902548125 114708.9745004464
130156.1358438342 112783.2343831607
128236.8831972473 110055.1025503393
132235.3262109701 113746.1044418036
141351.7762822582 114869.4528435536
122479.1252574864 112462.2776969464
124398.3779040734 110376.0592365536
131755.5130493234 115190.4095297679
120399.9348903505 107487.4490606250
126477.5682712092 110857.4942658750

136873.5201068886 123053.8483420179
125198.0665068179 115832.3229021964
125837.8173890136 115190.4095297679
126797.4437123071 115190.4095297679
141031.9008411603 115190.4095297679
128076.9454766984 115029.9311866607
128556.7586383451 115029.9311866607
134634.3920192038 112622.7560400536
122639.0629780353 111178.4509520893
126957.3814328560 111017.9726089821
121679.4366547418 110857.4942658750
122159.2498163886 109894.6242072321
129836.2604027364 117437.1063332678
139432.5236356712 114067.0611280179
122159.2498163886 113104.1910693750
121039.6857725462 107647.9274037321
127757.0700356005 111017.9726089821
121679.4366547418 111980.8426676250
117840.9313615679 106524.5790019821
122159.2498163886 111178.4509520893
128076.9454766984 111338.9292951964
134954.2674603016 120646.6731954107
126957.3814328560 117758.0630194821
131915.4507698723 115350.8878728750
126797.4437123071 113585.6260986964
122319.1875369375 112943.7127262679
130476.0112849321 113906.5827849107
136553.6446657908 122251.4566264821
122958.9384191331 109573.6675210179
127917.0077561495 115190.4095297679
142151.4648850027 115511.3662159821
123918.5647424266 114869.4528435536
131915.4507698723 120807.1515385178
124718.2533451712 110857.4942658750
123438.7515807799 108931.7541485893
124398.3779040734 111017.9726089821
130795.8867260299 114388.0178142322
126637.5059917582 116474.2362746250
126637.5059917582 115029.9311866607
120399.9348903505 108771.2758054821
125038.1287862690 115350.8878728750
134794.3297397527 122090.9782833750
124558.3156246223 109092.2324916964
122159.2498163886 108610.7974623750
129036.5717999918 113425.1477555893
137833.1464301821 113906.5827849107
134634.3920192038 114708.9745004464
121519.4989341929 110055.1025503393
122958.9384191331 108931.7541485893
118800.5576848614 106845.5356881964
128396.8209177962 119362.8464505536
131595.5753287745 111338.9292951964
125198.0665068179 114227.5394711250
126477.5682712092 110215.5808934464
135114.2051808505 113746.1044418036
132075.3884904212 112301.7993538393
129196.5095205408 119523.3247936607
130955.8244465788 115350.8878728750
130156.1358438342 113264.6694124821
126957.3814328560 112301.7993538393
120080.0594492527 109573.6675210179
123118.8761396821 111178.4509520893
133194.9525342636 112301.7993538393
135114.2051808505 120967.6298816250
129356.4472410897 110536.5375796607
124878.1910657201 112462.2776969464
127917.0077561495 117597.5846763750
127757.0700356005 117918.5413625893
128876.6340794429 116955.6713039464
132395.2639315190 119844.2814798750
129516.3849616386 116153.2795884107
144710.4684137853 116153.2795884107
123118.8761396821 110055.1025503393
131595.5753287745 113746.1044418036
128236.8831972473 117116.1496470536
134474.4542986549 114227.5394711250
135753.9560630462 113746.1044418036
121039.6857725462 110857.4942658750
130635.9490054810 113585.6260986964
133035.0148137147 115190.4095297679
125038.1287862690 116153.2795884107
122639.0629780353 112783.2343831607
137833.1464301821 114067.0611280179
131755.5130493234 113585.6260986964
122319.1875369375 109573.6675210179

135753.9560630462 121449.0649109464
134954.2674603016 121288.5865678393
129836.2604027364 119844.2814798750
132875.0770931658 119041.8897643393
126157.6928301114 118079.0197056964
130316.0735643832 118079.0197056964
129996.1981232853 116955.6713039464
124718.2533451712 116634.7146177321
131915.4507698723 115350.8878728750
130156.1358438342 115029.9311866607
141351.7762822582 114869.4528435536
126637.5059917582 114548.4961573393
138632.8350329266 114548.4961573393
124718.2533451712 114227.5394711250
125517.9419479158 114227.5394711250
136873.5201068886 114067.0611280179
125038.1287862690 113906.5827849107
122958.9384191331 113585.6260986964
123438.7515807799 113585.6260986964
127277.2568739538 113585.6260986964
135594.0183424973 113585.6260986964
133194.9525342636 113264.6694124821
124718.2533451712 113104.1910693750
136393.7069452418 113104.1910693750
130156.1358438342 112622.7560400536
127437.1945945027 112462.2776969464
130635.9490054810 112462.2776969464
132715.1393726169 112462.2776969464
124238.4401835245 112141.3210107322
123278.8138602310 111017.9726089821
120399.9348903505 110697.0159227679
121519.4989341929 109894.6242072321
120719.8103314484 109734.1458641250
125198.0665068179 109573.6675210179
125517.9419479158 109413.1891779107
125198.0665068179 108931.7541485893
123758.6270218777 108771.2758054821
118800.5576848614 107808.4057468393
118640.6199643125 107326.9707175178
118800.5576848614 106845.5356881964
117201.1804793723 106203.6223157679
126957.3814328560 116153.2795884107
130156.1358438342 112783.2343831607
135594.0183424973 114548.4961573393
136073.8315041440 122732.8916558036
129516.3849616386 119202.3681074464
131755.5130493234 115190.4095297679
133674.7656959103 112301.7993538393
132395.2639315190 120165.2381660893
139752.3990767690 114869.4528435536
131755.5130493234 120165.2381660893
120559.8726108995 109894.6242072321
125358.0042273668 110055.1025503393
128876.6340794429 116634.7146177321
121679.4366547418 112462.2776969464
127757.0700356005 113585.6260986964
125038.1287862690 115511.3662159821
125198.0665068179 115832.3229021964
129996.1981232853 111017.9726089821
142311.4026055516 115190.4095297679
133674.7656959103 120165.2381660893
132715.1393726169 120325.7165091964
125358.0042273668 115671.8445590893
122319.1875369375 108289.8407761607
127437.1945945027 118560.4547350178
125517.9419479158 116795.1929608393
120559.8726108995 109252.7108348036
130795.8867260299 114388.0178142322
126157.6928301114 116474.2362746250
131595.5753287745 115190.4095297679
135434.0806219484 114227.5394711250
129676.3226821875 119523.3247936607
131915.4507698723 118399.9763919107
140072.2745178668 114388.0178142322
137193.3955479864 122732.8916558036
137833.1464301821 114388.0178142322
130316.0735643832 113104.1910693750
128716.6963588940 115029.9311866607
125358.0042273668 111659.8859814107
131275.6998876766 118399.9763919107
125517.9419479158 116955.6713039464
134634.3920192038 112622.7560400536
129676.3226821875 111338.9292951964
124558.3156246223 112783.2343831607
123118.8761396821 109252.7108348036

135434.0806219484 121288.5865678393
125517.9419479158 117437.1063332678
131595.5753287745 111980.8426676250
126317.6305506603 110376.0592365536
118160.8068026658 107166.4923744107
130795.8867260299 111338.9292951964
135913.8937835951 113264.6694124821
122958.9384191331 109413.1891779107
132715.1393726169 111820.3643245179
139272.5859151223 114067.0611280179
119600.2462876060 108289.8407761607
138792.7727534756 114067.0611280179
130316.0735643832 117758.0630194821
135434.0806219484 113264.6694124821
144070.7175315897 115992.8012453036
132875.0770931658 112783.2343831607
121039.6857725462 108289.8407761607
131915.4507698723 118720.9330781250
129356.4472410897 116795.1929608393
131755.5130493234 115350.8878728750
126957.3814328560 115671.8445590893
128716.6963588940 113585.6260986964
129196.5095205408 117597.5846763750
120559.8726108995 108610.7974623750
142791.2157671984 115350.8878728750
133994.6411370081 112783.2343831607
129196.5095205408 111980.8426676250
121519.4989341929 110697.0159227679
125517.9419479158 109092.2324916964
131915.4507698723 115029.9311866607
126957.3814328560 110055.1025503393
124398.3779040734 112783.2343831607
129036.5717999918 110857.4942658750
121679.4366547418 110376.0592365536
130156.1358438342 117597.5846763750
123598.6893013288 110376.0592365536
125997.7551095625 116955.6713039464
129356.4472410897 117276.6279901607
144070.7175315897 115832.3229021964
123118.8761396821 110536.5375796607
128236.8831972473 117437.1063332678
120080.0594492527 107647.9274037321
131915.4507698723 113585.6260986964
129996.1981232853 112783.2343831607
130476.0112849321 117918.5413625893
131115.7621671277 112783.2343831607
130156.1358438342 119362.8464505536
134954.2674603016 121288.5865678393
129356.4472410897 118399.9763919107
126157.6928301114 110857.4942658750
144230.6552521386 115992.8012453036
126637.5059917582 118399.9763919107
136233.7692246930 122732.8916558036
133994.6411370081 114388.0178142322
132555.2016520679 113585.6260986964
122799.0006985842 112301.7993538393
139912.3367973179 114708.9745004464
123438.7515807799 114869.4528435536
122958.9384191331 112943.7127262679
135114.2051808505 112943.7127262679
126157.6928301114 112622.7560400536
123918.5647424266 109252.7108348036
129836.2604027364 117597.5846763750
125517.9419479158 109734.1458641250
124718.2533451712 112622.7560400536
124718.2533451712 116313.7579315179
128076.9454766984 114548.4961573393
121679.4366547418 111017.9726089821
120559.8726108995 108931.7541485893
130316.0735643832 116634.7146177321
125517.9419479158 111820.3643245179
135913.8937835951 113906.5827849107
141991.5271644538 115350.8878728750
120080.0594492527 108610.7974623750
135434.0806219484 121930.4999402679
131915.4507698723 111659.8859814107
145350.2192959810 116313.7579315179
132395.2639315190 120004.7598229821
143430.9666493940 115832.3229021964
131435.6376082255 120486.1948523036
120239.9971698016 107326.9707175178
121359.5612136440 109573.6675210179
131755.5130493234 112462.2776969464
126317.6305506603 117597.5846763750
127117.3191534049 110697.0159227679

136073.8315041440 122732.8916558036
134474.4542986549 120807.1515385178
125198.0665068179 117276.6279901607
124878.1910657201 113906.5827849107
138312.9595918288 113906.5827849107
124878.1910657201 113425.1477555893
123438.7515807799 113104.1910693750
129996.1981232853 111017.9726089821
120559.8726108995 109894.6242072321
124878.1910657201 109573.6675210179
125997.7551095625 116795.1929608393
129356.4472410897 115992.8012453036
127757.0700356005 116955.6713039464
122639.0629780353 111659.8859814107
125677.8796684647 116634.7146177321
133994.6411370081 112783.2343831607
118480.6822437636 107326.9707175178
132875.0770931658 121288.5865678393
131915.4507698723 115029.9311866607
121839.3743752908 108771.2758054821
131755.5130493234 112943.7127262679
125358.0042273668 109252.7108348036
128716.6963588940 112462.2776969464
125517.9419479158 116153.2795884107
139752.3990767690 114227.5394711250
122319.1875369375 108289.8407761607
128236.8831972473 116955.6713039464
134794.3297397527 114548.4961573393
130316.0735643832 119202.3681074464
122639.0629780353 112783.2343831607
132555.2016520679 111820.3643245179
122639.0629780353 113425.1477555893
127117.3191534049 115832.3229021964
133674.7656959103 114388.0178142322
120399.9348903505 108771.2758054821
122479.1252574864 110857.4942658750
130476.0112849321 111820.3643245179
123438.7515807799 114869.4528435536
125038.1287862690 111499.4076383036
131435.6376082255 118079.0197056964
142151.4648850027 115190.4095297679
131115.7621671277 117758.0630194821
134314.5165781060 113585.6260986964
130795.8867260299 119844.2814798750
134634.3920192038 113425.1477555893
128716.6963588940 110376.0592365536
133674.7656959103 120967.6298816250
128396.8209177962 117276.6279901607
127917.0077561495 115832.3229021964
127597.1323150516 111820.3643245179
130795.8867260299 118239.4980488036
134474.4542986549 114067.0611280179
130795.8867260299 114067.0611280179
122799.0006985842 110697.0159227679
122958.9384191331 110055.1025503393
125358.0042273668 113906.5827849107
127597.1323150516 118239.4980488036
134474.4542986549 112301.7993538393
126477.5682712092 118079.0197056964
121359.5612136440 108771.2758054821
124398.3779040734 110697.0159227679
134794.3297397527 121930.4999402679
131115.7621671277 113585.6260986964
120399.9348903505 107487.4490606250
129676.3226821875 111338.9292951964
120719.8103314484 109734.1458641250
127437.1945945027 111017.9726089821
124878.1910657201 108771.2758054821
131915.4507698723 119202.3681074464
127597.1323150516 114227.5394711250
124398.3779040734 111980.8426676250
126157.6928301114 110536.5375796607
126957.3814328560 116153.2795884107
138632.8350329266 114548.4961573393
120559.8726108995 109092.2324916964
122958.9384191331 112141.3210107322
133834.7034164592 112301.7993538393
127757.0700356005 113264.6694124821
130635.9490054810 111659.8859814107
122479.1252574864 108931.7541485893
141031.9008411603 115190.4095297679
121999.3120958397 112783.2343831607
138952.7104740245 114708.9745004464
120399.9348903505 110697.0159227679
119760.1840081549 107006.0140313036

120879.7480519973 109252.7108348036
117840.9313615679 107006.0140313036
122958.9384191331 114067.0611280179
130955.8244465788 111178.4509520893
125837.8173890136 113425.1477555893
124558.3156246223 115350.8878728750
134474.4542986549 112301.7993538393
130955.8244465788 115190.4095297679
122799.0006985842 110376.0592365536
124078.5024629755 114227.5394711250
127437.1945945027 116153.2795884107
136553.6446657908 113425.1477555893
136873.5201068886 122893.3699989107
124718.2533451712 116634.7146177321
133514.8279753614 113264.6694124821
127597.1323150516 114388.0178142322
126637.5059917582 111017.9726089821
126477.5682712092 116474.2362746250
131435.6376082255 112141.3210107322
126317.6305506603 114227.5394711250
125517.9419479158 109252.7108348036
128076.9454766984 110215.5808934464
133674.7656959103 114548.4961573393
126637.5059917582 117597.5846763750
122639.0629780353 111980.8426676250
118480.6822437636 107968.8840899464
120399.9348903505 108771.2758054821
125837.8173890136 117918.5413625893
131115.7621671277 118239.4980488036
122799.0006985842 113425.1477555893
138792.7727534756 113906.5827849107
126477.5682712092 111659.8859814107
128076.9454766984 115832.3229021964
126957.3814328560 117918.5413625893
135114.2051808505 113906.5827849107
133994.6411370081 120325.7165091964
129356.4472410897 116634.7146177321
124878.1910657201 109894.6242072321
122159.2498163886 111017.9726089821
131595.5753287745 120646.6731954107
123598.6893013288 111178.4509520893
123438.7515807799 111659.8859814107
137193.3955479864 113425.1477555893
135913.8937835951 113425.1477555893
132715.1393726169 118881.4114212321
136233.7692246930 113906.5827849107
120879.7480519973 108129.3624330536
125358.0042273668 116313.7579315179
124558.3156246223 109252.7108348036
123598.6893013288 109573.6675210179
121839.3743752908 112301.7993538393
129996.1981232853 110857.4942658750
125837.8173890136 117116.1496470536
127117.3191534049 111659.8859814107
129356.4472410897 111820.3643245179
134794.3297397527 114548.4961573393
131915.4507698723 120646.6731954107
127117.3191534049 111017.9726089821
128556.7586383451 111659.8859814107
119120.4331259592 108610.7974623750
130156.1358438342 115029.9311866607
131755.5130493234 114708.9745004464
136713.5823863397 122572.4133126964
121039.6857725462 107487.4490606250
121199.6234930951 111499.4076383036
120399.9348903505 107166.4923744107
123278.8138602310 113906.5827849107
124718.2533451712 114869.4528435536
126157.6928301114 118399.9763919107
137673.2087096332 114388.0178142322
129356.4472410897 110536.5375796607
122159.2498163886 108450.3191192679
124878.1910657201 113585.6260986964
121999.3120958397 110857.4942658750
128876.6340794429 110536.5375796607
132075.3884904212 112141.3210107322
122479.1252574864 111659.8859814107
127757.0700356005 116955.6713039464
126477.5682712092 110376.0592365536
142631.2780466495 115511.3662159821
120080.0594492527 107968.8840899464
131915.4507698723 119844.2814798750
127757.0700356005 118239.4980488036
124238.4401835245 111820.3643245179
122958.9384191331 112783.2343831607

135753.9560630462 121449.0649109464
131755.5130493234 120807.1515385178
124878.1910657201 116795.1929608393
125517.9419479158 116153.2795884107
131755.5130493234 115190.4095297679
141351.7762822582 114869.4528435536
124238.4401835245 114708.9745004464
138632.8350329266 114548.4961573393
130795.8867260299 114388.0178142322
140072.2745178668 114388.0178142322
124718.2533451712 114227.5394711250
128396.8209177962 114227.5394711250
125358.0042273668 113746.1044418036
128876.6340794429 113746.1044418036
136873.5201068886 113746.1044418036
127757.0700356005 113585.6260986964
132395.2639315190 113585.6260986964
130316.0735643832 113104.1910693750
130476.0112849321 112943.7127262679
122479.1252574864 112462.2776969464
130635.9490054810 112462.2776969464
122958.9384191331 112141.3210107322
125358.0042273668 111659.8859814107
131755.5130493234 111659.8859814107
129356.4472410897 111338.9292951964
129996.1981232853 111017.9726089821
125358.0042273668 110857.4942658750
121199.6234930951 110536.5375796607
121039.6857725462 109894.6242072321
117201.1804793723 106203.6223157679
126637.5059917582 114548.4961573393
138312.9595918288 113906.5827849107
125198.0665068179 117276.6279901607
136073.8315041440 122732.8916558036
121999.3120958397 112943.7127262679
127277.2568739538 113585.6260986964
125198.0665068179 109573.6675210179
135594.0183424973 114548.4961573393
128876.6340794429 116634.7146177321
126957.3814328560 115190.4095297679
129676.3226821875 119523.3247936607
122159.2498163886 108450.3191192679
137193.3955479864 122732.8916558036
120399.9348903505 107487.4490606250
129836.2604027364 119844.2814798750
126317.6305506603 111659.8859814107
133194.9525342636 113264.6694124821
127437.1945945027 112141.3210107322
123438.7515807799 113104.1910693750
125677.8796684647 116634.7146177321
128076.9454766984 111338.9292951964
124878.1910657201 113425.1477555893
129996.1981232853 116955.6713039464
130156.1358438342 110697.0159227679
135114.2051808505 122251.4566264821
125517.9419479158 116795.1929608393
122319.1875369375 108289.8407761607
128556.7586383451 115029.9311866607
126797.4437123071 111499.4076383036
133674.7656959103 112301.7993538393
126477.5682712092 110857.4942658750
126797.4437123071 113585.6260986964
118800.5576848614 107647.9274037321
124558.3156246223 112783.2343831607
129196.5095205408 114388.0178142322
126157.6928301114 118079.0197056964
125837.8173890136 115190.4095297679
125517.9419479158 109413.1891779107
126157.6928301114 116474.2362746250
124078.5024629755 110376.0592365536
132715.1393726169 121288.5865678393
134634.3920192038 112622.7560400536
119600.2462876060 108450.3191192679
136873.5201068886 114067.0611280179
129516.3849616386 119202.3681074464
119920.1217287038 109573.6675210179
117680.9936410190 106203.6223157679
125198.0665068179 108931.7541485893
134954.2674603016 121288.5865678393
132395.2639315190 118881.4114212321
128876.6340794429 111659.8859814107
126957.3814328560 116153.2795884107
125038.1287862690 115511.3662159821
131435.6376082255 118079.0197056964
121679.4366547418 110536.5375796607

126477.5682712092 109573.6675210179
126317.6305506603 115992.8012453036
127277.2568739538 112783.2343831607
130316.0735643832 118239.4980488036
122958.9384191331 112783.2343831607
128076.9454766984 114548.4961573393
136233.7692246930 113425.1477555893
125198.0665068179 111017.9726089821
143590.9043699429 115671.8445590893
128556.7586383451 116955.6713039464
128556.7586383451 115350.8878728750
130316.0735643832 116795.1929608393
129676.3226821875 111820.3643245179
133354.8902548125 121128.1082247321
133354.8902548125 112783.2343831607
127597.1323150516 117918.5413625893
131115.7621671277 111820.3643245179
128716.6963588940 113104.1910693750
123918.5647424266 115511.3662159821
134474.4542986549 120486.1948523036
134474.4542986549 112301.7993538393
135594.0183424973 113264.6694124821
119920.1217287038 110055.1025503393
121519.4989341929 108450.3191192679
124558.3156246223 110215.5808934464
132395.2639315190 118720.9330781250
124238.4401835245 115671.8445590893
128716.6963588940 111659.8859814107
131755.5130493234 113585.6260986964
130316.0735643832 118399.9763919107
134314.5165781060 121128.1082247321
143590.9043699429 115832.3229021964
128556.7586383451 113264.6694124821
132395.2639315190 119523.3247936607
135753.9560630462 121449.0649109464
135434.0806219484 114548.4961573393
124238.4401835245 114869.4528435536
133834.7034164592 114067.0611280179
136553.6446657908 114067.0611280179
133194.9525342636 119844.2814798750
120559.8726108995 108289.8407761607
120399.9348903505 110055.1025503393
124398.3779040734 108771.2758054821
132715.1393726169 112141.3210107322
126317.6305506603 116955.6713039464
136873.5201068886 122411.9349695893
132555.2016520679 115190.4095297679
124238.4401835245 111980.8426676250
120719.8103314484 108289.8407761607
129036.5717999918 113425.1477555893
128876.6340794429 110697.0159227679
129996.1981232853 116955.6713039464
125038.1287862690 111820.3643245179
119120.4331259592 108771.2758054821
126957.3814328560 117276.6279901607
130476.0112849321 117597.5846763750
127437.1945945027 116313.7579315179
125997.7551095625 117758.0630194821
132875.0770931658 119362.8464505536
132715.1393726169 111980.8426676250
120559.8726108995 109092.2324916964
123598.6893013288 113585.6260986964
134314.5165781060 112462.2776969464
131755.5130493234 114067.0611280179
118000.8690821168 106524.5790019821
122319.1875369375 111659.8859814107
125677.8796684647 115992.8012453036
131435.6376082255 117918.5413625893
121039.6857725462 108289.8407761607
121359.5612136440 109894.6242072321
127437.1945945027 111980.8426676250
128716.6963588940 114548.4961573393
129516.3849616386 115190.4095297679
120080.0594492527 108610.7974623750
133994.6411370081 120967.6298816250
124238.4401835245 110376.0592365536
120719.8103314484 108610.7974623750
127757.0700356005 119041.8897643393
129196.5095205408 118399.9763919107
120239.9971698016 109252.7108348036
124238.4401835245 115350.8878728750
130795.8867260299 119202.3681074464
130955.8244465788 115511.3662159821
135114.2051808505 113746.1044418036
124718.2533451712 111980.8426676250

121199.6234930951 109734.1458641250
124078.5024629755 111338.9292951964
127597.1323150516 112462.2776969464
134314.5165781060 114869.4528435536
124238.4401835245 112943.7127262679
126957.3814328560 111017.9726089821
127757.0700356005 118239.4980488036
126317.6305506603 115992.8012453036
125358.0042273668 115992.8012453036
130635.9490054810 119523.3247936607
126957.3814328560 116634.7146177321
134314.5165781060 112301.7993538393
124398.3779040734 109252.7108348036
134634.3920192038 112462.2776969464
126797.4437123071 118720.9330781250
122958.9384191331 113425.1477555893
126957.3814328560 109734.1458641250
120879.7480519973 109894.6242072321
125677.8796684647 116634.7146177321
130795.8867260299 118720.9330781250
130635.9490054810 118881.4114212321
129996.1981232853 119041.8897643393
123278.8138602310 114548.4961573393
124398.3779040734 112141.3210107322
135753.9560630462 113906.5827849107
122319.1875369375 111980.8426676250
121199.6234930951 111178.4509520893
128876.6340794429 110376.0592365536
120559.8726108995 108450.3191192679
136073.8315041440 114388.0178142322
129676.3226821875 114708.9745004464
127597.1323150516 117758.0630194821
130156.1358438342 117597.5846763750
120080.0594492527 108931.7541485893
125358.0042273668 116153.2795884107
120719.8103314484 110536.5375796607
120879.7480519973 111017.9726089821
134954.2674603016 114388.0178142322
128876.6340794429 114067.0611280179
137193.3955479864 123053.8483420179
130795.8867260299 118079.0197056964
118320.7445232147 106845.5356881964
118800.5576848614 108450.3191192679
124238.4401835245 115832.3229021964
135434.0806219484 121128.1082247321
133834.7034164592 113906.5827849107
122799.0006985842 110536.5375796607
120559.8726108995 108129.3624330536
123118.8761396821 113104.1910693750
132715.1393726169 113425.1477555893
137353.3332685353 113425.1477555893
127437.1945945027 110376.0592365536
134474.4542986549 113746.1044418036
132555.2016520679 112943.7127262679
126957.3814328560 114067.0611280179
126317.6305506603 115832.3229021964
143111.0912082962 115671.8445590893
138153.0218712799 114227.5394711250
120719.8103314484 108771.2758054821
133834.7034164592 113746.1044418036
127437.1945945027 116153.2795884107
127437.1945945027 115992.8012453036
124558.3156246223 116474.2362746250
135913.8937835951 121770.0215971607
128876.6340794429 113906.5827849107
119920.1217287038 108771.2758054821
120239.9971698016 108931.7541485893
123438.7515807799 111338.9292951964
129996.1981232853 119523.3247936607
126957.3814328560 117758.0630194821
125677.8796684647 109894.6242072321
126957.3814328560 117597.5846763750
126477.5682712092 115511.3662159821
138792.7727534756 114388.0178142322
133354.8902548125 115029.9311866607
133354.8902548125 119362.8464505536
126797.4437123071 115992.8012453036
121199.6234930951 111338.9292951964
131275.6998876766 117276.6279901607
141991.5271644538 115350.8878728750
129036.5717999918 110697.0159227679
137513.2709890842 123214.3266851250
125677.8796684647 117276.6279901607
143271.0289288451 115671.8445590893
126477.5682712092 111659.8859814107

