501868148.5944066644 157739.9202270508
500082166.3001074195 150655.6705627441
506260418.6402457356 164531.2997207642
501418671.1449689269 156606.2408943176
512771008.1281076670 167933.6680297852
513890338.7449826002 168500.5250167847
514263154.2043869495 170457.1985626221
503284911.5740526319 161726.3169631958
500971238.3663632274 156469.5652847290
500114284.1126036644 151829.3113479614
500281900.3872554898 156417.5903587341
498960866.0859014392 125596.1536417007
499477688.9989505410 149719.8044528961
505162237.2456071377 163626.1406555176
502615857.9389527440 160766.8612289429
517912740.6640062332 171803.9451217651
503765471.2333014607 162247.3523254395
501877893.6994439363 159493.0722122192
508094705.6818856001 165203.0088424683
510147706.8269137740 166266.6882514954
506143330.2940394282 163854.2808990479
508562816.4454671741 165657.4246368408
502336445.9778844118 159731.2594757080
504762670.2067918181 162608.5943603516
