417383713.2280602455 3083.6473461390
425762379.3426279426 3146.9292123318
426984163.1558139324 3188.2211134434
411082652.5010713339 2957.7002034187
424995670.8559591770 3145.9046633244
410632780.5701447725 2948.8421815634
418688069.9642488360 3113.8047776222
410066394.1890454888 2882.4563359022
412216169.4897946715 2968.1826308966
409166270.0311187506 2877.8379125595
427705370.4595162868 3206.9689611197
425875630.9555824995 3157.6191956997
416260242.3283929229 3076.0244095325
419770729.3602456450 3122.8965336084
419869651.2092367411 3126.0207679272
418609786.2423604131 3106.1031227112
420116569.1636567712 3132.7736608982
417848865.3059272766 3085.0192430019
412276277.3639344573 3035.1430724263
415821702.9387376904 3049.3716421127
