124014.7313781902 137756.1548600546
124014.7313781902 134552.9235633273
125455.1239575054 133912.2773039818
129776.3016954511 132951.3079149637
124654.9058578859 131990.3385259455
121614.0770793315 131509.8538314364
117452.9429613098 131029.3691369273
124654.9058578859 130068.3997479091
128655.9963559837 129908.2381830727
126575.4292969728 129748.0766182364
122094.2079391033 129587.9150534000
118573.2483007772 129267.5919237273
113771.9397030598 127986.2994050364
120813.8589797119 127986.2994050364
113451.8524632120 126865.1684511818
115052.2886624511 126705.0068863455
111851.4162639728 126064.3606270000
134417.5666732446 126064.3606270000
117292.8993413859 125583.8759324909
130416.4761751467 125583.8759324909
136338.0901123315 125423.7143676546
137618.4390717228 125263.5528028182
125935.2548172772 125103.3912379818
115532.4195222228 123341.6140247818
120493.7717398641 122380.6446357636
135057.7411529402 122380.6446357636
126415.3856770489 122220.4830709273
129616.2580755272 120298.5442928909
129616.2580755272 127665.9762753637
123374.5568984946 133752.1157391455
117452.9429613098 126705.0068863455
113451.8524632120 121099.3521170727
114252.0705628315 121259.5136819091
116972.8121015380 122861.1293302727
119213.4227804728 125103.3912379818
111371.2854042011 121259.5136819091
129936.3453153750 123021.2908951091
117292.8993413859 131830.1769611091
122894.4260387228 122700.9677654364
119053.3791605489 126384.6837566727
118893.3355406250 127505.8147105273
126575.4292969728 130548.8844424182
123534.6005184185 127986.2994050364
132657.0868540815 123501.7755896182
131376.7378946902 122540.8062006000
124174.7749981141 128626.9456643818
112011.4598838967 120779.0289874000
126735.4729168967 129427.7534885637
132657.0868540815 125744.0374973273
122254.2515590272 126865.1684511818
132977.1740939294 127826.1378402000
137138.3082119511 125744.0374973273
131056.6506548424 126064.3606270000
127215.6037766685 128787.1072292182
128015.8218762880 135033.4082578364
123694.6441383424 138556.9626842364
125295.0803375815 125583.8759324909
133137.2177138533 130228.5613127455
131856.8687544620 129748.0766182364
123128.1179875909 165288.8785262994
113397.5455207121 160326.7440474731
119140.1784519849 159366.3309225389
111483.3345436212 157445.5046726706
110047.6763108030 156965.2981102036
115152.2389163788 156325.0226935808
117225.9674748939 155364.6095686467
115790.3092420757 154084.0587354012
108292.9829151364 150242.4062356646
113078.5103578636 150082.3373815090
108931.0532408333 148801.7865482635
111323.8169621970 147041.0291525509
108931.0532408333 144639.9963402156
110207.1938922273 142879.2389445030
117385.4850563182 158085.7800892934
120575.8366848030 160486.8129016287
109250.0884036818 155524.6784228024
114833.2037535303 159526.3997766946
117066.4498934697 160486.8129016287
108292.9829151364 156164.9538394251
112440.4400321667 146880.9602983952
108771.5356594091 145760.4783193054
110207.1938922273 149602.1308190419
115949.8268235000 157605.5735268263
117704.5202191667 160326.7440474731
119459.2136148333 162087.5014431856
113078.5103578636 153283.7144646228
116268.8619863485 157285.4358185150
112440.4400321667 155684.7472769581
108452.5004965606 157925.7112351377
114354.6510092576 156004.8849852695
114673.6861721061 154244.1275895569

113451.8524632120 119337.5749038727
116012.5503819946 129427.7534885637
128976.0835958315 134232.6004336545
125135.0367176576 123661.9371544545
128976.0835958315 126064.3606270000
112011.4598838967 126384.6837566727
131216.6942747663 126865.1684511818
115052.2886624511 124142.4218489636
120333.7281199402 126705.0068863455
124494.8622379619 135994.3776468546
118893.3355406250 125423.7143676546
124334.8186180380 137115.5086007091
130736.5634149946 126544.8453215091
127215.6037766685 122060.3215060909
112331.5471237446 123661.9371544545
129296.1708356793 121419.6752467455
130736.5634149946 121579.8368115818
118093.1174410054 130228.5613127455
126895.5165368207 127505.8147105273
113131.7652233641 119818.0595983818
128816.0399759076 129107.4303588909
129776.3016954511 119978.2211632182
126735.4729168967 135513.8929523455
125455.1239575054 129587.9150534000
125295.0803375815 127025.3300160182
120333.7281199402 125744.0374973273
124174.7749981141 134072.4388688182
122734.3824187989 129587.9150534000
112651.6343635924 123181.4524599455
115692.4631421467 115814.0204774727
129456.2144556033 128626.9456643818
128655.9963559837 123021.2908951091
124334.8186180380 127505.8147105273
117292.8993413859 130869.2075720909
124334.8186180380 131509.8538314364
120173.6845000163 123021.2908951091
117132.8557214620 124783.0681083091
134257.5230533206 125103.3912379818
116972.8121015380 128947.2687940545
115852.5067620706 125103.3912379818
121454.0334594076 124783.0681083091
125615.1675774293 126544.8453215091
119373.4664003967 124302.5834138000
121774.1206992554 129908.2381830727
136498.1337322554 125904.1990621637
133137.2177138533 122220.4830709273
113131.7652233641 120939.1905522364
113451.8524632120 122060.3215060909
136498.1337322554 124462.7449786364
125775.2111973533 131349.6922666000
113771.9397030598 121579.8368115818
114732.2014226033 119497.7364687091
112491.5907436685 125904.1990621637
128816.0399759076 127665.9762753637
126095.2984372011 123341.6140247818
128335.9091161359 128787.1072292182
116492.6812417663 125263.5528028182
111051.1981643533 125103.3912379818
125455.1239575054 123181.4524599455
113716.5806835606 149281.9931107305
109409.6059851061 144800.0651943713
111642.8521250455 147681.3045691736
114992.7213349545 155364.6095686467
110845.2642179242 149602.1308190419
109090.5708222576 142879.2389445030
114195.1334278333 150562.5439439761
114992.7213349545 161127.0883182515
117864.0378005909 158245.8489434491
122011.4949176212 164648.6031096766
112599.9576135909 152003.1636313772
119299.6960334091 162727.7768598084
108612.0180779848 147201.0980067066
114035.6158464091 160806.9506099401
115311.7564978030 157285.4358185150
121213.9070105000 164008.3276930539
120256.8015219546 161127.0883182515
113876.0982649848 156164.9538394251
108452.5004965606 144319.8586319042
110845.2642179242 152003.1636313772
108452.5004965606 153443.7833187784
114992.7213349545 161607.2948807186
110685.7466365000 147361.1668608623
123287.6355690152 165609.0162346108
121054.3894290758 161287.1571724072
108612.0180779848 143199.3766528144
116268.8619863485 160326.7440474731
110207.1938922273 148961.8554024191
115311.7564978030 160967.0194640958
116747.4147306212 156004.8849852695
116109.3444049242 153283.7144646228
113397.5455207121 158886.1243600718

126095.2984372011 124943.2296731455
112331.5471237446 126384.6837566727
134417.5666732446 126224.5221918364
130896.6070349185 127826.1378402000
134257.5230533206 127826.1378402000
119533.5100203207 123021.2908951091
126735.4729168967 133431.7926094728
120173.6845000163 125744.0374973273
113611.8960831359 117896.1208203455
110731.1109245054 122380.6446357636
133457.3049537011 127665.9762753637
124494.8622379619 127505.8147105273
122894.4260387228 128466.7840995455
113931.9833229837 125583.8759324909
125615.1675774293 120939.1905522364
124334.8186180380 135353.7313875091
129616.2580755272 133271.6310446364
116172.5940019185 125263.5528028182
135537.8720127119 124783.0681083091
121934.1643191794 124622.9065434727
132817.1304740054 129267.5919237273
121133.9462195598 122060.3215060909
129776.3016954511 119657.8980335455
136978.2645920272 126384.6837566727
129936.3453153750 127505.8147105273
125615.1675774293 130228.5613127455
125775.2111973533 136474.8623413637
127215.6037766685 133271.6310446364
117132.8557214620 131349.6922666000
136658.1773521793 126224.5221918364
124814.9494778098 124783.0681083091
133617.3485736250 125263.5528028182
124814.9494778098 120779.0289874000
120013.6408800924 125263.5528028182
124494.8622379619 129427.7534885637
110731.1109245054 124302.5834138000
122574.3387988750 131670.0153962728
130576.5197950706 122700.9677654364
120173.6845000163 134072.4388688182
125615.1675774293 136955.3470358727
126575.4292969728 120939.1905522364
135697.9156326359 126064.3606270000
137138.3082119511 124943.2296731455
112331.5471237446 124462.7449786364
129136.1272157554 125423.7143676546
127535.6910165163 128947.2687940545
128816.0399759076 131830.1769611091
121934.1643191794 122380.6446357636
114092.0269429076 125423.7143676546
127375.6473965924 135513.8929523455
113451.8524632120 122060.3215060909
114892.2450425272 117255.4745610000
125455.1239575054 135513.8929523455
124814.9494778098 126224.5221918364
131536.7815146141 126544.8453215091
113611.8960831359 123982.2602841273
114732.2014226033 117415.6361258364
126415.3856770489 135513.8929523455
119853.5972601685 133111.4694798000
108931.0532408333 148641.7176941078
120256.8015219546 164008.3276930539
111004.7817993485 147361.1668608623
116587.8971491970 159526.3997766946
112918.9927764394 150882.6816522874
109090.5708222576 149762.1996731976
110366.7114736515 142879.2389445030
109250.0884036818 145920.5471734611
121213.9070105000 164008.3276930539
115311.7564978030 158085.7800892934
120097.2839405303 163047.9145681197
118342.5905448636 161127.0883182515
108452.5004965606 144960.1340485270
120735.3542662273 160646.8817557844
115471.2740792273 159366.3309225389
115949.8268235000 160646.8817557844
116268.8619863485 153123.6456104671
114035.6158464091 150882.6816522874
109250.0884036818 149442.0619648862
112121.4048693182 156485.0915477365
119778.2487776818 160967.0194640958
113238.0279392879 148001.4422774850
108292.9829151364 157605.5735268263
108452.5004965606 156004.8849852695
112440.4400321667 147201.0980067066
116906.9323120455 157445.5046726706
108612.0180779848 140798.3438404791
108931.0532408333 156805.2292560479
118183.0729634394 158886.1243600718
114673.6861721061 159206.2620683832
110047.6763108030 148961.8554024191
119140.1784519849 160006.6063391617

133137.2177138533 122060.3215060909
125935.2548172772 132630.9847852909
128495.9527360598 120298.5442928909
113771.9397030598 125423.7143676546
125295.0803375815 127665.9762753637
131056.6506548424 131029.3691369273
113291.8088432880 120138.3827280546
115852.5067620706 115493.6973478000
131376.7378946902 126865.1684511818
127695.7346364402 123021.2908951091
120653.8153597880 131189.5307017636
131376.7378946902 130548.8844424182
119213.4227804728 124943.2296731455
135377.8283927880 122861.1293302727
123214.5132785707 123341.6140247818
123214.5132785707 128146.4609698727
110411.0236846576 124783.0681083091
117452.9429613098 130869.2075720909
113771.9397030598 117896.1208203455
124974.9930977337 132150.5000907818
135697.9156326359 123822.0987192909
119693.5536402446 127185.4915808545
133617.3485736250 124943.2296731455
134417.5666732446 128947.2687940545
134257.5230533206 123341.6140247818
129296.1708356793 122540.8062006000
127055.5601567446 135994.3776468546
116012.5503819946 129587.9150534000
123534.6005184185 128306.6225347091
112491.5907436685 119337.5749038727
137298.3518318750 123822.0987192909
128976.0835958315 128306.6225347091
120493.7717398641 129908.2381830727
133297.2613337772 125583.8759324909
121293.9898394837 121900.1599412545
114252.0705628315 124462.7449786364
130416.4761751467 130068.3997479091
120493.7717398641 128626.9456643818
131216.6942747663 124142.4218489636
129776.3016954511 127185.4915808545
122254.2515590272 131189.5307017636
119373.4664003967 134552.9235633273
117612.9865812337 129427.7534885637
122094.2079391033 129587.9150534000
130096.3889352989 119978.2211632182
114572.1578026793 128466.7840995455
126575.4292969728 126224.5221918364
112331.5471237446 126384.6837566727
125935.2548172772 126224.5221918364
135857.9592525598 125263.5528028182
126895.5165368207 127505.8147105273
136818.2209721032 124622.9065434727
122734.3824187989 133591.9541743091
112651.6343635924 126384.6837566727
119693.5536402446 124462.7449786364
128335.9091161359 132951.3079149637
124014.7313781902 132951.3079149637
128335.9091161359 120618.8674225636
132016.9123743859 127185.4915808545
109090.5708222576 145120.2029026826
115311.7564978030 151683.0259230659
108612.0180779848 143839.6520694371
108292.9829151364 156164.9538394251
112918.9927764394 149602.1308190419
118183.0729634394 160806.9506099401
108771.5356594091 148801.7865482635
108771.5356594091 157765.6423809821
114195.1334278333 150402.4750898204
117545.0026377424 156805.2292560479
108612.0180779848 140958.4126946348
110685.7466365000 157765.6423809821
120097.2839405303 160486.8129016287
112599.9576135909 159046.1932142276
115630.7916606515 156325.0226935808
111323.8169621970 155524.6784228024
108931.0532408333 156325.0226935808
122171.0124990455 164808.6719638323
111642.8521250455 155044.4718603353
114354.6510092576 150082.3373815090
108771.5356594091 152483.3701938443
117225.9674748939 157285.4358185150
111004.7817993485 159526.3997766946
113716.5806835606 154404.1964437126
114992.7213349545 154564.2652978683
108612.0180779848 150722.6127981317
109250.0884036818 155364.6095686467
110047.6763108030 155844.8161311138
109888.1587293788 157285.4358185150
109569.1235665303 146880.9602983952
117225.9674748939 160486.8129016287
109250.0884036818 145920.5471734611

124014.7313781902 134552.9235633273
123214.5132785707 134072.4388688182
127375.6473965924 134072.4388688182
119213.4227804728 133431.7926094728
128816.0399759076 132951.3079149637
124654.9058578859 132630.9847852909
122894.4260387228 131349.6922666000
128655.9963559837 130068.3997479091
132657.0868540815 129587.9150534000
122414.2951789511 129427.7534885637
129936.3453153750 129427.7534885637
122734.3824187989 128626.9456643818
117292.8993413859 128466.7840995455
126575.4292969728 128466.7840995455
121454.0334594076 127185.4915808545
110731.1109245054 124943.2296731455
130256.4325552228 124943.2296731455
122094.2079391033 124302.5834138000
114892.2450425272 123982.2602841273
136978.2645920272 123822.0987192909
118573.2483007772 123181.4524599455
112971.7216034402 122220.4830709273
127375.6473965924 122220.4830709273
113131.7652233641 121739.9983764182
114252.0705628315 119497.7364687091
114092.0269429076 116294.5051719818
130576.5197950706 123982.2602841273
136658.1773521793 125744.0374973273
137458.3954517989 125744.0374973273
111691.3726440489 123822.0987192909
118093.1174410054 126384.6837566727
116972.8121015380 130548.8844424182
119053.3791605489 134232.6004336545
111691.3726440489 120458.7058577273
110571.0673045815 123822.0987192909
124814.9494778098 131670.0153962728
125135.0367176576 125904.1990621637
125295.0803375815 137115.5086007091
118733.2919207011 125263.5528028182
131056.6506548424 130068.3997479091
121133.9462195598 128306.6225347091
134097.4794333967 127185.4915808545
132657.0868540815 130228.5613127455
120813.8589797119 125583.8759324909
125135.0367176576 122060.3215060909
131696.8251345381 130068.3997479091
127055.5601567446 126705.0068863455
123694.6441383424 128306.6225347091
133937.4358134728 123021.2908951091
132817.1304740054 123661.9371544545
131056.6506548424 122861.1293302727
124334.8186180380 138236.6395545636
111531.3290241250 120939.1905522364
116652.7248616902 124622.9065434727
122734.3824187989 130548.8844424182
121133.9462195598 125103.3912379818
113931.9833229837 117896.1208203455
129936.3453153750 122060.3215060909
132977.1740939294 124462.7449786364
119618.7311962576 162727.7768598084
113397.5455207121 158085.7800892934
110845.2642179242 157925.7112351377
113078.5103578636 157925.7112351377
111323.8169621970 157125.3669643593
115471.2740792273 155684.7472769581
114833.2037535303 155204.5407144910
109569.1235665303 155044.4718603353
111642.8521250455 154564.2652978683
112440.4400321667 152963.5767563114
108452.5004965606 151522.9570689102
110526.2290550758 147841.3734233294
111164.2993807727 147201.0980067066
110047.6763108030 157445.5046726706
111164.2993807727 158405.9177976048
112759.4751950151 151202.8193605988
108771.5356594091 156965.2981102036
110845.2642179242 152003.1636313772
109888.1587293788 145280.2717568383
118821.1432891364 163047.9145681197
112280.9224507424 149762.1996731976
115790.3092420757 156965.2981102036
121532.9421733485 162247.5702973413
108452.5004965606 142078.8946737246
111164.2993807727 155204.5407144910
109728.6411479545 142559.1012361916
110207.1938922273 144960.1340485270
122171.0124990455 164488.5342555209
116747.4147306212 154884.4030061796
116587.8971491970 158886.1243600718
118502.1081262879 158085.7800892934
112440.4400321667 157765.6423809821

112491.5907436685 125103.3912379818
131376.7378946902 122220.4830709273
120173.6845000163 133431.7926094728
114572.1578026793 118056.2823851818
127855.7782563641 125263.5528028182
117132.8557214620 129587.9150534000
128816.0399759076 128626.9456643818
112811.6779835163 126224.5221918364
135537.8720127119 122861.1293302727
120173.6845000163 128466.7840995455
132817.1304740054 127345.6531456909
113771.9397030598 119017.2517742000
121614.0770793315 130068.3997479091
132817.1304740054 123822.0987192909
126415.3856770489 123982.2602841273
119053.3791605489 131990.3385259455
131056.6506548424 122540.8062006000
112011.4598838967 123501.7755896182
133297.2613337772 129427.7534885637
115532.4195222228 130068.3997479091
129936.3453153750 132951.3079149637
113611.8960831359 119177.4133390364
136498.1337322554 123341.6140247818
125775.2111973533 136314.7007765273
127375.6473965924 122380.6446357636
121614.0770793315 128146.4609698727
127055.5601567446 126224.5221918364
124014.7313781902 125904.1990621637
122094.2079391033 137435.8317303818
124014.7313781902 130068.3997479091
124174.7749981141 131830.1769611091
128816.0399759076 127185.4915808545
136978.2645920272 126064.3606270000
124654.9058578859 129748.0766182364
134577.6102931685 127986.2994050364
126415.3856770489 134392.7619984909
128175.8654962120 132791.1463501273
126735.4729168967 127826.1378402000
112331.5471237446 120779.0289874000
132016.9123743859 128947.2687940545
125775.2111973533 132630.9847852909
122254.2515590272 123021.2908951091
118733.2919207011 127665.9762753637
123534.6005184185 123181.4524599455
117933.0738210815 132470.8232204545
114732.2014226033 124462.7449786364
115372.3759022989 125583.8759324909
126895.5165368207 130068.3997479091
118573.2483007772 129267.5919237273
135217.7847728641 127665.9762753637
135377.8283927880 124462.7449786364
115532.4195222228 115013.2126532909
114252.0705628315 128466.7840995455
112491.5907436685 122380.6446357636
123214.5132785707 121579.8368115818
124174.7749981141 131349.6922666000
126895.5165368207 132310.6616556182
114412.1141827554 116134.3436071455
122254.2515590272 128306.6225347091
110366.7114736515 151362.8882147545
113557.0631021364 150722.6127981317
113876.0982649848 154564.2652978683
112759.4751950151 147681.3045691736
108452.5004965606 150882.6816522874
118502.1081262879 161607.2948807186
120097.2839405303 160006.6063391617
118821.1432891364 161447.2260265629
119299.6960334091 161767.3637348742
110685.7466365000 146720.8914442395
109569.1235665303 149281.9931107305
112121.4048693182 159846.5374850060
111642.8521250455 157925.7112351377
108292.9829151364 147681.3045691736
109250.0884036818 154244.1275895569
109888.1587293788 152323.3013396886
111961.8872878939 153923.9898812455
109569.1235665303 147201.0980067066
112759.4751950151 149121.9242565749
111961.8872878939 147521.2357150180
110526.2290550758 147521.2357150180
109250.0884036818 147841.3734233294
118342.5905448636 157125.3669643593
116587.8971491970 159206.2620683832
122011.4949176212 164168.3965472096
108612.0180779848 149762.1996731976
109090.5708222576 148961.8554024191
109888.1587293788 148161.5111316407
108292.9829151364 149121.9242565749
112280.9224507424 156645.1604018922
113876.0982649848 155684.7472769581
116747.4147306212 161287.1571724072

123854.6877582663 138236.6395545636
124494.8622379619 137275.6701655455
124334.8186180380 134873.2466930000
127375.6473965924 134072.4388688182
128976.0835958315 133111.4694798000
127855.7782563641 131990.3385259455
117612.9865812337 131189.5307017636
123694.6441383424 130869.2075720909
130576.5197950706 130709.0460072545
129456.2144556033 127986.2994050364
124814.9494778098 127505.8147105273
121454.0334594076 127185.4915808545
129616.2580755272 126224.5221918364
136498.1337322554 126064.3606270000
130416.4761751467 125904.1990621637
112331.5471237446 125583.8759324909
120813.8589797119 125583.8759324909
136818.2209721032 125103.3912379818
136818.2209721032 124622.9065434727
131056.6506548424 124142.4218489636
137778.4826916467 123822.0987192909
129456.2144556033 123661.9371544545
116172.5940019185 123181.4524599455
113931.9833229837 123021.2908951091
135057.7411529402 122700.9677654364
125295.0803375815 122380.6446357636
125455.1239575054 122220.4830709273
127375.6473965924 122220.4830709273
133937.4358134728 121900.1599412545
124494.8622379619 120779.0289874000
129456.2144556033 120618.8674225636
112491.5907436685 119818.0595983818
124654.9058578859 134713.0851281637
111051.1981643533 125103.3912379818
114412.1141827554 116614.8283016546
115532.4195222228 126544.8453215091
128175.8654962120 133111.4694798000
113291.8088432880 124622.9065434727
112011.4598838967 120458.7058577273
117933.0738210815 127826.1378402000
137458.3954517989 125263.5528028182
110731.1109245054 123341.6140247818
133457.3049537011 125583.8759324909
115692.4631421467 114372.5663939455
119853.5972601685 126705.0068863455
112011.4598838967 124622.9065434727
124174.7749981141 122700.9677654364
133137.2177138533 129427.7534885637
125615.1675774293 132630.9847852909
119693.5536402446 133431.7926094728
122894.4260387228 121259.5136819091
114572.1578026793 119818.0595983818
119213.4227804728 122540.8062006000
123854.6877582663 132150.5000907818
121293.9898394837 121579.8368115818
111851.4162639728 123822.0987192909
132657.0868540815 121419.6752467455
130096.3889352989 130548.8844424182
113771.9397030598 121579.8368115818
118821.1432891364 162567.7080056527
118183.0729634394 162407.6391514970
120735.3542662273 162407.6391514970
118342.5905448636 159686.4686308503
112599.9576135909 159206.2620683832
116747.4147306212 158726.0555059162
114035.6158464091 158565.9866517605
115630.7916606515 158245.8489434491
118023.5553820152 156645.1604018922
117225.9674748939 155364.6095686467
116268.8619863485 153283.7144646228
114035.6158464091 152963.5767563114
108612.0180779848 150882.6816522874
109409.6059851061 150722.6127981317
111164.2993807727 148321.5799857964
112918.9927764394 148321.5799857964
111961.8872878939 147201.0980067066
109569.1235665303 141438.6192571018
111004.7817993485 145280.2717568383
117704.5202191667 156645.1604018922
113557.0631021364 150562.5439439761
114514.1685906818 158886.1243600718
108612.0180779848 149922.2685273533
109569.1235665303 154084.0587354012
108452.5004965606 152643.4390480000
115790.3092420757 159686.4686308503
118342.5905448636 160166.6751933174
114514.1685906818 152803.5079021557
109250.0884036818 151202.8193605988
114035.6158464091 155524.6784228024
114514.1685906818 159846.5374850060
114195.1334278333 150082.3373815090

136978.2645920272 124142.4218489636
123374.5568984946 122700.9677654364
128976.0835958315 129908.2381830727
133137.2177138533 123021.2908951091
120813.8589797119 124783.0681083091
113611.8960831359 123982.2602841273
117612.9865812337 126544.8453215091
111371.2854042011 124783.0681083091
129456.2144556033 132470.8232204545
129616.2580755272 125744.0374973273
129296.1708356793 119978.2211632182
129456.2144556033 132951.3079149637
118733.2919207011 125423.7143676546
130256.4325552228 121419.6752467455
131216.6942747663 123501.7755896182
117612.9865812337 127665.9762753637
122574.3387988750 131029.3691369273
118573.2483007772 123982.2602841273
118093.1174410054 131349.6922666000
125935.2548172772 125263.5528028182
115532.4195222228 114212.4048291091
121454.0334594076 130869.2075720909
129296.1708356793 120779.0289874000
123854.6877582663 125423.7143676546
118893.3355406250 127986.2994050364
113291.8088432880 125263.5528028182
129136.1272157554 121900.1599412545
133617.3485736250 124783.0681083091
129136.1272157554 120138.3827280546
132497.0432341576 129267.5919237273
118253.1610609293 124622.9065434727
123214.5132785707 125583.8759324909
124334.8186180380 125423.7143676546
124014.7313781902 134713.0851281637
112011.4598838967 125583.8759324909
133457.3049537011 126384.6837566727
125775.2111973533 137275.6701655455
112491.5907436685 123822.0987192909
123854.6877582663 121419.6752467455
134737.6539130924 124783.0681083091
128015.8218762880 122700.9677654364
123054.4696586467 137595.9932952182
125295.0803375815 128146.4609698727
125615.1675774293 129427.7534885637
121934.1643191794 129107.4303588909
115052.2886624511 125904.1990621637
125775.2111973533 131189.5307017636
125135.0367176576 131189.5307017636
134897.6975330163 126544.8453215091
126255.3420571250 126064.3606270000
112811.6779835163 119017.2517742000
117773.0302011576 124622.9065434727
121614.0770793315 130228.5613127455
125455.1239575054 125263.5528028182
124014.7313781902 137595.9932952182
123374.5568984946 131189.5307017636
129296.1708356793 132630.9847852909
124014.7313781902 131189.5307017636
121454.0334594076 131349.6922666000
114514.1685906818 155204.5407144910
110685.7466365000 148641.7176941078
114514.1685906818 156965.2981102036
109888.1587293788 158565.9866517605
111802.3697064697 149922.2685273533
114673.6861721061 154724.3341520239
110526.2290550758 143519.5143611258
114195.1334278333 159846.5374850060
108292.9829151364 149121.9242565749
115311.7564978030 159526.3997766946
110207.1938922273 147521.2357150180
118023.5553820152 156325.0226935808
110526.2290550758 150242.4062356646
110685.7466365000 152163.2324855329
114673.6861721061 161127.0883182515
111004.7817993485 157605.5735268263
116268.8619863485 155204.5407144910
110366.7114736515 143999.7209235928
116428.3795677727 161287.1571724072
110526.2290550758 145920.5471734611
114354.6510092576 149762.1996731976
108452.5004965606 143839.6520694371
113238.0279392879 150882.6816522874
114195.1334278333 153763.9210270898
109409.6059851061 148801.7865482635
111642.8521250455 145280.2717568383
120894.8718476515 162407.6391514970
115311.7564978030 156805.2292560479
109728.6411479545 145120.2029026826
109090.5708222576 143999.7209235928
118502.1081262879 157285.4358185150
117385.4850563182 158085.7800892934

123374.5568984946 136474.8623413637
119693.5536402446 129908.2381830727
131696.8251345381 128787.1072292182
125295.0803375815 128626.9456643818
128015.8218762880 127986.2994050364
131536.7815146141 127505.8147105273
128335.9091161359 127345.6531456909
129616.2580755272 127025.3300160182
112651.6343635924 126064.3606270000
133777.3921935489 125423.7143676546
110891.1545444293 125263.5528028182
124334.8186180380 124943.2296731455
125935.2548172772 124943.2296731455
131856.8687544620 124302.5834138000
120333.7281199402 123822.0987192909
119053.3791605489 123661.9371544545
116492.6812417663 123181.4524599455
135697.9156326359 123021.2908951091
117292.8993413859 122700.9677654364
115532.4195222228 113411.5970049273
124974.9930977337 129267.5919237273
131216.6942747663 128947.2687940545
112971.7216034402 121739.9983764182
122254.2515590272 121259.5136819091
111531.3290241250 125423.7143676546
118413.2046808533 129267.5919237273
112491.5907436685 126544.8453215091
132817.1304740054 130388.7228775818
135857.9592525598 125103.3912379818
121934.1643191794 131349.6922666000
137138.3082119511 125103.3912379818
133457.3049537011 125263.5528028182
127375.6473965924 127826.1378402000
118573.2483007772 129107.4303588909
126095.2984372011 134232.6004336545
127855.7782563641 130068.3997479091
126095.2984372011 127345.6531456909
123374.5568984946 126865.1684511818
113771.9397030598 118056.2823851818
135377.8283927880 125263.5528028182
121934.1643191794 121579.8368115818
125295.0803375815 123822.0987192909
116492.6812417663 125423.7143676546
123694.6441383424 138396.8011194000
134257.5230533206 123341.6140247818
124334.8186180380 136955.3470358727
117933.0738210815 127345.6531456909
121934.1643191794 130068.3997479091
131856.8687544620 121900.1599412545
122094.2079391033 124302.5834138000
131536.7815146141 122220.4830709273
115052.2886624511 114052.2432642727
112971.7216034402 123181.4524599455
124334.8186180380 129908.2381830727
123534.6005184185 134552.9235633273
136498.1337322554 123982.2602841273
137938.5263115707 125103.3912379818
118893.3355406250 122861.1293302727
135217.7847728641 126544.8453215091
118342.5905448636 158726.0555059162
117385.4850563182 158565.9866517605
109250.0884036818 158405.9177976048
111483.3345436212 158245.8489434491
114992.7213349545 156965.2981102036
114514.1685906818 152323.3013396886
110207.1938922273 151683.0259230659
108931.0532408333 151042.7505064431
110526.2290550758 151042.7505064431
110685.7466365000 149762.1996731976
108292.9829151364 147841.3734233294
111004.7817993485 145920.5471734611
109728.6411479545 146240.6848817725
108292.9829151364 157605.5735268263
109250.0884036818 148321.5799857964
110366.7114736515 148001.4422774850
115949.8268235000 156004.8849852695
114354.6510092576 150242.4062356646
112599.9576135909 152803.5079021557
108612.0180779848 146240.6848817725
108612.0180779848 149281.9931107305
111323.8169621970 159686.4686308503
111802.3697064697 146240.6848817725
109250.0884036818 140958.4126946348
112121.4048693182 157445.5046726706
109090.5708222576 147521.2357150180
110526.2290550758 146720.8914442395
110366.7114736515 143679.5832152815
117545.0026377424 160967.0194640958
114992.7213349545 160646.8817557844
109090.5708222576 143359.4455069701
111323.8169621970 153923.9898812455

132977.1740939294 123021.2908951091
136818.2209721032 123982.2602841273
134097.4794333967 126705.0068863455
121454.0334594076 127345.6531456909
122254.2515590272 137435.8317303818
111051.1981643533 123341.6140247818
126735.4729168967 127185.4915808545
116172.5940019185 114692.8895236182
124014.7313781902 131509.8538314364
133137.2177138533 124302.5834138000
113131.7652233641 121259.5136819091
136178.0464924076 123822.0987192909
113931.9833229837 121419.6752467455
119533.5100203207 128626.9456643818
134097.4794333967 123822.0987192909
113131.7652233641 118536.7670796909
124494.8622379619 124943.2296731455
129136.1272157554 124622.9065434727
113451.8524632120 121900.1599412545
123374.5568984946 123982.2602841273
124814.9494778098 127505.8147105273
112811.6779835163 123822.0987192909
133937.4358134728 125103.3912379818
114252.0705628315 127025.3300160182
125615.1675774293 127025.3300160182
117933.0738210815 124943.2296731455
125935.2548172772 126544.8453215091
122094.2079391033 129908.2381830727
123534.6005184185 129107.4303588909
113611.8960831359 124622.9065434727
132336.9996142337 124462.7449786364
113291.8088432880 123822.0987192909
124654.9058578859 125103.3912379818
124174.7749981141 137115.5086007091
126735.4729168967 128626.9456643818
116012.5503819946 125103.3912379818
132977.1740939294 130068.3997479091
125455.1239575054 125583.8759324909
129936.3453153750 126544.8453215091
112011.4598838967 120779.0289874000
135377.8283927880 125583.8759324909
127375.6473965924 126544.8453215091
127055.5601567446 135834.2160820182
125615.1675774293 136795.1854710364
128015.8218762880 126544.8453215091
129296.1708356793 129427.7534885637
126895.5165368207 123661.9371544545
125455.1239575054 127025.3300160182
127215.6037766685 122700.9677654364
121774.1206992554 131029.3691369273
123214.5132785707 124462.7449786364
130576.5197950706 129748.0766182364
112491.5907436685 123341.6140247818
117612.9865812337 129587.9150534000
125295.0803375815 127826.1378402000
115692.4631421467 123021.2908951091
134417.5666732446 125423.7143676546
128175.8654962120 123501.7755896182
120493.7717398641 132791.1463501273
120575.8366848030 164168.3965472096
111483.3345436212 154244.1275895569
109569.1235665303 143199.3766528144
110685.7466365000 143679.5832152815
109888.1587293788 146720.8914442395
110526.2290550758 145280.2717568383
111323.8169621970 152163.2324855329
110047.6763108030 155524.6784228024
117066.4498934697 162727.7768598084
112280.9224507424 154884.4030061796
116268.8619863485 154724.3341520239
109409.6059851061 147361.1668608623
118342.5905448636 158565.9866517605
108612.0180779848 145760.4783193054
109090.5708222576 157925.7112351377
118661.6257077121 161607.2948807186
113716.5806835606 160806.9506099401
110366.7114736515 143839.6520694371
118183.0729634394 158405.9177976048
113716.5806835606 159206.2620683832
114833.2037535303 156645.1604018922
110526.2290550758 148481.6488399521
111004.7817993485 151042.7505064431
111164.2993807727 145600.4094651497
119299.6960334091 162567.7080056527
108452.5004965606 150242.4062356646
111483.3345436212 148641.7176941078
109569.1235665303 150082.3373815090
110047.6763108030 152323.3013396886
112918.9927764394 156645.1604018922
110845.2642179242 146080.6160276168
118821.1432891364 160166.6751933174

128816.0399759076 129107.4303588909
125135.0367176576 123501.7755896182
125135.0367176576 130228.5613127455
123854.6877582663 138877.2858139091
127695.7346364402 134713.0851281637
126735.4729168967 125744.0374973273
121934.1643191794 123181.4524599455
126415.3856770489 126384.6837566727
135217.7847728641 127025.3300160182
122574.3387988750 122540.8062006000
130096.3889352989 122060.3215060909
120973.9025996359 132470.8232204545
113291.8088432880 121579.8368115818
114572.1578026793 123501.7755896182
122734.3824187989 131029.3691369273
131376.7378946902 128787.1072292182
126735.4729168967 126384.6837566727
113291.8088432880 124943.2296731455
129936.3453153750 127826.1378402000
136178.0464924076 123661.9371544545
131376.7378946902 123661.9371544545
137458.3954517989 125904.1990621637
114572.1578026793 123021.2908951091
123054.4696586467 124142.4218489636
125135.0367176576 126865.1684511818
118573.2483007772 125583.8759324909
135857.9592525598 127025.3300160182
123374.5568984946 122060.3215060909
138898.7880311141 124302.5834138000
116172.5940019185 123021.2908951091
127535.6910165163 129908.2381830727
132977.1740939294 121419.6752467455
122894.4260387228 129267.5919237273
123374.5568984946 131670.0153962728
127535.6910165163 126224.5221918364
123534.6005184185 131509.8538314364
133137.2177138533 122700.9677654364
127215.6037766685 121579.8368115818
127855.7782563641 128947.2687940545
112651.6343635924 122060.3215060909
112011.4598838967 126224.5221918364
130896.6070349185 120939.1905522364
118253.1610609293 125583.8759324909
124334.8186180380 124302.5834138000
115052.2886624511 114372.5663939455
127695.7346364402 127665.9762753637
122254.2515590272 129587.9150534000
124014.7313781902 123181.4524599455
113451.8524632120 123661.9371544545
136818.2209721032 125583.8759324909
125295.0803375815 127665.9762753637
130896.6070349185 129107.4303588909
128816.0399759076 133912.2773039818
114892.2450425272 123181.4524599455
115852.5067620706 113251.4354400909
120173.6845000163 130869.2075720909
112651.6343635924 124783.0681083091
135697.9156326359 124783.0681083091
119693.5536402446 130869.2075720909
109888.1587293788 155684.7472769581
118183.0729634394 160806.9506099401
113397.5455207121 149281.9931107305
117545.0026377424 158886.1243600718
109409.6059851061 142399.0323820359
112280.9224507424 159206.2620683832
109569.1235665303 150082.3373815090
111164.2993807727 146240.6848817725
113557.0631021364 158405.9177976048
108931.0532408333 148641.7176941078
109090.5708222576 146720.8914442395
110047.6763108030 154244.1275895569
118342.5905448636 158565.9866517605
114514.1685906818 150402.4750898204
110526.2290550758 143679.5832152815
109409.6059851061 156485.0915477365
120735.3542662273 164328.4654013652
121851.9773361970 164008.3276930539
113078.5103578636 157925.7112351377
118980.6608705606 159526.3997766946
109250.0884036818 150082.3373815090
110845.2642179242 150402.4750898204
118502.1081262879 160006.6063391617
108612.0180779848 146560.8225900838
113716.5806835606 160486.8129016287
117066.4498934697 161767.3637348742
110685.7466365000 147521.2357150180
113238.0279392879 153123.6456104671
112121.4048693182 146720.8914442395
118023.5553820152 156645.1604018922
111164.2993807727 153283.7144646228
109569.1235665303 156325.0226935808

124174.7749981141 134232.6004336545
132176.9559943098 130388.7228775818
126735.4729168967 130068.3997479091
122254.2515590272 127345.6531456909
116652.7248616902 126865.1684511818
128816.0399759076 126865.1684511818
115692.4631421467 126705.0068863455
119053.3791605489 126705.0068863455
118413.2046808533 126064.3606270000
136658.1773521793 126064.3606270000
120493.7717398641 125263.5528028182
112811.6779835163 124783.0681083091
114412.1141827554 124783.0681083091
124974.9930977337 124622.9065434727
132977.1740939294 124622.9065434727
129456.2144556033 123982.2602841273
124974.9930977337 123822.0987192909
112331.5471237446 123501.7755896182
110411.0236846576 123181.4524599455
134097.4794333967 123021.2908951091
131216.6942747663 122380.6446357636
124654.9058578859 121419.6752467455
113131.7652233641 121259.5136819091
113451.8524632120 120939.1905522364
114092.0269429076 119978.2211632182
122094.2079391033 124302.5834138000
116332.6376218424 131189.5307017636
120653.8153597880 128947.2687940545
125775.2111973533 128947.2687940545
121293.9898394837 128466.7840995455
124974.9930977337 127986.2994050364
129296.1708356793 126865.1684511818
130736.5634149946 131029.3691369273
114092.0269429076 121259.5136819091
135857.9592525598 123661.9371544545
122574.3387988750 122220.4830709273
115852.5067620706 115333.5357829636
127215.6037766685 129267.5919237273
120013.6408800924 130068.3997479091
114892.2450425272 127826.1378402000
122894.4260387228 127826.1378402000
130416.4761751467 120939.1905522364
128335.9091161359 121739.9983764182
127535.6910165163 122861.1293302727
118733.2919207011 131509.8538314364
126255.3420571250 120939.1905522364
123854.6877582663 129908.2381830727
137618.4390717228 124302.5834138000
127215.6037766685 134232.6004336545
134737.6539130924 126384.6837566727
120013.6408800924 135033.4082578364
130096.3889352989 122060.3215060909
115852.5067620706 126064.3606270000
125135.0367176576 122060.3215060909
130096.3889352989 121259.5136819091
134577.6102931685 127185.4915808545
122254.2515590272 125263.5528028182
124334.8186180380 122060.3215060909
121774.1206992554 128146.4609698727
121373.4245919243 163207.9834222754
119778.2487776818 161447.2260265629
115471.2740792273 158565.9866517605
114035.6158464091 156965.2981102036
113238.0279392879 156485.0915477365
114354.6510092576 153123.6456104671
112280.9224507424 150882.6816522874
109569.1235665303 147521.2357150180
113238.0279392879 155684.7472769581
115152.2389163788 152003.1636313772
118502.1081262879 160806.9506099401
109090.5708222576 143359.4455069701
109250.0884036818 157605.5735268263
108452.5004965606 152483.3701938443
114992.7213349545 160326.7440474731
118821.1432891364 158245.8489434491
115790.3092420757 157125.3669643593
116268.8619863485 162087.5014431856
108612.0180779848 147521.2357150180
113238.0279392879 150242.4062356646
109569.1235665303 155044.4718603353
112918.9927764394 153923.9898812455
115630.7916606515 158405.9177976048
109090.5708222576 145920.5471734611
108612.0180779848 145760.4783193054
110845.2642179242 157445.5046726706
112759.4751950151 159366.3309225389
114354.6510092576 160646.8817557844
116268.8619863485 154564.2652978683
110685.7466365000 153763.9210270898
110845.2642179242 149281.9931107305
110526.2290550758 142879.2389445030

124334.8186180380 134873.2466930000
126895.5165368207 134232.6004336545
130736.5634149946 132310.6616556182
116972.8121015380 131509.8538314364
120173.6845000163 131029.3691369273
126735.4729168967 129267.5919237273
131856.8687544620 129107.4303588909
118093.1174410054 128626.9456643818
115852.5067620706 128466.7840995455
114092.0269429076 128146.4609698727
132657.0868540815 127986.2994050364
126415.3856770489 127665.9762753637
112651.6343635924 126064.3606270000
130416.4761751467 125583.8759324909
111531.3290241250 125423.7143676546
131376.7378946902 124142.4218489636
131536.7815146141 123982.2602841273
111851.4162639728 122861.1293302727
112331.5471237446 122220.4830709273
125455.1239575054 122220.4830709273
122734.3824187989 121259.5136819091
123534.6005184185 121259.5136819091
113771.9397030598 120458.7058577273
114252.0705628315 118696.9286445273
115212.3322823750 117255.4745610000
116012.5503819946 115333.5357829636
115532.4195222228 113411.5970049273
124654.9058578859 127185.4915808545
115692.4631421467 116935.1514313273
133137.2177138533 129748.0766182364
124814.9494778098 132310.6616556182
117292.8993413859 131670.0153962728
120333.7281199402 128146.4609698727
126415.3856770489 126705.0068863455
119213.4227804728 125423.7143676546
132336.9996142337 126384.6837566727
115852.5067620706 127986.2994050364
128335.9091161359 130869.2075720909
112811.6779835163 123661.9371544545
131376.7378946902 120779.0289874000
117612.9865812337 123501.7755896182
129456.2144556033 119818.0595983818
129296.1708356793 125263.5528028182
128175.8654962120 133111.4694798000
125775.2111973533 135674.0545171818
123214.5132785707 131029.3691369273
128015.8218762880 127826.1378402000
132817.1304740054 124462.7449786364
127535.6910165163 126064.3606270000
138098.5699314946 124783.0681083091
119053.3791605489 129107.4303588909
131536.7815146141 126384.6837566727
111371.2854042011 123021.2908951091
135697.9156326359 123021.2908951091
131216.6942747663 122540.8062006000
121293.9898394837 131189.5307017636
124654.9058578859 121259.5136819091
134257.5230533206 127025.3300160182
127535.6910165163 122540.8062006000
122171.0124990455 164168.3965472096
120256.8015219546 162407.6391514970
115949.8268235000 160806.9506099401
111483.3345436212 157445.5046726706
112599.9576135909 155524.6784228024
116109.3444049242 154724.3341520239
110207.1938922273 154244.1275895569
113397.5455207121 152163.2324855329
108771.5356594091 149602.1308190419
110845.2642179242 149281.9931107305
108931.0532408333 147681.3045691736
111483.3345436212 147361.1668608623
108452.5004965606 144159.7897777485
109250.0884036818 144159.7897777485
110845.2642179242 144159.7897777485
110207.1938922273 156325.0226935808
108612.0180779848 140478.2061321677
114035.6158464091 156004.8849852695
113557.0631021364 155684.7472769581
113238.0279392879 148801.7865482635
117704.5202191667 162087.5014431856
120735.3542662273 162887.8457139641
118183.0729634394 156645.1604018922
115790.3092420757 157285.4358185150
108292.9829151364 158085.7800892934
112918.9927764394 152963.5767563114
121851.9773361970 164328.4654013652
111642.8521250455 158565.9866517605
116428.3795677727 155524.6784228024
111483.3345436212 159846.5374850060
114833.2037535303 151843.0947772216
117385.4850563182 162567.7080056527

128655.9963559837 127826.1378402000
114092.0269429076 117415.6361258364
124654.9058578859 136955.3470358727
111531.3290241250 123021.2908951091
125935.2548172772 128466.7840995455
129936.3453153750 131990.3385259455
112171.5035038207 123341.6140247818
124974.9930977337 136955.3470358727
126095.2984372011 132630.9847852909
124494.8622379619 126865.1684511818
132657.0868540815 127986.2994050364
132977.1740939294 122060.3215060909
121774.1206992554 131509.8538314364
127855.7782563641 128626.9456643818
127535.6910165163 134392.7619984909
120013.6408800924 124302.5834138000
125615.1675774293 132470.8232204545
112331.5471237446 119337.5749038727
125135.0367176576 125583.8759324909
123054.4696586467 131349.6922666000
136498.1337322554 123341.6140247818
135217.7847728641 127986.2994050364
130416.4761751467 120939.1905522364
120013.6408800924 122060.3215060909
131536.7815146141 130869.2075720909
129776.3016954511 121579.8368115818
122254.2515590272 130228.5613127455
115532.4195222228 113411.5970049273
120653.8153597880 133271.6310446364
124494.8622379619 137275.6701655455
124654.9058578859 137435.8317303818
118893.3355406250 129908.2381830727
111691.3726440489 125423.7143676546
130576.5197950706 128146.4609698727
127855.7782563641 121739.9983764182
129776.3016954511 132791.1463501273
120813.8589797119 134552.9235633273
115212.3322823750 128466.7840995455
131216.6942747663 124622.9065434727
128976.0835958315 121259.5136819091
129936.3453153750 121579.8368115818
120013.6408800924 135033.4082578364
131056.6506548424 125263.5528028182
135857.9592525598 123982.2602841273
129296.1708356793 132951.3079149637
112011.4598838967 121900.1599412545
124334.8186180380 121739.9983764182
131216.6942747663 130869.2075720909
128175.8654962120 125904.1990621637
124974.9930977337 122220.4830709273
124494.8622379619 122540.8062006000
135377.8283927880 126705.0068863455
125935.2548172772 135193.5698226728
119053.3791605489 132470.8232204545
124174.7749981141 130228.5613127455
111051.1981643533 124943.2296731455
125615.1675774293 133591.9541743091
113451.8524632120 121099.3521170727
119373.4664003967 130548.8844424182
117066.4498934697 158886.1243600718
109888.1587293788 152323.3013396886
110845.2642179242 144319.8586319042
111004.7817993485 147361.1668608623
115790.3092420757 155204.5407144910
108612.0180779848 150242.4062356646
118980.6608705606 161127.0883182515
120256.8015219546 164168.3965472096
115311.7564978030 156164.9538394251
110366.7114736515 149762.1996731976
110526.2290550758 143039.3077986587
114354.6510092576 152163.2324855329
110845.2642179242 143679.5832152815
115311.7564978030 158085.7800892934
108292.9829151364 152163.2324855329
115630.7916606515 154404.1964437126
115152.2389163788 151202.8193605988
111802.3697064697 156485.0915477365
110366.7114736515 145760.4783193054
117545.0026377424 162087.5014431856
112759.4751950151 155684.7472769581
111323.8169621970 157765.6423809821
120575.8366848030 164168.3965472096
111961.8872878939 147041.0291525509
109569.1235665303 147521.2357150180
110685.7466365000 147201.0980067066
113397.5455207121 148641.7176941078
109888.1587293788 148801.7865482635
112121.4048693182 147681.3045691736
115471.2740792273 156965.2981102036
111164.2993807727 147201.0980067066
117225.9674748939 161927.4325890299

122414.2951789511 126544.8453215091
126895.5165368207 126705.0068863455
124334.8186180380 124462.7449786364
131216.6942747663 123341.6140247818
125615.1675774293 129107.4303588909
127695.7346364402 127185.4915808545
129136.1272157554 131990.3385259455
129776.3016954511 119657.8980335455
123534.6005184185 121900.1599412545
117773.0302011576 131670.0153962728
119053.3791605489 129107.4303588909
120173.6845000163 134232.6004336545
119533.5100203207 131029.3691369273
120653.8153597880 125744.0374973273
134737.6539130924 125423.7143676546
135057.7411529402 127665.9762753637
131376.7378946902 127345.6531456909
115372.3759022989 114372.5663939455
127215.6037766685 133912.2773039818
132497.0432341576 121579.8368115818
132977.1740939294 125744.0374973273
126735.4729168967 127986.2994050364
128175.8654962120 128466.7840995455
124974.9930977337 128146.4609698727
112651.6343635924 125583.8759324909
132497.0432341576 122380.6446357636
114092.0269429076 117575.7976906727
122894.4260387228 123501.7755896182
129456.2144556033 127185.4915808545
133297.2613337772 127345.6531456909
112331.5471237446 125904.1990621637
120813.8589797119 129587.9150534000
121293.9898394837 123982.2602841273
124334.8186180380 121739.9983764182
124334.8186180380 130068.3997479091
120173.6845000163 134392.7619984909
117292.8993413859 131349.6922666000
112331.5471237446 126064.3606270000
128175.8654962120 134713.0851281637
120653.8153597880 130388.7228775818
123214.5132785707 137275.6701655455
115372.3759022989 125423.7143676546
113291.8088432880 123822.0987192909
125455.1239575054 133912.2773039818
131056.6506548424 123341.6140247818
131536.7815146141 123181.4524599455
124494.8622379619 136474.8623413637
120653.8153597880 130068.3997479091
125135.0367176576 131189.5307017636
127535.6910165163 134552.9235633273
129456.2144556033 132310.6616556182
123534.6005184185 138076.4779897273
124334.8186180380 135353.7313875091
120333.7281199402 125744.0374973273
113931.9833229837 120298.5442928909
119853.5972601685 122861.1293302727
117292.8993413859 129748.0766182364
122414.2951789511 124302.5834138000
122414.2951789511 130869.2075720909
110207.1938922273 158405.9177976048
108612.0180779848 156485.0915477365
118023.5553820152 156325.0226935808
108133.4653337121 156805.2292560479
114673.6861721061 158886.1243600718
110526.2290550758 150402.4750898204
109250.0884036818 142879.2389445030
118023.5553820152 159846.5374850060
115630.7916606515 160967.0194640958
110047.6763108030 158245.8489434491
115790.3092420757 156164.9538394251
110526.2290550758 147841.3734233294
114035.6158464091 153443.7833187784
114035.6158464091 149602.1308190419
117385.4850563182 162087.5014431856
117864.0378005909 156164.9538394251
115471.2740792273 154084.0587354012
118821.1432891364 161607.2948807186
116268.8619863485 157765.6423809821
113716.5806835606 152483.3701938443
114833.2037535303 157285.4358185150
108292.9829151364 148961.8554024191
108771.5356594091 148001.4422774850
110207.1938922273 143039.3077986587
116747.4147306212 156805.2292560479
111961.8872878939 146080.6160276168
110526.2290550758 157125.3669643593
117225.9674748939 157925.7112351377
120894.8718476515 163368.0522764311
113238.0279392879 149281.9931107305
117704.5202191667 162567.7080056527
117066.4498934697 156645.1604018922

120973.9025996359 125263.5528028182
115052.2886624511 119337.5749038727
116492.6812417663 127345.6531456909
130736.5634149946 123982.2602841273
128495.9527360598 122540.8062006000
124974.9930977337 123982.2602841273
133137.2177138533 124462.7449786364
130576.5197950706 125583.8759324909
128495.9527360598 134072.4388688182
111371.2854042011 123982.2602841273
121934.1643191794 131830.1769611091
131376.7378946902 120939.1905522364
121293.9898394837 130869.2075720909
130256.4325552228 129267.5919237273
125295.0803375815 127665.9762753637
126895.5165368207 126705.0068863455
114892.2450425272 115814.0204774727
114412.1141827554 117735.9592555091
133297.2613337772 122220.4830709273
128976.0835958315 129267.5919237273
125455.1239575054 137275.6701655455
123534.6005184185 137595.9932952182
124334.8186180380 121419.6752467455
132657.0868540815 123822.0987192909
123854.6877582663 129267.5919237273
131856.8687544620 123501.7755896182
121934.1643191794 123661.9371544545
128976.0835958315 124783.0681083091
133777.3921935489 129587.9150534000
123854.6877582663 123181.4524599455
112331.5471237446 124783.0681083091
121454.0334594076 131189.5307017636
128015.8218762880 120939.1905522364
117933.0738210815 127025.3300160182
136018.0028724837 123982.2602841273
114412.1141827554 116614.8283016546
123694.6441383424 127185.4915808545
133617.3485736250 123661.9371544545
128495.9527360598 129107.4303588909
135217.7847728641 126705.0068863455
111531.3290241250 124783.0681083091
125135.0367176576 135834.2160820182
134417.5666732446 127025.3300160182
125775.2111973533 124142.4218489636
124974.9930977337 124783.0681083091
130576.5197950706 120298.5442928909
118573.2483007772 126064.3606270000
133937.4358134728 127665.9762753637
120493.7717398641 129587.9150534000
121774.1206992554 123661.9371544545
120173.6845000163 123341.6140247818
121133.9462195598 130068.3997479091
124814.9494778098 124462.7449786364
117292.8993413859 128466.7840995455
125615.1675774293 126544.8453215091
123854.6877582663 126384.6837566727
134257.5230533206 125904.1990621637
125135.0367176576 129748.0766182364
127215.6037766685 128787.1072292182
119618.7311962576 162887.8457139641
121054.3894290758 161767.3637348742
115152.2389163788 159206.2620683832
111483.3345436212 146080.6160276168
117864.0378005909 160806.9506099401
114992.7213349545 160967.0194640958
109569.1235665303 148961.8554024191
112918.9927764394 156805.2292560479
113716.5806835606 159686.4686308503
108931.0532408333 143359.4455069701
116906.9323120455 157765.6423809821
108612.0180779848 148321.5799857964
109090.5708222576 147521.2357150180
109250.0884036818 150082.3373815090
116747.4147306212 161607.2948807186
108771.5356594091 157125.3669643593
117225.9674748939 157605.5735268263
110207.1938922273 145600.4094651497
117225.9674748939 158886.1243600718
118342.5905448636 162087.5014431856
115790.3092420757 156805.2292560479
109090.5708222576 140798.3438404791
110366.7114736515 149121.9242565749
113238.0279392879 154084.0587354012
108771.5356594091 144159.7897777485
111164.2993807727 148321.5799857964
115471.2740792273 155204.5407144910
114354.6510092576 157605.5735268263
109250.0884036818 154404.1964437126
111004.7817993485 153603.8521729341
111802.3697064697 149121.9242565749
109250.0884036818 147201.0980067066

116172.5940019185 113571.7585697636
124814.9494778098 134873.2466930000
128175.8654962120 120779.0289874000
136178.0464924076 124462.7449786364
116812.7684816141 131029.3691369273
114252.0705628315 124943.2296731455
123054.4696586467 129748.0766182364
127535.6910165163 126384.6837566727
123854.6877582663 138556.9626842364
124814.9494778098 126384.6837566727
129936.3453153750 132630.9847852909
126415.3856770489 125103.3912379818
114412.1141827554 127826.1378402000
136338.0901123315 126064.3606270000
133297.2613337772 123341.6140247818
131376.7378946902 123661.9371544545
125455.1239575054 125744.0374973273
118413.2046808533 130228.5613127455
125135.0367176576 129427.7534885637
122894.4260387228 124783.0681083091
129136.1272157554 126865.1684511818
117933.0738210815 131349.6922666000
135217.7847728641 127986.2994050364
115052.2886624511 117575.7976906727
128015.8218762880 131990.3385259455
124014.7313781902 122861.1293302727
116172.5940019185 125904.1990621637
123534.6005184185 133752.1157391455
130576.5197950706 129267.5919237273
130736.5634149946 128306.6225347091
132336.9996142337 126224.5221918364
128655.9963559837 130228.5613127455
118093.1174410054 131509.8538314364
120813.8589797119 124783.0681083091
117132.8557214620 130869.2075720909
134737.6539130924 125263.5528028182
124494.8622379619 120939.1905522364
133297.2613337772 122700.9677654364
123534.6005184185 136955.3470358727
133137.2177138533 124943.2296731455
119533.5100203207 134552.9235633273
124014.7313781902 136635.0239062000
124974.9930977337 122861.1293302727
124494.8622379619 126384.6837566727
126895.5165368207 133912.2773039818
131536.7815146141 124943.2296731455
132497.0432341576 122700.9677654364
119373.4664003967 127185.4915808545
136178.0464924076 127185.4915808545
127055.5601567446 132791.1463501273
125615.1675774293 124943.2296731455
137458.3954517989 123661.9371544545
114252.0705628315 128787.1072292182
127535.6910165163 130548.8844424182
132497.0432341576 128466.7840995455
124494.8622379619 124943.2296731455
116652.7248616902 126064.3606270000
121454.0334594076 131029.3691369273
127695.7346364402 125423.7143676546
110047.6763108030 157765.6423809821
118821.1432891364 160967.0194640958
108931.0532408333 157445.5046726706
109728.6411479545 147361.1668608623
108452.5004965606 153443.7833187784
113557.0631021364 156645.1604018922
117864.0378005909 158085.7800892934
115949.8268235000 156805.2292560479
109250.0884036818 154084.0587354012
112599.9576135909 156485.0915477365
117066.4498934697 159526.3997766946
109728.6411479545 149121.9242565749
111164.2993807727 153763.9210270898
111164.2993807727 150082.3373815090
111642.8521250455 158245.8489434491
108452.5004965606 143199.3766528144
108931.0532408333 146400.7537359281
109409.6059851061 143199.3766528144
112599.9576135909 159846.5374850060
108771.5356594091 150402.4750898204
109250.0884036818 141278.5504029461
120575.8366848030 161447.2260265629
111483.3345436212 153123.6456104671
112280.9224507424 147041.0291525509
115471.2740792273 154244.1275895569
115949.8268235000 153283.7144646228
119299.6960334091 161287.1571724072
110366.7114736515 145280.2717568383
111164.2993807727 156325.0226935808
115790.3092420757 153763.9210270898
113397.5455207121 153763.9210270898
121373.4245919243 164008.3276930539

128816.0399759076 128306.6225347091
128015.8218762880 125263.5528028182
130736.5634149946 120138.3827280546
131056.6506548424 123661.9371544545
132176.9559943098 127505.8147105273
132817.1304740054 127505.8147105273
124814.9494778098 134713.0851281637
123374.5568984946 130869.2075720909
138418.6571713424 124142.4218489636
126735.4729168967 124462.7449786364
119373.4664003967 122700.9677654364
125615.1675774293 129908.2381830727
124814.9494778098 137275.6701655455
131376.7378946902 130548.8844424182
117773.0302011576 124783.0681083091
123534.6005184185 137916.3164248909
125455.1239575054 127505.8147105273
129936.3453153750 123021.2908951091
123534.6005184185 127025.3300160182
133937.4358134728 124943.2296731455
117773.0302011576 125423.7143676546
113451.8524632120 125103.3912379818
131856.8687544620 122380.6446357636
124174.7749981141 124783.0681083091
125935.2548172772 124622.9065434727
135057.7411529402 125263.5528028182
137138.3082119511 123501.7755896182
124174.7749981141 128947.2687940545
133937.4358134728 123661.9371544545
124334.8186180380 121579.8368115818
126735.4729168967 127025.3300160182
127215.6037766685 126384.6837566727
133777.3921935489 127986.2994050364
123054.4696586467 121419.6752467455
127375.6473965924 128146.4609698727
123374.5568984946 123661.9371544545
126735.4729168967 132791.1463501273
136338.0901123315 124462.7449786364
117452.9429613098 129908.2381830727
124814.9494778098 121259.5136819091
136818.2209721032 123501.7755896182
116492.6812417663 131029.3691369273
123374.5568984946 128146.4609698727
125615.1675774293 136635.0239062000
136018.0028724837 123501.7755896182
136178.0464924076 125263.5528028182
124814.9494778098 128306.6225347091
124494.8622379619 129107.4303588909
129616.2580755272 133111.4694798000
131056.6506548424 122220.4830709273
124334.8186180380 125904.1990621637
124654.9058578859 132951.3079149637
118733.2919207011 125583.8759324909
111531.3290241250 123021.2908951091
118413.2046808533 131509.8538314364
117292.8993413859 125423.7143676546
124334.8186180380 126865.1684511818
115372.3759022989 130068.3997479091
117933.0738210815 129587.9150534000
108771.5356594091 155844.8161311138
119618.7311962576 163688.1899847425
109409.6059851061 148641.7176941078
108133.4653337121 157125.3669643593
116268.8619863485 161767.3637348742
117385.4850563182 160646.8817557844
112599.9576135909 146560.8225900838
108771.5356594091 148001.4422774850
118183.0729634394 159846.5374850060
116268.8619863485 158405.9177976048
111642.8521250455 149442.0619648862
112918.9927764394 159046.1932142276
112280.9224507424 147041.0291525509
116587.8971491970 161287.1571724072
111004.7817993485 149602.1308190419
116747.4147306212 159686.4686308503
108612.0180779848 157605.5735268263
110685.7466365000 145760.4783193054
112440.4400321667 156965.2981102036
110207.1938922273 151522.9570689102
110047.6763108030 148001.4422774850
110685.7466365000 143679.5832152815
118023.5553820152 156004.8849852695
120256.8015219546 162727.7768598084
108612.0180779848 147841.3734233294
110685.7466365000 147521.2357150180
116109.3444049242 161927.4325890299
115949.8268235000 162087.5014431856
121213.9070105000 162247.5702973413
117704.5202191667 158085.7800892934
115152.2389163788 156325.0226935808
108452.5004965606 144319.8586319042

123694.6441383424 138556.9626842364
127695.7346364402 134873.2466930000
116492.6812417663 131509.8538314364
117773.0302011576 131189.5307017636
122574.3387988750 130709.0460072545
132497.0432341576 129427.7534885637
133137.2177138533 129267.5919237273
131536.7815146141 128466.7840995455
123854.6877582663 126224.5221918364
111371.2854042011 125583.8759324909
133937.4358134728 125583.8759324909
113771.9397030598 125423.7143676546
120013.6408800924 124943.2296731455
117292.8993413859 124622.9065434727
112331.5471237446 124462.7449786364
138738.7444111902 124302.5834138000
110090.9364448098 123822.0987192909
119693.5536402446 123501.7755896182
113931.9833229837 123021.2908951091
120973.9025996359 122700.9677654364
121454.0334594076 121419.6752467455
123374.5568984946 121259.5136819091
130416.4761751467 121099.3521170727
113771.9397030598 119818.0595983818
115052.2886624511 117255.4745610000
115852.5067620706 115653.8589126364
132657.0868540815 124943.2296731455
126415.3856770489 120298.5442928909
120653.8153597880 135674.0545171818
116012.5503819946 114853.0510884546
124334.8186180380 137756.1548600546
121133.9462195598 130068.3997479091
119213.4227804728 124783.0681083091
129136.1272157554 124462.7449786364
119053.3791605489 128787.1072292182
116972.8121015380 126224.5221918364
116332.6376218424 113731.9201346000
124334.8186180380 125263.5528028182
113931.9833229837 128306.6225347091
133297.2613337772 124462.7449786364
131856.8687544620 125904.1990621637
134097.4794333967 127025.3300160182
125615.1675774293 125744.0374973273
137298.3518318750 123982.2602841273
114412.1141827554 118376.6055148546
125455.1239575054 124302.5834138000
123694.6441383424 123341.6140247818
112971.7216034402 127665.9762753637
118733.2919207011 133431.7926094728
129616.2580755272 127826.1378402000
134737.6539130924 123661.9371544545
124654.9058578859 121419.6752467455
132016.9123743859 125423.7143676546
130416.4761751467 129908.2381830727
129616.2580755272 133271.6310446364
118413.2046808533 127025.3300160182
135377.8283927880 126384.6837566727
121133.9462195598 131029.3691369273
112971.7216034402 119497.7364687091
120256.8015219546 163047.9145681197
118821.1432891364 160646.8817557844
114514.1685906818 160326.7440474731
110526.2290550758 156164.9538394251
109409.6059851061 155364.6095686467
117066.4498934697 155364.6095686467
112121.4048693182 146400.7537359281
110207.1938922273 145920.5471734611
110047.6763108030 143199.3766528144
118023.5553820152 158565.9866517605
111642.8521250455 154724.3341520239
112121.4048693182 159686.4686308503
113716.5806835606 157125.3669643593
109409.6059851061 151042.7505064431
111642.8521250455 151683.0259230659
110845.2642179242 156325.0226935808
114035.6158464091 159846.5374850060
114354.6510092576 160806.9506099401
109250.0884036818 151042.7505064431
108612.0180779848 141438.6192571018
108292.9829151364 150882.6816522874
118342.5905448636 157605.5735268263
108612.0180779848 142078.8946737246
116109.3444049242 157445.5046726706
118821.1432891364 162407.6391514970
108292.9829151364 157445.5046726706
109728.6411479545 144479.9274860599
110366.7114736515 147841.3734233294
113557.0631021364 154404.1964437126
108612.0180779848 151042.7505064431
118023.5553820152 156325.0226935808
113397.5455207121 149281.9931107305

123854.6877582663 138877.2858139091
125295.0803375815 137275.6701655455
127215.6037766685 134232.6004336545
124174.7749981141 133111.4694798000
123534.6005184185 132791.1463501273
124974.9930977337 131990.3385259455
132016.9123743859 130068.3997479091
122254.2515590272 129908.2381830727
132657.0868540815 129587.9150534000
132497.0432341576 128306.6225347091
126255.3420571250 128146.4609698727
134897.6975330163 127665.9762753637
122894.4260387228 127505.8147105273
115372.3759022989 127025.3300160182
128816.0399759076 126865.1684511818
117452.9429613098 126705.0068863455
132977.1740939294 125423.7143676546
135057.7411529402 125103.3912379818
110731.1109245054 124943.2296731455
135857.9592525598 124943.2296731455
131056.6506548424 124622.9065434727
115212.3322823750 123982.2602841273
129456.2144556033 123661.9371544545
110411.0236846576 123181.4524599455
120493.7717398641 123181.4524599455
132497.0432341576 123181.4524599455
132817.1304740054 122540.8062006000
124014.7313781902 122060.3215060909
126095.2984372011 121419.6752467455
123214.5132785707 121099.3521170727
112811.6779835163 120618.8674225636
115532.4195222228 114853.0510884546
114252.0705628315 121099.3521170727
120173.6845000163 124302.5834138000
129456.2144556033 127185.4915808545
124174.7749981141 135353.7313875091
113771.9397030598 116774.9898664909
110891.1545444293 122220.4830709273
128495.9527360598 130388.7228775818
119533.5100203207 128466.7840995455
131696.8251345381 130228.5613127455
114572.1578026793 128947.2687940545
136178.0464924076 126544.8453215091
129776.3016954511 129908.2381830727
118253.1610609293 122380.6446357636
117773.0302011576 128146.4609698727
120813.8589797119 135834.2160820182
111371.2854042011 123501.7755896182
121133.9462195598 121419.6752467455
123054.4696586467 125904.1990621637
121454.0334594076 130388.7228775818
119053.3791605489 124302.5834138000
121293.9898394837 125904.1990621637
114892.2450425272 114853.0510884546
124494.8622379619 121419.6752467455
136978.2645920272 123661.9371544545
129296.1708356793 122060.3215060909
128335.9091161359 125904.1990621637
114092.0269429076 116134.3436071455
119937.7663591061 162407.6391514970
114035.6158464091 160486.8129016287
115471.2740792273 160166.6751933174
117066.4498934697 157765.6423809821
115471.2740792273 157125.3669643593
108133.4653337121 155684.7472769581
114992.7213349545 155684.7472769581
109409.6059851061 154564.2652978683
110366.7114736515 152643.4390480000
111164.2993807727 152483.3701938443
109569.1235665303 152163.2324855329
111164.2993807727 149442.0619648862
110207.1938922273 148321.5799857964
110685.7466365000 147041.0291525509
118342.5905448636 159046.1932142276
109888.1587293788 148961.8554024191
118023.5553820152 160006.6063391617
120097.2839405303 163688.1899847425
115471.2740792273 155684.7472769581
113557.0631021364 151843.0947772216
109728.6411479545 143679.5832152815
111642.8521250455 158565.9866517605
114035.6158464091 153283.7144646228
114195.1334278333 161287.1571724072
115152.2389163788 151042.7505064431
108292.9829151364 157285.4358185150
108771.5356594091 140798.3438404791
115152.2389163788 157605.5735268263
112918.9927764394 149442.0619648862
111323.8169621970 146560.8225900838
109090.5708222576 141918.8258195689
113078.5103578636 147361.1668608623

