608762899.8685132265 2783746.8125000000
599197397.1318753958 2763476.2524414062
592986894.1203494072 2594645.9606933594
594701723.8219120502 2644722.8493652344
595826094.1575149298 2699366.4353027344
611215129.3440263271 2799061.0200195312
609882278.7706984282 2798329.8930664062
595291493.9673393965 2656091.1813964844
598550446.5118132830 2733991.9465332031
593796176.7305278778 2638831.5964355469
596502133.0850092173 2728495.1027832031
602450172.3875993490 2781027.5541992188
600636331.8445162773 2765174.5747070312
602255018.3197751045 2779609.8476562500
