757132014.1311465502 1836767.1994628906
736081577.6096807718 1761965.2579345703
752594206.7509189844 1824340.1665039062
728222860.2510043383 1673676.3700561523
755985678.3183782101 1828177.6691284180
756841185.9276711941 1830299.3116455078
734938337.9245060682 1751428.2464447021
728142031.1044279337 1657354.5689849854
726951574.0093257427 1377424.9082107544
746005337.8879168034 1801425.1288146973
735525121.5346198082 1757536.8856201172
735555564.5935989618 1761005.8901367188
760578665.1018548012 1839178.8729858398
728728141.9051383734 1745192.0559082031
733666956.5254929066 1749926.1163024902
761585013.4878065586 1839580.8698120117
737084492.9797070026 1764296.9150390625
727567763.8144298792 1638556.5204772949
746392108.4462112188 1810220.8637695312
744645497.4256825447 1784472.8234863281
737350370.5827175379 1784304.7129516602
745376217.8307456970 1789480.0586547852
