483678844.3865622282 317711.2956085205
485891561.2448411584 327941.8591308594
489342501.6713711619 335780.5530853271
491039292.9926204085 338576.4180450439
488827896.0580924153 331646.5730895996
505275829.4086214304 349171.0385742188
485678038.7605840564 325419.6869812012
487011588.9092568159 328286.9816284180
487942482.8762869239 329590.8172149658
497986429.4538503289 348468.5149536133
485421709.0832865238 318632.1727294922
494367696.9808258414 342713.7528228760
488401862.8809707761 329812.8154754639
492244976.6979378462 339154.7565612793
496548685.6082293987 342961.1570587158
494149775.7767376900 340387.2685546875
