566980882.9365727901 397909.9008293152
566591033.9300764799 397306.6594238281
568281638.7518653870 398031.8813018799
583556501.6499402523 425070.1303710938
573502151.5917004347 411859.3026428223
572783643.0498727560 409866.1875915527
564407360.8930509090 392403.6796569824
564018488.7533352375 378912.1035346985
582232872.1303857565 421952.9766082764
561281564.9907646179 368203.4148254395
583055431.9139130116 422839.4447555542
568508086.9252287149 407611.7758026123
577440100.9104013443 418810.0714721680
566446240.2773358822 397005.3705291748
570895424.7690217495 408778.4770507812
580622181.6331208944 420646.4409484863
578536952.1512703896 418880.0831680298
566202761.8676178455 393070.2329254150
576913916.0746753216 415153.3879089355
568503342.8764780760 398569.1621551514
575504708.1107935905 414352.0807800293
578893288.4004164934 419861.2495117188
577345511.2560508251 415498.9757766724
574866002.0785951614 412410.8679504395
