115479867.1275015175 54141.3855133057
115884478.1019800156 54383.6844024658
115798141.6118597090 54165.2474060059
114212697.2875833809 49691.2989501953
115887905.6652460992 54436.3209686279
114812957.2109401524 53910.0989379883
116610910.3219086975 56074.1216888428
117861816.4867017269 57085.2666168213
118460096.5476677567 57438.2322540283
119410389.2065184712 58817.7209777832
116062323.7189277261 54711.1896057129
117164026.3579325080 56991.8843841553
116251299.2595223486 54825.1896438599
118817577.9090531319 57537.0882720947
119260752.1704141498 57982.7982635498
119216263.1596782953 57664.8288269043
116909611.7444338650 56469.3627624512
116286930.0250902176 55720.9657897949
