96210436.8109070510 46752.1220092773
97395166.2359993309 46909.1126098633
96290948.1440901905 46755.2667236328
92996831.2819638252 44664.9171142578
92805452.8841891438 43897.4348602295
97428004.6963511854 47020.1988525391
97493211.8586336076 47020.3237304688
93528042.2725573033 45293.6819152832
92645138.4999212623 42834.4549331665
93389710.4940298051 44832.9852752686
97563619.6586519033 47149.6259155273
96049643.9875207394 46635.4800720215
92293649.5278368294 42159.1314506531
92554385.0651311874 42606.6094512939
96917590.8931285739 46893.5466308594
96743704.7938817888 46845.4934692383
92834428.7621277422 44000.4847412109
92045449.4497075230 39677.9856719971
92711965.1742548943 43080.2277526855
94568403.2542605698 46372.1938476562
93773958.9458045512 45772.8228302002
94055294.5401479304 46271.9527893066
93767013.1126156449 45410.7639770508
93980496.6627878398 46039.4213562012
