641878738.4378631115 8063408.9550781250
632489667.5112791061 8001341.9765625000
637137906.7169247866 8035909.4746093750
627800132.2785474062 7721680.6503906250
634149052.0241386890 8006525.4863281250
640771848.5636087656 8038765.9843750000
635996475.1474738121 8029548.4101562500
630730365.0449568033 7963795.9472656250
638174648.3413343430 8038257.0625000000
628402153.4417645931 7950416.8925781250
631198550.2764128447 7975179.5605468750
641351751.2230744362 8050956.4023437500
634333549.7405489683 8012690.5429687500
