533719647.4216662645 19234.1297101974
534666557.2583293915 19278.0371599197
535660793.2307478189 19617.7912263870
535247107.8883655071 19542.1971540451
533692528.4366475940 19149.3131341934
536841477.4646720886 19644.7228312492
535203084.7984777093 19335.3023247719
536275786.3828988671 19624.5032682419
553936357.1983665228 20584.8220844269
539620711.7097122669 20052.0510473251
530822100.1487596035 18901.7006072998
546940975.5109118223 20363.3808474541
532648460.3288605809 18970.2935857773
539984773.0828868151 20133.1406059265
542653809.1299628019 20133.7892284393
536715403.0091462731 19628.5947875977
535008835.5868589282 19313.4968461990
533548651.4599481821 19074.5042858124
537356755.0900872946 19954.2715196609
538755143.7488015890 19981.0561637878
544498856.6104241610 20336.9541430473
532926484.4320209622 19000.3497486115
535269544.4506444931 19614.7155332565
537186466.1209681034 19730.1249079704
