436458621.9183651805 10868165.3554687500
442880162.8741558790 10911916.9882812500
445153415.4174157381 10923854.7656250000
444912078.9897063971 10912971.4179687500
449021051.5458014011 10925447.7656250000
436563248.9234896302 10878096.8125000000
449065806.0243864059 10941572.8515625000
434404436.5963047147 10813076.7812500000
432845077.2261299491 10662891.6132812500
436709505.6493291259 10886656.1679687500
440770395.1389697194 10906435.6367187500
435084185.2797248363 10846433.5000000000
438603715.7637990117 10893902.1210937500
439796365.1144089699 10903136.9023437500
435036665.1479232311 10823681.0625000000
435369264.8437089324 10848571.0664062500
435818467.7083202004 10864631.9257812500
433353502.3499908447 10799989.8750000000
