249236532.4784112275 214363.4407958984
249275305.5556840599 215374.4073791504
248756085.8089755177 213950.6368408203
246899123.8151636422 211454.1990814209
255683738.2837651074 221858.3630371094
253169349.2644839287 221711.9311523438
249984251.1386557519 216533.5546264648
247981079.0573080480 213648.7044982910
251536056.7111749649 218589.3839111328
245111626.9654987454 176883.9112548828
246150912.2253698111 208337.3498229980
250990777.9024702311 217025.2003784180
246767061.2017633617 210761.7342529297
245359204.6654149592 205418.0128479004
