257460165.7710847557 7844361.3125000000
252499738.9398525357 7814286.7109375000
249611917.9221775830 7764861.1835937500
247957000.7126789391 7743770.0039062500
261067862.4971942008 7851031.5859375000
249528485.5527450740 7757253.7968750000
249559630.2002039850 7763177.8359375000
262006760.2089022100 7859026.5273437500
261650079.4901271760 7851750.4375000000
251934030.0813532472 7805645.7539062500
249653424.9071860015 7794371.8593750000
248330173.4579115510 7754037.9296875000
248300189.0930602252 7751723.9453125000
251421363.9198862016 7796355.4687500000
247880637.8425463140 7585694.3125000000
248937142.2420762777 7757132.6328125000
255358025.4663317204 7822532.2382812500
255599828.1087956727 7825014.1484375000
251402978.8691157401 7795832.5664062500
254870837.2110563219 7817124.1992187500
