597272892.8358315229 429546.8370513916
607090249.4045711756 441804.5494537354
596760155.2561414242 428894.2375183105
600898891.9771710634 437763.1376037598
598172981.7840527296 430104.6376037598
596307795.9241688251 425643.6726989746
594442113.5957199335 422386.5323944092
603257034.9525336027 438469.3166122437
608437434.7040898800 445351.9996032715
592258039.4745550156 404475.7759475708
604932906.4308013916 439261.9291992188
596173125.4424245358 424373.9930343628
593277994.6438345909 413689.3391571045
592778190.5097085238 409460.4431762695
598548602.8636449575 432971.3025970459
612028968.1491942406 449454.2857055664
599080971.4939901829 436107.9688415527
596673118.0138988495 425771.9529724121
596171907.5595064163 424042.4726562500
604978548.6353915930 441765.2713623047
593960577.5548073053 421781.2121353149
