205093891.2131886780 8981.2842063904
205994347.5838134885 9853.8340578079
206270912.5495190024 9906.4731769562
205381740.0238184333 9668.0371999741
208521270.6165046096 10239.3862037659
212331986.0259677172 10457.9839878082
205583155.7557249665 9702.7424545288
213466637.3469870687 10541.7233238220
210506169.1781215072 10296.8076820374
206931820.8789528608 10117.5074234009
205077750.8338865042 8732.8491697311
210789795.9344705045 10416.2144384384
209781651.4797908664 10287.3739776611
206423390.8287566602 9968.8056974411
208174677.3592428863 10126.5697250366
205379803.0191921294 9144.7985711098
