233054651.0766149759 2522.3047599792
236195299.9924235046 2578.8823914528
232703220.8089994490 2488.8887119293
236050424.2009328604 2565.3778281212
234518691.3832096756 2560.2360126972
230903454.0561786294 2172.1908438802
231553443.3636994958 2434.8270577192
231401090.4299948215 2417.5040967464
233064990.4608746767 2523.4764757156
240986857.3667002022 2635.1130495071
234425644.9105681777 2539.6420168877
232166464.1609302461 2477.7939181328
238098569.2542556226 2621.6972985268
236892563.1783849001 2597.5332646370
241864519.3188893199 2638.2463599443
