135222318.6228272617 49046.3481750488
133861852.4478569776 48109.6944580078
130282422.7165654153 41033.5914001465
132252591.8345909566 46095.3699340820
132730737.2857430428 46776.7507934570
137109809.3266604543 49208.0892028809
131237538.7841369063 45032.1729583740
132676944.0582480729 46770.7690811157
132953261.0519618541 46950.8607940674
131825091.8328777254 45825.4452056885
130965367.9588397741 44439.5451583862
133362697.8151956499 48014.5340118408
133181903.5455915332 47737.3717956543
130514963.4468178898 42066.5951690674
132848932.4853091836 46800.1211471558
133172132.8165046573 46994.8975067139
