974253352.0711292028 15934954.1757812500
979583926.1454948187 15972608.2089843750
990608335.4807918072 16020679.9941406250
1001414922.8521716595 16035627.2695312500
988609659.2172275782 16016621.6269531250
966215005.6219534874 15849612.8789062500
974883906.7827378511 15956053.5078125000
997483511.9450485706 16029490.0546875000
982975240.9429972172 15984034.5996093750
982491447.9010459185 15980447.3339843750
991231245.3506073952 16022978.7089843750
978779661.3014200926 15970227.1992187500
988098301.9766509533 16003284.1660156250
974507543.7276427746 15948638.4765625000
983836113.8373318911 15996985.4941406250
971500890.8493335247 15926493.3183593750
968105320.1774976254 15898719.8242187500
981985543.4207855463 15978377.1132812500
984530014.0020412207 15999243.6679687500
991811854.8015476465 16027499.9062500000
