967810846.6573704481 15817826.9394531250
980220630.7543967962 15960117.5195312500
978325897.7134469748 15955274.4785156250
976155367.9749081135 15935361.1894531250
971500890.8493335247 15926493.3183593750
980822106.2246028185 15971475.8535156250
978031033.4902285337 15954340.2929687500
981146144.9375915527 15972255.6074218750
988785663.7398688793 16009358.0000000000
968105320.1774976254 15898719.8242187500
981985543.4207855463 15978377.1132812500
984530014.0020412207 15999243.6679687500
991811854.8015476465 16027499.9062500000
977479659.0533373356 15949195.5566406250
