459387542.2658640742 1299296.8436889648
463785393.8634307384 1351495.8560180664
467346673.6555884480 1364273.7631835938
475229987.0241836309 1382967.2970275879
460330214.4937589765 1308314.4358215332
468187144.9260817170 1373466.6256103516
467090527.5996383429 1354100.3452758789
466446528.5659183264 1353409.4805297852
476703802.7129185200 1388995.8099365234
456897636.4744657278 1267124.9216918945
462256376.3968123198 1315757.0097656250
461751552.8254302740 1310784.3193359375
462752392.3725011945 1347555.8247680664
459766506.5136762857 1305824.0264282227
474091151.7642821074 1380969.8360595703
458990099.2294935584 1282521.5417480469
462289869.7985929847 1342712.7777099609
