422494777.5952740312 1773866.8723144531
400526317.7895150185 1754759.1513671875
413885973.2334122658 1758622.1362304688
418307148.2940115333 1764332.6955566406
382497129.5343841314 1684408.5639648438
394003556.2870296240 1708668.9875488281
418523631.6761461496 1771523.3266601562
390448915.0022817254 1699055.4721679688
393770573.9186053276 1703228.3718261719
395633144.3133183122 1726941.5375976562
412433221.4725529552 1756452.1054687500
415587684.5630900264 1760353.9196777344
395504565.3500479460 1710500.4118652344
396339862.3587388396 1732054.7543945312
