438322026.3344205022 2212335.5566406250
435508766.8682754040 2137420.4108886719
443006546.4692448974 2261900.1730957031
449318027.6983202696 2310048.3339843750
444542286.9516063929 2269788.1791992188
438349728.1587392092 2225206.1229248047
436707760.4775317907 2202557.1994628906
445699574.9279741645 2281152.3627929688
442111243.4943363070 2258209.1032714844
436366788.1363459826 2163355.4987792969
440141382.2052068114 2240505.4912109375
449269787.7735396624 2296829.0798339844
437641242.8991041780 2209388.5012207031
448037701.1732466221 2291196.9260253906
448715146.8040868044 2294590.5222167969
442565709.8123004436 2259003.3913574219
441947496.0632730722 2246458.9887695312
440964303.9478709102 2242329.0993652344
