793439130.3302981853 12611993.1933593750
793459600.5880918503 12622945.9667968750
780200163.5976622105 12474989.2851562500
805767550.2860591412 12691429.8437500000
806899175.1681152582 12695890.1953125000
808024619.7399998903 12699041.7578125000
811513595.9139921665 12706892.0917968750
784949078.1562808752 12552916.5996093750
783548181.7833174467 12534175.3300781250
784808828.3744288683 12545607.8535156250
797850045.6364276409 12667604.2578125000
782493991.8595020771 12499242.4023437500
782570013.2857385874 12501220.3945312500
785218194.1378831863 12573883.8496093750
784800787.7670217752 12538144.3671875000
797579536.0732771158 12654267.1660156250
802349936.2838674784 12689314.1425781250
794596925.7668467760 12637918.0097656250
794528851.7946850061 12628342.0449218750
799883958.6903601885 12679260.4277343750
787166194.7928845882 12585326.3281250000
783361956.0746541023 12523212.5175781250
777040408.0754966736 12094355.4199218750
787647916.6123086214 12600988.8691406250
786661021.5515761375 12575700.8925781250
791758734.0897015333 12611432.5800781250
786791315.7873017788 12578534.6250000000
781562495.6469351053 12495217.5273437500
791134156.6796991825 12601320.9570312500
