126616288.8733097017 1186246.3457031250
131558510.1852098852 1199552.7060546875
133150796.1801239103 1202323.9970703125
123526968.0523265898 1148095.8105468750
125543208.1033979058 1180940.0947265625
129504687.0892994553 1198453.4785156250
132586483.8218597770 1199752.7792968750
124488257.0247924924 1162400.9062500000
131184597.1074600965 1199123.1630859375
126870572.5974825770 1187315.4775390625
124090741.7205580771 1155060.7685546875
125443587.3552839160 1177197.9863281250
127394989.6175849587 1188580.4365234375
126354947.7577393353 1184577.9697265625
128664822.3154384494 1191754.1914062500
123799357.1636483222 1152693.5576171875
128682811.7550521493 1197897.5019531250
123443970.5960021913 1119112.9541015625
126135256.8859649599 1182813.9511718750
124614490.9015512466 1175068.2255859375
127504910.3070378751 1189749.0644531250
124172188.0105600655 1159333.3798828125
127685352.4875476509 1191280.2441406250
