1140095215.5352020264 1359294.6314697266
1144054520.1592586040 1400752.4130554199
1145878043.2308762074 1404299.1789550781
1148493604.0002934933 1417679.0943298340
1152379494.7189409733 1424488.6755981445
1142520822.7217359543 1376164.7647857666
1172843743.5622336864 1455793.7281494141
1149022881.1656656265 1421311.8607482910
1158985771.9344463348 1438645.4054565430
1147244831.1482360363 1406256.6950683594
1164323884.9999828339 1441239.2661743164
1166822433.5374112129 1448391.9667358398
1147062505.6742160320 1404394.5891571045
1143020852.3510243893 1387448.7773971558
1153494946.2294223309 1437081.1231079102
1152907555.8924639225 1425127.4989776611
1140414128.5249948502 1372330.1468963623
