97636.8161428333 128867.6881044137
102743.7407615000 128547.2532061259
85507.8701735000 128387.0357569820
98594.3645088333 128066.6008586942
109286.9879291667 126624.6438163993
88699.6980601667 126464.4263672554
92849.0743128333 126464.4263672554
106095.1600425000 125823.5565706799
98753.9559031667 125342.9042232482
97636.8161428333 124381.5995283849
103222.5149445000 124381.5995283849
95881.3108051667 124221.3820792410
99392.3214805000 124221.3820792410
101147.8268181667 123099.8599352338
93487.4398901667 122619.2075878022
106573.9342255000 122619.2075878022
88859.2894545000 121497.6854437950
93327.8484958333 120696.5981980755
101467.0096068333 119895.5109523561
95721.7194108333 114928.7700288957
89338.0636375000 114448.1176814640
92849.0743128333 112845.9431900252
93008.6657071667 111564.2035968741
87901.7410885000 129027.9055535576
104818.4288878333 124702.0344266727
108169.8481688333 125983.7740198237
88380.5152715000 125342.9042232482
106733.5256198333 126464.4263672554
90774.3861865000 125182.6867741043
94604.5796505000 125182.6867741043
84869.5045961667 125342.9042232482
96200.4935938333 125022.4693249604
92529.8915241667 110602.8989020108
85507.8701735000 116691.1619694784
91731.9345525000 117972.9015626295
89657.2464261667 125022.4693249604
93008.6657071667 112685.7257408813
96838.8591711667 109641.5942071475
89657.2464261667 115729.8572746151
90455.2033978333 123900.9471809532
85667.4615678333 115890.0747237590
90295.6120035000 117812.6841134856
100030.6870578333 114448.1176814640
94923.7624391667 113486.8129866007
85348.2787791667 114608.3351306079
96040.9021995000 121657.9028929388
92051.1173411667 115729.8572746151
103222.5149445000 117171.8143169101
101307.4182125000 119414.8586049245
85507.8701735000 127906.3834095504
93806.6226788333 127265.5136129748
107531.4825915000 128066.6008586942
95881.3108051667 118133.1190117734
90774.3861865000 120376.1632997878
101945.7837898333 117171.8143169101
86784.6013281667 111724.4210460180
96519.6763825000 121657.9028929388
88061.3324828333 112525.5082917374
96360.0849881667 118133.1190117734
106733.5256198333 128387.0357569820
85827.0529621667 130309.6451467086
90136.0206091667 114287.9002323202
84869.5045961667 129348.3404518453
95881.3108051667 119895.5109523561
88540.1066658333 118133.1190117734
93806.6226788333 121657.9028929388
101945.7837898333 129508.5579009892
96679.2677768333 111403.9861477302
106414.3428311667 127906.3834095504
98434.7731145000 111884.6384951619
100669.0526351667 128867.6881044137
101467.0096068333 118133.1190117734
88699.6980601667 119254.6411557806
106095.1600425000 128547.2532061259
92849.0743128333 129828.9927992770
96200.4935938333 129989.2102484209
86625.0099338333 109321.1593088597
99711.5042691667 121017.0330963633
86784.6013281667 129828.9927992770
101945.7837898333 124381.5995283849
89657.2464261667 122298.7726895144
86944.1927225000 111564.2035968741
132145.1231436788 138106.4333186224
133743.8177581030 136823.7545044184
123192.4333029030 136503.0848008674
123831.9111486727 135541.0756902143
129587.2117606000 133777.3923206837
134703.0345267576 133617.0574689082
136301.7291411818 133296.3877653572
128468.1255305030 132174.0438029286
123512.1722257879 129929.3558780714
117117.3937680909 129769.0210262959
123991.7806101151 129769.0210262959
131825.3842207939 129769.0210262959
128787.8644533879 128326.0073603163
126389.8225317515 127363.9982496633
122073.3470728061 126882.9936943368
120794.3913812667 126562.3239907857
120634.5219198242 123996.9663623775
124950.9973787697 123515.9618070510
113920.0045392424 117904.2419949082
114239.7434621273 115178.5495147245
115358.8296922242 121591.9435857449
132944.4704508909 139389.1121328265
113760.1350778000 114056.2055522959
124151.6500715576 128486.3422120919
129587.2117606000 130089.6907298470
129747.0812220424 134418.7317277857
134383.2956038727 139228.7772810510
118236.4799981879 134098.0620242347
122872.6943800182 134418.7317277857
126709.5614546364 134098.0620242347
129267.4728377151 137144.4242079694
119995.0440740545 123996.9663623775
118875.9578439576 132975.7180618061
122393.0859956909 136342.7499490918
120794.3913812667 129608.6861745204
114719.3518464545 122072.9481410714
124471.3889944424 122714.2875481735
128148.3866076182 136022.0802455408
126869.4309160788 132494.7135064796
113920.0045392424 116621.5631807041
117277.2632295333 131051.6998405000
125910.2141474242 125279.6451765816
123512.1722257879 123034.9572517245
127189.1698389636 133777.3923206837
132784.6009894485 135861.7453937653
119035.8273054000 126081.3194354592
119355.5662282848 117743.9071431327
117756.8716138606 126562.3239907857
127988.5171461758 136022.0802455408
130546.4285292545 130250.0255816225
114719.3518464545 122553.9526963980
113120.6572320303 117904.2419949082
127828.6476847333 138747.7727257245
116477.9159223212 120950.6041786429
121753.6081499212 133456.7226171327
123672.0416872303 128807.0119156429
123831.9111486727 131051.6998405000
129587.2117606000 134739.4014313367

85029.0959905000 128547.2532061259
91093.5689751667 118133.1190117734
85827.0529621667 124221.3820792410
106893.1170141667 126784.8612655432
100988.2354238333 119254.6411557806
106733.5256198333 123260.0773843777
88699.6980601667 109481.3767580036
103860.8805218333 128707.4706552698
103860.8805218333 118613.7713592050
100349.8698465000 117972.9015626295
90136.0206091667 120376.1632997878
90933.9775808333 127105.2961638309
98434.7731145000 116370.7270711907
89976.4292148333 123580.5122826655
100828.6440295000 115890.0747237590
104180.0633105000 126143.9914689676
84869.5045961667 110282.4640037230
100349.8698465000 129027.9055535576
96998.4505655000 121978.3377912266
108648.6223518333 125182.6867741043
91891.5259468333 114608.3351306079
89338.0636375000 125823.5565706799
91253.1603695000 129989.2102484209
101307.4182125000 124541.8169775288
105137.6116765000 124541.8169775288
93008.6657071667 109321.1593088597
85507.8701735000 121177.2505455072
106095.1600425000 121818.1203420827
85188.6873848333 125503.1216723921
101945.7837898333 125022.4693249604
85507.8701735000 128066.6008586942
89657.2464261667 120856.8156472194
104180.0633105000 127746.1659604065
91731.9345525000 122779.4250369460
96838.8591711667 120215.9458506439
98275.1817201667 120696.5981980755
105775.9772538333 127906.3834095504
90455.2033978333 124381.5995283849
92210.7087355000 121497.6854437950
94285.3968618333 120055.7284015000
109765.7621121667 128707.4706552698
88699.6980601667 111243.7686985863
85348.2787791667 121978.3377912266
97317.6333541667 119414.8586049245
93008.6657071667 124381.5995283849
107371.8911971667 128226.8183078381
86305.8271451667 121978.3377912266
95242.9452278333 116851.3794186223
100988.2354238333 122619.2075878022
95721.7194108333 121978.3377912266
94764.1710448333 115249.2049271835
105297.2030708333 123099.8599352338
90136.0206091667 111243.7686985863
93647.0312845000 128387.0357569820
95562.1280165000 123740.7297318094
86146.2357508333 128547.2532061259
96998.4505655000 121337.4679946511
91093.5689751667 129668.7753501331
88699.6980601667 125022.4693249604
97955.9989315000 129668.7753501331
101147.8268181667 115569.6398254712
86625.0099338333 117492.2492151978
90774.3861865000 124862.2518758166
88540.1066658333 110442.6814528669
88061.3324828333 115890.0747237590
85507.8701735000 114608.3351306079
97317.6333541667 125342.9042232482
89976.4292148333 114448.1176814640
85986.6443565000 128066.6008586942
101307.4182125000 127746.1659604065
103062.9235501667 117492.2492151978
96040.9021995000 110602.8989020108
89816.8378205000 112365.2908425935
89178.4722431667 125022.4693249604
93327.8484958333 130309.6451467086
88540.1066658333 114127.6827831763
96998.4505655000 125663.3391215360
85827.0529621667 115890.0747237590
89178.4722431667 128226.8183078381
94285.3968618333 110442.6814528669
101626.6010011667 121017.0330963633
98275.1817201667 118773.9888083489
116957.5243066485 123195.2921035000
125430.6057630970 136503.0848008674
116477.9159223212 128646.6770638673
127988.5171461758 128165.6725085408
119195.6967668424 131853.3740993776
116797.6548452061 124958.9754730306
117437.1326909758 129288.0164709694
122073.3470728061 128165.6725085408
115198.9602307818 119347.2556608878
123991.7806101151 124157.3012141531
119035.8273054000 128165.6725085408
125910.2141474242 136182.4150973163
130226.6896063697 137785.7636150715
133104.3399123333 136823.7545044184
114079.8740006849 116621.5631807041
113920.0045392424 114376.8752558469
135022.7734496424 137304.7590597449
120154.9135354970 123195.2921035000
112001.5710019333 113895.8707005204
136941.2069869515 136022.0802455408
114079.8740006849 122233.2829928469
119675.3051511697 130570.6952851735
119675.3051511697 119988.5950679898
131665.5147593515 132013.7089511531
123192.4333029030 133456.7226171327
128947.7339148303 137304.7590597449
121273.9997655939 136022.0802455408
129427.3422991576 126882.9936943368
135342.5123725273 135380.7408384388
136461.5986026242 137304.7590597449
123512.1722257879 125119.3103248061
133743.8177581030 138908.1075775000
124151.6500715576 127363.9982496633
120634.5219198242 118545.5814020102
122233.2165342485 133456.7226171327
129427.3422991576 128486.3422120919
130866.1674521394 128646.6770638673
117277.2632295333 115980.2237736020
134223.4261424303 139068.4424292755
125110.8668402121 124958.9754730306
133583.9482966606 136663.4196526429
130866.1674521394 136503.0848008674
134223.4261424303 137785.7636150715
120634.5219198242 119186.9208091122
119835.1746126121 119186.9208091122
112960.7877705879 113094.1964416429
125270.7363016545 136182.4150973163
114239.7434621273 122874.6223999490
117597.0021524182 132334.3786547041
124151.6500715576 131853.3740993776
122712.8249185757 135541.0756902143
116957.5243066485 128967.3467674183
127029.3003775212 137625.4287632959
120794.3913812667 124638.3057694796
127029.3003775212 126882.9936943368
132784.6009894485 138587.4378739490
134543.1650653151 141633.8000576837
131026.0369135818 130089.6907298470

105297.2030708333 126624.6438163993
90136.0206091667 123580.5122826655
90136.0206091667 109641.5942071475
94604.5796505000 109641.5942071475
102424.5579728333 126304.2089181115
95083.3538335000 109641.5942071475
84709.9132018333 115409.4223763273
103062.9235501667 127585.9485112626
98913.5472975000 117812.6841134856
92370.3001298333 122138.5552403705
106414.3428311667 121978.3377912266
103062.9235501667 124381.5995283849
85667.4615678333 113166.3780883130
89338.0636375000 111884.6384951619
99871.0956635000 121978.3377912266
104339.6547048333 120376.1632997878
87263.3755111667 125663.3391215360
93327.8484958333 122458.9901386583
84550.3218075000 113166.3780883130
85348.2787791667 127585.9485112626
104978.0202821667 122138.5552403705
86625.0099338333 121978.3377912266
91093.5689751667 112044.8559443057
104180.0633105000 121818.1203420827
97636.8161428333 111243.7686985863
90614.7947921667 130309.6451467086
93966.2140731667 118934.2062574928
104978.0202821667 119254.6411557806
85029.0959905000 112365.2908425935
99551.9128748333 124702.0344266727
89178.4722431667 112044.8559443057
93966.2140731667 117652.4666643417
105297.2030708333 125663.3391215360
95402.5366221667 114448.1176814640
102105.3751841667 117171.8143169101
87263.3755111667 111403.9861477302
89657.2464261667 126304.2089181115
107850.6653801667 126784.8612655432
84709.9132018333 109962.0291054353
97477.2247485000 120696.5981980755
84709.9132018333 125663.3391215360
90295.6120035000 128707.4706552698
87742.1496941667 124061.1646300971
96679.2677768333 121497.6854437950
89976.4292148333 109160.9418597158
88061.3324828333 117171.8143169101
89976.4292148333 125663.3391215360
87742.1496941667 126464.4263672554
92849.0743128333 110282.4640037230
89178.4722431667 127746.1659604065
104978.0202821667 125823.5565706799
86625.0099338333 111564.2035968741
108648.6223518333 126784.8612655432
87582.5582998333 113486.8129866007
104978.0202821667 123900.9471809532
88380.5152715000 116691.1619694784
100349.8698465000 119094.4237066367
88699.6980601667 128226.8183078381
84550.3218075000 119254.6411557806
99711.5042691667 113326.5955374568
102903.3321558333 118293.3364609173
101786.1923955000 120536.3807489317
96360.0849881667 128066.6008586942
100669.0526351667 126464.4263672554
92051.1173411667 114127.6827831763
88859.2894545000 109962.0291054353
95881.3108051667 122779.4250369460
91093.5689751667 122458.9901386583
85667.4615678333 119575.0760540684
85507.8701735000 122138.5552403705
88859.2894545000 118453.5539100612
94764.1710448333 116370.7270711907
92529.8915241667 126304.2089181115
96200.4935938333 120536.3807489317
96360.0849881667 121978.3377912266
90614.7947921667 129027.9055535576
96200.4935938333 110122.2465545791
98434.7731145000 125342.9042232482
96838.8591711667 118934.2062574928
99073.1386918333 127585.9485112626
85188.6873848333 117332.0317660540
91572.3431581667 114127.6827831763
121433.8692270364 123355.6269552755
119675.3051511697 129769.0210262959
125110.8668402121 136503.0848008674
115678.5686151091 124157.3012141531
116477.9159223212 120790.2693268673
134063.5566809879 136342.7499490918
131185.9063750242 130250.0255816225
130066.8201449273 137625.4287632959
115998.3075379939 127043.3285461122
130546.4285292545 138427.1030221735
117916.7410753030 128646.6770638673
133264.2093737758 138106.4333186224
113280.5266934727 114857.8798111735
131345.7758364667 130089.6907298470
118076.6105367454 119507.5905126633
113920.0045392424 119186.9208091122
120634.5219198242 121912.6132892959
126389.8225317515 132815.3832100306
133903.6872195454 133777.3923206837
119995.0440740545 125600.3148801326
134063.5566809879 138266.7681703980
136301.7291411818 140832.1257988061
118236.4799981879 131051.6998405000
119355.5662282848 129769.0210262959
113440.3961549151 119186.9208091122
113920.0045392424 120469.5996233163
112960.7877705879 113575.2009969694
119675.3051511697 125920.9845836837
111362.0931561637 112132.1873309898
131026.0369135818 137465.0939115204
122233.2165342485 128646.6770638673
135662.2512954121 139228.7772810510
130866.1674521394 136823.7545044184
112481.1793862606 116300.8934771531
136461.5986026242 137465.0939115204
115518.6991536667 118385.2465502347
127828.6476847333 135060.0711348878
121593.7386884788 133777.3923206837
135022.7734496424 138106.4333186224
112960.7877705879 114376.8752558469
120794.3913812667 119988.5950679898
121273.9997655939 125600.3148801326
123831.9111486727 127845.0028049898
117277.2632295333 125439.9800283572
115838.4380765515 125760.6497319082
129906.9506834848 139389.1121328265
118076.6105367454 118705.9162537857
126229.9530703091 133456.7226171327
130546.4285292545 135861.7453937653
119035.8273054000 123996.9663623775
120634.5219198242 119026.5859573367
119675.3051511697 119347.2556608878
115838.4380765515 123515.9618070510
113760.1350778000 119667.9253644388
123352.3027643455 123034.9572517245
130066.8201449273 133136.0529135816
132304.9926051212 136182.4150973163
119995.0440740545 128165.6725085408

100030.6870578333 126143.9914689676
100349.8698465000 121818.1203420827
86784.6013281667 111243.7686985863
94125.8054675000 117652.4666643417
91412.7517638333 123580.5122826655
101786.1923955000 121017.0330963633
101786.1923955000 125022.4693249604
108489.0309575000 128226.8183078381
101626.6010011667 122619.2075878022
89018.8808488333 119254.6411557806
105456.7944651667 127746.1659604065
87582.5582998333 130309.6451467086
86305.8271451667 116210.5096220468
95721.7194108333 110282.4640037230
101945.7837898333 127265.5136129748
89338.0636375000 109962.0291054353
102105.3751841667 126945.0787146871
88540.1066658333 117972.9015626295
96040.9021995000 118293.3364609173
86944.1927225000 125983.7740198237
97796.4075371667 110442.6814528669
95881.3108051667 125182.6867741043
104020.4719161667 127585.9485112626
92849.0743128333 128547.2532061259
92210.7087355000 109321.1593088597
93327.8484958333 115088.9874780396
87103.7841168333 112845.9431900252
86625.0099338333 118453.5539100612
102903.3321558333 121017.0330963633
91253.1603695000 125182.6867741043
98753.9559031667 123420.2948335216
101945.7837898333 129348.3404518453
86944.1927225000 114127.6827831763
91412.7517638333 125022.4693249604
95242.9452278333 126464.4263672554
88699.6980601667 128867.6881044137
95562.1280165000 124221.3820792410
96998.4505655000 113166.3780883130
95083.3538335000 127746.1659604065
96360.0849881667 110122.2465545791
99711.5042691667 114127.6827831763
99551.9128748333 128066.6008586942
98753.9559031667 115729.8572746151
105456.7944651667 121978.3377912266
85986.6443565000 120376.1632997878
95562.1280165000 128867.6881044137
92529.8915241667 121497.6854437950
89178.4722431667 117171.8143169101
99871.0956635000 122458.9901386583
91572.3431581667 126464.4263672554
94285.3968618333 116210.5096220468
89976.4292148333 123420.2948335216
87582.5582998333 120536.3807489317
84709.9132018333 113967.4653340324
86305.8271451667 114448.1176814640
97317.6333541667 127585.9485112626
85029.0959905000 123099.8599352338
102424.5579728333 122458.9901386583
99711.5042691667 128547.2532061259
94444.9882561667 119735.2935032122
105297.2030708333 122458.9901386583
85348.2787791667 124221.3820792410
98753.9559031667 114768.5525797518
92370.3001298333 114127.6827831763
90455.2033978333 113166.3780883130
87582.5582998333 128547.2532061259
91572.3431581667 129188.1230027014
91093.5689751667 114287.9002323202
87422.9669055000 117652.4666643417
99232.7300861667 117011.5968677662
103541.6977331667 122138.5552403705
106095.1600425000 125342.9042232482
94285.3968618333 123900.9471809532
86305.8271451667 118613.7713592050
92210.7087355000 111884.6384951619
92210.7087355000 113486.8129866007
94125.8054675000 124381.5995283849
88061.3324828333 120215.9458506439
96679.2677768333 123099.8599352338
85029.0959905000 128547.2532061259
96040.9021995000 127425.7310621187
86784.6013281667 130950.5149432842
121753.6081499212 124958.9754730306
117916.7410753030 130891.3649887245
129587.2117606000 133777.3923206837
114879.2213078970 122714.2875481735
122552.9554571333 130250.0255816225
111841.7015404909 113254.5312934184
115838.4380765515 124317.6360659286
120154.9135354970 119507.5905126633
125590.4752245394 129769.0210262959
119515.4356897273 135220.4059866633
123672.0416872303 134739.4014313367
135662.2512954121 133456.7226171327
117916.7410753030 121591.9435857449
134703.0345267576 136182.4150973163
134383.2956038727 141633.8000576837
120314.7829969394 124958.9754730306
118875.9578439576 119828.2602162143
122233.2165342485 121752.2784375204
117916.7410753030 129769.0210262959
112800.9183091455 117423.2374395816
129587.2117606000 127043.3285461122
135182.6429110848 135701.4105419898
132464.8620665636 132655.0483582551
131505.6452979091 131532.7043958266
133424.0788352182 131853.3740993776
136141.8596797394 140671.7909470306
115518.6991536667 121752.2784375204
118875.9578439576 130570.6952851735
124151.6500715576 127684.6679532143
117916.7410753030 118705.9162537857
117597.0021524182 126882.9936943368
128308.2560690606 126722.6588425612
126709.5614546364 124798.6406212551
125110.8668402121 123034.9572517245
119675.3051511697 133136.0529135816
118396.3494596303 120148.9299197653
120634.5219198242 134258.3968760102
133424.0788352182 137465.0939115204
133104.3399123333 139709.7818363776
118396.3494596303 125760.6497319082
120314.7829969394 126401.9891390102
124950.9973787697 132494.7135064796
123512.1722257879 126401.9891390102
113600.2656163576 115018.2146629490
119675.3051511697 126882.9936943368
131026.0369135818 139549.4469846021
130226.6896063697 134098.0620242347
123192.4333029030 124477.9709177041
134063.5566809879 138747.7727257245
135022.7734496424 134098.0620242347
124471.3889944424 131051.6998405000
129587.2117606000 129608.6861745204
134862.9039882000 139228.7772810510
116957.5243066485 124477.9709177041
131345.7758364667 136663.4196526429
119035.8273054000 132334.3786547041
112321.3099248182 115178.5495147245
125430.6057630970 130570.6952851735

104499.2460991667 118453.5539100612
85348.2787791667 116530.9445203345
87103.7841168333 111884.6384951619
108489.0309575000 128707.4706552698
107052.7084085000 126304.2089181115
100030.6870578333 123420.2948335216
87263.3755111667 117011.5968677662
86944.1927225000 111083.5512494424
92849.0743128333 112525.5082917374
85986.6443565000 111403.9861477302
85507.8701735000 112685.7257408813
98913.5472975000 126464.4263672554
89816.8378205000 122458.9901386583
84390.7304131667 113006.1606391691
85986.6443565000 126464.4263672554
96360.0849881667 121978.3377912266
101786.1923955000 117972.9015626295
85507.8701735000 109000.7244105719
90295.6120035000 121337.4679946511
95083.3538335000 112685.7257408813
102264.9665785000 122939.6424860899
93008.6657071667 126624.6438163993
101147.8268181667 118934.2062574928
104658.8374935000 124702.0344266727
93168.2571015000 122458.9901386583
100828.6440295000 118453.5539100612
88061.3324828333 123740.7297318094
103701.2891275000 127906.3834095504
102903.3321558333 125663.3391215360
89497.6550318333 109962.0291054353
101626.6010011667 121177.2505455072
98913.5472975000 128226.8183078381
108329.4395631667 127906.3834095504
90774.3861865000 128066.6008586942
86305.8271451667 111884.6384951619
90774.3861865000 126624.6438163993
95402.5366221667 112205.0733934497
87582.5582998333 120696.5981980755
104658.8374935000 126945.0787146871
102743.7407615000 123580.5122826655
92849.0743128333 129027.9055535576
88220.9238771667 117332.0317660540
104499.2460991667 121337.4679946511
86944.1927225000 128066.6008586942
86784.6013281667 111403.9861477302
96040.9021995000 121657.9028929388
102584.1493671667 128226.8183078381
91412.7517638333 113006.1606391691
91412.7517638333 121657.9028929388
94444.9882561667 123740.7297318094
91253.1603695000 109962.0291054353
92210.7087355000 111564.2035968741
91412.7517638333 124541.8169775288
100669.0526351667 120696.5981980755
84550.3218075000 126304.2089181115
100988.2354238333 120055.7284015000
88380.5152715000 125503.1216723921
108808.2137461667 125663.3391215360
88380.5152715000 127425.7310621187
106573.9342255000 127265.5136129748
88699.6980601667 123260.0773843777
87103.7841168333 124381.5995283849
91891.5259468333 123260.0773843777
86146.2357508333 128707.4706552698
85188.6873848333 129508.5579009892
100030.6870578333 129027.9055535576
88380.5152715000 122298.7726895144
109127.3965348333 126464.4263672554
89816.8378205000 125983.7740198237
86625.0099338333 110602.8989020108
88220.9238771667 125342.9042232482
92689.4829185000 128226.8183078381
86784.6013281667 129348.3404518453
95881.3108051667 118773.9888083489
100669.0526351667 118133.1190117734
84390.7304131667 110602.8989020108
86146.2357508333 127906.3834095504
98275.1817201667 111724.4210460180
102105.3751841667 129188.1230027014
89338.0636375000 115729.8572746151
99073.1386918333 123099.8599352338
99871.0956635000 119414.8586049245
122233.2165342485 130089.6907298470
120154.9135354970 120469.5996233163
128627.9949919454 134098.0620242347
113120.6572320303 114537.2101076224
131825.3842207939 130731.0301369490
134703.0345267576 134418.7317277857
112960.7877705879 117102.5677360306
115998.3075379939 123034.9572517245
120314.7829969394 123355.6269552755
118875.9578439576 124317.6360659286
120154.9135354970 133136.0529135816
114559.4823850121 119988.5950679898
136301.7291411818 136663.4196526429
120154.9135354970 119828.2602162143
123831.9111486727 130410.3604333980
116318.0464608788 125600.3148801326
123352.3027643455 126401.9891390102
125430.6057630970 135380.7408384388
122712.8249185757 135541.0756902143
115039.0907693394 124958.9754730306
126869.4309160788 131212.0346922755
123672.0416872303 136342.7499490918
115039.0907693394 124317.6360659286
122073.3470728061 123355.6269552755
126549.6919931939 137144.4242079694
117117.3937680909 115819.8889218265
128627.9949919454 127684.6679532143
122872.6943800182 130410.3604333980
126229.9530703091 136342.7499490918
134862.9039882000 141794.1349094592
126869.4309160788 126241.6542872347
134383.2956038727 140992.4606505816
119835.1746126121 124638.3057694796
125910.2141474242 130410.3604333980
135502.3818339697 140030.4515399286
119835.1746126121 130731.0301369490
124950.9973787697 124477.9709177041
130866.1674521394 134258.3968760102
122393.0859956909 125600.3148801326
113600.2656163576 114857.8798111735
131026.0369135818 131372.3695440510
128308.2560690606 138427.1030221735
128947.7339148303 134899.7362831122
125430.6057630970 126401.9891390102
120314.7829969394 125279.6451765816
132784.6009894485 136984.0893561939
132464.8620665636 140190.7863917041
119515.4356897273 135060.0711348878
136301.7291411818 140832.1257988061
116318.0464608788 126081.3194354592
122393.0859956909 126401.9891390102
122552.9554571333 130731.0301369490
135662.2512954121 141794.1349094592
122233.2165342485 130731.0301369490
131665.5147593515 137946.0984668469
127029.3003775212 132334.3786547041
117756.8716138606 129448.3513227449
118076.6105367454 131051.6998405000

86146.2357508333 130469.8625958525
87263.3755111667 130469.8625958525
94764.1710448333 130149.4276975647
93327.8484958333 129989.2102484209
86944.1927225000 129828.9927992770
96679.2677768333 129188.1230027014
94285.3968618333 129027.9055535576
106414.3428311667 129027.9055535576
96838.8591711667 128387.0357569820
109765.7621121667 128387.0357569820
108808.2137461667 128066.6008586942
105616.3858595000 127425.7310621187
89018.8808488333 125342.9042232482
99551.9128748333 125022.4693249604
84550.3218075000 124702.0344266727
101626.6010011667 124541.8169775288
107371.8911971667 122939.6424860899
103062.9235501667 122458.9901386583
86146.2357508333 121337.4679946511
87742.1496941667 121337.4679946511
93647.0312845000 121337.4679946511
102903.3321558333 120856.8156472194
90933.9775808333 120055.7284015000
89338.0636375000 119895.5109523561
86465.4185395000 119575.0760540684
99551.9128748333 119254.6411557806
86625.0099338333 119094.4237066367
90933.9775808333 118453.5539100612
86625.0099338333 117972.9015626295
103382.1063388333 117812.6841134856
103062.9235501667 116530.9445203345
90933.9775808333 115569.6398254712
91093.5689751667 115409.4223763273
88061.3324828333 114127.6827831763
93647.0312845000 113006.1606391691
88540.1066658333 112365.2908425935
97158.0419598333 110923.3338002986
97955.9989315000 110763.1163511547
85827.0529621667 110282.4640037230
91572.3431581667 110122.2465545791
97477.2247485000 109641.5942071475
91253.1603695000 109481.3767580036
96360.0849881667 109481.3767580036
98115.5903258333 109641.5942071475
102584.1493671667 121337.4679946511
102424.5579728333 123580.5122826655
100828.6440295000 119414.8586049245
94923.7624391667 126464.4263672554
92849.0743128333 123420.2948335216
101945.7837898333 127906.3834095504
85348.2787791667 116530.9445203345
110244.5362951667 127425.7310621187
85507.8701735000 127746.1659604065
85348.2787791667 126143.9914689676
96200.4935938333 129188.1230027014
86146.2357508333 127265.5136129748
100190.2784521667 128547.2532061259
98434.7731145000 114768.5525797518
84550.3218075000 122298.7726895144
94923.7624391667 115088.9874780396
88061.3324828333 115409.4223763273
96519.6763825000 114608.3351306079
88699.6980601667 113166.3780883130
91412.7517638333 115088.9874780396
91412.7517638333 125663.3391215360
91093.5689751667 114608.3351306079
93168.2571015000 118293.3364609173
99232.7300861667 126945.0787146871
100349.8698465000 113807.2478848885
97636.8161428333 113967.4653340324
85667.4615678333 120536.3807489317
92529.8915241667 122298.7726895144
88699.6980601667 114928.7700288957
87103.7841168333 122138.5552403705
106414.3428311667 121818.1203420827
108010.2567745000 124221.3820792410
87422.9669055000 124702.0344266727
89657.2464261667 113326.5955374568
90933.9775808333 128547.2532061259
97796.4075371667 126304.2089181115
101307.4182125000 124702.0344266727
87742.1496941667 122619.2075878022
135822.1207568545 139389.1121328265
124791.1279173273 136503.0848008674
131345.7758364667 136182.4150973163
122552.9554571333 136022.0802455408
121273.9997655939 135541.0756902143
135502.3818339697 135541.0756902143
120314.7829969394 134739.4014313367
122393.0859956909 133937.7271724592
123831.9111486727 133617.0574689082
122552.9554571333 133456.7226171327
134543.1650653151 133136.0529135816
132304.9926051212 132975.7180618061
126229.9530703091 132815.3832100306
133743.8177581030 132655.0483582551
120154.9135354970 132174.0438029286
116637.7853837637 131532.7043958266
126869.4309160788 130410.3604333980
129906.9506834848 127684.6679532143
118556.2189210727 127363.9982496633
119675.3051511697 127363.9982496633
120634.5219198242 127043.3285461122
122552.9554571333 127043.3285461122
116957.5243066485 126882.9936943368
115678.5686151091 126081.3194354592
117597.0021524182 125439.9800283572
123032.5638414606 123515.9618070510
116957.5243066485 117102.5677360306
117756.8716138606 116300.8934771531
112321.3099248182 112292.5221827653
115518.6991536667 119667.9253644388
129267.4728377151 134418.7317277857
131825.3842207939 139228.7772810510
135981.9902182970 137465.0939115204
115998.3075379939 119507.5905126633
119675.3051511697 132975.7180618061
124151.6500715576 135220.4059866633
115838.4380765515 115980.2237736020
123991.7806101151 134258.3968760102
129906.9506834848 131372.3695440510
131026.0369135818 133136.0529135816
113760.1350778000 116300.8934771531
121913.4776113636 119828.2602162143
117756.8716138606 116621.5631807041
121913.4776113636 125600.3148801326
125590.4752245394 124157.3012141531
135182.6429110848 139549.4469846021
115838.4380765515 122874.6223999490
128787.8644533879 133136.0529135816
116318.0464608788 117583.5722913572
116957.5243066485 115819.8889218265
114239.7434621273 115819.8889218265
135342.5123725273 141313.1303541326
120474.6524583818 131212.0346922755
118396.3494596303 129608.6861745204
120474.6524583818 120309.2647715408
127189.1698389636 135541.0756902143
115678.5686151091 123996.9663623775
113440.3961549151 117743.9071431327

84869.5045961667 130790.2974941403
85667.4615678333 129508.5579009892
93647.0312845000 129348.3404518453
92529.8915241667 128226.8183078381
109127.3965348333 127265.5136129748
101945.7837898333 125983.7740198237
91731.9345525000 125663.3391215360
103541.6977331667 125663.3391215360
99551.9128748333 125022.4693249604
89178.4722431667 124862.2518758166
94764.1710448333 124541.8169775288
90295.6120035000 124061.1646300971
104818.4288878333 123099.8599352338
94764.1710448333 121978.3377912266
95242.9452278333 121497.6854437950
99073.1386918333 119735.2935032122
84869.5045961667 119094.4237066367
100509.4612408333 117171.8143169101
89338.0636375000 115729.8572746151
97955.9989315000 114928.7700288957
98115.5903258333 114928.7700288957
90455.2033978333 114608.3351306079
88061.3324828333 113967.4653340324
93806.6226788333 113807.2478848885
99073.1386918333 113006.1606391691
99392.3214805000 112845.9431900252
86784.6013281667 111564.2035968741
95242.9452278333 111564.2035968741
84550.3218075000 110282.4640037230
98753.9559031667 109962.0291054353
100669.0526351667 127425.7310621187
86146.2357508333 123580.5122826655
87263.3755111667 127265.5136129748
93806.6226788333 125022.4693249604
84390.7304131667 109962.0291054353
108967.8051405000 127585.9485112626
90614.7947921667 110442.6814528669
85029.0959905000 121177.2505455072
90455.2033978333 126143.9914689676
93327.8484958333 125823.5565706799
92529.8915241667 129668.7753501331
100669.0526351667 113166.3780883130
89976.4292148333 129348.3404518453
89497.6550318333 111564.2035968741
85986.6443565000 126784.8612655432
102424.5579728333 115729.8572746151
94285.3968618333 116691.1619694784
100669.0526351667 115249.2049271835
103860.8805218333 128226.8183078381
96040.9021995000 112365.2908425935
91412.7517638333 126464.4263672554
106095.1600425000 125342.9042232482
109127.3965348333 128867.6881044137
91412.7517638333 122619.2075878022
85188.6873848333 120856.8156472194
90614.7947921667 112044.8559443057
103062.9235501667 122458.9901386583
102105.3751841667 119735.2935032122
85986.6443565000 117492.2492151978
88699.6980601667 121818.1203420827
106414.3428311667 126784.8612655432
89338.0636375000 124862.2518758166
85827.0529621667 116210.5096220468
92210.7087355000 119575.0760540684
85507.8701735000 116691.1619694784
90136.0206091667 112205.0733934497
100030.6870578333 118133.1190117734
97477.2247485000 121657.9028929388
90136.0206091667 113807.2478848885
90614.7947921667 115088.9874780396
96519.6763825000 127906.3834095504
86944.1927225000 128707.4706552698
94444.9882561667 115088.9874780396
85827.0529621667 130309.6451467086
100030.6870578333 117652.4666643417
104658.8374935000 129188.1230027014
98115.5903258333 121657.9028929388
96838.8591711667 109481.3767580036
86465.4185395000 127265.5136129748
92051.1173411667 125342.9042232482
88220.9238771667 125342.9042232482
88859.2894545000 117171.8143169101
131345.7758364667 140351.1212434796
131825.3842207939 140030.4515399286
130706.2979906970 139228.7772810510
136461.5986026242 138427.1030221735
124631.2584558848 136182.4150973163
128308.2560690606 135861.7453937653
122552.9554571333 134899.7362831122
118396.3494596303 133456.7226171327
125910.2141474242 133136.0529135816
126070.0836088667 132815.3832100306
130706.2979906970 131693.0392476020
116637.7853837637 131532.7043958266
116477.9159223212 130731.0301369490
117916.7410753030 130250.0255816225
124151.6500715576 129769.0210262959
128787.8644533879 129448.3513227449
118076.6105367454 127845.0028049898
115358.8296922242 126882.9936943368
120634.5219198242 126081.3194354592
122872.6943800182 123836.6315106020
118556.2189210727 122874.6223999490
115039.0907693394 120469.5996233163
114559.4823850121 117262.9025878061
128627.9949919454 129127.6816191939
118875.9578439576 129608.6861745204
122712.8249185757 130570.6952851735
121433.8692270364 135541.0756902143
131665.5147593515 133456.7226171327
115518.6991536667 126722.6588425612
118716.0883825152 129288.0164709694
127349.0393004060 130891.3649887245
122233.2165342485 128005.3376567653
126070.0836088667 131693.0392476020
112481.1793862606 114056.2055522959
131985.2536822364 136984.0893561939
121273.9997655939 119828.2602162143
130706.2979906970 136823.7545044184
115998.3075379939 115659.5540700510
125430.6057630970 136984.0893561939
119835.1746126121 126241.6542872347
127988.5171461758 126722.6588425612
119035.8273054000 123996.9663623775
124151.6500715576 130891.3649887245
122233.2165342485 128326.0073603163
131665.5147593515 138587.4378739490
114559.4823850121 122393.6178446225
123672.0416872303 128326.0073603163
116637.7853837637 116300.8934771531
125110.8668402121 126241.6542872347
114879.2213078970 118545.5814020102
116318.0464608788 129769.0210262959
130546.4285292545 135060.0711348878
133903.6872195454 133136.0529135816
122393.0859956909 130891.3649887245
121753.6081499212 121431.6087339694
124950.9973787697 125119.3103248061
123831.9111486727 127203.6633978878
135981.9902182970 136823.7545044184

86784.6013281667 119575.0760540684
95562.1280165000 117011.5968677662
87103.7841168333 113166.3780883130
102105.3751841667 121017.0330963633
86625.0099338333 116370.7270711907
107052.7084085000 127265.5136129748
95242.9452278333 127425.7310621187
93966.2140731667 120856.8156472194
101307.4182125000 123740.7297318094
106254.7514368334 123260.0773843777
89497.6550318333 116530.9445203345
85986.6443565000 129027.9055535576
100669.0526351667 125342.9042232482
86625.0099338333 111083.5512494424
92370.3001298333 120856.8156472194
84709.9132018333 130790.2974941403
108967.8051405000 125983.7740198237
94604.5796505000 127585.9485112626
86465.4185395000 123900.9471809532
98275.1817201667 120696.5981980755
88380.5152715000 110122.2465545791
100030.6870578333 113967.4653340324
99073.1386918333 119735.2935032122
105456.7944651667 123260.0773843777
93168.2571015000 124862.2518758166
101467.0096068333 117332.0317660540
104180.0633105000 121177.2505455072
94125.8054675000 120055.7284015000
94604.5796505000 121818.1203420827
103541.6977331667 128387.0357569820
107691.0739858333 126304.2089181115
104499.2460991667 125342.9042232482
88061.3324828333 111083.5512494424
98753.9559031667 115409.4223763273
102743.7407615000 120376.1632997878
95721.7194108333 129989.2102484209
98115.5903258333 111724.4210460180
93806.6226788333 109641.5942071475
85827.0529621667 118613.7713592050
93647.0312845000 110282.4640037230
101467.0096068333 121497.6854437950
94923.7624391667 120215.9458506439
96040.9021995000 121017.0330963633
98913.5472975000 114768.5525797518
103541.6977331667 126464.4263672554
93966.2140731667 118773.9888083489
95881.3108051667 124221.3820792410
99392.3214805000 110763.1163511547
89497.6550318333 125342.9042232482
85507.8701735000 111243.7686985863
86465.4185395000 114768.5525797518
94764.1710448333 125182.6867741043
91412.7517638333 125182.6867741043
88061.3324828333 125022.4693249604
93647.0312845000 112685.7257408813
92689.4829185000 110602.8989020108
101147.8268181667 119414.8586049245
91412.7517638333 126143.9914689676
87582.5582998333 127265.5136129748
86625.0099338333 123099.8599352338
102903.3321558333 119895.5109523561
84709.9132018333 114768.5525797518
85986.6443565000 126624.6438163993
105616.3858595000 125503.1216723921
94923.7624391667 126945.0787146871
87582.5582998333 128387.0357569820
87582.5582998333 113967.4653340324
100349.8698465000 112685.7257408813
94125.8054675000 116691.1619694784
91891.5259468333 119735.2935032122
96200.4935938333 117972.9015626295
86784.6013281667 117171.8143169101
89338.0636375000 130309.6451467086
89018.8808488333 115569.6398254712
85348.2787791667 130469.8625958525
98913.5472975000 122458.9901386583
93647.0312845000 121497.6854437950
98275.1817201667 112525.5082917374
93487.4398901667 128867.6881044137
99551.9128748333 114608.3351306079
99232.7300861667 117652.4666643417
93327.8484958333 127746.1659604065
133104.3399123333 133937.7271724592
124631.2584558848 128807.0119156429
113920.0045392424 116942.2328842551
127668.7782232909 132655.0483582551
124631.2584558848 123836.6315106020
129747.0812220424 138106.4333186224
128947.7339148303 133617.0574689082
131665.5147593515 131212.0346922755
129427.3422991576 138427.1030221735
122552.9554571333 133296.3877653572
133424.0788352182 141313.1303541326
128787.8644533879 137785.7636150715
114079.8740006849 114216.5404040714
131985.2536822364 131051.6998405000
123032.5638414606 132975.7180618061
129107.6033762727 138747.7727257245
124471.3889944424 122874.6223999490
135822.1207568545 137304.7590597449
131026.0369135818 135861.7453937653
130386.5590678121 137465.0939115204
120154.9135354970 119186.9208091122
123032.5638414606 130891.3649887245
120634.5219198242 128165.6725085408
135342.5123725273 141794.1349094592
126389.8225317515 135380.7408384388
112001.5710019333 113254.5312934184
129747.0812220424 134418.7317277857
117277.2632295333 115980.2237736020
131665.5147593515 136663.4196526429
120954.2608427091 130089.6907298470
130226.6896063697 139870.1166881530
113600.2656163576 118705.9162537857
113600.2656163576 114216.5404040714
131345.7758364667 132975.7180618061
127029.3003775212 131212.0346922755
123512.1722257879 122874.6223999490
113760.1350778000 120950.6041786429
133264.2093737758 139709.7818363776
126070.0836088667 131212.0346922755
124950.9973787697 129288.0164709694
125110.8668402121 123515.9618070510
126549.6919931939 135861.7453937653
127668.7782232909 129608.6861745204
118236.4799981879 128005.3376567653
130226.6896063697 127845.0028049898
131665.5147593515 132655.0483582551
129587.2117606000 136503.0848008674
117277.2632295333 125119.3103248061
134223.4261424303 133456.7226171327
132145.1231436788 137144.4242079694
134063.5566809879 137144.4242079694
129587.2117606000 128807.0119156429
128787.8644533879 134098.0620242347
136141.8596797394 134098.0620242347
118076.6105367454 128326.0073603163
133104.3399123333 134258.3968760102
122393.0859956909 123836.6315106020
114399.6129235697 114216.5404040714

85667.4615678333 130469.8625958525
85029.0959905000 129668.7753501331
97317.6333541667 129508.5579009892
86944.1927225000 129027.9055535576
84869.5045961667 128387.0357569820
107052.7084085000 128387.0357569820
87582.5582998333 128226.8183078381
89976.4292148333 128066.6008586942
103222.5149445000 127105.2961638309
93966.2140731667 126945.0787146871
88859.2894545000 126143.9914689676
90774.3861865000 124541.8169775288
86465.4185395000 123099.8599352338
86146.2357508333 122779.4250369460
97955.9989315000 121177.2505455072
89816.8378205000 120536.3807489317
102264.9665785000 120536.3807489317
85827.0529621667 118773.9888083489
101626.6010011667 117652.4666643417
100669.0526351667 117332.0317660540
95402.5366221667 116851.3794186223
96519.6763825000 116050.2921729029
102105.3751841667 116050.2921729029
97636.8161428333 115569.6398254712
97636.8161428333 114127.6827831763
98594.3645088333 113647.0304357446
87263.3755111667 113326.5955374568
99711.5042691667 113006.1606391691
88859.2894545000 111884.6384951619
99392.3214805000 111083.5512494424
86625.0099338333 110602.8989020108
89657.2464261667 110282.4640037230
85827.0529621667 110923.3338002986
89497.6550318333 113166.3780883130
93008.6657071667 114768.5525797518
87103.7841168333 124702.0344266727
93327.8484958333 123580.5122826655
91572.3431581667 126304.2089181115
87901.7410885000 113647.0304357446
101147.8268181667 117812.6841134856
93008.6657071667 112845.9431900252
98594.3645088333 124221.3820792410
101945.7837898333 122458.9901386583
92529.8915241667 113326.5955374568
108010.2567745000 127265.5136129748
86146.2357508333 123420.2948335216
102584.1493671667 126464.4263672554
103541.6977331667 125823.5565706799
86146.2357508333 123580.5122826655
90614.7947921667 128867.6881044137
96519.6763825000 119414.8586049245
100669.0526351667 112685.7257408813
88380.5152715000 125663.3391215360
103382.1063388333 117171.8143169101
103701.2891275000 127746.1659604065
89178.4722431667 127585.9485112626
96040.9021995000 109801.8116562914
102903.3321558333 129348.3404518453
89976.4292148333 111564.2035968741
96519.6763825000 110122.2465545791
85188.6873848333 122779.4250369460
99711.5042691667 119895.5109523561
104020.4719161667 118934.2062574928
85507.8701735000 130950.5149432842
96519.6763825000 115088.9874780396
107052.7084085000 127425.7310621187
87263.3755111667 109641.5942071475
85188.6873848333 121017.0330963633
85188.6873848333 109160.9418597158
93806.6226788333 123099.8599352338
101467.0096068333 129508.5579009892
107691.0739858333 127265.5136129748
101147.8268181667 124541.8169775288
84390.7304131667 112365.2908425935
94604.5796505000 125182.6867741043
108648.6223518333 127105.2961638309
98434.7731145000 117171.8143169101
102903.3321558333 117011.5968677662
103860.8805218333 119575.0760540684
84869.5045961667 124862.2518758166
85188.6873848333 129508.5579009892
89816.8378205000 115569.6398254712
131665.5147593515 140511.4560952551
132944.4704508909 140030.4515399286
129427.3422991576 136823.7545044184
128787.8644533879 135380.7408384388
125430.6057630970 134579.0665795612
129267.4728377151 134579.0665795612
125590.4752245394 132975.7180618061
124791.1279173273 132655.0483582551
120954.2608427091 131212.0346922755
121114.1303041515 127684.6679532143
124311.5195330000 127684.6679532143
123831.9111486727 126882.9936943368
121114.1303041515 125439.9800283572
124471.3889944424 125439.9800283572
119195.6967668424 125119.3103248061
114879.2213078970 124477.9709177041
114239.7434621273 122553.9526963980
121433.8692270364 120950.6041786429
117437.1326909758 119026.5859573367
112481.1793862606 112452.8570345408
125910.2141474242 126241.6542872347
134862.9039882000 132655.0483582551
132624.7315280061 138587.4378739490
131665.5147593515 136182.4150973163
125110.8668402121 125439.9800283572
132145.1231436788 138106.4333186224
128947.7339148303 136663.4196526429
125910.2141474242 125119.3103248061
117117.3937680909 121591.9435857449
136461.5986026242 140190.7863917041
124471.3889944424 135541.0756902143
123672.0416872303 127203.6633978878
119035.8273054000 122393.6178446225
115039.0907693394 118224.9116984592
118716.0883825152 122553.9526963980
132784.6009894485 130089.6907298470
120794.3913812667 128005.3376567653
131026.0369135818 129127.6816191939
127828.6476847333 128646.6770638673
115838.4380765515 121431.6087339694
132304.9926051212 133617.0574689082
133264.2093737758 136984.0893561939
125430.6057630970 135220.4059866633
122073.3470728061 134579.0665795612
132145.1231436788 137304.7590597449
121433.8692270364 126722.6588425612
114879.2213078970 116461.2283289286
131345.7758364667 128807.0119156429
122073.3470728061 128807.0119156429
114239.7434621273 114697.5449593980
132944.4704508909 137785.7636150715
115998.3075379939 116300.8934771531
125270.7363016545 133777.3923206837
129267.4728377151 137785.7636150715
120154.9135354970 133136.0529135816
123672.0416872303 123355.6269552755
112800.9183091455 113414.8661451939
117117.3937680909 131853.3740993776

89976.4292148333 130149.4276975647
86944.1927225000 128547.2532061259
88859.2894545000 128226.8183078381
86784.6013281667 126945.0787146871
103062.9235501667 125663.3391215360
108489.0309575000 125663.3391215360
93966.2140731667 125503.1216723921
84869.5045961667 124862.2518758166
91093.5689751667 124541.8169775288
93966.2140731667 124541.8169775288
104499.2460991667 122939.6424860899
90614.7947921667 122779.4250369460
105456.7944651667 122298.7726895144
96998.4505655000 119094.4237066367
101467.0096068333 117972.9015626295
101945.7837898333 116530.9445203345
100669.0526351667 116370.7270711907
97636.8161428333 114127.6827831763
88699.6980601667 113647.0304357446
94125.8054675000 113166.3780883130
89816.8378205000 110282.4640037230
108010.2567745000 125823.5565706799
102584.1493671667 129508.5579009892
101626.6010011667 117332.0317660540
100030.6870578333 120376.1632997878
86465.4185395000 113326.5955374568
100669.0526351667 117332.0317660540
86625.0099338333 130469.8625958525
92370.3001298333 120536.3807489317
86305.8271451667 127746.1659604065
88540.1066658333 117652.4666643417
97158.0419598333 113486.8129866007
90455.2033978333 124061.1646300971
84869.5045961667 113166.3780883130
95402.5366221667 117492.2492151978
94923.7624391667 126304.2089181115
92689.4829185000 121177.2505455072
86625.0099338333 113967.4653340324
93168.2571015000 127585.9485112626
88380.5152715000 118613.7713592050
106733.5256198333 123580.5122826655
84390.7304131667 110763.1163511547
85348.2787791667 129348.3404518453
89816.8378205000 126784.8612655432
86944.1927225000 112044.8559443057
90614.7947921667 121017.0330963633
104818.4288878333 123580.5122826655
98434.7731145000 124702.0344266727
93966.2140731667 127585.9485112626
94923.7624391667 121017.0330963633
84550.3218075000 115249.2049271835
101147.8268181667 118934.2062574928
88380.5152715000 116050.2921729029
96679.2677768333 124061.1646300971
89816.8378205000 117011.5968677662
91891.5259468333 126945.0787146871
91253.1603695000 111564.2035968741
88380.5152715000 110282.4640037230
101147.8268181667 127105.2961638309
93008.6657071667 109962.0291054353
88061.3324828333 124702.0344266727
99392.3214805000 121017.0330963633
97477.2247485000 114768.5525797518
108169.8481688333 127906.3834095504
91093.5689751667 117492.2492151978
103541.6977331667 127265.5136129748
104020.4719161667 119414.8586049245
96040.9021995000 122138.5552403705
93327.8484958333 122138.5552403705
90933.9775808333 118773.9888083489
105775.9772538333 127265.5136129748
86146.2357508333 109321.1593088597
86146.2357508333 119895.5109523561
99073.1386918333 120055.7284015000
86944.1927225000 109481.3767580036
108169.8481688333 126464.4263672554
94125.8054675000 125182.6867741043
94125.8054675000 120215.9458506439
95242.9452278333 126464.4263672554
85188.6873848333 128547.2532061259
88061.3324828333 111564.2035968741
89497.6550318333 128226.8183078381
132784.6009894485 139709.7818363776
131185.9063750242 136984.0893561939
123512.1722257879 136823.7545044184
124311.5195330000 136663.4196526429
132304.9926051212 136342.7499490918
127508.9087618485 136182.4150973163
134063.5566809879 134899.7362831122
133104.3399123333 132815.3832100306
118076.6105367454 132655.0483582551
131825.3842207939 132655.0483582551
128787.8644533879 132494.7135064796
132145.1231436788 132494.7135064796
122712.8249185757 131693.0392476020
118556.2189210727 131212.0346922755
131026.0369135818 131051.6998405000
132944.4704508909 130570.6952851735
122393.0859956909 130410.3604333980
124311.5195330000 128807.0119156429
129587.2117606000 128486.3422120919
123512.1722257879 128005.3376567653
126229.9530703091 127363.9982496633
116318.0464608788 127043.3285461122
126389.8225317515 126081.3194354592
120314.7829969394 124958.9754730306
126869.4309160788 124958.9754730306
120794.3913812667 120629.9344750918
116957.5243066485 120309.2647715408
115518.6991536667 118545.5814020102
114719.3518464545 117262.9025878061
115518.6991536667 117262.9025878061
114559.4823850121 116300.8934771531
112321.3099248182 112292.5221827653
129906.9506834848 136342.7499490918
131026.0369135818 133136.0529135816
132464.8620665636 139228.7772810510
121273.9997655939 133937.7271724592
127828.6476847333 127043.3285461122
124950.9973787697 125119.3103248061
111362.0931561637 112292.5221827653
121273.9997655939 121752.2784375204
113440.3961549151 116621.5631807041
128787.8644533879 134579.0665795612
116318.0464608788 127203.6633978878
131345.7758364667 140190.7863917041
136461.5986026242 141313.1303541326
124151.6500715576 123836.6315106020
123352.3027643455 134739.4014313367
126229.9530703091 131372.3695440510
135182.6429110848 141313.1303541326
130386.5590678121 134418.7317277857
121593.7386884788 119507.5905126633
131026.0369135818 140030.4515399286
120954.2608427091 132655.0483582551
124151.6500715576 125279.6451765816
136461.5986026242 135541.0756902143
128787.8644533879 136022.0802455408
119835.1746126121 120469.5996233163
135342.5123725273 135220.4059866633

