211439627.3542436659 683397.7329101562
220802565.8181736469 722701.6681518555
218721604.0442210436 719898.0025634766
207584475.8301111758 658290.1313476562
211959503.8507682681 686434.4578857422
212713153.3888551891 687920.2779541016
209332971.7607535422 663969.9605712891
215714289.7086047232 705124.6286621094
213253948.2349058688 689200.1445312500
208601492.6939598024 660145.4358520508
217392382.6745408177 712807.6291503906
221387797.9516432285 724437.5196533203
207540392.4359605908 543408.6063690186
215213093.4766562283 698652.5584106445
216835153.8190821409 710997.1756591797
217654963.3406462967 715511.6531982422
209412602.0955986083 676334.7934570312
207529084.1250937879 540285.0007171631
217142027.7450525463 711014.8087158203
210704784.3091893494 679637.3092041016
216537394.1229134798 710651.9102783203
216358591.3758153915 705916.6337890625
219437350.9063233137 721804.3898925781
207575917.4236821532 618178.5078430176
211462378.0319435298 684420.9750976562
214823924.5469129682 694586.1752319336
213735934.6603648961 692648.8555297852
213243420.0629607737 687928.2003173828
212267348.3926419020 687463.7911987305
214812229.4467506111 693316.3577880859
