278104496.9094381332 2054142.5004882812
278787469.0306543112 2059901.9213867188
281142179.0231750607 2077654.5205078125
270841071.5901718736 1872333.8002929688
275462231.4129794836 2045962.8193359375
272024280.0990174413 2028697.6435546875
276908012.3630853891 2049408.6220703125
271260208.8932048678 1958647.2250976562
285323341.0239732265 2084697.4399414062
287909781.4522207379 2085463.4023437500
275442329.2770557404 2033049.6347656250
276692570.3978610039 2047181.7041015625
280229471.4226762056 2072749.2539062500
