781634745.0605419874 476274.2096862793
781726740.2704221010 476605.2808380127
783926422.0363987684 479220.4502716064
779658463.7559363842 473541.3283843994
783052456.4287824631 478762.4474029541
780878523.5660517216 473914.0391998291
762900385.3098399639 457537.4289245605
770744186.2958886623 466795.0366668701
776273860.3067649603 472838.8304901123
766629859.1256117821 464576.6817245483
785052134.8533307314 480653.9714508057
769654438.4544767141 465696.4505462646
761862377.3166795969 443785.6384735107
782616745.9656237364 477025.3597717285
780890957.4985846281 474024.9100570679
761557829.9132679701 440110.0244750977
770317785.9835070372 466031.0022888184
773002357.4353392124 468282.1699676514
762028384.8444324732 448283.5654106140
767662051.1860527992 464634.1536407471
773694556.4538340569 469061.0367813110
765618570.7215195894 461401.4714508057
774383760.7459654808 469661.0617828369
769090623.1715879440 465082.4357757568
759682531.8130378723 348860.5634613037
761447433.8374149799 353495.5224380493
