761480116.8417993784 3117448.1596679688
783034838.8741593361 3202889.5043945312
782857546.1651340723 3197047.5671386719
756825154.9527142048 3052644.2128906250
759293741.7251867056 3108877.5118408203
787344301.2903848886 3210580.8583984375
755637415.7761467695 2607756.6057739258
757004889.6934694052 3064044.8591308594
763890604.9028697014 3142845.6125488281
771995058.8791624308 3192772.2753906250
765034596.4876478910 3151575.9831542969
766668282.9999269247 3160848.5324707031
761781657.9646528959 3130081.4304199219
782402422.0415639877 3194445.1779785156
770215605.9449899197 3173321.3693847656
774699273.0253554583 3194173.6315917969
755865519.4895066023 3010102.2724609375
770875552.2933846712 3177726.7270507812
769094733.8701404333 3170229.8750000000
758928110.1015750170 3082174.8742675781
