511413616.4418722987 136120.9375095367
527555342.9242501259 146444.7276229858
506683701.1852295399 116065.1286334991
511908294.4890301228 139256.5266342163
526092529.1817659736 144598.6845703125
512351804.8954432011 140445.4708671570
509120667.6336984038 135558.1390151978
525344436.9669560790 143988.3062973022
524697041.0934245586 143621.6803054810
518716166.6160238385 141763.9955978394
508699580.4913866520 116493.2442054749
520108436.3651932478 141983.5188980103
520419806.1168648005 143171.4455032349
515951050.9238177538 141141.9803218842
