507701325.3311434388 121111.5765829086
511474271.9015120268 137315.5670967102
508677929.1660711169 130910.3760910034
523798396.2349596024 143476.3135299683
520072170.8399035931 143265.4276390076
508665987.1236243844 129666.0176620483
517293736.2814777493 141925.9235343933
509085937.7999474406 133003.4606475830
511413616.4418722987 136120.9375095367
527555342.9242501259 146444.7276229858
506683701.1852295399 116065.1286334991
511908294.4890301228 139256.5266342163
526092529.1817659736 144598.6845703125
512351804.8954432011 140445.4708671570
509120667.6336984038 135558.1390151978
525344436.9669560790 143988.3062973022
524697041.0934245586 143621.6803054810
515951050.9238177538 141141.9803218842
