113523.6610195373 111829.4731742266
123056.7231067015 116947.3699367266
116224.6952775672 130701.7174859453
117654.6545906418 122065.2666992266
116542.4640138060 128942.4404738359
120196.8044805522 115028.1586507891
117972.4233268806 122225.2009730547
119720.1513761940 122065.2666992266
119084.6139037164 124944.0836281328
116860.2327500448 125423.8864496172
117495.7702225224 125423.8864496172
115430.2734369702 125104.0179019609
119243.4982718358 122225.2009730547
117178.0014862836 118546.7126750078
117178.0014862836 121425.5296039141
118607.9607993582 125583.8207234453
115430.2734369702 123184.8066160234
122738.9543704627 117267.2384843828
117178.0014862836 119506.3183179765
115589.1578050895 113108.9473648516
119402.3826399552 116947.3699367266
117336.8858544030 127662.9662832109
116224.6952775672 130061.9803906328
118131.3076950000 125583.8207234453
115271.3890688507 113908.6187339922
120832.3419530299 119026.5154964922
116542.4640138060 114548.3558293047
115112.5047007313 121905.3324253984
119084.6139037164 121905.3324253984
114953.6203326119 121745.3981515703
121150.1106892686 115827.8300199297
113841.4297557761 117267.2384843828
115430.2734369702 125423.8864496172
116860.2327500448 116627.5013890703
116860.2327500448 122065.2666992266
117654.6545906418 122705.0037945391
115906.9265413284 118866.5812226641
114794.7359644925 123824.5437113359
120196.8044805522 117427.1727582109
119084.6139037164 119026.5154964922
121308.9950573880 116467.5671152422
121944.5325298657 117107.3042105547
116701.3483819254 115028.1586507891
115430.2734369702 122225.2009730547
114794.7359644925 121905.3324253984
115430.2734369702 120465.9239609453
114635.8515963731 120945.7267824297
122262.3012661045 117107.3042105547
114159.1984920149 114548.3558293047
118925.7295355970 119986.1211394609
120037.9201124328 122864.9380683672
115112.5047007313 119026.5154964922
118290.1920631194 122225.2009730547
116383.5796456866 125263.9521757890
118449.0764312388 116467.5671152422
119084.6139037164 123344.7408898516
122262.3012661045 118386.7784011797
117336.8858544030 124304.3465328203
119243.4982718358 118066.9098535234
114318.0828601343 119026.5154964922
115271.3890688507 113108.9473648516

116224.6952775672 123184.8066160234
117972.4233268806 126863.2949140703
117019.1171181642 119346.3840441484
114476.9672282537 120625.8582347734
114635.8515963731 112149.3417218828
119879.0357443134 120945.7267824297
120196.8044805522 115507.9614722734
116542.4640138060 129582.1775691484
118766.8451674776 117906.9755796953
115748.0421732090 122385.1352468828
115430.2734369702 122065.2666992266
116701.3483819254 126063.6235449297
119243.4982718358 123184.8066160234
117972.4233268806 121745.3981515703
121150.1106892686 119506.3183179765
116065.8109094477 118066.9098535234
115430.2734369702 113108.9473648516
115430.2734369702 117107.3042105547
114635.8515963731 114068.5530078203
115906.9265413284 117427.1727582109
120514.5732167910 116787.4356628984
118290.1920631194 116467.5671152422
121785.6481617463 116307.6328414141
116065.8109094477 122864.9380683672
114318.0828601343 111989.4074480547
115589.1578050895 123024.8723421953
115906.9265413284 120146.0554132891
121308.9950573880 116627.5013890703
119720.1513761940 121905.3324253984
117972.4233268806 116307.6328414141
119879.0357443134 115667.8957461016
118449.0764312388 122385.1352468828
115906.9265413284 118066.9098535234
115589.1578050895 120785.7925086016
117019.1171181642 113428.8159125078
113841.4297557761 111669.5389003984
122421.1856342239 118226.8441273516
121150.1106892686 118866.5812226641
115589.1578050895 122705.0037945391
119720.1513761940 116947.3699367266
117336.8858544030 124784.1493543047
115271.3890688507 117906.9755796953
118449.0764312388 119506.3183179765
116383.5796456866 119186.4497703203
117813.5389587612 123984.4779851641
115112.5047007313 122864.9380683672
116860.2327500448 122225.2009730547
120673.4575849104 117906.9755796953
115271.3890688507 119986.1211394609
116860.2327500448 127982.8348308672
118607.9607993582 120945.7267824297
116701.3483819254 121745.3981515703
115430.2734369702 126703.3606402422
117336.8858544030 115188.0929246172
120355.6888486716 118706.6469488359
119561.2670080746 117427.1727582109
121150.1106892686 116307.6328414141
118925.7295355970 121745.3981515703
120514.5732167910 122065.2666992266
114159.1984920149 116787.4356628984
119402.3826399552 124464.2808066484

115589.1578050895 128782.5062000078
117495.7702225224 128142.7691046953
115906.9265413284 127023.2291878984
116065.8109094477 126703.3606402422
116701.3483819254 126703.3606402422
118131.3076950000 126223.5578187578
115430.2734369702 126063.6235449297
115271.3890688507 123984.4779851641
116224.6952775672 122864.9380683672
115589.1578050895 122225.2009730547
115589.1578050895 119826.1868656328
121467.8794255075 119346.3840441484
121308.9950573880 119026.5154964922
122103.4168979851 119026.5154964922
118766.8451674776 117906.9755796953
116701.3483819254 116947.3699367266
118449.0764312388 116787.4356628984
115906.9265413284 116307.6328414141
122262.3012661045 116307.6328414141
115589.1578050895 116147.6985675859
121944.5325298657 116147.6985675859
119561.2670080746 115987.7642937578
121308.9950573880 115987.7642937578
116065.8109094477 115827.8300199297
118131.3076950000 115827.8300199297
120991.2263211493 115667.8957461016
119561.2670080746 115348.0271984453
118925.7295355970 115188.0929246172
119402.3826399552 114868.2243769609
116065.8109094477 114548.3558293047
115589.1578050895 114228.4872816484
113841.4297557761 113588.7501863359
113364.7766514179 113268.8816386797
113364.7766514179 112469.2102695391
115112.5047007313 112469.2102695391
113682.5453876567 112309.2759957109
113364.7766514179 111669.5389003984
121785.6481617463 117267.2384843828
115271.3890688507 125104.0179019609
117336.8858544030 123504.6751636797
120196.8044805522 116627.5013890703
119402.3826399552 117587.1070320391
121150.1106892686 115827.8300199297
119561.2670080746 121905.3324253984
115112.5047007313 113268.8816386797
115589.1578050895 113588.7501863359
122738.9543704627 116467.5671152422
113523.6610195373 114708.2901031328
119879.0357443134 115987.7642937578
121785.6481617463 115987.7642937578
115271.3890688507 121745.3981515703
115271.3890688507 115028.1586507891
118766.8451674776 114228.4872816484
119084.6139037164 119026.5154964922
116701.3483819254 128302.7033785234
118290.1920631194 123984.4779851641
114953.6203326119 119986.1211394609
114159.1984920149 116627.5013890703
120037.9201124328 118866.5812226641
118607.9607993582 123024.8723421953
119879.0357443134 123024.8723421953

115589.1578050895 119026.5154964922
115430.2734369702 113428.8159125078
115112.5047007313 113268.8816386797
116065.8109094477 128622.5719261797
118290.1920631194 114388.4215554766
113682.5453876567 115028.1586507891
118449.0764312388 126063.6235449297
119243.4982718358 119186.4497703203
116065.8109094477 119026.5154964922
120355.6888486716 120945.7267824297
117654.6545906418 122385.1352468828
121467.8794255075 116787.4356628984
118925.7295355970 123664.6094375078
113682.5453876567 114388.4215554766
117813.5389587612 118386.7784011797
115906.9265413284 115188.0929246172
117972.4233268806 122065.2666992266
122103.4168979851 118386.7784011797
114953.6203326119 118066.9098535234
118131.3076950000 123504.6751636797
115271.3890688507 122705.0037945391
117972.4233268806 118066.9098535234
118290.1920631194 118066.9098535234
114635.8515963731 117267.2384843828
121785.6481617463 119346.3840441484
115430.2734369702 122545.0695207109
116701.3483819254 118386.7784011797
116701.3483819254 117267.2384843828
117813.5389587612 124944.0836281328
117654.6545906418 125903.6892711016
116383.5796456866 113748.6844601640
116065.8109094477 120465.9239609453
118290.1920631194 122225.2009730547
117972.4233268806 122225.2009730547
121944.5325298657 118226.8441273516
115589.1578050895 120465.9239609453
119243.4982718358 121585.4638777422
113047.0079151791 112309.2759957109
114953.6203326119 121745.3981515703
115589.1578050895 117906.9755796953
118290.1920631194 116147.6985675859
117972.4233268806 113908.6187339922
119879.0357443134 121745.3981515703
116065.8109094477 125423.8864496172
116542.4640138060 129582.1775691484
115906.9265413284 127343.0977355547
120355.6888486716 119026.5154964922
117813.5389587612 120465.9239609453
122103.4168979851 119186.4497703203
114318.0828601343 115507.9614722734
116383.5796456866 122385.1352468828
119084.6139037164 124144.4122589922
116383.5796456866 118546.7126750078
116860.2327500448 115827.8300199297
119243.4982718358 122065.2666992266
116542.4640138060 118706.6469488359
114794.7359644925 122225.2009730547
115589.1578050895 124304.3465328203
114318.0828601343 120625.8582347734
119084.6139037164 118866.5812226641
115430.2734369702 115507.9614722734

117972.4233268806 127023.2291878984
114635.8515963731 118546.7126750078
115430.2734369702 120465.9239609453
117178.0014862836 116947.3699367266
115112.5047007313 112789.0788171953
115906.9265413284 118066.9098535234
120196.8044805522 122545.0695207109
115112.5047007313 121585.4638777422
115748.0421732090 123504.6751636797
114794.7359644925 120945.7267824297
116065.8109094477 113908.6187339922
114953.6203326119 122545.0695207109
115748.0421732090 120146.0554132891
117336.8858544030 117587.1070320391
118925.7295355970 122864.9380683672
119084.6139037164 121585.4638777422
119402.3826399552 117427.1727582109
118449.0764312388 121745.3981515703
116860.2327500448 115028.1586507891
122262.3012661045 117906.9755796953
116542.4640138060 127822.9005570391
117178.0014862836 123184.8066160234
116701.3483819254 121745.3981515703
119561.2670080746 118226.8441273516
118131.3076950000 124624.2150804766
115589.1578050895 121265.5953300859
117019.1171181642 122065.2666992266
115589.1578050895 117267.2384843828
116224.6952775672 117747.0413058672
116224.6952775672 129262.3090214922
115748.0421732090 123024.8723421953
115906.9265413284 130701.7174859453
115748.0421732090 117267.2384843828
120196.8044805522 115348.0271984453
117178.0014862836 117906.9755796953
120832.3419530299 117747.0413058672
116383.5796456866 119186.4497703203
115430.2734369702 121905.3324253984
117654.6545906418 125583.8207234453
116065.8109094477 124144.4122589922
114794.7359644925 123664.6094375078
116542.4640138060 123984.4779851641
113841.4297557761 111989.4074480547
120673.4575849104 120625.8582347734
114953.6203326119 124624.2150804766
115112.5047007313 124624.2150804766
121944.5325298657 118226.8441273516
116542.4640138060 116147.6985675859
119879.0357443134 118066.9098535234
115589.1578050895 113908.6187339922
115748.0421732090 123984.4779851641
118766.8451674776 118386.7784011797
116224.6952775672 115667.8957461016
117178.0014862836 118866.5812226641
119402.3826399552 121745.3981515703
114953.6203326119 119186.4497703203
116860.2327500448 129422.2432953203
117972.4233268806 122385.1352468828
121150.1106892686 120146.0554132891
114635.8515963731 119986.1211394609
116065.8109094477 121905.3324253984

115589.1578050895 128142.7691046953
116860.2327500448 128142.7691046953
117336.8858544030 127822.9005570391
115271.3890688507 127023.2291878984
116860.2327500448 125104.0179019609
115430.2734369702 124144.4122589922
118925.7295355970 123824.5437113359
115112.5047007313 123664.6094375078
115589.1578050895 123184.8066160234
117813.5389587612 123024.8723421953
120832.3419530299 121105.6610562578
115906.9265413284 120945.7267824297
115589.1578050895 120146.0554132891
116860.2327500448 118706.6469488359
116224.6952775672 118226.8441273516
120196.8044805522 118066.9098535234
119402.3826399552 117267.2384843828
123215.6074748209 117107.3042105547
118449.0764312388 116787.4356628984
114159.1984920149 116627.5013890703
121785.6481617463 116627.5013890703
119243.4982718358 116467.5671152422
115430.2734369702 115827.8300199297
116065.8109094477 115827.8300199297
117813.5389587612 115667.8957461016
116065.8109094477 115348.0271984453
119561.2670080746 115348.0271984453
120037.9201124328 115188.0929246172
117178.0014862836 115028.1586507891
118925.7295355970 114868.2243769609
114635.8515963731 114708.2901031328
113841.4297557761 113588.7501863359
116224.6952775672 113428.8159125078
113841.4297557761 112949.0130910234
115112.5047007313 112469.2102695391
113682.5453876567 112309.2759957109
113364.7766514179 111669.5389003984
119243.4982718358 122225.2009730547
119879.0357443134 118706.6469488359
117972.4233268806 114068.5530078203
117495.7702225224 124144.4122589922
113364.7766514179 113268.8816386797
119402.3826399552 119986.1211394609
116224.6952775672 127662.9662832109
115748.0421732090 128942.4404738359
113364.7766514179 112469.2102695391
118607.9607993582 122864.9380683672
118131.3076950000 119346.3840441484
120991.2263211493 115667.8957461016
117336.8858544030 119186.4497703203
119402.3826399552 114868.2243769609
118607.9607993582 123184.8066160234
116383.5796456866 127822.9005570391
114635.8515963731 119826.1868656328
116860.2327500448 127503.0320093828
115589.1578050895 128782.5062000078
116860.2327500448 114868.2243769609
116065.8109094477 121425.5296039141
117495.7702225224 125263.9521757890
120355.6888486716 120785.7925086016
122103.4168979851 117587.1070320391

117654.6545906418 117427.1727582109
117178.0014862836 123824.5437113359
115271.3890688507 121265.5953300859
117019.1171181642 119346.3840441484
118925.7295355970 125583.8207234453
115589.1578050895 123024.8723421953
119561.2670080746 118066.9098535234
116860.2327500448 117587.1070320391
115112.5047007313 121585.4638777422
117336.8858544030 128622.5719261797
117178.0014862836 121745.3981515703
120037.9201124328 115987.7642937578
117654.6545906418 121905.3324253984
117336.8858544030 115188.0929246172
115430.2734369702 125104.0179019609
118131.3076950000 122545.0695207109
121785.6481617463 117747.0413058672
119720.1513761940 123024.8723421953
115589.1578050895 121585.4638777422
116542.4640138060 124304.3465328203
119243.4982718358 121105.6610562578
115906.9265413284 115348.0271984453
115589.1578050895 113108.9473648516
118131.3076950000 123504.6751636797
118766.8451674776 119986.1211394609
115906.9265413284 116947.3699367266
118925.7295355970 118546.7126750078
119402.3826399552 119346.3840441484
117813.5389587612 118546.7126750078
113523.6610195373 111829.4731742266
116065.8109094477 123184.8066160234
119402.3826399552 121905.3324253984
113682.5453876567 114228.4872816484
118290.1920631194 115827.8300199297
113682.5453876567 114388.4215554766
117178.0014862836 126703.3606402422
118449.0764312388 125583.8207234453
116383.5796456866 126223.5578187578
114318.0828601343 114388.4215554766
117813.5389587612 123824.5437113359
118607.9607993582 125423.8864496172
121944.5325298657 119506.3183179765
114953.6203326119 123504.6751636797
118766.8451674776 117587.1070320391
119243.4982718358 115667.8957461016
115430.2734369702 122225.2009730547
119402.3826399552 122065.2666992266
117019.1171181642 127023.2291878984
120514.5732167910 119666.2525918047
115748.0421732090 123824.5437113359
120037.9201124328 122065.2666992266
115112.5047007313 119506.3183179765
119084.6139037164 114868.2243769609
113682.5453876567 113748.6844601640
119243.4982718358 121745.3981515703
116701.3483819254 124304.3465328203
119720.1513761940 120465.9239609453
120514.5732167910 121105.6610562578
116224.6952775672 113268.8816386797
115112.5047007313 117587.1070320391
116383.5796456866 120146.0554132891

120355.6888486716 121905.3324253984
118925.7295355970 117906.9755796953
114000.3141238955 117747.0413058672
119561.2670080746 123984.4779851641
117019.1171181642 122225.2009730547
113841.4297557761 114388.4215554766
117972.4233268806 119026.5154964922
115430.2734369702 112629.1445433672
114635.8515963731 121905.3324253984
121467.8794255075 118866.5812226641
114000.3141238955 113908.6187339922
116224.6952775672 119986.1211394609
117654.6545906418 128142.7691046953
120832.3419530299 120785.7925086016
113682.5453876567 113108.9473648516
119243.4982718358 119186.4497703203
114159.1984920149 114708.2901031328
115271.3890688507 127183.1634617266
115271.3890688507 117906.9755796953
114159.1984920149 116307.6328414141
118607.9607993582 117107.3042105547
116224.6952775672 114068.5530078203
117495.7702225224 119026.5154964922
116542.4640138060 116787.4356628984
117972.4233268806 123504.6751636797
116383.5796456866 123984.4779851641
116701.3483819254 118066.9098535234
118925.7295355970 121425.5296039141
115271.3890688507 112469.2102695391
119084.6139037164 124944.0836281328
116224.6952775672 121265.5953300859
122421.1856342239 118546.7126750078
117972.4233268806 115827.8300199297
116065.8109094477 119666.2525918047
117972.4233268806 117587.1070320391
116383.5796456866 123824.5437113359
117495.7702225224 122545.0695207109
118449.0764312388 123184.8066160234
117654.6545906418 118386.7784011797
115906.9265413284 115507.9614722734
114635.8515963731 115028.1586507891
118449.0764312388 122065.2666992266
115748.0421732090 130381.8489382891
118607.9607993582 123504.6751636797
114476.9672282537 121585.4638777422
119402.3826399552 115667.8957461016
117813.5389587612 119826.1868656328
115271.3890688507 117747.0413058672
115271.3890688507 123344.7408898516
116224.6952775672 116947.3699367266
116065.8109094477 113748.6844601640
117654.6545906418 119186.4497703203
117972.4233268806 120146.0554132891
117495.7702225224 114068.5530078203
117019.1171181642 121265.5953300859
114794.7359644925 112789.0788171953
118766.8451674776 122385.1352468828
115589.1578050895 123504.6751636797
116860.2327500448 121425.5296039141
116065.8109094477 117267.2384843828
117178.0014862836 121425.5296039141

122103.4168979851 116627.5013890703
120196.8044805522 119666.2525918047
120832.3419530299 121105.6610562578
116701.3483819254 119506.3183179765
115271.3890688507 122545.0695207109
115748.0421732090 117107.3042105547
114794.7359644925 121745.3981515703
116065.8109094477 122385.1352468828
115271.3890688507 113588.7501863359
123056.7231067015 117267.2384843828
114476.9672282537 117747.0413058672
116701.3483819254 124944.0836281328
116224.6952775672 113908.6187339922
116383.5796456866 116627.5013890703
119243.4982718358 122545.0695207109
114476.9672282537 117107.3042105547
119243.4982718358 124784.1493543047
115271.3890688507 123504.6751636797
119720.1513761940 121585.4638777422
118925.7295355970 124624.2150804766
122580.0700023433 118066.9098535234
114159.1984920149 114068.5530078203
119402.3826399552 116947.3699367266
114953.6203326119 118066.9098535234
117019.1171181642 129102.3747476641
116542.4640138060 124944.0836281328
119243.4982718358 120785.7925086016
118449.0764312388 118386.7784011797
116860.2327500448 121425.5296039141
116542.4640138060 119826.1868656328
120037.9201124328 117747.0413058672
115906.9265413284 130861.6517597734
115748.0421732090 118226.8441273516
114318.0828601343 120465.9239609453
118766.8451674776 118546.7126750078
116224.6952775672 116947.3699367266
115748.0421732090 122385.1352468828
118607.9607993582 116467.5671152422
117972.4233268806 122225.2009730547
118925.7295355970 122065.2666992266
116542.4640138060 117107.3042105547
115112.5047007313 123344.7408898516
115430.2734369702 124144.4122589922
119402.3826399552 121745.3981515703
116383.5796456866 126703.3606402422
120673.4575849104 120146.0554132891
116860.2327500448 119986.1211394609
115271.3890688507 115348.0271984453
117654.6545906418 113908.6187339922
120037.9201124328 122864.9380683672
120037.9201124328 116307.6328414141
114794.7359644925 112629.1445433672
118607.9607993582 119666.2525918047
119879.0357443134 122225.2009730547
119084.6139037164 122705.0037945391
117495.7702225224 122225.2009730547
115589.1578050895 129262.3090214922
121626.7637936269 117427.1727582109
115906.9265413284 115827.8300199297
116542.4640138060 123984.4779851641
118925.7295355970 120625.8582347734

114794.7359644925 123984.4779851641
118766.8451674776 121905.3324253984
117178.0014862836 118706.6469488359
116860.2327500448 127343.0977355547
115112.5047007313 120305.9896871172
120991.2263211493 117107.3042105547
115271.3890688507 121425.5296039141
116860.2327500448 127982.8348308672
122421.1856342239 118066.9098535234
118131.3076950000 116467.5671152422
121785.6481617463 117427.1727582109
115271.3890688507 122864.9380683672
116065.8109094477 123184.8066160234
114953.6203326119 113268.8816386797
117178.0014862836 118866.5812226641
116224.6952775672 113268.8816386797
116224.6952775672 123664.6094375078
116542.4640138060 114068.5530078203
118766.8451674776 125903.6892711016
115271.3890688507 119506.3183179765
119720.1513761940 117587.1070320391
114794.7359644925 123024.8723421953
113364.7766514179 113908.6187339922
113682.5453876567 116787.4356628984
119561.2670080746 122864.9380683672
115906.9265413284 118546.7126750078
118290.1920631194 117747.0413058672
117654.6545906418 119346.3840441484
116065.8109094477 113428.8159125078
115430.2734369702 113908.6187339922
114953.6203326119 115507.9614722734
119561.2670080746 119026.5154964922
117813.5389587612 122065.2666992266
113682.5453876567 115827.8300199297
115430.2734369702 112949.0130910234
115906.9265413284 117747.0413058672
117178.0014862836 119346.3840441484
120196.8044805522 122385.1352468828
116383.5796456866 128462.6376523516
122103.4168979851 118226.8441273516
118449.0764312388 122864.9380683672
116701.3483819254 126703.3606402422
118766.8451674776 125104.0179019609
114635.8515963731 121905.3324253984
114000.3141238955 115188.0929246172
117813.5389587612 122705.0037945391
117813.5389587612 114388.4215554766
115430.2734369702 123824.5437113359
116065.8109094477 122225.2009730547
114318.0828601343 114708.2901031328
118290.1920631194 119186.4497703203
117178.0014862836 121265.5953300859
119243.4982718358 114708.2901031328
118449.0764312388 125743.7549972734
119243.4982718358 124944.0836281328
116701.3483819254 117427.1727582109
115589.1578050895 117906.9755796953
117178.0014862836 117906.9755796953
118131.3076950000 115507.9614722734
119879.0357443134 118866.5812226641
116860.2327500448 125104.0179019609

115748.0421732090 128942.4404738359
117019.1171181642 128942.4404738359
115589.1578050895 128782.5062000078
116701.3483819254 128302.7033785234
117495.7702225224 128302.7033785234
115589.1578050895 127982.8348308672
116383.5796456866 127822.9005570391
115271.3890688507 127023.2291878984
116701.3483819254 126703.3606402422
117495.7702225224 125263.9521757890
118925.7295355970 123824.5437113359
117813.5389587612 123024.8723421953
117654.6545906418 121585.4638777422
119879.0357443134 120465.9239609453
114953.6203326119 119986.1211394609
118290.1920631194 118066.9098535234
114000.3141238955 116947.3699367266
116701.3483819254 116947.3699367266
123056.7231067015 116787.4356628984
120196.8044805522 116627.5013890703
121785.6481617463 116627.5013890703
122738.9543704627 116467.5671152422
113682.5453876567 116147.6985675859
120991.2263211493 115667.8957461016
120514.5732167910 115507.9614722734
120037.9201124328 115188.0929246172
115430.2734369702 115028.1586507891
119402.3826399552 114868.2243769609
117972.4233268806 114548.3558293047
114794.7359644925 114388.4215554766
118766.8451674776 114228.4872816484
117972.4233268806 114068.5530078203
114000.3141238955 113908.6187339922
117178.0014862836 113428.8159125078
113364.7766514179 113268.8816386797
113364.7766514179 112469.2102695391
115430.2734369702 125263.9521757890
115589.1578050895 113428.8159125078
116383.5796456866 128462.6376523516
115430.2734369702 126063.6235449297
121308.9950573880 115987.7642937578
117813.5389587612 115667.8957461016
116065.8109094477 129902.0461168047
115589.1578050895 114228.4872816484
115589.1578050895 116147.6985675859
118131.3076950000 115827.8300199297
118925.7295355970 114868.2243769609
115271.3890688507 123984.4779851641
116383.5796456866 119346.3840441484
121150.1106892686 120625.8582347734
118607.9607993582 117107.3042105547
117336.8858544030 119186.4497703203
116860.2327500448 118546.7126750078
113682.5453876567 112309.2759957109
116224.6952775672 122864.9380683672
120196.8044805522 118066.9098535234
116383.5796456866 130061.9803906328
119561.2670080746 115348.0271984453
119879.0357443134 115987.7642937578
119402.3826399552 122065.2666992266
115271.3890688507 116147.6985675859

115748.0421732090 128942.4404738359
116860.2327500448 128142.7691046953
117495.7702225224 128142.7691046953
117336.8858544030 127982.8348308672
116860.2327500448 127503.0320093828
116701.3483819254 126703.3606402422
115430.2734369702 125263.9521757890
115271.3890688507 125104.0179019609
115430.2734369702 124144.4122589922
118290.1920631194 123984.4779851641
115112.5047007313 123664.6094375078
118925.7295355970 123184.8066160234
120037.9201124328 122385.1352468828
119402.3826399552 122065.2666992266
120832.3419530299 121585.4638777422
120832.3419530299 121105.6610562578
119720.1513761940 120785.7925086016
115589.1578050895 120146.0554132891
118131.3076950000 119346.3840441484
120991.2263211493 119186.4497703203
114318.0828601343 118866.5812226641
116224.6952775672 118226.8441273516
118290.1920631194 118226.8441273516
121785.6481617463 117267.2384843828
123056.7231067015 116787.4356628984
114159.1984920149 116627.5013890703
120196.8044805522 116627.5013890703
121785.6481617463 116627.5013890703
114953.6203326119 116147.6985675859
115589.1578050895 116147.6985675859
121308.9950573880 115987.7642937578
121785.6481617463 115987.7642937578
121150.1106892686 115827.8300199297
117813.5389587612 115667.8957461016
120991.2263211493 115667.8957461016
120514.5732167910 115507.9614722734
120037.9201124328 115188.0929246172
118925.7295355970 114868.2243769609
114318.0828601343 114708.2901031328
114635.8515963731 114708.2901031328
117972.4233268806 114068.5530078203
114000.3141238955 113908.6187339922
113841.4297557761 113588.7501863359
113841.4297557761 112949.0130910234
113364.7766514179 112469.2102695391
115112.5047007313 112469.2102695391
113364.7766514179 111669.5389003984
118131.3076950000 118066.9098535234
116065.8109094477 130061.9803906328
116383.5796456866 127822.9005570391
118290.1920631194 114868.2243769609
121467.8794255075 119986.1211394609
115589.1578050895 128142.7691046953
115589.1578050895 117587.1070320391
118131.3076950000 115827.8300199297
117019.1171181642 115827.8300199297
115589.1578050895 113588.7501863359
116065.8109094477 125263.9521757890
116065.8109094477 115827.8300199297
113364.7766514179 113268.8816386797
116224.6952775672 113428.8159125078

116065.8109094477 130541.7832121172
116065.8109094477 130061.9803906328
115748.0421732090 128942.4404738359
116383.5796456866 128462.6376523516
116860.2327500448 128142.7691046953
116224.6952775672 126703.3606402422
116701.3483819254 126703.3606402422
116065.8109094477 125583.8207234453
115748.0421732090 125423.8864496172
120832.3419530299 121585.4638777422
118131.3076950000 121425.5296039141
115589.1578050895 120146.0554132891
120673.4575849104 119986.1211394609
121467.8794255075 119346.3840441484
116701.3483819254 117427.1727582109
119561.2670080746 117267.2384843828
121785.6481617463 117267.2384843828
120196.8044805522 116627.5013890703
121785.6481617463 116627.5013890703
113682.5453876567 116147.6985675859
114953.6203326119 116147.6985675859
121308.9950573880 115987.7642937578
116065.8109094477 115827.8300199297
117019.1171181642 115827.8300199297
118131.3076950000 115827.8300199297
121150.1106892686 115827.8300199297
120991.2263211493 115667.8957461016
116860.2327500448 115188.0929246172
120037.9201124328 115188.0929246172
117178.0014862836 115028.1586507891
119879.0357443134 114868.2243769609
118607.9607993582 114708.2901031328
115112.5047007313 113268.8816386797
113364.7766514179 112469.2102695391
114635.8515963731 112469.2102695391
114318.0828601343 111989.4074480547
113364.7766514179 111669.5389003984
115430.2734369702 125263.9521757890
120037.9201124328 122385.1352468828
115589.1578050895 114228.4872816484
121785.6481617463 115987.7642937578
117654.6545906418 117427.1727582109
114318.0828601343 114708.2901031328
123215.6074748209 117107.3042105547
120991.2263211493 119186.4497703203
115589.1578050895 116147.6985675859
116065.8109094477 121425.5296039141
122738.9543704627 116467.5671152422
116065.8109094477 126703.3606402422
115112.5047007313 123664.6094375078
117972.4233268806 114068.5530078203
113523.6610195373 114708.2901031328
119720.1513761940 120785.7925086016
119084.6139037164 120945.7267824297
119879.0357443134 115987.7642937578
117019.1171181642 128942.4404738359
117654.6545906418 121585.4638777422
115589.1578050895 116627.5013890703
118925.7295355970 114868.2243769609
119561.2670080746 122545.0695207109
117336.8858544030 123504.6751636797

116860.2327500448 128142.7691046953
116701.3483819254 127343.0977355547
115271.3890688507 127023.2291878984
116065.8109094477 126703.3606402422
115430.2734369702 126063.6235449297
117495.7702225224 125263.9521757890
117495.7702225224 124144.4122589922
115271.3890688507 123984.4779851641
115112.5047007313 123664.6094375078
117336.8858544030 123504.6751636797
116224.6952775672 122864.9380683672
118607.9607993582 122864.9380683672
119561.2670080746 121905.3324253984
120832.3419530299 121585.4638777422
120673.4575849104 121265.5953300859
116701.3483819254 121105.6610562578
121308.9950573880 119026.5154964922
119720.1513761940 118386.7784011797
115112.5047007313 118066.9098535234
120991.2263211493 117906.9755796953
121785.6481617463 117267.2384843828
123215.6074748209 117107.3042105547
120196.8044805522 116627.5013890703
115430.2734369702 115827.8300199297
116065.8109094477 115827.8300199297
117336.8858544030 115667.8957461016
120196.8044805522 115667.8957461016
120514.5732167910 115507.9614722734
118925.7295355970 114868.2243769609
117972.4233268806 114068.5530078203
114000.3141238955 113908.6187339922
115589.1578050895 113588.7501863359
116224.6952775672 113428.8159125078
113364.7766514179 113268.8816386797
113841.4297557761 112949.0130910234
113364.7766514179 112469.2102695391
113364.7766514179 111669.5389003984
116860.2327500448 114868.2243769609
114953.6203326119 119986.1211394609
114953.6203326119 113748.6844601640
118607.9607993582 122225.2009730547
115748.0421732090 128942.4404738359
115589.1578050895 117107.3042105547
118290.1920631194 116467.5671152422
115748.0421732090 117267.2384843828
120037.9201124328 115188.0929246172
121785.6481617463 115987.7642937578
114159.1984920149 117587.1070320391
116065.8109094477 130701.7174859453
119561.2670080746 124304.3465328203
120832.3419530299 116947.3699367266
117178.0014862836 115028.1586507891
116383.5796456866 128462.6376523516
118449.0764312388 122864.9380683672
120991.2263211493 119186.4497703203
119402.3826399552 117267.2384843828
122738.9543704627 116467.5671152422
121944.5325298657 119506.3183179765
118449.0764312388 116787.4356628984
114318.0828601343 118386.7784011797
119402.3826399552 119986.1211394609

120832.3419530299 121745.3981515703
114000.3141238955 115667.8957461016
118925.7295355970 121425.5296039141
117019.1171181642 123344.7408898516
119243.4982718358 118066.9098535234
116860.2327500448 113428.8159125078
120355.6888486716 119826.1868656328
119561.2670080746 117427.1727582109
118290.1920631194 120146.0554132891
115589.1578050895 119826.1868656328
118290.1920631194 122705.0037945391
118766.8451674776 120625.8582347734
117495.7702225224 121585.4638777422
115589.1578050895 124784.1493543047
114953.6203326119 121745.3981515703
117495.7702225224 123824.5437113359
117019.1171181642 117747.0413058672
119402.3826399552 118706.6469488359
115748.0421732090 116467.5671152422
118607.9607993582 124944.0836281328
120514.5732167910 122225.2009730547
117972.4233268806 119506.3183179765
117336.8858544030 126703.3606402422
115271.3890688507 124304.3465328203
118766.8451674776 116787.4356628984
116542.4640138060 123024.8723421953
115906.9265413284 123664.6094375078
114635.8515963731 123024.8723421953
115906.9265413284 124144.4122589922
117019.1171181642 123184.8066160234
115430.2734369702 120305.9896871172
117336.8858544030 118706.6469488359
119084.6139037164 119506.3183179765
116383.5796456866 120305.9896871172
114159.1984920149 114388.4215554766
115271.3890688507 123184.8066160234
118766.8451674776 121425.5296039141
121944.5325298657 117267.2384843828
114476.9672282537 122065.2666992266
117178.0014862836 114868.2243769609
121467.8794255075 116147.6985675859
115906.9265413284 123504.6751636797
121467.8794255075 119666.2525918047
119084.6139037164 125104.0179019609
120355.6888486716 115987.7642937578
118131.3076950000 123824.5437113359
115271.3890688507 122864.9380683672
116065.8109094477 121745.3981515703
116860.2327500448 117906.9755796953
116224.6952775672 114068.5530078203
116224.6952775672 116947.3699367266
120832.3419530299 120945.7267824297
116542.4640138060 118706.6469488359
118449.0764312388 119186.4497703203
121150.1106892686 118866.5812226641
114794.7359644925 121585.4638777422
115748.0421732090 113588.7501863359
119720.1513761940 120305.9896871172
114635.8515963731 122705.0037945391
122897.8387385821 116947.3699367266
116860.2327500448 129102.3747476641

122897.8387385821 116947.3699367266
115271.3890688507 118866.5812226641
114794.7359644925 113428.8159125078
118766.8451674776 115028.1586507891
116383.5796456866 128302.7033785234
114476.9672282537 112629.1445433672
114000.3141238955 112469.2102695391
118766.8451674776 122065.2666992266
121308.9950573880 119346.3840441484
117654.6545906418 119506.3183179765
116224.6952775672 120305.9896871172
115906.9265413284 126863.2949140703
116383.5796456866 113748.6844601640
118131.3076950000 123984.4779851641
115748.0421732090 120305.9896871172
118607.9607993582 121745.3981515703
122262.3012661045 116147.6985675859
115271.3890688507 122545.0695207109
119561.2670080746 119026.5154964922
118607.9607993582 124944.0836281328
120673.4575849104 118866.5812226641
116065.8109094477 127023.2291878984
118607.9607993582 114388.4215554766
114000.3141238955 111989.4074480547
119243.4982718358 116787.4356628984
120196.8044805522 118386.7784011797
116383.5796456866 117427.1727582109
119402.3826399552 118866.5812226641
116065.8109094477 114868.2243769609
114953.6203326119 115507.9614722734
116224.6952775672 116147.6985675859
117178.0014862836 118386.7784011797
118449.0764312388 122065.2666992266
118131.3076950000 125263.9521757890
117019.1171181642 122225.2009730547
116383.5796456866 118546.7126750078
120355.6888486716 118226.8441273516
116860.2327500448 125903.6892711016
121944.5325298657 119346.3840441484
115906.9265413284 114388.4215554766
113523.6610195373 115667.8957461016
116383.5796456866 123344.7408898516
116383.5796456866 130061.9803906328
118925.7295355970 117107.3042105547
114476.9672282537 119826.1868656328
115589.1578050895 124144.4122589922
116383.5796456866 127023.2291878984
120355.6888486716 121425.5296039141
118449.0764312388 116947.3699367266
116224.6952775672 112949.0130910234
116701.3483819254 128782.5062000078
118607.9607993582 117107.3042105547
115589.1578050895 122864.9380683672
114794.7359644925 118706.6469488359
116383.5796456866 120785.7925086016
118290.1920631194 119346.3840441484
119402.3826399552 121745.3981515703
114953.6203326119 112629.1445433672
115748.0421732090 112949.0130910234
116065.8109094477 127822.9005570391
113682.5453876567 115827.8300199297

121467.8794255075 117747.0413058672
120514.5732167910 117427.1727582109
115271.3890688507 125104.0179019609
114794.7359644925 120465.9239609453
115112.5047007313 123024.8723421953
114794.7359644925 119986.1211394609
116224.6952775672 113748.6844601640
116224.6952775672 122545.0695207109
114476.9672282537 121585.4638777422
115271.3890688507 114068.5530078203
119720.1513761940 121745.3981515703
116701.3483819254 117107.3042105547
113205.8922832985 112469.2102695391
118131.3076950000 116947.3699367266
117654.6545906418 128142.7691046953
122262.3012661045 118546.7126750078
119879.0357443134 120785.7925086016
116065.8109094477 122864.9380683672
116065.8109094477 126063.6235449297
114953.6203326119 121905.3324253984
118607.9607993582 120785.7925086016
115906.9265413284 118546.7126750078
114635.8515963731 115028.1586507891
117495.7702225224 124144.4122589922
113682.5453876567 114868.2243769609
116701.3483819254 114228.4872816484
116065.8109094477 117587.1070320391
118766.8451674776 123504.6751636797
117019.1171181642 120146.0554132891
118766.8451674776 115028.1586507891
118290.1920631194 121105.6610562578
116224.6952775672 123024.8723421953
116860.2327500448 118546.7126750078
115430.2734369702 112629.1445433672
119561.2670080746 122545.0695207109
119879.0357443134 119026.5154964922
114794.7359644925 122705.0037945391
117019.1171181642 125263.9521757890
118449.0764312388 117906.9755796953
116701.3483819254 121585.4638777422
118131.3076950000 118706.6469488359
118925.7295355970 119826.1868656328
114000.3141238955 118546.7126750078
115906.9265413284 123984.4779851641
122897.8387385821 116947.3699367266
122103.4168979851 119026.5154964922
116224.6952775672 130061.9803906328
118131.3076950000 115667.8957461016
118449.0764312388 119826.1868656328
118449.0764312388 115667.8957461016
121785.6481617463 118706.6469488359
116383.5796456866 118226.8441273516
117178.0014862836 122065.2666992266
117654.6545906418 123024.8723421953
119879.0357443134 116307.6328414141
117336.8858544030 115667.8957461016
116860.2327500448 113428.8159125078
117495.7702225224 121585.4638777422
116383.5796456866 127023.2291878984
116383.5796456866 119026.5154964922
119720.1513761940 115188.0929246172

116860.2327500448 128142.7691046953
116065.8109094477 127982.8348308672
117336.8858544030 127982.8348308672
117019.1171181642 127183.1634617266
118449.0764312388 126223.5578187578
115271.3890688507 123984.4779851641
119561.2670080746 122545.0695207109
120832.3419530299 121585.4638777422
116065.8109094477 121425.5296039141
119879.0357443134 120465.9239609453
115589.1578050895 119826.1868656328
121467.8794255075 119346.3840441484
117336.8858544030 119186.4497703203
120991.2263211493 119186.4497703203
120196.8044805522 118706.6469488359
119720.1513761940 118386.7784011797
115906.9265413284 117747.0413058672
121785.6481617463 116627.5013890703
119084.6139037164 116467.5671152422
114953.6203326119 116147.6985675859
119879.0357443134 115987.7642937578
121308.9950573880 115987.7642937578
117178.0014862836 115667.8957461016
117813.5389587612 115667.8957461016
120991.2263211493 115667.8957461016
117654.6545906418 115507.9614722734
120037.9201124328 115188.0929246172
117178.0014862836 115028.1586507891
118925.7295355970 114868.2243769609
114635.8515963731 114708.2901031328
118766.8451674776 114228.4872816484
114000.3141238955 113908.6187339922
117178.0014862836 113428.8159125078
113841.4297557761 112949.0130910234
113682.5453876567 112309.2759957109
114476.9672282537 112309.2759957109
115112.5047007313 112469.2102695391
116701.3483819254 129902.0461168047
122738.9543704627 116467.5671152422
118449.0764312388 116787.4356628984
114794.7359644925 114388.4215554766
121308.9950573880 119026.5154964922
120514.5732167910 121745.3981515703
119402.3826399552 114868.2243769609
120196.8044805522 116627.5013890703
114953.6203326119 119986.1211394609
116860.2327500448 114868.2243769609
115589.1578050895 113588.7501863359
117336.8858544030 123504.6751636797
119720.1513761940 115987.7642937578
116701.3483819254 127343.0977355547
119243.4982718358 123504.6751636797
121150.1106892686 115827.8300199297
117495.7702225224 123824.5437113359
115589.1578050895 127982.8348308672
118131.3076950000 119346.3840441484
116065.8109094477 130541.7832121172
120196.8044805522 118066.9098535234
118131.3076950000 115827.8300199297
117654.6545906418 121585.4638777422
115271.3890688507 115028.1586507891

119720.1513761940 123824.5437113359
115271.3890688507 120305.9896871172
114635.8515963731 119986.1211394609
116701.3483819254 117747.0413058672
117972.4233268806 125104.0179019609
114635.8515963731 122864.9380683672
114953.6203326119 119826.1868656328
115112.5047007313 122225.2009730547
117972.4233268806 122385.1352468828
119402.3826399552 117427.1727582109
115589.1578050895 117587.1070320391
117813.5389587612 122705.0037945391
120037.9201124328 116467.5671152422
117972.4233268806 123984.4779851641
116224.6952775672 126703.3606402422
115112.5047007313 113908.6187339922
119243.4982718358 120465.9239609453
119243.4982718358 123344.7408898516
119720.1513761940 118226.8441273516
114635.8515963731 122385.1352468828
121308.9950573880 115827.8300199297
120673.4575849104 119186.4497703203
118449.0764312388 124624.2150804766
116065.8109094477 122225.2009730547
116065.8109094477 122864.9380683672
120832.3419530299 117747.0413058672
119879.0357443134 122864.9380683672
114794.7359644925 118866.5812226641
115430.2734369702 127982.8348308672
120832.3419530299 117906.9755796953
118449.0764312388 118386.7784011797
116383.5796456866 119826.1868656328
114794.7359644925 121265.5953300859
113682.5453876567 113108.9473648516
120991.2263211493 119666.2525918047
116383.5796456866 115667.8957461016
119720.1513761940 117906.9755796953
114953.6203326119 115507.9614722734
115430.2734369702 120625.8582347734
115430.2734369702 112789.0788171953
114635.8515963731 123024.8723421953
116701.3483819254 124144.4122589922
115589.1578050895 113108.9473648516
116701.3483819254 118546.7126750078
118607.9607993582 123504.6751636797
119402.3826399552 124624.2150804766
114794.7359644925 122864.9380683672
120196.8044805522 121105.6610562578
115271.3890688507 123984.4779851641
117019.1171181642 127822.9005570391
115906.9265413284 122385.1352468828
117336.8858544030 117587.1070320391
115430.2734369702 123984.4779851641
120355.6888486716 115667.8957461016
116542.4640138060 113748.6844601640
115906.9265413284 123184.8066160234
117336.8858544030 122864.9380683672
117019.1171181642 122545.0695207109
116383.5796456866 117427.1727582109
115748.0421732090 120785.7925086016
114794.7359644925 114228.4872816484

115589.1578050895 128142.7691046953
115271.3890688507 125104.0179019609
115906.9265413284 119826.1868656328
118131.3076950000 118066.9098535234
119084.6139037164 116467.5671152422
116065.8109094477 115827.8300199297
118925.7295355970 114868.2243769609
119402.3826399552 114868.2243769609
116224.6952775672 113428.8159125078
114318.0828601343 113108.9473648516
114794.7359644925 112469.2102695391
113682.5453876567 112309.2759957109
121785.6481617463 115987.7642937578
118607.9607993582 119186.4497703203
117336.8858544030 119026.5154964922
115112.5047007313 116307.6328414141
117019.1171181642 129102.3747476641
113364.7766514179 113268.8816386797
114953.6203326119 115507.9614722734
116860.2327500448 117587.1070320391
116224.6952775672 117267.2384843828
122738.9543704627 116467.5671152422
115748.0421732090 129262.3090214922
118766.8451674776 124784.1493543047
113841.4297557761 112949.0130910234
115271.3890688507 113588.7501863359
118607.9607993582 122225.2009730547
115748.0421732090 120625.8582347734
116224.6952775672 122864.9380683672
115271.3890688507 122705.0037945391
114318.0828601343 118386.7784011797
117813.5389587612 121425.5296039141
113364.7766514179 112149.3417218828
114159.1984920149 114868.2243769609
123056.7231067015 116627.5013890703
115271.3890688507 121745.3981515703
117178.0014862836 115667.8957461016
115430.2734369702 123984.4779851641
114635.8515963731 112149.3417218828
115430.2734369702 127662.9662832109
117336.8858544030 123504.6751636797
117813.5389587612 119986.1211394609
117813.5389587612 121585.4638777422
115906.9265413284 119026.5154964922
118925.7295355970 120625.8582347734
117972.4233268806 119186.4497703203
117972.4233268806 117107.3042105547
119243.4982718358 121265.5953300859
118290.1920631194 123984.4779851641
117495.7702225224 118866.5812226641
118131.3076950000 119346.3840441484
121308.9950573880 119346.3840441484
117654.6545906418 126223.5578187578
112888.1235470597 111509.6046265703
121308.9950573880 115987.7642937578
115271.3890688507 114548.3558293047
115430.2734369702 112629.1445433672
119243.4982718358 123504.6751636797
117495.7702225224 123664.6094375078
117019.1171181642 122385.1352468828
115271.3890688507 118066.9098535234

114953.6203326119 119986.1211394609
117654.6545906418 121425.5296039141
115748.0421732090 115348.0271984453
117972.4233268806 126543.4263664141
117654.6545906418 124944.0836281328
120196.8044805522 119026.5154964922
115112.5047007313 123984.4779851641
117019.1171181642 126543.4263664141
117654.6545906418 127982.8348308672
119720.1513761940 122705.0037945391
115271.3890688507 112949.0130910234
115589.1578050895 123024.8723421953
122103.4168979851 117107.3042105547
116383.5796456866 122385.1352468828
117654.6545906418 120465.9239609453
115430.2734369702 123184.8066160234
116065.8109094477 122385.1352468828
117972.4233268806 118226.8441273516
118290.1920631194 121585.4638777422
115748.0421732090 115827.8300199297
115271.3890688507 114548.3558293047
121150.1106892686 118386.7784011797
117654.6545906418 115987.7642937578
115748.0421732090 120465.9239609453
118607.9607993582 117587.1070320391
114159.1984920149 115987.7642937578
115430.2734369702 126383.4920925859
117813.5389587612 122864.9380683672
115271.3890688507 117427.1727582109
119402.3826399552 117107.3042105547
117813.5389587612 124464.2808066484
115589.1578050895 121745.3981515703
115112.5047007313 120785.7925086016
116383.5796456866 128942.4404738359
118449.0764312388 126383.4920925859
115430.2734369702 122385.1352468828
116383.5796456866 125583.8207234453
115589.1578050895 123344.7408898516
117495.7702225224 119666.2525918047
115589.1578050895 113268.8816386797
114794.7359644925 123344.7408898516
118925.7295355970 123024.8723421953
118131.3076950000 123824.5437113359
116224.6952775672 120305.9896871172
115748.0421732090 126223.5578187578
120673.4575849104 115987.7642937578
118131.3076950000 122225.2009730547
114476.9672282537 119506.3183179765
118607.9607993582 120785.7925086016
115906.9265413284 123184.8066160234
117019.1171181642 122065.2666992266
117654.6545906418 125263.9521757890
116701.3483819254 128782.5062000078
120355.6888486716 119666.2525918047
119402.3826399552 121905.3324253984
114794.7359644925 121265.5953300859
117336.8858544030 113588.7501863359
116224.6952775672 122864.9380683672
121467.8794255075 119506.3183179765
115112.5047007313 123664.6094375078
116224.6952775672 113588.7501863359

116701.3483819254 128302.7033785234
117495.7702225224 128302.7033785234
115589.1578050895 127982.8348308672
116383.5796456866 127822.9005570391
116224.6952775672 127662.9662832109
115906.9265413284 127023.2291878984
118290.1920631194 126383.4920925859
119243.4982718358 123504.6751636797
115589.1578050895 122225.2009730547
118607.9607993582 122225.2009730547
116065.8109094477 121425.5296039141
117813.5389587612 121425.5296039141
118131.3076950000 121425.5296039141
114635.8515963731 119826.1868656328
115589.1578050895 119826.1868656328
121467.8794255075 119346.3840441484
117336.8858544030 119186.4497703203
120991.2263211493 119186.4497703203
119243.4982718358 118386.7784011797
115112.5047007313 118066.9098535234
115589.1578050895 117587.1070320391
115589.1578050895 117107.3042105547
116701.3483819254 116947.3699367266
116065.8109094477 115827.8300199297
117019.1171181642 115827.8300199297
120514.5732167910 115507.9614722734
120037.9201124328 115188.0929246172
117178.0014862836 115028.1586507891
119561.2670080746 115028.1586507891
118925.7295355970 114868.2243769609
119879.0357443134 114868.2243769609
114635.8515963731 114708.2901031328
118766.8451674776 114228.4872816484
117972.4233268806 114068.5530078203
115589.1578050895 113588.7501863359
113364.7766514179 113268.8816386797
114318.0828601343 113108.9473648516
116542.4640138060 113108.9473648516
113841.4297557761 112949.0130910234
113682.5453876567 112309.2759957109
119402.3826399552 117267.2384843828
117336.8858544030 128302.7033785234
119561.2670080746 124304.3465328203
114318.0828601343 119986.1211394609
119243.4982718358 122225.2009730547
118449.0764312388 116787.4356628984
116065.8109094477 125263.9521757890
122580.0700023433 117906.9755796953
115430.2734369702 124144.4122589922
114318.0828601343 116627.5013890703
115906.9265413284 119826.1868656328
120037.9201124328 118866.5812226641
117178.0014862836 113428.8159125078
115271.3890688507 123984.4779851641
114318.0828601343 118386.7784011797
115748.0421732090 129102.3747476641
114476.9672282537 112309.2759957109
114794.7359644925 112469.2102695391
121785.6481617463 115987.7642937578
120832.3419530299 116947.3699367266
116860.2327500448 128142.7691046953

115112.5047007313 118066.9098535234
113682.5453876567 115507.9614722734
118131.3076950000 115188.0929246172
116860.2327500448 119666.2525918047
122103.4168979851 118066.9098535234
120355.6888486716 119186.4497703203
114000.3141238955 112469.2102695391
119243.4982718358 122545.0695207109
120196.8044805522 118866.5812226641
117972.4233268806 122545.0695207109
115112.5047007313 126063.6235449297
114953.6203326119 121905.3324253984
119561.2670080746 117267.2384843828
115748.0421732090 118226.8441273516
115748.0421732090 122705.0037945391
113523.6610195373 111509.6046265703
117654.6545906418 114068.5530078203
119243.4982718358 115188.0929246172
123215.6074748209 116627.5013890703
116065.8109094477 123664.6094375078
115112.5047007313 114868.2243769609
115906.9265413284 120305.9896871172
115271.3890688507 122065.2666992266
114953.6203326119 113748.6844601640
116065.8109094477 118706.6469488359
115906.9265413284 130541.7832121172
117972.4233268806 119826.1868656328
115430.2734369702 120625.8582347734
118925.7295355970 117587.1070320391
116701.3483819254 119346.3840441484
116383.5796456866 115507.9614722734
118131.3076950000 120785.7925086016
118449.0764312388 126223.5578187578
118766.8451674776 125263.9521757890
118449.0764312388 121905.3324253984
123056.7231067015 117107.3042105547
114635.8515963731 117747.0413058672
116542.4640138060 127343.0977355547
117813.5389587612 114068.5530078203
113364.7766514179 112629.1445433672
115430.2734369702 123984.4779851641
119720.1513761940 115507.9614722734
116224.6952775672 116467.5671152422
120037.9201124328 123344.7408898516
119561.2670080746 121265.5953300859
117813.5389587612 121745.3981515703
114000.3141238955 118866.5812226641
117336.8858544030 121585.4638777422
118131.3076950000 126383.4920925859
119720.1513761940 117587.1070320391
115112.5047007313 112629.1445433672
118766.8451674776 120625.8582347734
119720.1513761940 122864.9380683672
116542.4640138060 127023.2291878984
116065.8109094477 127183.1634617266
114794.7359644925 119666.2525918047
114794.7359644925 114868.2243769609
115748.0421732090 114708.2901031328
116542.4640138060 124784.1493543047
119879.0357443134 116307.6328414141
117336.8858544030 128462.6376523516

116701.3483819254 129902.0461168047
116224.6952775672 128302.7033785234
116701.3483819254 128302.7033785234
117495.7702225224 128302.7033785234
116065.8109094477 125583.8207234453
117495.7702225224 125263.9521757890
115271.3890688507 125104.0179019609
119561.2670080746 124304.3465328203
115271.3890688507 123984.4779851641
117336.8858544030 123504.6751636797
118131.3076950000 123504.6751636797
116224.6952775672 122864.9380683672
120037.9201124328 122385.1352468828
115589.1578050895 122225.2009730547
118607.9607993582 122225.2009730547
116701.3483819254 121585.4638777422
117813.5389587612 121425.5296039141
115589.1578050895 120146.0554132891
117178.0014862836 119986.1211394609
119402.3826399552 119986.1211394609
115589.1578050895 119826.1868656328
117336.8858544030 119186.4497703203
120196.8044805522 118706.6469488359
115112.5047007313 118066.9098535234
119402.3826399552 117267.2384843828
116224.6952775672 116947.3699367266
114318.0828601343 116627.5013890703
120196.8044805522 116627.5013890703
122738.9543704627 116467.5671152422
118131.3076950000 115827.8300199297
120196.8044805522 115667.8957461016
120037.9201124328 115188.0929246172
117178.0014862836 115028.1586507891
119561.2670080746 115028.1586507891
116860.2327500448 114868.2243769609
118925.7295355970 114868.2243769609
114635.8515963731 114708.2901031328
117178.0014862836 113428.8159125078
113364.7766514179 113268.8816386797
114794.7359644925 112469.2102695391
115112.5047007313 112469.2102695391
114476.9672282537 112309.2759957109
113205.8922832985 112149.3417218828
113364.7766514179 111669.5389003984
114318.0828601343 114708.2901031328
114953.6203326119 119986.1211394609
119879.0357443134 118706.6469488359
116860.2327500448 125104.0179019609
114318.0828601343 113108.9473648516
116383.5796456866 128462.6376523516
114794.7359644925 114388.4215554766
120832.3419530299 121745.3981515703
115589.1578050895 113588.7501863359
119402.3826399552 120625.8582347734
119879.0357443134 115987.7642937578
116860.2327500448 118706.6469488359
121308.9950573880 119026.5154964922
116224.6952775672 118226.8441273516
113841.4297557761 112949.0130910234
119084.6139037164 123504.6751636797
117972.4233268806 114068.5530078203

116542.4640138060 119506.3183179765
116701.3483819254 124624.2150804766
116542.4640138060 127343.0977355547
116224.6952775672 128462.6376523516
119402.3826399552 124144.4122589922
115271.3890688507 121745.3981515703
117654.6545906418 119346.3840441484
114635.8515963731 120305.9896871172
114635.8515963731 117267.2384843828
114794.7359644925 114708.2901031328
116383.5796456866 115667.8957461016
116383.5796456866 120465.9239609453
119084.6139037164 122705.0037945391
121467.8794255075 120465.9239609453
120037.9201124328 116947.3699367266
120355.6888486716 115348.0271984453
117178.0014862836 115987.7642937578
116224.6952775672 115507.9614722734
116860.2327500448 120146.0554132891
119243.4982718358 123664.6094375078
118766.8451674776 118866.5812226641
113841.4297557761 111989.4074480547
117813.5389587612 124144.4122589922
116224.6952775672 126703.3606402422
120037.9201124328 122385.1352468828
117654.6545906418 116467.5671152422
116542.4640138060 129422.2432953203
115430.2734369702 116307.6328414141
118131.3076950000 114068.5530078203
118290.1920631194 124784.1493543047
114476.9672282537 119826.1868656328
114476.9672282537 113428.8159125078
116701.3483819254 125423.8864496172
118607.9607993582 121425.5296039141
114953.6203326119 124624.2150804766
122421.1856342239 117906.9755796953
116860.2327500448 116947.3699367266
122262.3012661045 116627.5013890703
119084.6139037164 125104.0179019609
119402.3826399552 118866.5812226641
115748.0421732090 123184.8066160234
114318.0828601343 118226.8441273516
116383.5796456866 123504.6751636797
116860.2327500448 122385.1352468828
115430.2734369702 127662.9662832109
113841.4297557761 112789.0788171953
116542.4640138060 116307.6328414141
121150.1106892686 119666.2525918047
118449.0764312388 118546.7126750078
114794.7359644925 118546.7126750078
114159.1984920149 115667.8957461016
116701.3483819254 113268.8816386797
118925.7295355970 115507.9614722734
117495.7702225224 114708.2901031328
122897.8387385821 117267.2384843828
121626.7637936269 117267.2384843828
118766.8451674776 117427.1727582109
117495.7702225224 123824.5437113359
121150.1106892686 119186.4497703203
119720.1513761940 120146.0554132891
113682.5453876567 111829.4731742266

116065.8109094477 130701.7174859453
116224.6952775672 128302.7033785234
116701.3483819254 128302.7033785234
117495.7702225224 128302.7033785234
115589.1578050895 128142.7691046953
116065.8109094477 125583.8207234453
117495.7702225224 125263.9521757890
115271.3890688507 125104.0179019609
116860.2327500448 125104.0179019609
119561.2670080746 124304.3465328203
117336.8858544030 123504.6751636797
119084.6139037164 123504.6751636797
118607.9607993582 122705.0037945391
120037.9201124328 122385.1352468828
115589.1578050895 122225.2009730547
119243.4982718358 122225.2009730547
117813.5389587612 121425.5296039141
120355.6888486716 120785.7925086016
119402.3826399552 120625.8582347734
121150.1106892686 120625.8582347734
117654.6545906418 120146.0554132891
119402.3826399552 119986.1211394609
115589.1578050895 119826.1868656328
121467.8794255075 119346.3840441484
121308.9950573880 119026.5154964922
115112.5047007313 118066.9098535234
121150.1106892686 118066.9098535234
119402.3826399552 117267.2384843828
116701.3483819254 116947.3699367266
121785.6481617463 116627.5013890703
114953.6203326119 116147.6985675859
115906.9265413284 115827.8300199297
118131.3076950000 115827.8300199297
120196.8044805522 115667.8957461016
120514.5732167910 115507.9614722734
119561.2670080746 115348.0271984453
120037.9201124328 115188.0929246172
117972.4233268806 114548.3558293047
117972.4233268806 114068.5530078203
115589.1578050895 113588.7501863359
116224.6952775672 113428.8159125078
113841.4297557761 112949.0130910234
114476.9672282537 112789.0788171953
115112.5047007313 112469.2102695391
113364.7766514179 111669.5389003984
117178.0014862836 119986.1211394609
116701.3483819254 117427.1727582109
115430.2734369702 126063.6235449297
120832.3419530299 121105.6610562578
115430.2734369702 124144.4122589922
117178.0014862836 113428.8159125078
114953.6203326119 113748.6844601640
115430.2734369702 115827.8300199297
119879.0357443134 123024.8723421953
116065.8109094477 129902.0461168047
113682.5453876567 116147.6985675859
121785.6481617463 115987.7642937578
114318.0828601343 116627.5013890703
116701.3483819254 121585.4638777422
114476.9672282537 112309.2759957109
114476.9672282537 118866.5812226641

115906.9265413284 123824.5437113359
115906.9265413284 121105.6610562578
116065.8109094477 115987.7642937578
117495.7702225224 123984.4779851641
113523.6610195373 113908.6187339922
121308.9950573880 118226.8441273516
115748.0421732090 118226.8441273516
118290.1920631194 118546.7126750078
116701.3483819254 113428.8159125078
120514.5732167910 120945.7267824297
119243.4982718358 119186.4497703203
114318.0828601343 116627.5013890703
112888.1235470597 111349.6703527422
117495.7702225224 117107.3042105547
120196.8044805522 120305.9896871172
118607.9607993582 123024.8723421953
113364.7766514179 112949.0130910234
113523.6610195373 111989.4074480547
113523.6610195373 115348.0271984453
121626.7637936269 119666.2525918047
117019.1171181642 121585.4638777422
115589.1578050895 114228.4872816484
117813.5389587612 123024.8723421953
115589.1578050895 123184.8066160234
116065.8109094477 116947.3699367266
115430.2734369702 123344.7408898516
122421.1856342239 116147.6985675859
115271.3890688507 115987.7642937578
119243.4982718358 118386.7784011797
117336.8858544030 119026.5154964922
118131.3076950000 122225.2009730547
116542.4640138060 123984.4779851641
115589.1578050895 126063.6235449297
114635.8515963731 121745.3981515703
117019.1171181642 114388.4215554766
119402.3826399552 115667.8957461016
117813.5389587612 123984.4779851641
117019.1171181642 125743.7549972734
118607.9607993582 125903.6892711016
114318.0828601343 112469.2102695391
120355.6888486716 115667.8957461016
115906.9265413284 122705.0037945391
123215.6074748209 117107.3042105547
116224.6952775672 118226.8441273516
122580.0700023433 116787.4356628984
117813.5389587612 121425.5296039141
118925.7295355970 121265.5953300859
119402.3826399552 116787.4356628984
116701.3483819254 115987.7642937578
117336.8858544030 118386.7784011797
117813.5389587612 118866.5812226641
114000.3141238955 117427.1727582109
119561.2670080746 118226.8441273516
117972.4233268806 126863.2949140703
118766.8451674776 122065.2666992266
121626.7637936269 115987.7642937578
114794.7359644925 121905.3324253984
116701.3483819254 114228.4872816484
119720.1513761940 121745.3981515703
118925.7295355970 124784.1493543047
120991.2263211493 116787.4356628984

119879.0357443134 121105.6610562578
114953.6203326119 120625.8582347734
120673.4575849104 119506.3183179765
116383.5796456866 123664.6094375078
116065.8109094477 122065.2666992266
118607.9607993582 126223.5578187578
116224.6952775672 122065.2666992266
115748.0421732090 116627.5013890703
122103.4168979851 118226.8441273516
118607.9607993582 125263.9521757890
115271.3890688507 117906.9755796953
119084.6139037164 117107.3042105547
114000.3141238955 115507.9614722734
115906.9265413284 119186.4497703203
120514.5732167910 115987.7642937578
114953.6203326119 123024.8723421953
114953.6203326119 124464.2808066484
117178.0014862836 128942.4404738359
119561.2670080746 121905.3324253984
119243.4982718358 121585.4638777422
116383.5796456866 121105.6610562578
120037.9201124328 123024.8723421953
115589.1578050895 122065.2666992266
115906.9265413284 117906.9755796953
118766.8451674776 122864.9380683672
114000.3141238955 117427.1727582109
114794.7359644925 114548.3558293047
115748.0421732090 121585.4638777422
118290.1920631194 122225.2009730547
115906.9265413284 118386.7784011797
116701.3483819254 120305.9896871172
116542.4640138060 123504.6751636797
115112.5047007313 122225.2009730547
121626.7637936269 118386.7784011797
115271.3890688507 121265.5953300859
117654.6545906418 118386.7784011797
119561.2670080746 115667.8957461016
118607.9607993582 121905.3324253984
119720.1513761940 117427.1727582109
120514.5732167910 121905.3324253984
115748.0421732090 118386.7784011797
117972.4233268806 126863.2949140703
116701.3483819254 120146.0554132891
113841.4297557761 111669.5389003984
114476.9672282537 116627.5013890703
120196.8044805522 122385.1352468828
117019.1171181642 117587.1070320391
115748.0421732090 112789.0788171953
115112.5047007313 114548.3558293047
116542.4640138060 120146.0554132891
118766.8451674776 117267.2384843828
115271.3890688507 113428.8159125078
114794.7359644925 118386.7784011797
113841.4297557761 112949.0130910234
117336.8858544030 121585.4638777422
115906.9265413284 117427.1727582109
114476.9672282537 122065.2666992266
119720.1513761940 121105.6610562578
118766.8451674776 124944.0836281328
116224.6952775672 126543.4263664141
115906.9265413284 127343.0977355547

118607.9607993582 117427.1727582109
117654.6545906418 123184.8066160234
113047.0079151791 111349.6703527422
116383.5796456866 122545.0695207109
114635.8515963731 122864.9380683672
119243.4982718358 116627.5013890703
117813.5389587612 125263.9521757890
120514.5732167910 116787.4356628984
117972.4233268806 125583.8207234453
119561.2670080746 122065.2666992266
121308.9950573880 116307.6328414141
118290.1920631194 123504.6751636797
118607.9607993582 118866.5812226641
116065.8109094477 116627.5013890703
113682.5453876567 112789.0788171953
114953.6203326119 123664.6094375078
117972.4233268806 114068.5530078203
120037.9201124328 121905.3324253984
115112.5047007313 119346.3840441484
118290.1920631194 117107.3042105547
119402.3826399552 115827.8300199297
116224.6952775672 113268.8816386797
114635.8515963731 112629.1445433672
114159.1984920149 119666.2525918047
115906.9265413284 117747.0413058672
115589.1578050895 117747.0413058672
118766.8451674776 121745.3981515703
118766.8451674776 121425.5296039141
118766.8451674776 120945.7267824297
117019.1171181642 116787.4356628984
120355.6888486716 119986.1211394609
119561.2670080746 114868.2243769609
114159.1984920149 118386.7784011797
116860.2327500448 116947.3699367266
120832.3419530299 121425.5296039141
115589.1578050895 113908.6187339922
115589.1578050895 122385.1352468828
120355.6888486716 119186.4497703203
116701.3483819254 121585.4638777422
114953.6203326119 114388.4215554766
116860.2327500448 122385.1352468828
112888.1235470597 111189.7360789141
115906.9265413284 123184.8066160234
118449.0764312388 120785.7925086016
114635.8515963731 118226.8441273516
120037.9201124328 121585.4638777422
120355.6888486716 122065.2666992266
115430.2734369702 114708.2901031328
116383.5796456866 113908.6187339922
118449.0764312388 121425.5296039141
114476.9672282537 119026.5154964922
118131.3076950000 114548.3558293047
115112.5047007313 123344.7408898516
120832.3419530299 116787.4356628984
115430.2734369702 121905.3324253984
122103.4168979851 118386.7784011797
121626.7637936269 118546.7126750078
118131.3076950000 126703.3606402422
116383.5796456866 113268.8816386797
113682.5453876567 113268.8816386797
120196.8044805522 117747.0413058672

116065.8109094477 130701.7174859453
116701.3483819254 127343.0977355547
118131.3076950000 127183.1634617266
115430.2734369702 126063.6235449297
117654.6545906418 126063.6235449297
115271.3890688507 125903.6892711016
115271.3890688507 123984.4779851641
118925.7295355970 123824.5437113359
119720.1513761940 123824.5437113359
114794.7359644925 123664.6094375078
115112.5047007313 123664.6094375078
118449.0764312388 123344.7408898516
118449.0764312388 122225.2009730547
120832.3419530299 121105.6610562578
118607.9607993582 120625.8582347734
114953.6203326119 119986.1211394609
118131.3076950000 119346.3840441484
118131.3076950000 118866.5812226641
119720.1513761940 118386.7784011797
115589.1578050895 117107.3042105547
120196.8044805522 116627.5013890703
122738.9543704627 116467.5671152422
114635.8515963731 116307.6328414141
122262.3012661045 116307.6328414141
114000.3141238955 115987.7642937578
121308.9950573880 115987.7642937578
116065.8109094477 115827.8300199297
117019.1171181642 115827.8300199297
120991.2263211493 115667.8957461016
120514.5732167910 115507.9614722734
119561.2670080746 115348.0271984453
113523.6610195373 115188.0929246172
117178.0014862836 115028.1586507891
115112.5047007313 114548.3558293047
116701.3483819254 114548.3558293047
114000.3141238955 113908.6187339922
114318.0828601343 113108.9473648516
113682.5453876567 112309.2759957109
113205.8922832985 111349.6703527422
119720.1513761940 115987.7642937578
116701.3483819254 116467.5671152422
115589.1578050895 128782.5062000078
116224.6952775672 121745.3981515703
113205.8922832985 112149.3417218828
117972.4233268806 115827.8300199297
118290.1920631194 118066.9098535234
119561.2670080746 121905.3324253984
117813.5389587612 120305.9896871172
114794.7359644925 117267.2384843828
114953.6203326119 116147.6985675859
116701.3483819254 116947.3699367266
116860.2327500448 115188.0929246172
116383.5796456866 128462.6376523516
116860.2327500448 128462.6376523516
120832.3419530299 119186.4497703203
117654.6545906418 117427.1727582109
115112.5047007313 112469.2102695391
116701.3483819254 128302.7033785234
117813.5389587612 118066.9098535234
119402.3826399552 117267.2384843828
121944.5325298657 116147.6985675859

116065.8109094477 131181.5203074297
116224.6952775672 127503.0320093828
117972.4233268806 127343.0977355547
116542.4640138060 126223.5578187578
116542.4640138060 123504.6751636797
114953.6203326119 123344.7408898516
118131.3076950000 123344.7408898516
116701.3483819254 120305.9896871172
116701.3483819254 118866.5812226641
119243.4982718358 118546.7126750078
117495.7702225224 118226.8441273516
119084.6139037164 117427.1727582109
121467.8794255075 117427.1727582109
119879.0357443134 117107.3042105547
113841.4297557761 116147.6985675859
120037.9201124328 115987.7642937578
121626.7637936269 115987.7642937578
113682.5453876567 115667.8957461016
117654.6545906418 115507.9614722734
115271.3890688507 114388.4215554766
113682.5453876567 111829.4731742266
120355.6888486716 118226.8441273516
115271.3890688507 127023.2291878984
119084.6139037164 114548.3558293047
116065.8109094477 126543.4263664141
123374.4918429403 116787.4356628984
121150.1106892686 119346.3840441484
118607.9607993582 122225.2009730547
115589.1578050895 115827.8300199297
113523.6610195373 113428.8159125078
117178.0014862836 126863.2949140703
122580.0700023433 117587.1070320391
117813.5389587612 116787.4356628984
115271.3890688507 119986.1211394609
119243.4982718358 115028.1586507891
119402.3826399552 118866.5812226641
115748.0421732090 114868.2243769609
116065.8109094477 122864.9380683672
115748.0421732090 118226.8441273516
119879.0357443134 120146.0554132891
116065.8109094477 120945.7267824297
120196.8044805522 116307.6328414141
114000.3141238955 114388.4215554766
117019.1171181642 117427.1727582109
117813.5389587612 122545.0695207109
114953.6203326119 121425.5296039141
119402.3826399552 121905.3324253984
119720.1513761940 119826.1868656328
115112.5047007313 112309.2759957109
115589.1578050895 124784.1493543047
115271.3890688507 114548.3558293047
114159.1984920149 119186.4497703203
115748.0421732090 123984.4779851641
114318.0828601343 120785.7925086016
116542.4640138060 118386.7784011797
116860.2327500448 121905.3324253984
114000.3141238955 117267.2384843828
114476.9672282537 119026.5154964922
119402.3826399552 115028.1586507891
117336.8858544030 113908.6187339922
114476.9672282537 117906.9755796953

