854182524.5489994287 21418204.3750000000
828148175.3882083893 21271778.7656250000
836955861.4926329851 21376504.9882812500
832137533.8052403927 21345170.0781250000
829821541.4799740314 21280583.5898437500
825616030.8208165169 21268044.6386718750
835311624.5907324553 21348894.7070312500
848534319.6487220526 21404686.2539062500
830995346.0052013397 21286954.8300781250
831334476.4066591263 21287414.2343750000
831552568.1906564236 21310201.9707031250
840966061.8943079710 21386950.7832031250
849225399.1538622379 21406423.7890625000
839049075.1705199480 21384434.7695312500
843054153.7868852615 21394733.9003906250
845195655.5976737738 21400547.8007812500
835625104.9127998352 21357990.9042968750
