905084273.1115700006 11280745.2109375000
893147226.5907936096 11235710.0605468750
898843549.1507079601 11265975.0234375000
897435067.9691405296 11256716.7460937500
893344166.3683863878 11240645.4042968750
902446183.9367916584 11280011.6171875000
900352942.9326295853 11269155.6308593750
877307186.9319478273 11168720.3222656250
898320347.3013515472 11265354.0839843750
902233418.4283812046 11277234.8183593750
882634088.8666856289 11196421.7792968750
881629390.7861646414 11171359.3984375000
882284369.2730137110 11172209.6425781250
893066554.5175892115 11227894.8945312500
906994368.6515833139 11282862.3261718750
887877753.8397899866 11227272.1757812500
885289007.1911818981 11227195.2792968750
876826440.7933313847 11062371.1230468750
896376912.2089009285 11245936.3593750000
