157323387.6286287308 21974.2516708374
168145020.3303536475 26314.3294525146
162186140.4527575672 25295.4935455322
162067256.3894700408 25120.1731529236
157764291.1697983742 22617.4281415939
158093801.0110967457 22843.8371734619
166058139.9789810777 25940.0475578308
162824425.8144537210 25817.4167556763
157245748.9199674129 21198.8519744873
158686874.4279448092 24877.2737922668
167349161.1431991160 26089.6931076050
158122596.0257692337 23403.4300689697
158426996.4558944702 24138.4820899963
166963853.9014063478 26006.0498390198
167546963.7897640467 26107.2805480957
157075141.0721971691 20636.5389586687
166643981.3587547243 25978.3829727173
160793003.2908308506 25100.7223739624
167989484.6022448838 26192.0063171387
165828929.8362537920 25919.2526550293
