168132955.5788912475 26290.3087997437
157011988.5894358158 23021.8568611145
161774321.6638019979 25475.6752891541
161574843.8646672666 25153.6704788208
170011940.2714708149 26641.2097549438
168145020.3303536475 26314.3294525146
166058139.9789810777 25940.0475578308
162824425.8144537210 25817.4167556763
158686874.4279448092 24877.2737922668
167349161.1431991160 26089.6931076050
158122596.0257692337 23403.4300689697
158426996.4558944702 24138.4820899963
166963853.9014063478 26006.0498390198
167546963.7897640467 26107.2805480957
166643981.3587547243 25978.3829727173
160793003.2908308506 25100.7223739624
167989484.6022448838 26192.0063171387
165828929.8362537920 25919.2526550293
