57152838.2178737968 1216883.9853515625
56978350.2987346128 1216566.4785156250
53630547.3531429768 1194400.1484375000
55697565.4001042396 1215449.5742187500
54155747.1511042342 1213726.4277343750
53402567.6494538933 1188537.0664062500
56623970.8765347451 1216313.0419921875
56328400.1556585580 1215867.6103515625
56148622.9654975012 1215469.1552734375
53960638.6654805318 1206468.3583984375
54493521.0426696092 1213989.4130859375
56749233.9276356548 1216336.8076171875
56413634.2973921075 1215869.3935546875
53785201.3090652749 1199562.1269531250
57030806.7249971107 1216577.5742187500
