520213596.5815122724 62291.1772708893
524945343.2282227874 63524.8196372986
514379103.4962436557 58595.7337093353
516593640.1553659439 60593.8797016144
529784662.6313412189 64492.1990547180
531427732.7910566330 65285.4170837402
516038465.4098590016 59838.8658485413
513528717.6847357154 52548.9267787933
528889548.9080945849 64297.3155488968
516656339.5921859741 62085.7654266357
515190965.0269056559 58957.8889236450
521848243.2016927600 62370.8529262543
527784982.5284494162 63832.4269995689
516612569.4924315810 61550.9479312897
516228934.2518095374 60350.0290889740
523726874.5082237720 63206.4727916718
