738071995.8125228882 3392264.3884277344
740958601.1365499496 3467053.7680664062
738594627.1736614704 3420259.9897460938
737908877.8158042431 3376368.5803222656
745346901.2367773056 3536585.6613769531
746800012.6629452705 3544457.0988769531
743713796.9719552994 3519427.6281738281
751145254.9998030663 3558016.2788085938
752908687.3411387205 3564648.2714843750
743110414.2446643114 3507411.3273925781
742158539.1303085089 3494735.6240234375
741721638.0422589779 3491263.1950683594
736396798.3898785114 3369424.9481201172
749353459.6873513460 3554950.7524414062
741605274.4687582254 3468263.3461914062
744767037.4110932350 3519582.0061035156
740061734.4875196218 3452066.5725097656
739458731.1459329128 3449047.9177246094
