469824800.1454464793 153901.3106231689
466755310.3988485932 153178.6609954834
465282228.0912758708 151503.7230834961
474819367.1195193529 155730.2817459106
459140638.6661645770 143976.5163345337
465697550.6970071793 152990.6350936890
471246147.5513203740 154149.7566833496
464403197.9563077688 151368.0197372437
462021457.5093370080 150523.2660064697
460171724.2053090930 149349.3131484985
463254602.7788506746 150582.0447845459
457988491.1321211457 141024.4571304321
459161762.8274241686 148320.4271087646
458695179.8782864213 141194.6457214355
468420009.8157705665 153321.7695312500
472446451.1197431087 154742.6430492401
