196174235.2567693591 521547.9247436523
194119865.2447776496 451539.3234710693
195431728.1298035383 508550.5711059570
194338446.0417098999 470400.7833251953
202973378.1491271555 554008.0660400391
194559773.7568521202 503077.5078125000
202012637.9539532959 552457.9046630859
195733119.3106827140 520068.8408813477
197363871.3167301118 534068.3262939453
194147021.5511344969 469763.7185668945
199270313.3286209106 550224.8739013672
202729178.3644835949 553267.4914550781
195778983.5305069089 521377.3507080078
194135638.3184671104 457576.3253173828
