67016145.8801590502 113930.4743652344
64420477.5955492109 113349.1253662109
62635192.3568100035 110950.1892089844
66978948.0458443165 113524.2382812500
61683677.0352894142 106059.3412094116
63657353.4426123649 111998.8830566406
62263129.9144941196 110398.4460449219
63527424.6076561138 111752.1107177734
61926987.9135597348 107959.2391662598
66103388.0804967284 113370.0435791016
63350910.7707328051 111552.8924560547
61709500.2094922662 107250.7702026367
61684612.8276573271 106536.2859497070
62133413.1662629172 108801.0189819336
63921706.9111406133 113037.1013183594
61531193.9815173522 105278.4760437012
60982797.3299710304 105104.5134277344
61682952.5443251356 105534.2914428711
61856524.5450307280 107701.1550292969
62018816.2832038701 108085.4618530273
62792208.6493031904 111294.3861083984
62094080.8837706298 108151.0685119629
