856299443.1329270601 28062.9620089531
864377446.5884333849 28521.4066896439
844821343.7489022017 27474.7855417728
861166641.0004538298 28389.4164352417
849426224.2672208548 27799.5914509296
860590450.2335366011 28328.1737122536
862181197.9290587902 28487.5774955750
861661336.8298252821 28423.5027136803
857825970.5503449440 28327.3030180931
842678386.5375653505 27406.1322641373
838250467.5766792297 26140.5072864294
864521151.7080399990 28632.6457009315
847699880.1091663837 27784.0991232395
850795686.1402455568 27952.0906729698
851680351.0876657963 27958.4725003242
840139456.3280144930 26308.2021112442
850186329.3746879101 27809.2848064899
853183034.7821511030 27967.8941173553
846610964.7678325176 27479.9051129818
847419067.6134012938 27681.7788453102
841739619.0462856293 26861.9481558800
842211169.8310849667 26989.8952932358
847257272.7850292921 27615.7007424831
