321457984.2628061771 529377.4529418945
332081643.7342567444 553387.4804077148
320618528.4865495563 518871.2865753174
337060441.9487416148 554582.7301025391
323025790.7972142100 534797.4901428223
319003467.9172534943 518616.8311462402
326443993.0850270391 542646.4613952637
323903191.0684887171 538435.7293395996
322472128.9220955372 533119.1291046143
318559933.8792738914 518394.5105285645
328204200.3136961460 547155.4824829102
323794811.1938004494 535891.8657073975
317894896.1105554104 514260.2202758789
326149585.1612650156 538575.7139892578
320690709.1114791632 527287.8723754883
322101171.3864492774 532662.5858154297
