603981416.2263541222 11448594.4716796875
603362787.7439117432 11438687.8720703125
600029903.5446528196 11431095.1083984375
594226809.5106539726 11113779.3125000000
603408608.2337996960 11445331.0917968750
605443150.8280218840 11500896.3203125000
599797667.1138479710 11414313.4355468750
604005353.8623421192 11453702.2294921875
598143091.7977868319 11358284.8906250000
604503028.6972368956 11473038.6064453125
602879903.5095946789 11434097.1240234375
596681822.8885321617 11352461.3876953125
598312786.0076957941 11377146.1201171875
603146227.7171394825 11435911.2197265625
598390363.4737845659 11409200.1484375000
