55094396.1134427488 57726.7202758789
56269603.5466346592 58102.9162597656
56454449.9631877616 58404.4318542480
57509931.8688066751 58815.6402587891
55912129.0281676203 57812.1383666992
57988302.9786865413 58893.3943481445
56172085.3877917603 57991.5570373535
55857881.9783065394 57756.8297729492
53393958.3725726679 54285.9811706543
53932985.6807678565 57176.6500167847
53613747.5958213061 54945.8533782959
57389684.2869969681 58579.5073242188
57009872.5924945921 58572.7179565430
58785692.4931736887 59233.4257202148
53925013.0776584372 55869.1517944336
58678198.8980463892 59202.9981079102
56129889.0430035591 57828.0545349121
58210928.6992675066 59086.7603149414
54971736.5861822516 57200.4871444702
53852964.2663349286 55476.5734252930
54560424.9059552550 57194.8004150391
54833425.6052678674 57198.1631469727
60157094.1965104118 59241.3024291992
55033438.3241314292 57435.9626464844
56377931.2728912011 58268.7399291992
