174246472.7650194466 697540.0720214844
173663364.1019721925 691011.5363769531
173753833.3753767610 695759.5183105469
166538128.2305720150 651559.3770751953
169203621.0737773776 681243.9567871094
167695433.9139581919 673048.2066650391
169711008.6357721388 687860.2778320312
164356207.5112057030 637749.8776855469
166985290.5282108486 664443.7386474609
167608840.5441711545 668799.5847167969
166247039.1630301476 641633.2661132812
172362383.6709128320 688132.4329833984
168696933.7910637856 677552.1690673828
166869900.2629103363 657561.3043212891
172601527.7867772281 690220.5620117188
168031688.0184143484 677273.9648437500
