1412131640.3330903053 816541.6192321777
1405914474.0621013641 629592.3343505859
1409183137.0648159981 801844.9029388428
1409696131.4982686043 812723.3025321960
1413848747.8033359051 827568.7492675781
1413486342.1312558651 824926.2507171631
1437119952.9875831604 863044.6246490479
1406596076.2826325893 792089.8307189941
1410002829.0391151905 816002.4162750244
1419490250.8619172573 835360.5007858276
1419198758.9206359386 831798.5142669678
1411815059.9614398479 816180.5160017014
1432467781.7650659084 848615.3127212524
1407835929.3213906288 800475.4217987061
1431264481.2940490246 846692.8017272949
1412938158.6776831150 821980.0685081482
1435659199.9675559998 850770.5077819824
1427834301.5020828247 846516.0382003784
1417066248.5441827774 829289.4245147705
1435740127.8892827034 851301.2339019775
1433911319.3973116875 850765.9686431885
1436730561.7684836388 854662.4983749390
1407603483.7492992878 798699.6646041870
1421427626.4845006466 836019.9170951843
1421463132.1932058334 838075.2505645752
1423847229.1259012222 841611.6254119873
1426020452.5606341362 846221.8945159912
1423091407.5989885330 841342.5093383789
