460763699.7171124816 163882.2298431396
474433431.6766501069 178093.6762008667
475178237.9991236329 178285.9790191650
478746941.0687090755 181013.0309791565
479171601.5744385123 181085.6525497437
475298254.9128255844 178501.6539859772
468165009.3215951324 173648.2758865356
460945616.7556873560 165570.3543739319
471711115.3616431952 176233.4725494385
459263543.0475115180 163004.6755981445
463120255.3545742035 166930.5791091919
471687681.4817748070 175519.8313827515
464085823.3089273572 169335.4406280518
470314324.1813808084 173938.8549804688
475864853.2093178034 180116.2014236450
465093552.8426854610 171428.2591171265
463310894.6140086055 167770.2302627563
461152581.3806413412 166817.1153335571
463674612.3515720367 168841.3163070679
462716876.0836027861 166873.2089195251
467123689.3900088072 173541.9267044067
464743061.5058301687 170644.8305969238
472875188.0029882193 177737.8202285767
465493475.2043875456 173130.2480850220
470794201.9262660742 174340.7695007324
