149548137.2907791734 707984.8577880859
142591361.6795070171 660024.7618408203
142544184.6170471609 650989.2103271484
142173014.0267627537 644022.9033203125
143142135.0217765272 674983.3645629883
143345421.1538047194 681478.0895385742
142301757.4648073912 646257.7053222656
152255536.7576786280 709120.6281738281
142413657.6513886452 647322.4559326172
152181611.4100187421 708838.2871093750
142660339.9311338663 662749.8974609375
142685700.9477804303 667316.2688598633
143758384.8191637695 684501.4163818359
145227311.7792840600 698594.7207031250
144856076.9099852145 693420.7919921875
147526521.6915023923 699570.2114257812
147550145.5612486303 700753.4880371094
148439217.0445799232 706051.7841796875
148140862.7029646933 703388.1752929688
143122037.9737065732 667634.2776489258
141695071.4385107160 599585.0392150879
