466285531.0312970281 632042.3169860840
460670838.5459837317 575172.7648315430
479935528.2528471351 659865.8886718750
474681022.7312802672 655717.0006103516
474030697.4644385576 639395.6354675293
462207765.3875396252 592915.6572799683
461779310.3446212411 591423.2919845581
471662181.5121686459 639335.1448593140
460395188.1550662518 560290.7906646729
459303669.2170123458 500007.7781295776
459911072.7078375220 557982.1125793457
464948005.0825465918 627173.8280487061
464091185.6636565924 613780.2039794922
474455562.2797521353 639925.0926513672
464101496.4277326465 619686.8780059814
467689686.3373289108 637762.3075866699
465066443.4238865972 630523.9823608398
461007710.3647817373 580599.0973510742
461400728.1762899756 583036.6240921021
462245706.5706419349 609885.1556777954
