126766.4530625318 114488.3611666837
119094.6475765671 113854.3759360714
120852.7696671007 115597.8353202551
123889.5260052951 115756.3316279082
132360.4778960477 110842.9460906633
122451.0624766767 115280.8427049490
114299.7691478392 114171.3685513776
120213.4525432703 113220.3907054592
121651.9160718887 112269.4128595408
117816.0133289064 112427.9091671939
97837.3532092067 116231.8205508673
102792.0609188922 115914.8279355612
131401.5022103021 112427.9091671939
111582.6713715601 114488.3611666837
121172.4282290159 114012.8722437245
109824.5492810265 114329.8648590306
102152.7437950618 115756.3316279082
110304.0371238993 114329.8648590306
125647.6480958286 113854.3759360714
119733.9647003975 113854.3759360714
118135.6718908216 115280.8427049490
127565.5994673198 114171.3685513776
122131.4039147615 113854.3759360714
123410.0381624223 114171.3685513776
122930.5503195495 113537.3833207653
104390.3537284682 116231.8205508673
112381.8177763481 114646.8574743367
103751.0366046378 116231.8205508673
112861.3056192208 114488.3611666837
110623.6956858145 115122.3463972959
108865.5735952809 114646.8574743367

111902.3299334753 113537.3833207653
109345.0614381537 114171.3685513776
125967.3066577438 111159.9387059694
118615.1597336944 115280.8427049490
127086.1116244470 112744.9017825000
123250.2088814647 112427.9091671939
113980.1105859240 113220.3907054592
121811.7453528463 112269.4128595408
121492.0867909311 113061.8943978061
113340.7934620936 114646.8574743367
122131.4039147615 111952.4202442347
126446.7945006166 113695.8796284184
123090.3796005071 113695.8796284184
114459.5984287968 114488.3611666837
129643.3801197686 110367.4571677041
123410.0381624223 113695.8796284184
120373.2818242279 114171.3685513776
110463.8664048569 114171.3685513776
113660.4520240088 114171.3685513776
129163.8922768958 113220.3907054592
120852.7696671007 114012.8722437245
119574.1354194399 114963.8500896429
120692.9403861431 114171.3685513776
107267.2807857049 115756.3316279082
109664.7200000689 115439.3390126020
119893.7939813551 115280.8427049490
131401.5022103021 111318.4350136225
112381.8177763481 115280.8427049490
124209.1845672102 115914.8279355612
132200.6486150901 110525.9534753571
109824.5492810265 114963.8500896429

131721.1607722173 111793.9239365816
122451.0624766767 114646.8574743367
120213.4525432703 114805.3537819898
121012.5989480583 112744.9017825000
110783.5249667721 114171.3685513776
128684.4044340230 112903.3980901531
120852.7696671007 113220.3907054592
110463.8664048569 116073.3242432143
126127.1359387014 111635.4276289286
110943.3542477297 115122.3463972959
103910.8658855954 115914.8279355612
119254.4768575247 113220.3907054592
106468.1343809170 114329.8648590306
121172.4282290159 112903.3980901531
118774.9890146519 112269.4128595408
107267.2807857049 116231.8205508673
119893.7939813551 113537.3833207653
120533.1111051855 115439.3390126020
106148.4758190018 115756.3316279082
122131.4039147615 113695.8796284184
132360.4778960477 110684.4497830102
122131.4039147615 112586.4054748469
131241.6729293445 110684.4497830102
115418.5741145424 113061.8943978061
97357.8653663339 115914.8279355612
101833.0852331466 115439.3390126020
116697.2083622032 114012.8722437245
121172.4282290159 115756.3316279082
123889.5260052951 115597.8353202551
123410.0381624223 112744.9017825000
124369.0138481678 115756.3316279082

113180.9641811360 113220.3907054592
114779.2569907120 115280.8427049490
126127.1359387014 111318.4350136225
119254.4768575247 113061.8943978061
123889.5260052951 115914.8279355612
119414.3061384823 113695.8796284184
122930.5503195495 114805.3537819898
109664.7200000689 113854.3759360714
112861.3056192208 113537.3833207653
121012.5989480583 113378.8870131122
109345.0614381537 115280.8427049490
110304.0371238993 113695.8796284184
94480.9383090972 116390.3168585204
126926.2823434894 110842.9460906633
113500.6227430512 116073.3242432143
122610.8917576343 113695.8796284184
97198.0360853763 116390.3168585204
119733.9647003975 114646.8574743367
110783.5249667721 115756.3316279082
125807.4773767862 111952.4202442347
122291.2331957191 115280.8427049490
121651.9160718887 115122.3463972959
122291.2331957191 111952.4202442347
116057.8912383728 113537.3833207653
133319.4535817933 111159.9387059694
98796.3288949523 115756.3316279082
128844.2337149806 112586.4054748469
123729.6967243374 112427.9091671939
120053.6232623127 115597.8353202551
120373.2818242279 113854.3759360714
108865.5735952809 115597.8353202551

115898.0619574152 113061.8943978061
125647.6480958286 115597.8353202551
123889.5260052951 112110.9165518878
111263.0128096449 115756.3316279082
121172.4282290159 111793.9239365816
120053.6232623127 112586.4054748469
110783.5249667721 114329.8648590306
117176.6962050760 114646.8574743367
122610.8917576343 114012.8722437245
114939.0862716696 112903.3980901531
122930.5503195495 113061.8943978061
120373.2818242279 113537.3833207653
102472.4023569770 115122.3463972959
127086.1116244470 111159.9387059694
113180.9641811360 115914.8279355612
110943.3542477297 115756.3316279082
111422.8420906025 114963.8500896429
112541.6470573056 115122.3463972959
123250.2088814647 111793.9239365816
127086.1116244470 111635.4276289286
113980.1105859240 115439.3390126020
120373.2818242279 113061.8943978061
124528.8431291254 113854.3759360714
111103.1835286873 113854.3759360714
130762.1850864717 111159.9387059694
120852.7696671007 113061.8943978061
108066.4271904929 115756.3316279082
121012.5989480583 113378.8870131122
112861.3056192208 114805.3537819898
123729.6967243374 113220.3907054592
120373.2818242279 111952.4202442347

132839.9657389205 110208.9608600510
116697.2083622032 114171.3685513776
101992.9145141042 115280.8427049490
127086.1116244470 111159.9387059694
103271.5487617650 115756.3316279082
120373.2818242279 114963.8500896429
113660.4520240088 114805.3537819898
132360.4778960477 111318.4350136225
103910.8658855954 116073.3242432143
120053.6232623127 115597.8353202551
119733.9647003975 115597.8353202551
127725.4287482774 111318.4350136225
123250.2088814647 115597.8353202551
122131.4039147615 114805.3537819898
113500.6227430512 114012.8722437245
107906.5979095353 116231.8205508673
112221.9884953905 114488.3611666837
105828.8172570866 114963.8500896429
123410.0381624223 112269.4128595408
125967.3066577438 113854.3759360714
101353.5973902738 115914.8279355612
120852.7696671007 114329.8648590306
112541.6470573056 113695.8796284184
121492.0867909311 113854.3759360714
110463.8664048569 113854.3759360714
122131.4039147615 114012.8722437245
117496.3547669912 113061.8943978061
131880.9900531749 111159.9387059694
120373.2818242279 113537.3833207653
99915.1338616555 116073.3242432143
127405.7701863622 114488.3611666837

112381.8177763481 115914.8279355612
106787.7929428322 116073.3242432143
126926.2823434894 111635.4276289286
125967.3066577438 111793.9239365816
121811.7453528463 112586.4054748469
123729.6967243374 114963.8500896429
123090.3796005071 111952.4202442347
122610.8917576343 114646.8574743367
120692.9403861431 112427.9091671939
124049.3552862527 114646.8574743367
122770.7210385919 111635.4276289286
131081.8436483869 110684.4497830102
123729.6967243374 112269.4128595408
120692.9403861431 113537.3833207653
103431.3780427226 115280.8427049490
132040.8193341325 110050.4645523980
106148.4758190018 114488.3611666837
119893.7939813551 115280.8427049490
123729.6967243374 115439.3390126020
119254.4768575247 113061.8943978061
111742.5006525177 114012.8722437245
108386.0857524081 114963.8500896429
127245.9409054046 113854.3759360714
120852.7696671007 113537.3833207653
112381.8177763481 115597.8353202551
129163.8922768958 112744.9017825000
120533.1111051855 114012.8722437245
123250.2088814647 113695.8796284184
132839.9657389205 111159.9387059694
119414.3061384823 114012.8722437245
119733.9647003975 115756.3316279082

119094.6475765671 115597.8353202551
113021.1349001784 114488.3611666837
117336.5254860336 116073.3242432143
126446.7945006166 112586.4054748469
112541.6470573056 113378.8870131122
123090.3796005071 112427.9091671939
112062.1592144328 115280.8427049490
124688.6724100830 114329.8648590306
104390.3537284682 115122.3463972959
108865.5735952809 114805.3537819898
110304.0371238993 113854.3759360714
119893.7939813551 115280.8427049490
124049.3552862527 113220.3907054592
123569.8674433799 115439.3390126020
107906.5979095353 115439.3390126020
120692.9403861431 115597.8353202551
131241.6729293445 112586.4054748469
101033.9388283587 116231.8205508673
112861.3056192208 115597.8353202551
124528.8431291254 112744.9017825000
105668.9879761290 114488.3611666837
133958.7707056237 110525.9534753571
120373.2818242279 114012.8722437245
102472.4023569770 115597.8353202551
122131.4039147615 114805.3537819898
127885.2580292350 112586.4054748469
130282.6972435989 110842.9460906633
136835.6977628604 109257.9830141327
111103.1835286873 114488.3611666837
113660.4520240088 114488.3611666837
119574.1354194399 115597.8353202551

120852.7696671007 113220.3907054592
120852.7696671007 112110.9165518878
131241.6729293445 110525.9534753571
119094.6475765671 114805.3537819898
120533.1111051855 115756.3316279082
123410.0381624223 114805.3537819898
110623.6956858145 114171.3685513776
117336.5254860336 115122.3463972959
126926.2823434894 110842.9460906633
103751.0366046378 115280.8427049490
121012.5989480583 115439.3390126020
126926.2823434894 112586.4054748469
120852.7696671007 115597.8353202551
112701.4763382633 115756.3316279082
106468.1343809170 115597.8353202551
109664.7200000689 115122.3463972959
112701.4763382633 116073.3242432143
121012.5989480583 113378.8870131122
123250.2088814647 115756.3316279082
117176.6962050760 115756.3316279082
125008.3309719982 112110.9165518878
116217.7205193304 113537.3833207653
127565.5994673198 114488.3611666837
123729.6967243374 113378.8870131122
132520.3071770053 111159.9387059694
122451.0624766767 115122.3463972959
110623.6956858145 114012.8722437245
120373.2818242279 114488.3611666837
97837.3532092067 116231.8205508673
131081.8436483869 111318.4350136225
107267.2807857049 116073.3242432143

128844.2337149806 113378.8870131122
105988.6465380442 114646.8574743367
110463.8664048569 115280.8427049490
105828.8172570866 114805.3537819898
119893.7939813551 114012.8722437245
123569.8674433799 115914.8279355612
100874.1095474011 115914.8279355612
116857.0376431608 115439.3390126020
132520.3071770053 109891.9682447449
107427.1100666626 115756.3316279082
123250.2088814647 112110.9165518878
119574.1354194399 115439.3390126020
134118.5999865813 110208.9608600510
132200.6486150901 110208.9608600510
121651.9160718887 112110.9165518878
120213.4525432703 113854.3759360714
97997.1824901643 116073.3242432143
120533.1111051855 114805.3537819898
123889.5260052951 115756.3316279082
116857.0376431608 113220.3907054592
115898.0619574152 112903.3980901531
119893.7939813551 112110.9165518878
120692.9403861431 115597.8353202551
132839.9657389205 111318.4350136225
123569.8674433799 114805.3537819898
120533.1111051855 112110.9165518878
124209.1845672102 114012.8722437245
107267.2807857049 115597.8353202551
122930.5503195495 111793.9239365816
106627.9636618746 114488.3611666837
136995.5270438180 109099.4867064796

97517.6946472915 116231.8205508673
110623.6956858145 115280.8427049490
123729.6967243374 115122.3463972959
109664.7200000689 114488.3611666837
120692.9403861431 113695.8796284184
130922.0143674293 112427.9091671939
126766.4530625318 112110.9165518878
124848.5016910406 111476.9313212755
119733.9647003975 115756.3316279082
120533.1111051855 115756.3316279082
118135.6718908216 115597.8353202551
121651.9160718887 114646.8574743367
122610.8917576343 113220.3907054592
128045.0873101926 110684.4497830102
116057.8912383728 113695.8796284184
130602.3558055141 112427.9091671939
103591.2073236802 116231.8205508673
106627.9636618746 115756.3316279082
137634.8441676484 109099.4867064796
120373.2818242279 114171.3685513776
120373.2818242279 115756.3316279082
111263.0128096449 114012.8722437245
106308.3050999594 115122.3463972959
114139.9398668816 115756.3316279082
123090.3796005071 114171.3685513776
132200.6486150901 110208.9608600510
131880.9900531749 111952.4202442347
124049.3552862527 111952.4202442347
117016.8669241184 115756.3316279082
116537.3790812456 114329.8648590306
121811.7453528463 113378.8870131122

102152.7437950618 115122.3463972959
120533.1111051855 114963.8500896429
122930.5503195495 114012.8722437245
124049.3552862527 111793.9239365816
113021.1349001784 116073.3242432143
119733.9647003975 115122.3463972959
110623.6956858145 113695.8796284184
121172.4282290159 114963.8500896429
119094.6475765671 113378.8870131122
109345.0614381537 116231.8205508673
107746.7686285777 115439.3390126020
123410.0381624223 115122.3463972959
120213.4525432703 114805.3537819898
134757.9171104117 110684.4497830102
110623.6956858145 113854.3759360714
122291.2331957191 112744.9017825000
108386.0857524081 116231.8205508673
109824.5492810265 114012.8722437245
128684.4044340230 113695.8796284184
123729.6967243374 114012.8722437245
132040.8193341325 111952.4202442347
132360.4778960477 111793.9239365816
120852.7696671007 112903.3980901531
131241.6729293445 111159.9387059694
120053.6232623127 115914.8279355612
96398.8896805883 116073.3242432143
127725.4287482774 112586.4054748469
100874.1095474011 116073.3242432143
129163.8922768958 112903.3980901531
113021.1349001784 113378.8870131122
117656.1840479488 113854.3759360714

120852.7696671007 115122.3463972959
120213.4525432703 115280.8427049490
123569.8674433799 115439.3390126020
111103.1835286873 113537.3833207653
106148.4758190018 115439.3390126020
123090.3796005071 113061.8943978061
123410.0381624223 111793.9239365816
113180.9641811360 115280.8427049490
110783.5249667721 113695.8796284184
130442.5265245565 110525.9534753571
98476.6703330371 116390.3168585204
122770.7210385919 111635.4276289286
112541.6470573056 115597.8353202551
123729.6967243374 111793.9239365816
110144.2078429417 114171.3685513776
122451.0624766767 114012.8722437245
124209.1845672102 113695.8796284184
114779.2569907120 115280.8427049490
125967.3066577438 114646.8574743367
125008.3309719982 111318.4350136225
134438.2585484965 110208.9608600510
131401.5022103021 111635.4276289286
120533.1111051855 113695.8796284184
111103.1835286873 114329.8648590306
107427.1100666626 116073.3242432143
106468.1343809170 114805.3537819898
117816.0133289064 112427.9091671939
119893.7939813551 114646.8574743367
124528.8431291254 113378.8870131122
131081.8436483869 110525.9534753571
110783.5249667721 114646.8574743367

119733.9647003975 112903.3980901531
118774.9890146519 113378.8870131122
126286.9652196590 113378.8870131122
128045.0873101926 111476.9313212755
101033.9388283587 115914.8279355612
110304.0371238993 114012.8722437245
123569.8674433799 112110.9165518878
97517.6946472915 116390.3168585204
123250.2088814647 114329.8648590306
133479.2828627509 110208.9608600510
125807.4773767862 112427.9091671939
114459.5984287968 115439.3390126020
119893.7939813551 112269.4128595408
120533.1111051855 114805.3537819898
121332.2575099735 112269.4128595408
123250.2088814647 113537.3833207653
126606.6237815742 114646.8574743367
120053.6232623127 115122.3463972959
123569.8674433799 115439.3390126020
113820.2813049664 115914.8279355612
123090.3796005071 111952.4202442347
107267.2807857049 115914.8279355612
121172.4282290159 115122.3463972959
110783.5249667721 114963.8500896429
112062.1592144328 116073.3242432143
106468.1343809170 115914.8279355612
122930.5503195495 112427.9091671939
131721.1607722173 110525.9534753571
109025.4028762385 116073.3242432143
121012.5989480583 115756.3316279082
122451.0624766767 112269.4128595408

131721.1607722173 110525.9534753571
116857.0376431608 114171.3685513776
121971.5746338039 115122.3463972959
112381.8177763481 114012.8722437245
110304.0371238993 114963.8500896429
121012.5989480583 114171.3685513776
127086.1116244470 114012.8722437245
123569.8674433799 113220.3907054592
123250.2088814647 115597.8353202551
132839.9657389205 111318.4350136225
114939.0862716696 113695.8796284184
104869.8415713410 114805.3537819898
123889.5260052951 113695.8796284184
136835.6977628604 109574.9756294388
132360.4778960477 111952.4202442347
127885.2580292350 111476.9313212755
128045.0873101926 113537.3833207653
122930.5503195495 113695.8796284184
125008.3309719982 115756.3316279082
101513.4266712315 116231.8205508673
120692.9403861431 114963.8500896429
110463.8664048569 115597.8353202551
127405.7701863622 112427.9091671939
110943.3542477297 114646.8574743367
108705.7443143233 114488.3611666837
128524.5751530654 111793.9239365816
131241.6729293445 110208.9608600510
107267.2807857049 116073.3242432143
102632.2316379346 116231.8205508673
109185.2321571961 114805.3537819898
112062.1592144328 114329.8648590306

