978918544.9917867184 1370810.3438339233
984355672.4354306459 1384620.8340530396
979447418.6488981247 1374833.3493347168
980317900.0382789373 1375121.1207580566
977064159.1262676716 1350509.8026733398
966535715.8412773609 1298183.3823089600
967201486.5576827526 1299397.4366607666
965885902.6663742065 1096093.7342910767
995949718.4592169523 1395868.7878112793
992784355.9233096838 1387912.3984985352
992970218.6603627205 1393380.2491455078
987687816.3552731276 1387784.4291534424
975499649.0303918123 1349620.4288635254
966297087.0426322222 1295278.4268798828
968298236.9880462885 1320609.4249267578
968313352.3260987997 1348284.4328308105
978517585.9346426725 1355216.3668060303
