964232252.6881842613 868.3897265159
972355727.2398909330 902.2767282575
996137638.6842447519 939.9277269244
968623244.6265100241 897.2312909961
963460987.0754131079 862.4771043099
991333994.3993474245 931.7394819483
989057059.3045231104 927.5160679519
980619368.3507455587 925.1218906790
979392171.3925659657 917.7394096404
992091275.1664944887 937.5629955232
973115645.1441929340 907.3150274754
975351455.6172121763 917.1164252609
964742095.8501800299 883.3933237046
967966114.3899236917 886.9374473393
