372423101.5717313886 21.2637624883
390662577.5271546245 25.1175767202
380758131.8849838972 24.4784060987
373184443.7538892627 23.4457415110
379607089.0710611939 24.4070493313
372505911.5388044715 22.4175628885
386347886.0266578794 24.8536898112
379262373.2509770393 24.3218056653
374026536.9562530518 23.7258961808
388828295.4776323438 25.0918283262
376610847.6214264035 23.9716817467
375136564.1138753295 23.8947853018
378899839.4683682323 24.0963380346
381851100.1877406240 24.8030018462
378279895.1036624908 24.0689124921
378037528.3035392761 24.0190935666
379074251.4732258916 24.2632455220
386970779.5158644915 24.9175739754
380522523.4901140928 24.4106502933
381614831.3362236023 24.5659859963
