958914957.1126986742 23714594.4453125000
949643924.2086080313 23636766.1796875000
958112884.5623240471 23696318.6289062500
955227587.8614937067 23682797.5351562500
941225431.0874326229 23082767.7265625000
945032791.4311259985 23585505.2421875000
944227273.3423804045 23501406.4921875000
957668358.0057700872 23692430.9804687500
967113107.4317433834 23746727.1601562500
948091569.4190479517 23626483.9257812500
972032122.9410852194 23785528.8710937500
958469827.6712455750 23706110.4609375000
948948154.3303736448 23635005.0000000000
950065698.8520623446 23681979.1679687500
957493501.9941232204 23685084.7343750000
966692281.4621157646 23743795.1523437500
961734144.6235442162 23734482.8359375000
