951070239.5799446106 77979869.1406250000
942988181.0331845284 77699915.2812500000
967547769.9239885807 78123101.5625000000
965266322.2991828918 78113838.7656250000
951877766.1485393047 78016505.5312500000
945349660.3971885443 77957411.2812500000
970897612.4987444878 78145751.8906250000
958075458.5834618807 78059192.7812500000
972904735.5169101954 78162276.4687500000
942728680.0501110554 77121139.9375000000
949461619.5175315142 77963251.0468750000
968559073.7204428911 78137402.4843750000
942040501.3748790026 77115620.0468750000
949920201.5815935135 77970507.8281250000
954151185.4746571779 78040615.3437500000
944399593.8791438341 77811693.2031250000
944435187.8593002558 77828900.6875000000
956185362.1077266932 78040741.5156250000
951180332.9354611635 78004852.3906250000
943352765.3360049725 77755910.9375000000
941268834.2669258118 77024072.5781250000
943613951.6619412899 77774105.4687500000
944538486.1055164337 77889992.8593750000
945348182.8939155340 77895627.3281250000
960962072.1921215057 78102492.3125000000
