1063460035.7660850286 8572421.6699218750
1058028627.0931650400 8542667.1542968750
1062159011.0579148531 8552377.9833984375
1053139366.1512527466 8471962.4853515625
1071490079.4808287621 8596410.7314453125
1054371117.7536785603 8490214.6669921875
1060264183.4367280006 8546948.3144531250
1047834149.2208778858 8458502.7285156250
1055977370.7559751272 8527700.0810546875
1062804657.7169487476 8567982.1884765625
1053015913.5243611336 8471065.8271484375
1052126697.7273619175 8469144.4736328125
1053728952.2419108152 8476837.9169921875
1070134766.9506098032 8584264.7519531250
