827198259.7241533995 2110333.2893218994
828514696.5845856667 2114283.7997436523
833321887.6970990896 2172738.8155517578
834911390.5289756060 2202519.2269897461
830224905.7388286591 2144843.1593627930
836735302.2991094589 2204429.7919921875
832132774.0192933083 2159551.3897705078
836847904.4273177385 2209752.4830322266
840772205.4791353941 2225095.9678955078
855747330.7395255566 2300517.7786254883
843993903.3172856569 2251768.7119750977
838486626.5724251270 2212294.4922485352
846167252.7271115780 2252988.6918334961
848483597.5360212326 2266497.4073486328
833431421.2471510172 2179184.7508544922
850478121.1869102716 2273721.8267211914
832615524.1249855757 2164069.7664794922
851745884.0686547756 2291439.2119140625
831100843.1624565125 2152527.3439941406
847036192.3916398287 2263745.3597412109
841648699.2982023954 2241977.0789184570
830341378.4240448475 2151862.5738830566
839799477.5246667862 2215144.2351684570
841394518.8714368343 2228460.5775146484
829767126.8618475199 2125415.4717407227
