154850272.4760146141 80187.8554992676
159828990.2657940686 84058.3598022461
163406446.0019806325 84873.7252502441
158291740.9119367599 84054.3040313721
157340095.6714575887 82991.2674255371
154623065.3628976941 75097.9974861145
157886633.8662391305 83756.3958740234
156462476.9682878554 81854.4774169922
165317552.2142914236 84908.6093139648
162159813.6106082499 84484.7308654785
156706981.0165436268 82462.8998641968
160216688.4871993959 84479.9559020996
155678818.1156032681 81181.7669219971
156997301.5373252034 82717.6311035156
