174646298.9296485186 1571425.8691406250
177491000.6570205688 1602151.5625000000
174200381.0188913643 1547265.2290039062
182618508.9437185824 1615202.0039062500
180051301.8711919785 1608275.0644531250
180777698.8766505122 1613909.7851562500
183906469.5701384246 1616688.9736328125
174409012.5626247525 1550591.6547851562
185456686.1596551538 1617490.3964843750
175942310.8593915701 1584948.8085937500
176467571.4745511115 1589670.9492187500
175851859.3496820629 1572552.2099609375
173569382.8611177504 1536574.8295898438
177078434.7142324448 1594573.0683593750
176501701.4500134289 1593116.3671875000
179311793.2547586560 1602596.2607421875
179736394.1506467760 1604022.1777343750
178859953.4596705735 1602302.6845703125
