556459985.0538400412 5771542.8349609375
556654665.9160323143 5778909.1435546875
550156037.1512947083 5603728.4179687500
550534058.3361620903 5662715.0615234375
556069306.9274889231 5759674.4443359375
561708989.0922274590 5796060.3349609375
554188986.9419925213 5746324.0166015625
555377204.8627684116 5759528.1230468750
556339126.2543817759 5764104.4755859375
551715125.9754011631 5680454.4863281250
555243150.0512652397 5756473.1933593750
560442699.5210472345 5793250.7128906250
551723358.2959579229 5685281.6513671875
570001417.1415796280 5827354.2900390625
564259119.2696815729 5798586.3544921875
558516933.7259194851 5782588.0810546875
554556994.2197334766 5749126.2861328125
563080069.4614906311 5797263.5693359375
549414396.3989263773 5401745.7050781250
551861039.8378512859 5703676.8916015625
550910530.5760138035 5674945.5615234375
559601566.2889459133 5783915.9072265625
565386261.5971839428 5811319.6396484375
565103065.2763130665 5800702.2529296875
552397525.1955574751 5740314.6904296875
572437386.1097164154 5850092.8642578125
568634962.9925349951 5821896.0009765625
572403577.0650800467 5827993.7871093750
