171353333.8384495676 2160139.2490234375
173123607.5711953938 2174216.2363281250
170105980.4872689247 2128656.7031250000
172215160.9287757576 2173184.2558593750
170369642.8345990479 2152312.5078125000
175976064.7392336428 2201214.7451171875
172741093.9694989622 2173943.1591796875
173138333.5751615167 2181547.5439453125
172925701.9272036850 2174052.6035156250
175667046.2759258449 2189490.9042968750
172094189.5835995078 2167505.0664062500
174196095.3344682753 2185946.1660156250
170523999.9624510109 2157322.3632812500
175924930.5056078732 2193384.5322265625
169140104.5661774576 2120121.7246093750
175049672.4152660966 2186469.3925781250
173123653.2089416683 2175527.9150390625
