1043196830.0428954363 678877.0047035217
1025252277.1819932461 634830.6971054077
1031145866.8220999241 663978.9893646240
1041611084.5548448563 676826.7499389648
1027586791.4903670549 649389.7816009521
1048599372.3277442455 679797.8532066345
1029236932.2317063808 652455.9905395508
1023446888.7655602694 633278.4808654785
1029470055.0367537737 655260.6387748718
1025401140.6495752335 648444.5845031738
1028366349.0850186348 649417.6253356934
1022937088.7295764685 562888.5508747101
1028607531.2229168415 649547.9420471191
1023427957.2535952330 623337.1423568726
1023147323.7133853436 619785.3786392212
1020605073.0506660938 549169.7399101257
1033355563.5616708994 667219.5464935303
1025080557.4798792601 633449.4969291687
1040551056.7353167534 676354.8089675903
1038893724.5864862204 670286.1241607666
1030115584.8706816435 658066.1010437012
1036774909.0009769201 667946.4975891113
