241547726.3054284453 1727352.0195312500
245142952.4872325659 1752616.9135742188
240974397.5876612961 1722538.0244140625
245506837.0007759929 1753605.0761718750
236901546.3589103520 1708451.1088867188
243381748.3041509986 1738645.6230468750
236843905.6146392524 1705894.1674804688
247307650.1339529455 1757403.6513671875
247770706.5803797841 1761792.0039062500
234776815.8584382534 1643541.9257812500
241274950.2565218508 1724271.9228515625
244611464.5692079365 1740639.1757812500
235240616.7733934224 1701120.9575195312
240855607.2560317218 1720118.5737304688
237523097.1409352124 1710182.4125976562
238033267.9365063310 1720097.9433593750
242141142.6138502955 1734384.5498046875
