839099218.7167030573 243168.4632186890
851352005.5674854517 253673.3096237183
838656684.5964512825 240374.6808700562
840780942.1875395775 247496.6505432129
840101446.8201743364 244859.2197875977
843456200.0593535900 250149.3859024048
835796854.9589221478 238080.1460456848
847586594.9309625626 252178.9660186768
845996697.4921547174 250550.8698196411
845975405.8532887697 250395.1437149048
838106325.8360751867 239087.7373809814
865061609.2500743866 260433.5418548584
840659566.6492264271 245937.8319892883
835010699.6293088198 236442.5784683228
838898081.7269512415 241689.9838409424
856678421.2483578920 253709.5333080292
846314241.6454542875 250875.7816314697
858073835.5300059319 256865.3096771240
860094319.2368668318 256957.1056423187
857516746.3733448982 255733.1899795532
860613365.1826603413 257501.8715839386
848683303.6601376534 252278.2521095276
839498349.1465070248 244527.4007472992
841424528.6876654625 248886.6144104004
856839947.8681573868 254844.4245910645
860268393.0899263620 257298.7313537598
