475973717.6093659997 6021079.3242187500
466925406.8637382388 6012854.0703125000
461415112.3064762950 5970593.1347656250
471810710.6408615112 6014982.7031250000
460798996.5242965817 5962807.3886718750
474330789.8751184344 6018230.9042968750
458941805.0733952522 5947123.7539062500
451935529.4558035135 5887260.5742187500
451172216.4529674649 5872953.5917968750
458939951.6519495249 5943715.8261718750
463124580.1291387081 5977969.3925781250
454045664.0012785196 5922673.0117187500
459261575.5839909315 5949765.7460937500
457649533.3798930645 5940972.0703125000
462968354.0002529621 5975196.3652343750
463883969.7629052401 5998424.8964843750
456694878.4799321890 5940857.6093750000
458740507.0165913701 5943587.9082031250
452897788.8321676850 5890019.0019531250
462622671.0260623097 5973414.9453125000
459376031.0250144601 5959516.9394531250
