141522296.0096602142 148681.4299621582
140031346.7525530457 141097.9397277832
143219330.0573223829 154945.2152404785
148101059.3387101591 160531.1047363281
147786891.5286565423 158372.8008728027
140299006.0994851887 142722.4295959473
145024622.7659976482 155280.9447326660
142016780.0643991530 149516.7471618652
140010920.4173560739 140695.5707702637
140679915.5336754024 148446.3988037109
145488180.4708890319 157199.0156250000
142536282.8564247191 150829.8619995117
140599085.8121764958 144517.5075073242
139929637.6118307114 137852.7166213989
143017335.6267627180 151604.4332580566
139369313.1275434196 137364.9147300720
142141318.8937235177 150686.5306396484
144694297.6384262145 155196.3658142090
