596372427.1607776880 65867.0532684326
599655513.4216045141 66066.8105964661
589244905.5124588013 61789.3677825928
588963475.1456487179 60364.7899355888
592898424.2298444510 64630.9756278992
589134434.2107747793 61104.0015945435
590677663.6021742821 63896.2576768398
610159895.2140922546 69204.8077011108
610797164.5401625633 69583.4404716492
608594316.1519303322 68891.4671137333
607007567.6369153261 68763.0858354568
595485444.5545727015 65068.4726037979
588072228.0380101204 57579.8590946198
608634668.5837652683 69194.5599346161
594944255.6134480238 64939.7978572845
606578507.6812963486 68390.9407138824
604870731.6455584764 67798.8088378906
588523225.7554204464 59740.3238735199
599873646.1888920069 67480.2168960571
605536751.1753146648 68331.0999279022
586667688.9256575108 53365.3436195850
597805705.7851181030 66053.7399139404
585015426.6235355139 50751.3756704330
