701751242.4139882326 991389.7116394043
719386547.8313550949 1029139.3412475586
723421802.3992466927 1042867.0065155029
706340450.4121093750 1009280.6044311523
709379814.5536025763 1013752.9893798828
703240752.7089611292 994406.0786895752
711540234.7077456713 1015508.7637481689
714424531.1368687153 1028087.6694030762
697822148.8929108381 943534.4113159180
711565500.3952974081 1025836.4973144531
700242332.7935361862 965637.8549652100
697711117.0356488228 880067.9207000732
720217995.1115988493 1031463.4296264648
707874258.6530897617 1012141.1015014648
721143389.6587332487 1037265.3900146484
704584926.8961248398 1003771.2623138428
723767869.0707948208 1045423.6275024414
719535970.8688424826 1030895.8305664062
697874749.5593150854 958621.4470977783
