204940084.4774331152 1375291.0527343750
203708097.4325323403 1352152.0078125000
196373981.5364447236 1295215.7670898438
197746909.2100137770 1318894.1250000000
202990699.4387915134 1350395.1523437500
205331491.8288568854 1376613.2822265625
196422135.7762113214 1301237.7792968750
195467470.1997365654 1292127.0302734375
206176912.0121208131 1379050.0478515625
206267737.2431606650 1381415.2236328125
204253204.5507555902 1362506.8066406250
204075217.6649609804 1357101.3691406250
204458901.0101135969 1371271.5185546875
203220542.7351485491 1351798.8964843750
197758689.9030381739 1321901.6132812500
197415778.4432515204 1312555.7373046875
203736996.7230317891 1356656.6894531250
198133041.3584316969 1340435.1855468750
206050989.3336140513 1377378.5166015625
202978201.4365891814 1348045.6289062500
201489692.1708211005 1346459.4995117188
201256282.1669281125 1345953.0664062500
197527774.9241650999 1318359.4790039062
194714483.9866677225 1270094.0742187500
196766732.7844420373 1306636.9687500000
197762158.1237879694 1328676.1503906250
