1038062426.4662952423 7485.9456897974
1024371732.8375511169 7328.9169546366
1025675418.9928843975 7346.8582158089
1023677366.2044270039 7305.6312880516
1010355043.9379953146 7013.2637853622
1018013392.0743554831 7302.4582140446
1026125847.0157603025 7350.2243895531
1014921632.4562330246 7191.1438767314
1026595572.2120125294 7430.0204946995
1013700294.9892848730 7122.3077795804
1037114824.4776483774 7480.4765304923
1038226406.9399124384 7498.4750742912
1009855110.7697323561 6246.3302077800
1031715050.2823448181 7454.7587839961
1026341637.4305131435 7387.0675606728
1016258773.6599792242 7278.5154547691
