744453312.5826078653 89443.2778520584
736635817.2883967161 86645.2669534683
733266887.7982817888 82445.3899521828
742125432.5824906826 89441.8848495483
762274900.0231711864 93299.2483997345
759401073.5667901039 92436.3402442932
752625096.3761811256 91943.3316516876
745000676.5892200470 89881.0778412819
735393456.6141624451 84629.4412488937
759045306.6391286850 92293.6420764923
749673192.1846225262 91082.5882806778
738290332.7296097279 88732.0676498413
737918227.6723966599 87742.6058254242
746255706.8055658340 90764.2012147903
745743946.6220617294 89976.5924854279
744609240.2343131304 89622.6642465591
