1046744376.7184512615 121425.9352321625
1022657971.8639832735 111486.8845696449
1027094511.7441482544 115559.7123470306
1023351562.7164349556 112885.7888901234
1045147605.9815441370 121343.2859516144
1020989835.2710099220 109185.8426704407
1028412182.0706918240 116640.0812110901
1038757433.0857044458 119903.7991924286
1029915482.6085141897 117702.5187416077
1029729829.6187825203 117112.0708618164
1027217890.8960176706 115579.8150348663
1026930383.7977344990 115079.6402111053
1026692532.8268878460 114897.9514694214
1024950052.0134098530 113467.6230516434
1040889529.3265566826 120427.0567111969
1039355243.9659699202 120151.4383659363
1041434119.1378509998 121205.3988227844
1032602547.0142959356 118459.9919086695
1032880993.4753760099 118488.5164194107
1027441420.2213828564 115900.4381113052
1036140051.1700714827 119638.3899383545
1033207705.3794083595 119467.0056982040
1023818705.1773271561 113016.0658459663
1023221159.4489947557 111775.3356771469
1025442063.2518250942 114477.5797233582
1030113846.7986754179 117858.1661109924
