322799720.2722516060 13361.9232997894
322891933.9888952971 13390.3004059792
325219068.2499929667 14096.8697319031
323126238.3435642719 13479.7372083664
324113756.0953388214 13913.6364850998
326309850.9306370616 14142.7074966431
323796068.3916695118 13806.6958284378
329070861.3551669121 14222.6717014313
325012399.6655654311 13920.6700000763
321409237.0937319398 11761.0498580933
323197461.9092635512 13520.6828165054
323394842.2653402686 13570.5473856926
321704494.0432346463 11930.7968621254
330081458.7515307069 14273.6094436646
323492883.5459677577 13621.0731964111
323544364.6324530840 13704.8889150620
327444726.4771062136 14217.0359754562
323149060.1399164200 13514.0013160706
321719374.6533294916 13231.8512315750
326583146.3332478404 14153.5391483307
