123434.2590632632 137685.6558642692
124553.1258001053 137685.6558642692
123753.9352737895 137525.5125097308
124073.6114843158 136244.3656734231
119278.4683264211 135924.0789643461
119917.8207474737 135763.9356098077
119438.3064316842 135603.7922552692
113684.1346422105 134803.0754825769
119917.8207474737 132881.3552281154
117360.4110632632 130799.4916191154
113843.9727474737 129998.7748464231
117520.2491685263 128237.1979465000
113843.9727474737 127916.9112374231
116561.2205369474 127756.7678828846
110966.8868527369 125995.1909829616
111446.4011685263 128397.3413010385
111606.2392737895 136084.2223188846
113684.1346422105 133521.9286462693
118319.4396948421 132400.9251645000
115122.6775895789 128237.1979465000
114643.1632737895 138326.2292824231
118479.2778001053 132721.2118735769
116880.8967474737 132721.2118735769
123114.5828527368 135283.5055461923
113044.7822211579 133682.0720008077
124872.8020106316 137525.5125097308
113204.6203264211 133361.7852917308
119438.3064316842 130639.3482645769
111286.5630632632 133521.9286462693
115921.8681158947 133361.7852917308
114483.3251685263 128557.4846555769
111286.5630632632 132080.6384554231
113044.7822211579 125194.4742102692
126950.6973790526 137045.0824461154
125991.6687474737 137525.5125097308
118958.7921158947 132721.2118735769
111606.2392737895 133361.7852917308
116561.2205369474 137845.7992188077
110966.8868527369 125674.9042738846
123274.4209580000 138005.9425733461
121036.6874843158 132080.6384554231
115282.5156948421 133682.0720008077
110647.2106422105 128877.7713646538
117999.7634843158 129358.2014282692
119438.3064316842 130319.0615555000
115442.3538001053 133041.4985826538
115602.1919053684 131760.3517463461
110966.8868527369 126635.7644011154
118958.7921158947 136564.6523825000
113204.6203264211 131760.3517463461
126471.1830632632 137045.0824461154
111766.0773790526 130639.3482645769
112405.4298001053 134482.7887735000
122155.5542211579 134482.7887735000
124872.8020106316 136724.7957370385
115442.3538001053 127276.3378192692
114163.6489580000 134162.5020644231
123114.5828527368 132881.3552281154
113684.1346422105 127116.1944647308
110647.2106422105 127596.6245283461
122954.7447474737 135443.6489007308
124073.6114843158 135443.6489007308
117200.5729580000 130959.6349736538
124233.4495895789 136404.5090279615
117200.5729580000 129838.6314918846
115921.8681158947 132881.3552281154
115282.5156948421 138326.2292824231
124073.6114843158 134002.3587098846
116721.0586422105 129198.0580737308
116081.7062211579 135924.0789643461
122155.5542211579 136724.7957370385
117200.5729580000 138166.0859278846
116721.0586422105 127596.6245283461
114483.3251685263 137045.0824461154
116401.3824316842 132881.3552281154
117040.7348527369 136404.5090279615
110327.5344316842 124233.6140830385
112405.4298001053 136084.2223188846
116241.5443264211 132080.6384554231
120876.8493790526 136724.7957370385
111286.5630632632 124393.7574375769
110647.2106422105 126635.7644011154
114483.3251685263 134322.6454189615
114962.8394843158 136884.9390915769
117680.0872737895 132721.2118735769
116401.3824316842 139126.9460551154
117839.9253790526 134322.6454189615
112085.7535895789 134482.7887735000
112245.5916948421 131920.4951008846
116721.0586422105 136404.5090279615
114003.8108527369 132561.0685190384
116401.3824316842 136564.6523825000
123274.4209580000 135924.0789643461
113524.2965369474 124874.1875011923
114483.3251685263 130158.9182009615
110966.8868527369 125034.3308557308
121995.7161158947 133041.4985826538
119278.4683264211 131600.2083918077
118159.6015895789 132721.2118735769
131549.5597053125 111642.7145953276
131871.8025955625 111642.7145953276
131388.4382601875 108932.8461843966
134610.8671626875 106701.1898459827
132838.5312663125 105266.5536284310
133321.8956016875 107019.9978943276
131871.8025955625 105266.5536284310
130743.9524796875 105744.7657009483
133805.2599370625 106860.5938701552
129616.1023638125 106382.3817976379
130421.7095894375 106222.9777734655

114962.8394843158 138166.0859278846
113684.1346422105 138005.9425733461
114003.8108527369 138005.9425733461
115442.3538001053 137845.7992188077
122954.7447474737 137525.5125097308
124393.2876948421 137045.0824461154
125352.3163264211 137045.0824461154
117839.9253790526 136724.7957370385
124872.8020106316 136724.7957370385
119118.6302211579 136564.6523825000
120876.8493790526 136564.6523825000
127430.2116948421 136564.6523825000
114483.3251685263 136404.5090279615
116241.5443264211 136404.5090279615
120557.1731685263 136404.5090279615
116401.3824316842 136244.3656734231
119118.6302211579 136084.2223188846
111766.0773790526 135924.0789643461
112725.1060106316 135763.9356098077
119917.8207474737 135763.9356098077
119438.3064316842 135603.7922552692
125512.1544316842 135603.7922552692
112085.7535895789 135443.6489007308
117520.2491685263 135283.5055461923
123753.9352737895 135283.5055461923
114643.1632737895 135123.3621916538
116880.8967474737 135123.3621916538
120557.1731685263 135123.3621916538
121516.2018001053 135123.3621916538
120876.8493790526 134642.9321280385
122155.5542211579 134482.7887735000
112565.2679053684 134162.5020644231
119118.6302211579 134162.5020644231
114323.4870632632 134002.3587098846
112884.9441158947 133842.2153553462
113204.6203264211 133361.7852917308
119917.8207474737 132881.3552281154
121516.2018001053 132881.3552281154
120876.8493790526 132721.2118735769
120077.6588527368 132240.7818099615
121835.8780106316 131920.4951008846
113044.7822211579 131600.2083918077
114163.6489580000 131600.2083918077
116401.3824316842 131279.9216827308
118479.2778001053 130959.6349736538
115122.6775895789 130799.4916191154
115602.1919053684 130479.2049100385
112245.5916948421 129998.7748464231
114163.6489580000 129838.6314918846
117040.7348527369 129838.6314918846
119438.3064316842 129678.4881373461
113684.1346422105 129198.0580737308
115122.6775895789 129198.0580737308
114003.8108527369 128237.1979465000
117040.7348527369 128077.0545919616
111925.9154843158 127916.9112374231
112565.2679053684 126795.9077556538
110167.6963264211 125194.4742102692
113364.4584316842 124553.9007921154
111286.5630632632 122952.4672467308
119598.1445369474 130799.4916191154
110807.0487474737 129037.9147191923
110487.3725369474 123913.3273739615
121196.5255895789 131920.4951008846
126950.6973790526 136084.2223188846
115122.6775895789 133361.7852917308
112245.5916948421 125835.0476284231
117520.2491685263 128237.1979465000
127270.3735895789 136884.9390915769
111446.4011685263 133682.0720008077
111126.7249580000 130639.3482645769
123434.2590632632 137685.6558642692
110966.8868527369 125995.1909829616
117200.5729580000 132240.7818099615
111606.2392737895 135283.5055461923
115921.8681158947 137365.3691551923
113524.2965369474 135443.6489007308
126151.5068527368 136084.2223188846
113524.2965369474 126155.3343375000
112725.1060106316 129678.4881373461
116880.8967474737 132881.3552281154
115762.0300106316 133361.7852917308
116241.5443264211 134642.9321280385
113843.9727474737 124714.0441466538
122315.3923264211 135443.6489007308
117360.4110632632 131119.7783281923
110167.6963264211 121991.6071195000
116880.8967474737 130479.2049100385
114962.8394843158 132080.6384554231
112405.4298001053 123913.3273739615
111606.2392737895 126315.4776920385
113364.4584316842 135603.7922552692
115282.5156948421 137365.3691551923
125032.6401158947 138646.5159915000
115442.3538001053 138486.3726369615
111606.2392737895 125514.7609193461
114003.8108527369 125995.1909829616
115602.1919053684 133041.4985826538
118639.1159053684 136724.7957370385
131710.6811504375 113396.1588612241
131388.4382601875 112120.9266678448
130905.0739248125 109729.8663052586
131871.8025955625 108932.8461843966
131871.8025955625 107817.0180151896
129616.1023638125 106382.3817976379
132032.9240406875 105585.3616767759
133805.2599370625 105585.3616767759
131066.1953699375 105107.1496042586
132032.9240406875 109889.2703294310
131066.1953699375 106860.5938701552

113364.4584316842 137845.7992188077
123434.2590632632 137685.6558642692
118639.1159053684 136724.7957370385
119278.4683264211 135924.0789643461
119917.8207474737 135603.7922552692
116241.5443264211 135443.6489007308
116561.2205369474 135283.5055461923
116241.5443264211 134642.9321280385
113364.4584316842 133521.9286462693
114003.8108527369 132561.0685190384
121196.5255895789 131600.2083918077
114643.1632737895 130158.9182009615
119438.3064316842 129678.4881373461
113684.1346422105 129198.0580737308
113204.6203264211 127116.1944647308
110327.5344316842 125674.9042738846
115122.6775895789 135603.7922552692
119757.9826422105 134482.7887735000
118479.2778001053 130959.6349736538
113044.7822211579 132561.0685190384
114163.6489580000 129358.2014282692
114163.6489580000 129838.6314918846
114643.1632737895 134963.2188371154
113524.2965369474 134963.2188371154
117520.2491685263 134322.6454189615
115921.8681158947 135924.0789643461
110007.8582211579 121831.4637649615
122794.9066422105 135283.5055461923
111446.4011685263 131760.3517463461
123594.0971685263 134482.7887735000
115282.5156948421 136724.7957370385
114643.1632737895 128237.1979465000
116721.0586422105 128557.4846555769
117040.7348527369 127436.4811738077
111606.2392737895 131119.7783281923
116721.0586422105 127916.9112374231
114962.8394843158 138166.0859278846
118958.7921158947 134002.3587098846
110807.0487474737 127276.3378192692
113044.7822211579 130959.6349736538
127749.8879053684 136884.9390915769
110966.8868527369 126315.4776920385
112565.2679053684 135763.9356098077
113204.6203264211 126475.6210465769
121835.8780106316 135443.6489007308
119757.9826422105 134963.2188371154
115122.6775895789 130319.0615555000
114483.3251685263 136404.5090279615
113684.1346422105 133521.9286462693
114483.3251685263 137205.2258006538
114803.0013790526 125674.9042738846
124233.4495895789 134162.5020644231
111126.7249580000 122952.4672467308
113364.4584316842 135924.0789643461
114163.6489580000 131600.2083918077
120237.4969580000 130959.6349736538
112725.1060106316 136724.7957370385
124553.1258001053 136564.6523825000
116241.5443264211 129037.9147191923
117520.2491685263 135443.6489007308
123274.4209580000 135603.7922552692
113204.6203264211 124874.1875011923
117999.7634843158 131440.0650372693
117999.7634843158 129198.0580737308
123114.5828527368 134803.0754825769
117200.5729580000 131920.4951008846
112245.5916948421 129518.3447828077
117200.5729580000 135763.9356098077
118958.7921158947 130799.4916191154
116721.0586422105 137525.5125097308
126471.1830632632 136404.5090279615
112245.5916948421 130479.2049100385
111766.0773790526 135763.9356098077
124073.6114843158 135763.9356098077
116401.3824316842 138806.6593460385
112884.9441158947 136244.3656734231
126631.0211685263 135924.0789643461
127110.5354843158 137205.2258006538
111766.0773790526 136404.5090279615
114003.8108527369 138166.0859278846
121835.8780106316 131920.4951008846
111606.2392737895 126315.4776920385
116880.8967474737 139126.9460551154
124233.4495895789 137685.6558642692
122635.0685369474 136724.7957370385
116561.2205369474 136404.5090279615
121516.2018001053 133842.2153553462
117040.7348527369 133041.4985826538
114483.3251685263 125674.9042738846
111446.4011685263 129358.2014282692
115762.0300106316 126795.9077556538
116721.0586422105 131600.2083918077
120397.3350632632 132080.6384554231
111925.9154843158 123753.1840194231
119598.1445369474 131440.0650372693
113524.2965369474 130319.0615555000
117839.9253790526 130639.3482645769
125991.6687474737 135763.9356098077
120876.8493790526 132721.2118735769
133483.0170468125 105904.1697251207
134449.7457175625 105904.1697251207
133805.2599370625 107338.8059426724
132032.9240406875 111961.5226436724
130421.7095894375 108614.0381360517
132838.5312663125 105585.3616767759
134771.9886078125 105266.5536284310
131388.4382601875 109729.8663052586
132999.6527114375 106860.5938701552
133644.1384919375 105425.9576526034
132032.9240406875 107817.0180151896

120557.1731685263 134642.9321280385
112245.5916948421 130799.4916191154
126151.5068527368 136084.2223188846
114962.8394843158 135443.6489007308
111925.9154843158 130158.9182009615
118319.4396948421 137845.7992188077
111446.4011685263 123913.3273739615
124233.4495895789 138806.6593460385
118798.9540106316 130959.6349736538
125352.3163264211 138966.8027005769
125512.1544316842 137045.0824461154
121196.5255895789 131119.7783281923
121835.8780106316 136404.5090279615
116241.5443264211 137045.0824461154
121676.0399053684 135763.9356098077
113044.7822211579 126635.7644011154
115442.3538001053 134162.5020644231
111446.4011685263 127436.4811738077
116081.7062211579 129037.9147191923
116081.7062211579 137685.6558642692
115442.3538001053 137045.0824461154
127430.2116948421 136564.6523825000
117040.7348527369 137845.7992188077
116401.3824316842 135924.0789643461
115282.5156948421 129198.0580737308
112245.5916948421 125194.4742102692
114163.6489580000 129358.2014282692
115122.6775895789 133041.4985826538
113204.6203264211 133521.9286462693
116880.8967474737 134803.0754825769
115762.0300106316 137525.5125097308
117200.5729580000 138486.3726369615
116241.5443264211 134482.7887735000
114962.8394843158 127116.1944647308
112884.9441158947 129838.6314918846
122475.2304316842 136724.7957370385
114163.6489580000 134322.6454189615
113524.2965369474 132881.3552281154
111446.4011685263 129037.9147191923
111126.7249580000 128397.3413010385
114163.6489580000 133041.4985826538
115282.5156948421 126635.7644011154
113843.9727474737 126635.7644011154
119438.3064316842 137045.0824461154
116561.2205369474 134002.3587098846
121036.6874843158 134482.7887735000
116241.5443264211 133041.4985826538
111606.2392737895 130319.0615555000
122794.9066422105 135603.7922552692
121516.2018001053 135603.7922552692
114163.6489580000 133361.7852917308
117520.2491685263 134963.2188371154
117999.7634843158 137685.6558642692
114803.0013790526 132080.6384554231
117999.7634843158 132881.3552281154
111766.0773790526 135603.7922552692
112405.4298001053 137205.2258006538
111925.9154843158 129037.9147191923
114962.8394843158 126635.7644011154
110487.3725369474 127116.1944647308
116880.8967474737 128557.4846555769
119598.1445369474 136404.5090279615
110966.8868527369 122952.4672467308
120077.6588527368 133361.7852917308
113843.9727474737 132561.0685190384
116081.7062211579 129198.0580737308
114803.0013790526 133521.9286462693
110966.8868527369 129358.2014282692
109688.1820106316 121190.8903468077
126151.5068527368 138166.0859278846
113524.2965369474 135123.3621916538
114643.1632737895 138646.5159915000
120717.0112737895 133842.2153553462
115602.1919053684 131279.9216827308
113204.6203264211 124233.6140830385
114962.8394843158 133361.7852917308
113044.7822211579 126795.9077556538
121995.7161158947 134482.7887735000
121036.6874843158 131920.4951008846
125512.1544316842 138806.6593460385
112245.5916948421 126315.4776920385
116241.5443264211 129998.7748464231
126311.3449580000 137525.5125097308
113843.9727474737 125674.9042738846
114803.0013790526 138646.5159915000
116721.0586422105 138005.9425733461
119757.9826422105 137205.2258006538
110807.0487474737 122311.8938285769
119278.4683264211 130799.4916191154
126151.5068527368 138326.2292824231
111126.7249580000 123272.7539558077
113684.1346422105 136244.3656734231
115122.6775895789 127916.9112374231
111925.9154843158 133361.7852917308
118479.2778001053 132881.3552281154
114803.0013790526 137365.3691551923
115442.3538001053 127116.1944647308
120397.3350632632 133682.0720008077
116880.8967474737 137205.2258006538
130421.7095894375 106382.3817976379
134933.1100529375 105425.9576526034
132194.0454858125 112280.3306920172
132032.9240406875 108295.2300877069
132355.1669309375 111164.5025228103
133805.2599370625 108773.4421602241
130421.7095894375 106701.1898459827
131227.3168150625 112599.1387403621
131871.8025955625 106860.5938701552
131227.3168150625 111483.3105711552
131871.8025955625 108614.0381360517

113843.9727474737 137525.5125097308
123913.7733790526 137205.2258006538
113843.9727474737 137045.0824461154
118639.1159053684 136244.3656734231
116561.2205369474 135283.5055461923
117360.4110632632 135123.3621916538
120557.1731685263 135123.3621916538
117360.4110632632 134482.7887735000
121196.5255895789 134322.6454189615
118159.6015895789 132561.0685190384
116721.0586422105 132400.9251645000
117680.0872737895 130319.0615555000
111286.5630632632 130158.9182009615
117999.7634843158 129358.2014282692
113684.1346422105 129198.0580737308
116561.2205369474 127756.7678828846
114003.8108527369 126155.3343375000
110487.3725369474 123913.3273739615
116241.5443264211 128397.3413010385
113843.9727474737 129518.3447828077
117839.9253790526 138166.0859278846
119917.8207474737 129998.7748464231
114483.3251685263 136404.5090279615
116081.7062211579 133201.6419371923
113204.6203264211 134803.0754825769
120557.1731685263 136084.2223188846
113204.6203264211 127116.1944647308
111126.7249580000 131600.2083918077
114962.8394843158 138326.2292824231
121835.8780106316 135603.7922552692
120717.0112737895 134963.2188371154
114803.0013790526 130639.3482645769
117999.7634843158 135603.7922552692
110487.3725369474 125034.3308557308
114003.8108527369 134482.7887735000
120557.1731685263 133521.9286462693
113684.1346422105 131600.2083918077
115282.5156948421 129518.3447828077
124553.1258001053 134162.5020644231
120077.6588527368 131920.4951008846
121995.7161158947 136564.6523825000
118798.9540106316 135763.9356098077
123274.4209580000 133682.0720008077
119917.8207474737 131119.7783281923
119598.1445369474 132080.6384554231
113204.6203264211 129678.4881373461
111606.2392737895 131760.3517463461
117520.2491685263 138005.9425733461
124872.8020106316 138646.5159915000
114003.8108527369 129358.2014282692
119598.1445369474 131600.2083918077
116401.3824316842 129678.4881373461
112884.9441158947 125514.7609193461
118639.1159053684 134322.6454189615
121036.6874843158 132721.2118735769
111606.2392737895 133682.0720008077
113204.6203264211 133361.7852917308
121995.7161158947 133201.6419371923
123274.4209580000 137685.6558642692
116081.7062211579 128557.4846555769
122635.0685369474 133041.4985826538
114323.4870632632 126475.6210465769
111126.7249580000 128717.6280101154
121835.8780106316 131760.3517463461
127430.2116948421 136564.6523825000
111925.9154843158 125835.0476284231
112085.7535895789 135443.6489007308
126631.0211685263 136084.2223188846
121196.5255895789 133682.0720008077
113524.2965369474 124874.1875011923
113364.4584316842 135924.0789643461
111925.9154843158 129037.9147191923
120557.1731685263 131440.0650372693
112085.7535895789 134963.2188371154
115122.6775895789 127116.1944647308
123434.2590632632 136884.9390915769
115602.1919053684 130158.9182009615
125991.6687474737 136244.3656734231
111606.2392737895 128877.7713646538
124233.4495895789 137525.5125097308
116241.5443264211 136404.5090279615
124073.6114843158 134482.7887735000
116721.0586422105 130959.6349736538
117040.7348527369 135123.3621916538
116401.3824316842 131279.9216827308
115282.5156948421 137845.7992188077
112884.9441158947 131279.9216827308
110807.0487474737 127276.3378192692
124073.6114843158 136564.6523825000
121995.7161158947 133682.0720008077
115122.6775895789 138166.0859278846
111126.7249580000 131440.0650372693
123114.5828527368 136404.5090279615
114163.6489580000 137045.0824461154
114962.8394843158 135283.5055461923
116081.7062211579 135123.3621916538
111286.5630632632 122472.0371831154
115122.6775895789 138646.5159915000
112565.2679053684 131440.0650372693
131710.6811504375 112758.5427645345
133160.7741565625 109411.0582569138
129616.1023638125 106382.3817976379
131710.6811504375 105585.3616767759
131871.8025955625 112439.7347161897
132516.2883760625 110367.4824019483
132032.9240406875 110208.0783777759
131549.5597053125 107817.0180151896
133805.2599370625 107976.4220393621
134933.1100529375 105744.7657009483
131871.8025955625 105266.5536284310

123913.7733790526 134162.5020644231
124712.9639053684 134803.0754825769
112085.7535895789 134322.6454189615
109688.1820106316 121190.8903468077
112725.1060106316 128877.7713646538
115282.5156948421 135763.9356098077
119438.3064316842 133682.0720008077
119118.6302211579 132561.0685190384
114163.6489580000 128877.7713646538
118798.9540106316 132400.9251645000
116081.7062211579 137685.6558642692
114323.4870632632 134803.0754825769
121356.3636948421 134963.2188371154
112245.5916948421 136404.5090279615
113524.2965369474 131760.3517463461
114643.1632737895 127436.4811738077
124073.6114843158 135123.3621916538
126151.5068527368 137365.3691551923
114003.8108527369 134803.0754825769
114323.4870632632 132400.9251645000
127590.0498001053 136884.9390915769
115122.6775895789 132561.0685190384
117680.0872737895 135443.6489007308
117360.4110632632 127756.7678828846
121995.7161158947 135924.0789643461
120237.4969580000 137205.2258006538
110487.3725369474 126635.7644011154
111766.0773790526 135283.5055461923
115602.1919053684 133201.6419371923
116561.2205369474 133201.6419371923
110487.3725369474 123753.1840194231
111606.2392737895 128877.7713646538
119278.4683264211 132400.9251645000
116241.5443264211 136724.7957370385
111126.7249580000 126956.0511101923
112884.9441158947 134803.0754825769
121516.2018001053 131920.4951008846
119598.1445369474 132881.3552281154
115442.3538001053 133041.4985826538
120717.0112737895 133842.2153553462
117040.7348527369 135123.3621916538
112565.2679053684 124073.4707285000
125831.8306422105 138326.2292824231
117839.9253790526 138166.0859278846
122794.9066422105 135283.5055461923
117200.5729580000 129198.0580737308
126151.5068527368 138326.2292824231
113204.6203264211 132240.7818099615
120077.6588527368 130639.3482645769
115602.1919053684 135603.7922552692
115602.1919053684 137525.5125097308
117200.5729580000 131600.2083918077
115762.0300106316 138966.8027005769
116401.3824316842 133682.0720008077
121196.5255895789 131920.4951008846
116880.8967474737 132400.9251645000
111766.0773790526 126475.6210465769
117040.7348527369 138646.5159915000
125032.6401158947 137525.5125097308
116561.2205369474 136884.9390915769
116081.7062211579 128397.3413010385
116241.5443264211 135443.6489007308
114803.0013790526 130319.0615555000
124233.4495895789 133842.2153553462
113364.4584316842 130158.9182009615
120876.8493790526 135443.6489007308
115122.6775895789 128557.4846555769
117680.0872737895 133361.7852917308
116880.8967474737 132881.3552281154
120557.1731685263 132881.3552281154
124393.2876948421 134963.2188371154
113843.9727474737 137365.3691551923
114003.8108527369 135283.5055461923
117839.9253790526 133521.9286462693
110807.0487474737 124553.9007921154
124872.8020106316 138966.8027005769
120717.0112737895 133682.0720008077
114803.0013790526 134322.6454189615
115282.5156948421 138005.9425733461
123913.7733790526 137845.7992188077
123114.5828527368 136244.3656734231
114003.8108527369 134002.3587098846
113684.1346422105 131600.2083918077
121995.7161158947 135123.3621916538
118798.9540106316 137525.5125097308
117839.9253790526 138005.9425733461
118319.4396948421 138166.0859278846
112085.7535895789 127756.7678828846
118798.9540106316 130959.6349736538
121835.8780106316 133682.0720008077
112085.7535895789 131760.3517463461
112565.2679053684 136564.6523825000
113364.4584316842 132400.9251645000
113684.1346422105 127116.1944647308
112245.5916948421 135283.5055461923
115442.3538001053 135924.0789643461
112085.7535895789 126475.6210465769
115442.3538001053 127116.1944647308
116561.2205369474 135603.7922552692
131871.8025955625 111164.5025228103
134127.5028273125 106382.3817976379
131871.8025955625 105425.9576526034
133321.8956016875 109092.2502085690
133805.2599370625 108454.6341118793
131066.1953699375 111323.9065469827
131066.1953699375 105425.9576526034
133160.7741565625 108773.4421602241
133160.7741565625 109889.2703294310
130260.5881443125 105744.7657009483
130905.0739248125 111642.7145953276

111766.0773790526 124874.1875011923
118319.4396948421 137205.2258006538
116721.0586422105 137525.5125097308
114643.1632737895 132080.6384554231
112085.7535895789 134322.6454189615
113684.1346422105 124553.9007921154
112884.9441158947 127916.9112374231
113684.1346422105 132240.7818099615
111766.0773790526 127756.7678828846
116721.0586422105 133682.0720008077
112725.1060106316 131279.9216827308
121516.2018001053 131760.3517463461
118479.2778001053 136404.5090279615
120077.6588527368 131279.9216827308
123114.5828527368 134162.5020644231
116721.0586422105 134162.5020644231
122954.7447474737 136244.3656734231
120077.6588527368 133682.0720008077
122155.5542211579 133361.7852917308
118798.9540106316 133201.6419371923
111925.9154843158 136884.9390915769
115602.1919053684 133842.2153553462
116561.2205369474 131600.2083918077
113524.2965369474 134803.0754825769
120077.6588527368 131600.2083918077
112725.1060106316 130639.3482645769
115602.1919053684 129518.3447828077
111286.5630632632 129518.3447828077
118958.7921158947 130959.6349736538
111606.2392737895 135924.0789643461
112405.4298001053 134322.6454189615
116721.0586422105 138326.2292824231
118159.6015895789 133842.2153553462
117360.4110632632 134642.9321280385
118479.2778001053 133361.7852917308
121995.7161158947 133361.7852917308
112884.9441158947 134642.9321280385
115921.8681158947 137685.6558642692
115762.0300106316 128237.1979465000
123594.0971685263 138326.2292824231
114803.0013790526 129678.4881373461
116401.3824316842 127276.3378192692
126311.3449580000 137525.5125097308
117520.2491685263 130319.0615555000
117839.9253790526 133842.2153553462
112725.1060106316 133041.4985826538
125671.9925369474 138486.3726369615
112245.5916948421 127916.9112374231
121196.5255895789 132400.9251645000
111606.2392737895 134963.2188371154
110807.0487474737 127596.6245283461
115762.0300106316 128877.7713646538
112245.5916948421 124073.4707285000
119278.4683264211 135763.9356098077
112405.4298001053 127116.1944647308
121516.2018001053 135283.5055461923
120557.1731685263 131119.7783281923
110966.8868527369 129678.4881373461
120077.6588527368 130479.2049100385
117200.5729580000 128397.3413010385
122155.5542211579 134322.6454189615
112884.9441158947 132240.7818099615
117839.9253790526 137205.2258006538
116081.7062211579 128397.3413010385
117839.9253790526 134642.9321280385
125512.1544316842 137685.6558642692
112405.4298001053 134002.3587098846
112725.1060106316 128557.4846555769
110647.2106422105 126956.0511101923
117680.0872737895 132400.9251645000
113044.7822211579 130479.2049100385
111766.0773790526 129518.3447828077
126311.3449580000 137205.2258006538
113524.2965369474 127756.7678828846
111446.4011685263 133521.9286462693
114803.0013790526 126155.3343375000
120237.4969580000 134482.7887735000
117200.5729580000 136724.7957370385
114323.4870632632 129998.7748464231
114003.8108527369 133361.7852917308
113684.1346422105 135123.3621916538
115122.6775895789 136724.7957370385
126471.1830632632 137045.0824461154
115282.5156948421 126315.4776920385
123594.0971685263 133521.9286462693
113684.1346422105 135603.7922552692
114643.1632737895 129198.0580737308
117839.9253790526 135924.0789643461
115282.5156948421 131920.4951008846
110487.3725369474 124874.1875011923
114962.8394843158 125995.1909829616
115602.1919053684 130319.0615555000
116081.7062211579 132561.0685190384
119278.4683264211 131440.0650372693
126151.5068527368 138005.9425733461
114003.8108527369 127276.3378192692
121356.3636948421 131760.3517463461
126471.1830632632 135763.9356098077
110807.0487474737 124073.4707285000
134127.5028273125 106382.3817976379
131227.3168150625 105107.1496042586
132032.9240406875 110048.6743536034
129777.2238089375 105425.9576526034
132032.9240406875 111005.0984986379
132194.0454858125 111642.7145953276
132516.2883760625 106222.9777734655
130421.7095894375 106541.7858218103
130421.7095894375 107498.2099668448
130099.4666991875 105107.1496042586
132194.0454858125 111164.5025228103

126631.0211685263 137205.2258006538
110807.0487474737 127116.1944647308
126151.5068527368 137365.3691551923
109848.0201158947 122632.1805376539
110007.8582211579 123593.0406648846
121516.2018001053 134002.3587098846
114962.8394843158 128717.6280101154
114962.8394843158 137365.3691551923
112085.7535895789 127756.7678828846
117999.7634843158 129037.9147191923
123594.0971685263 133361.7852917308
118639.1159053684 137685.6558642692
125671.9925369474 137045.0824461154
111606.2392737895 126475.6210465769
120717.0112737895 132240.7818099615
117360.4110632632 135443.6489007308
114003.8108527369 133521.9286462693
115921.8681158947 133842.2153553462
111606.2392737895 127436.4811738077
122794.9066422105 133041.4985826538
112405.4298001053 133041.4985826538
119598.1445369474 137365.3691551923
121995.7161158947 133842.2153553462
117839.9253790526 136724.7957370385
124712.9639053684 139447.2327641923
126311.3449580000 137045.0824461154
123913.7733790526 136564.6523825000
122155.5542211579 134803.0754825769
121995.7161158947 133521.9286462693
116561.2205369474 138486.3726369615
112085.7535895789 132881.3552281154
114962.8394843158 127116.1944647308
121196.5255895789 134642.9321280385
114643.1632737895 133842.2153553462
113843.9727474737 131119.7783281923
111925.9154843158 128557.4846555769
114962.8394843158 127596.6245283461
116081.7062211579 128877.7713646538
117999.7634843158 133682.0720008077
112085.7535895789 133361.7852917308
114962.8394843158 133842.2153553462
116721.0586422105 133842.2153553462
116561.2205369474 131760.3517463461
116401.3824316842 133201.6419371923
118319.4396948421 129678.4881373461
123913.7733790526 138326.2292824231
111126.7249580000 123112.6106012692
116241.5443264211 139447.2327641923
114643.1632737895 132400.9251645000
117040.7348527369 136244.3656734231
114962.8394843158 135924.0789643461
119757.9826422105 136244.3656734231
125352.3163264211 138966.8027005769
113684.1346422105 127436.4811738077
117680.0872737895 138646.5159915000
118639.1159053684 132240.7818099615
114803.0013790526 129037.9147191923
115762.0300106316 130959.6349736538
118159.6015895789 135443.6489007308
113524.2965369474 134482.7887735000
117040.7348527369 132721.2118735769
118159.6015895789 128717.6280101154
116081.7062211579 138486.3726369615
121356.3636948421 131600.2083918077
122635.0685369474 133201.6419371923
121995.7161158947 136244.3656734231
122155.5542211579 133041.4985826538
119757.9826422105 130158.9182009615
120237.4969580000 130799.4916191154
122315.3923264211 133041.4985826538
120557.1731685263 133842.2153553462
118319.4396948421 133361.7852917308
123913.7733790526 137845.7992188077
115762.0300106316 129518.3447828077
116880.8967474737 129838.6314918846
119598.1445369474 132881.3552281154
113684.1346422105 134322.6454189615
115921.8681158947 137045.0824461154
120557.1731685263 131440.0650372693
111126.7249580000 125995.1909829616
116241.5443264211 127276.3378192692
117839.9253790526 130799.4916191154
120397.3350632632 133201.6419371923
112245.5916948421 131279.9216827308
112565.2679053684 124073.4707285000
117520.2491685263 138806.6593460385
117520.2491685263 130319.0615555000
117040.7348527369 138486.3726369615
122954.7447474737 133842.2153553462
111925.9154843158 131440.0650372693
118798.9540106316 134322.6454189615
118159.6015895789 134162.5020644231
114483.3251685263 135123.3621916538
119278.4683264211 131119.7783281923
112085.7535895789 129358.2014282692
111126.7249580000 124553.9007921154
111126.7249580000 123272.7539558077
111606.2392737895 135443.6489007308
122155.5542211579 135123.3621916538
130743.9524796875 107019.9978943276
132999.6527114375 108932.8461843966
132032.9240406875 105107.1496042586
131549.5597053125 110845.6944744655
131710.6811504375 109411.0582569138
133160.7741565625 109729.8663052586
133160.7741565625 108773.4421602241
131549.5597053125 111005.0984986379
131549.5597053125 105904.1697251207
132677.4098211875 105744.7657009483
131549.5597053125 108295.2300877069

125352.3163264211 138646.5159915000
114003.8108527369 138005.9425733461
120077.6588527368 136724.7957370385
124553.1258001053 136564.6523825000
119118.6302211579 136084.2223188846
120876.8493790526 134642.9321280385
118958.7921158947 133521.9286462693
116880.8967474737 132881.3552281154
113204.6203264211 131600.2083918077
111446.4011685263 130799.4916191154
116561.2205369474 130799.4916191154
111126.7249580000 130639.3482645769
111126.7249580000 129838.6314918846
115122.6775895789 127596.6245283461
114003.8108527369 127276.3378192692
113843.9727474737 124714.0441466538
110167.6963264211 122952.4672467308
117360.4110632632 128877.7713646538
112245.5916948421 135924.0789643461
115282.5156948421 136084.2223188846
110327.5344316842 123913.3273739615
116081.7062211579 126956.0511101923
114003.8108527369 126315.4776920385
119598.1445369474 132080.6384554231
120077.6588527368 134322.6454189615
126631.0211685263 137045.0824461154
112725.1060106316 130319.0615555000
115282.5156948421 130158.9182009615
112725.1060106316 128557.4846555769
120717.0112737895 133201.6419371923
126471.1830632632 137205.2258006538
113204.6203264211 134162.5020644231
111925.9154843158 123112.6106012692
115282.5156948421 129518.3447828077
117520.2491685263 128237.1979465000
118958.7921158947 136724.7957370385
112565.2679053684 128717.6280101154
118479.2778001053 138166.0859278846
115762.0300106316 129198.0580737308
114323.4870632632 132240.7818099615
114003.8108527369 132240.7818099615
121516.2018001053 135924.0789643461
124872.8020106316 139447.2327641923
121995.7161158947 135763.9356098077
116401.3824316842 131119.7783281923
114323.4870632632 133682.0720008077
123594.0971685263 134002.3587098846
114643.1632737895 136084.2223188846
110647.2106422105 125194.4742102692
122635.0685369474 132881.3552281154
122954.7447474737 133842.2153553462
116401.3824316842 132721.2118735769
113843.9727474737 129678.4881373461
114323.4870632632 129678.4881373461
114163.6489580000 127756.7678828846
115122.6775895789 138166.0859278846
124393.2876948421 139126.9460551154
117520.2491685263 131600.2083918077
114803.0013790526 127436.4811738077
119118.6302211579 136564.6523825000
124073.6114843158 136244.3656734231
113684.1346422105 130158.9182009615
118639.1159053684 132400.9251645000
122315.3923264211 135603.7922552692
117680.0872737895 133842.2153553462
120876.8493790526 133041.4985826538
117680.0872737895 129998.7748464231
111766.0773790526 131920.4951008846
114323.4870632632 136244.3656734231
115122.6775895789 134002.3587098846
113524.2965369474 131119.7783281923
116721.0586422105 129518.3447828077
113044.7822211579 136084.2223188846
115282.5156948421 135603.7922552692
114163.6489580000 131600.2083918077
116880.8967474737 130959.6349736538
122155.5542211579 133682.0720008077
116081.7062211579 135603.7922552692
113204.6203264211 134482.7887735000
117520.2491685263 133682.0720008077
111766.0773790526 135924.0789643461
113044.7822211579 134642.9321280385
110327.5344316842 122151.7504740385
116081.7062211579 134803.0754825769
116081.7062211579 136084.2223188846
119438.3064316842 129678.4881373461
115602.1919053684 139126.9460551154
117520.2491685263 138005.9425733461
116401.3824316842 139287.0894096538
125991.6687474737 135283.5055461923
117520.2491685263 129838.6314918846
116561.2205369474 131760.3517463461
114643.1632737895 138646.5159915000
123114.5828527368 135283.5055461923
114803.0013790526 128397.3413010385
111766.0773790526 123753.1840194231
115122.6775895789 125995.1909829616
111286.5630632632 123432.8973103461
117040.7348527369 130639.3482645769
131871.8025955625 111642.7145953276
132194.0454858125 111005.0984986379
130905.0739248125 107179.4019185000
133966.3813821875 105266.5536284310
132032.9240406875 105107.1496042586
130582.8310345625 108773.4421602241
129777.2238089375 105425.9576526034
130582.8310345625 109570.4622810862
132194.0454858125 107976.4220393621
131388.4382601875 108773.4421602241
133805.2599370625 107338.8059426724

117520.2491685263 127916.9112374231
121356.3636948421 133201.6419371923
122475.2304316842 134482.7887735000
114003.8108527369 125835.0476284231
114643.1632737895 126315.4776920385
113204.6203264211 125034.3308557308
114803.0013790526 129518.3447828077
118798.9540106316 131600.2083918077
114483.3251685263 130959.6349736538
124872.8020106316 139126.9460551154
111606.2392737895 127756.7678828846
122315.3923264211 134963.2188371154
112245.5916948421 135123.3621916538
114483.3251685263 134963.2188371154
117839.9253790526 136724.7957370385
111286.5630632632 126475.6210465769
119917.8207474737 133682.0720008077
111286.5630632632 128717.6280101154
118479.2778001053 137205.2258006538
116081.7062211579 137045.0824461154
118159.6015895789 137365.3691551923
110327.5344316842 123593.0406648846
110966.8868527369 129838.6314918846
125192.4782211579 134642.9321280385
111766.0773790526 125514.7609193461
117360.4110632632 134803.0754825769
111446.4011685263 131119.7783281923
120077.6588527368 134642.9321280385
113843.9727474737 129838.6314918846
120077.6588527368 133682.0720008077
115282.5156948421 133842.2153553462
114643.1632737895 128397.3413010385
116561.2205369474 129998.7748464231
117839.9253790526 128397.3413010385
112565.2679053684 136404.5090279615
112085.7535895789 131279.9216827308
114323.4870632632 128557.4846555769
121356.3636948421 134482.7887735000
122635.0685369474 136404.5090279615
116721.0586422105 137845.7992188077
119118.6302211579 135603.7922552692
118798.9540106316 133682.0720008077
112725.1060106316 134482.7887735000
116241.5443264211 132721.2118735769
124553.1258001053 136404.5090279615
111925.9154843158 128877.7713646538
120397.3350632632 131920.4951008846
126631.0211685263 136884.9390915769
125991.6687474737 138326.2292824231
127590.0498001053 137045.0824461154
114803.0013790526 130158.9182009615
119438.3064316842 130799.4916191154
125991.6687474737 137845.7992188077
110647.2106422105 126795.9077556538
124233.4495895789 134642.9321280385
121835.8780106316 135443.6489007308
110966.8868527369 122952.4672467308
115282.5156948421 135763.9356098077
122155.5542211579 136884.9390915769
125352.3163264211 138966.8027005769
112725.1060106316 128237.1979465000
113044.7822211579 133682.0720008077
125671.9925369474 134963.2188371154
113524.2965369474 137845.7992188077
114323.4870632632 133521.9286462693
115921.8681158947 132561.0685190384
116561.2205369474 133201.6419371923
119757.9826422105 136724.7957370385
113843.9727474737 137205.2258006538
115282.5156948421 133521.9286462693
116401.3824316842 132240.7818099615
121676.0399053684 136244.3656734231
118958.7921158947 133361.7852917308
114643.1632737895 133361.7852917308
113684.1346422105 133682.0720008077
118639.1159053684 138005.9425733461
113364.4584316842 127756.7678828846
118319.4396948421 129518.3447828077
111446.4011685263 125674.9042738846
116721.0586422105 136244.3656734231
118159.6015895789 134002.3587098846
115602.1919053684 129037.9147191923
118798.9540106316 133041.4985826538
126151.5068527368 137525.5125097308
111606.2392737895 124714.0441466538
112565.2679053684 132881.3552281154
119118.6302211579 133041.4985826538
123434.2590632632 134482.7887735000
113843.9727474737 134482.7887735000
113684.1346422105 126795.9077556538
115602.1919053684 127276.3378192692
121196.5255895789 133361.7852917308
112245.5916948421 128077.0545919616
117520.2491685263 133842.2153553462
117040.7348527369 128077.0545919616
117680.0872737895 135283.5055461923
121196.5255895789 134963.2188371154
113204.6203264211 134803.0754825769
120397.3350632632 132561.0685190384
131388.4382601875 110048.6743536034
132355.1669309375 109889.2703294310
131227.3168150625 110526.8864261207
133321.8956016875 109092.2502085690
129938.3452540625 105744.7657009483
130905.0739248125 110686.2904502931
130421.7095894375 106860.5938701552
133644.1384919375 106063.5737492931
131710.6811504375 108295.2300877069
132355.1669309375 108932.8461843966
132838.5312663125 109251.6542327414

113684.1346422105 138005.9425733461
115442.3538001053 137365.3691551923
114003.8108527369 136404.5090279615
117839.9253790526 135763.9356098077
116561.2205369474 135283.5055461923
112565.2679053684 134162.5020644231
112884.9441158947 133842.2153553462
111126.7249580000 130639.3482645769
114962.8394843158 130158.9182009615
113843.9727474737 129998.7748464231
116401.3824316842 129358.2014282692
114003.8108527369 126315.4776920385
110487.3725369474 125034.3308557308
121196.5255895789 131920.4951008846
114643.1632737895 127596.6245283461
125991.6687474737 135763.9356098077
110647.2106422105 127116.1944647308
114643.1632737895 135123.3621916538
117680.0872737895 133201.6419371923
120397.3350632632 131760.3517463461
126471.1830632632 137525.5125097308
115602.1919053684 129198.0580737308
117200.5729580000 138646.5159915000
120876.8493790526 135443.6489007308
117999.7634843158 137045.0824461154
114323.4870632632 136244.3656734231
111286.5630632632 131279.9216827308
116241.5443264211 133201.6419371923
119118.6302211579 129358.2014282692
117040.7348527369 130799.4916191154
123434.2590632632 133361.7852917308
121676.0399053684 134642.9321280385
119278.4683264211 131279.9216827308
115122.6775895789 128077.0545919616
113524.2965369474 126475.6210465769
111766.0773790526 128077.0545919616
123913.7733790526 136084.2223188846
120237.4969580000 136884.9390915769
120557.1731685263 134002.3587098846
116561.2205369474 137045.0824461154
115282.5156948421 131119.7783281923
114483.3251685263 126635.7644011154
116241.5443264211 133041.4985826538
120397.3350632632 136244.3656734231
112725.1060106316 132721.2118735769
124073.6114843158 134002.3587098846
118639.1159053684 136724.7957370385
118798.9540106316 134162.5020644231
111446.4011685263 127436.4811738077
112725.1060106316 123913.3273739615
112725.1060106316 129678.4881373461
115122.6775895789 134803.0754825769
116401.3824316842 130639.3482645769
113684.1346422105 130799.4916191154
114483.3251685263 129998.7748464231
111606.2392737895 125514.7609193461
112884.9441158947 128397.3413010385
111766.0773790526 127276.3378192692
112884.9441158947 125194.4742102692
113684.1346422105 136884.9390915769
120557.1731685263 134482.7887735000
120717.0112737895 133682.0720008077
118798.9540106316 129358.2014282692
121516.2018001053 133682.0720008077
118639.1159053684 130799.4916191154
113524.2965369474 137365.3691551923
112405.4298001053 136564.6523825000
113044.7822211579 132400.9251645000
124553.1258001053 136404.5090279615
116721.0586422105 128077.0545919616
111126.7249580000 122472.0371831154
114003.8108527369 127916.9112374231
127430.2116948421 136564.6523825000
115921.8681158947 126475.6210465769
114163.6489580000 126635.7644011154
119598.1445369474 132080.6384554231
118159.6015895789 133201.6419371923
116880.8967474737 137045.0824461154
112725.1060106316 129198.0580737308
114323.4870632632 125514.7609193461
116721.0586422105 138966.8027005769
111606.2392737895 124073.4707285000
117999.7634843158 132400.9251645000
112565.2679053684 134803.0754825769
122794.9066422105 134963.2188371154
115921.8681158947 127436.4811738077
123274.4209580000 134002.3587098846
126151.5068527368 138326.2292824231
114483.3251685263 131600.2083918077
110647.2106422105 126475.6210465769
126151.5068527368 135603.7922552692
112085.7535895789 137045.0824461154
124553.1258001053 137205.2258006538
125192.4782211579 138806.6593460385
115282.5156948421 135763.9356098077
120077.6588527368 130319.0615555000
111606.2392737895 132561.0685190384
114962.8394843158 132561.0685190384
117200.5729580000 130319.0615555000
130743.9524796875 105744.7657009483
134127.5028273125 104947.7455800862
130905.0739248125 111005.0984986379
130099.4666991875 107019.9978943276
134127.5028273125 108135.8260635345
132032.9240406875 105585.3616767759
130099.4666991875 105425.9576526034
132677.4098211875 110845.6944744655
134610.8671626875 105904.1697251207
131871.8025955625 111483.3105711552
133966.3813821875 106701.1898459827

112884.9441158947 132400.9251645000
115442.3538001053 136084.2223188846
121835.8780106316 134482.7887735000
113524.2965369474 128077.0545919616
123434.2590632632 137205.2258006538
117680.0872737895 138326.2292824231
116081.7062211579 138806.6593460385
125831.8306422105 138326.2292824231
116721.0586422105 132080.6384554231
113843.9727474737 136884.9390915769
114003.8108527369 129998.7748464231
113364.4584316842 131760.3517463461
117999.7634843158 132561.0685190384
117520.2491685263 134642.9321280385
119278.4683264211 131279.9216827308
111766.0773790526 132400.9251645000
123753.9352737895 135443.6489007308
114323.4870632632 125995.1909829616
112884.9441158947 127596.6245283461
126311.3449580000 137365.3691551923
122794.9066422105 137045.0824461154
112405.4298001053 124073.4707285000
120077.6588527368 133682.0720008077
119757.9826422105 134482.7887735000
112884.9441158947 126315.4776920385
117839.9253790526 131760.3517463461
111925.9154843158 129518.3447828077
113843.9727474737 138005.9425733461
119118.6302211579 136084.2223188846
117040.7348527369 132240.7818099615
125352.3163264211 135123.3621916538
113843.9727474737 135283.5055461923
110487.3725369474 127436.4811738077
115122.6775895789 127596.6245283461
122635.0685369474 134803.0754825769
122155.5542211579 133521.9286462693
113843.9727474737 130319.0615555000
111126.7249580000 127116.1944647308
126950.6973790526 136084.2223188846
115282.5156948421 138326.2292824231
121356.3636948421 132881.3552281154
118319.4396948421 131760.3517463461
111606.2392737895 130959.6349736538
111446.4011685263 134162.5020644231
111606.2392737895 124874.1875011923
112245.5916948421 128397.3413010385
115122.6775895789 128877.7713646538
116401.3824316842 134803.0754825769
119438.3064316842 129678.4881373461
118319.4396948421 138326.2292824231
111126.7249580000 129998.7748464231
116721.0586422105 128397.3413010385
121356.3636948421 134642.9321280385
110966.8868527369 127436.4811738077
114803.0013790526 136084.2223188846
116241.5443264211 133201.6419371923
116880.8967474737 129037.9147191923
124872.8020106316 139447.2327641923
117040.7348527369 134162.5020644231
113364.4584316842 135603.7922552692
113843.9727474737 132721.2118735769
122635.0685369474 136244.3656734231
117839.9253790526 138166.0859278846
110167.6963264211 124714.0441466538
114962.8394843158 138646.5159915000
113684.1346422105 128557.4846555769
115442.3538001053 128717.6280101154
110327.5344316842 124553.9007921154
123594.0971685263 136884.9390915769
112565.2679053684 129678.4881373461
118319.4396948421 138166.0859278846
116241.5443264211 128397.3413010385
112085.7535895789 125514.7609193461
124553.1258001053 134803.0754825769
115921.8681158947 131920.4951008846
120557.1731685263 134002.3587098846
123594.0971685263 133361.7852917308
115122.6775895789 132721.2118735769
112085.7535895789 123112.6106012692
111925.9154843158 135603.7922552692
114163.6489580000 126795.9077556538
122635.0685369474 137365.3691551923
121516.2018001053 132561.0685190384
119438.3064316842 130639.3482645769
111446.4011685263 132881.3552281154
121676.0399053684 135603.7922552692
116721.0586422105 138806.6593460385
123753.9352737895 133361.7852917308
113044.7822211579 129518.3447828077
118798.9540106316 136724.7957370385
111606.2392737895 124073.4707285000
122635.0685369474 135443.6489007308
118798.9540106316 136084.2223188846
114962.8394843158 135123.3621916538
116561.2205369474 133842.2153553462
118639.1159053684 138005.9425733461
114962.8394843158 134322.6454189615
112085.7535895789 126155.3343375000
112085.7535895789 127276.3378192692
131710.6811504375 110526.8864261207
132032.9240406875 108135.8260635345
132355.1669309375 106701.1898459827
131388.4382601875 112758.5427645345
133966.3813821875 107976.4220393621
132677.4098211875 109251.6542327414
130743.9524796875 105425.9576526034
131871.8025955625 105585.3616767759
130582.8310345625 107498.2099668448
131710.6811504375 105904.1697251207
132516.2883760625 106063.5737492931

118159.6015895789 129037.9147191923
110807.0487474737 128557.4846555769
111606.2392737895 125194.4742102692
116081.7062211579 138005.9425733461
117680.0872737895 137845.7992188077
113524.2965369474 131279.9216827308
112405.4298001053 125034.3308557308
114163.6489580000 126475.6210465769
114163.6489580000 136404.5090279615
121835.8780106316 134803.0754825769
121196.5255895789 135603.7922552692
120717.0112737895 131279.9216827308
125512.1544316842 138646.5159915000
122635.0685369474 134642.9321280385
113684.1346422105 134642.9321280385
110647.2106422105 123112.6106012692
114962.8394843158 138806.6593460385
114483.3251685263 134322.6454189615
114323.4870632632 129198.0580737308
122315.3923264211 135924.0789643461
110487.3725369474 122792.3238921923
110647.2106422105 124073.4707285000
122475.2304316842 132240.7818099615
111606.2392737895 134002.3587098846
119917.8207474737 133521.9286462693
117360.4110632632 134162.5020644231
116721.0586422105 138166.0859278846
113843.9727474737 131600.2083918077
116721.0586422105 130959.6349736538
111925.9154843158 128397.3413010385
111925.9154843158 135123.3621916538
110966.8868527369 123112.6106012692
117360.4110632632 137845.7992188077
121995.7161158947 131920.4951008846
117839.9253790526 134803.0754825769
116721.0586422105 129037.9147191923
123274.4209580000 133842.2153553462
116561.2205369474 130959.6349736538
114323.4870632632 128397.3413010385
117200.5729580000 131600.2083918077
118159.6015895789 130479.2049100385
124553.1258001053 137685.6558642692
112565.2679053684 127276.3378192692
113204.6203264211 124714.0441466538
111925.9154843158 123753.1840194231
117040.7348527369 138646.5159915000
114003.8108527369 125995.1909829616
111925.9154843158 127916.9112374231
119438.3064316842 130479.2049100385
112725.1060106316 132240.7818099615
118319.4396948421 132721.2118735769
112405.4298001053 129838.6314918846
120077.6588527368 137205.2258006538
113843.9727474737 127596.6245283461
116721.0586422105 129518.3447828077
126950.6973790526 136564.6523825000
126790.8592737895 137045.0824461154
116081.7062211579 136084.2223188846
121835.8780106316 131920.4951008846
117999.7634843158 133682.0720008077
112405.4298001053 129518.3447828077
117360.4110632632 137525.5125097308
114803.0013790526 134322.6454189615
110647.2106422105 128397.3413010385
111126.7249580000 128557.4846555769
119278.4683264211 136564.6523825000
118798.9540106316 136564.6523825000
124073.6114843158 134482.7887735000
120557.1731685263 131760.3517463461
114962.8394843158 137045.0824461154
113843.9727474737 133361.7852917308
116561.2205369474 133201.6419371923
118958.7921158947 131920.4951008846
116721.0586422105 137525.5125097308
111286.5630632632 125995.1909829616
126471.1830632632 136884.9390915769
113364.4584316842 131440.0650372693
113204.6203264211 128557.4846555769
112245.5916948421 125034.3308557308
111606.2392737895 134642.9321280385
121356.3636948421 136084.2223188846
111286.5630632632 125674.9042738846
114483.3251685263 133361.7852917308
115602.1919053684 134162.5020644231
112085.7535895789 132721.2118735769
116561.2205369474 133041.4985826538
116241.5443264211 130799.4916191154
112085.7535895789 136084.2223188846
115442.3538001053 138486.3726369615
116561.2205369474 132881.3552281154
113044.7822211579 127436.4811738077
122635.0685369474 136884.9390915769
119118.6302211579 133682.0720008077
113204.6203264211 125354.6175648077
114323.4870632632 125514.7609193461
117520.2491685263 128237.1979465000
113044.7822211579 134963.2188371154
118159.6015895789 134002.3587098846
116401.3824316842 133521.9286462693
132194.0454858125 109411.0582569138
130743.9524796875 105904.1697251207
132677.4098211875 110845.6944744655
132838.5312663125 105585.3616767759
134933.1100529375 106063.5737492931
132999.6527114375 105904.1697251207
133966.3813821875 108295.2300877069
130582.8310345625 107338.8059426724
131871.8025955625 113236.7548370517
134610.8671626875 106382.3817976379
134771.9886078125 105107.1496042586

123274.4209580000 133201.6419371923
112405.4298001053 129198.0580737308
122155.5542211579 133521.9286462693
111925.9154843158 128397.3413010385
119598.1445369474 131119.7783281923
115762.0300106316 129037.9147191923
115602.1919053684 137365.3691551923
114962.8394843158 133682.0720008077
115921.8681158947 132561.0685190384
117839.9253790526 138326.2292824231
112565.2679053684 125194.4742102692
112565.2679053684 130158.9182009615
117839.9253790526 134963.2188371154
115602.1919053684 139126.9460551154
117200.5729580000 132080.6384554231
115442.3538001053 126795.9077556538
113044.7822211579 132240.7818099615
112405.4298001053 134803.0754825769
110327.5344316842 124553.9007921154
120237.4969580000 131600.2083918077
112725.1060106316 129198.0580737308
118639.1159053684 133682.0720008077
114962.8394843158 132400.9251645000
111126.7249580000 123593.0406648846
110487.3725369474 123593.0406648846
118159.6015895789 130479.2049100385
117200.5729580000 132881.3552281154
116721.0586422105 137045.0824461154
116561.2205369474 131600.2083918077
111126.7249580000 122952.4672467308
111446.4011685263 128557.4846555769
122315.3923264211 136404.5090279615
116241.5443264211 136404.5090279615
111766.0773790526 128397.3413010385
119278.4683264211 135924.0789643461
117040.7348527369 137045.0824461154
124233.4495895789 137685.6558642692
115122.6775895789 127916.9112374231
115762.0300106316 137205.2258006538
112405.4298001053 123432.8973103461
111925.9154843158 129998.7748464231
113684.1346422105 127116.1944647308
116721.0586422105 128237.1979465000
111606.2392737895 126635.7644011154
113044.7822211579 135443.6489007308
112725.1060106316 127436.4811738077
117680.0872737895 135443.6489007308
122155.5542211579 134162.5020644231
110807.0487474737 122151.7504740385
120717.0112737895 131119.7783281923
125032.6401158947 134963.2188371154
117680.0872737895 134642.9321280385
126311.3449580000 137845.7992188077
112085.7535895789 134482.7887735000
118479.2778001053 129198.0580737308
126950.6973790526 137205.2258006538
113364.4584316842 135603.7922552692
118319.4396948421 137365.3691551923
114962.8394843158 127436.4811738077
119438.3064316842 132561.0685190384
111766.0773790526 123753.1840194231
110966.8868527369 122792.3238921923
114323.4870632632 131600.2083918077
114803.0013790526 130799.4916191154
116561.2205369474 135123.3621916538
116081.7062211579 128077.0545919616
119438.3064316842 134002.3587098846
119118.6302211579 133201.6419371923
113843.9727474737 129198.0580737308
119118.6302211579 136244.3656734231
116880.8967474737 138646.5159915000
122954.7447474737 132721.2118735769
115762.0300106316 131600.2083918077
116241.5443264211 133521.9286462693
114962.8394843158 126635.7644011154
111925.9154843158 129838.6314918846
114323.4870632632 126155.3343375000
120876.8493790526 134642.9321280385
115122.6775895789 133521.9286462693
112884.9441158947 129998.7748464231
111766.0773790526 131600.2083918077
116721.0586422105 129198.0580737308
118159.6015895789 131119.7783281923
113843.9727474737 133041.4985826538
116721.0586422105 133682.0720008077
115282.5156948421 138166.0859278846
120557.1731685263 136884.9390915769
114643.1632737895 134002.3587098846
114962.8394843158 128877.7713646538
116241.5443264211 134803.0754825769
119118.6302211579 134162.5020644231
115921.8681158947 132721.2118735769
113044.7822211579 128557.4846555769
123434.2590632632 138166.0859278846
113364.4584316842 134482.7887735000
114003.8108527369 131920.4951008846
117839.9253790526 130799.4916191154
112884.9441158947 133041.4985826538
112085.7535895789 131279.9216827308
134449.7457175625 104947.7455800862
134288.6242724375 105107.1496042586
130582.8310345625 108614.0381360517
130905.0739248125 109570.4622810862
134127.5028273125 105425.9576526034
130421.7095894375 106860.5938701552
133160.7741565625 107976.4220393621
132677.4098211875 107657.6139910172
131388.4382601875 109411.0582569138
131549.5597053125 112917.9467887069
130260.5881443125 107019.9978943276

117200.5729580000 131600.2083918077
115442.3538001053 131279.9216827308
115762.0300106316 134482.7887735000
118319.4396948421 135924.0789643461
122794.9066422105 136724.7957370385
114643.1632737895 138166.0859278846
114483.3251685263 129358.2014282692
116880.8967474737 132721.2118735769
118159.6015895789 133041.4985826538
114163.6489580000 132881.3552281154
113684.1346422105 131279.9216827308
115442.3538001053 132400.9251645000
112725.1060106316 134162.5020644231
121676.0399053684 133521.9286462693
111925.9154843158 136084.2223188846
117520.2491685263 137365.3691551923
114163.6489580000 133361.7852917308
116880.8967474737 137685.6558642692
115602.1919053684 138166.0859278846
117520.2491685263 138806.6593460385
123274.4209580000 136244.3656734231
122315.3923264211 133361.7852917308
112085.7535895789 126795.9077556538
112405.4298001053 125514.7609193461
119598.1445369474 137365.3691551923
119438.3064316842 130479.2049100385
110807.0487474737 123432.8973103461
117520.2491685263 132721.2118735769
112884.9441158947 128077.0545919616
111606.2392737895 134963.2188371154
121196.5255895789 131440.0650372693
115762.0300106316 138486.3726369615
114962.8394843158 135924.0789643461
113364.4584316842 133682.0720008077
122794.9066422105 133682.0720008077
114003.8108527369 126956.0511101923
112725.1060106316 136084.2223188846
122475.2304316842 136244.3656734231
111606.2392737895 129198.0580737308
115122.6775895789 130959.6349736538
122155.5542211579 132240.7818099615
122315.3923264211 136404.5090279615
114962.8394843158 136564.6523825000
123274.4209580000 137845.7992188077
118479.2778001053 130799.4916191154
115921.8681158947 138166.0859278846
116401.3824316842 128237.1979465000
115442.3538001053 132721.2118735769
122475.2304316842 134482.7887735000
114803.0013790526 127916.9112374231
126631.0211685263 136724.7957370385
116561.2205369474 137685.6558642692
113204.6203264211 131920.4951008846
112725.1060106316 131440.0650372693
111126.7249580000 125674.9042738846
115442.3538001053 131760.3517463461
114962.8394843158 131600.2083918077
115921.8681158947 133201.6419371923
115762.0300106316 129998.7748464231
120397.3350632632 136884.9390915769
111606.2392737895 133361.7852917308
125991.6687474737 138326.2292824231
115921.8681158947 129037.9147191923
111126.7249580000 125835.0476284231
126471.1830632632 136884.9390915769
124712.9639053684 138486.3726369615
114483.3251685263 134322.6454189615
111446.4011685263 125674.9042738846
117999.7634843158 131440.0650372693
118479.2778001053 137045.0824461154
119917.8207474737 130639.3482645769
111925.9154843158 130479.2049100385
116241.5443264211 132561.0685190384
119757.9826422105 130639.3482645769
119757.9826422105 132400.9251645000
111766.0773790526 126956.0511101923
110807.0487474737 124233.6140830385
124712.9639053684 139287.0894096538
119438.3064316842 133521.9286462693
117839.9253790526 130639.3482645769
117839.9253790526 128237.1979465000
116241.5443264211 135924.0789643461
115602.1919053684 138326.2292824231
123753.9352737895 134642.9321280385
114003.8108527369 132080.6384554231
126311.3449580000 138005.9425733461
117360.4110632632 138806.6593460385
118639.1159053684 131600.2083918077
116241.5443264211 137525.5125097308
110007.8582211579 123112.6106012692
116721.0586422105 139287.0894096538
117839.9253790526 131119.7783281923
127270.3735895789 136724.7957370385
116401.3824316842 129518.3447828077
123753.9352737895 138005.9425733461
123434.2590632632 135603.7922552692
112725.1060106316 127596.6245283461
122315.3923264211 133041.4985826538
113843.9727474737 125514.7609193461
133321.8956016875 105425.9576526034
131710.6811504375 106701.1898459827
130743.9524796875 106222.9777734655
132355.1669309375 109411.0582569138
131227.3168150625 112599.1387403621
131388.4382601875 110208.0783777759
131227.3168150625 110686.2904502931
132999.6527114375 109251.6542327414
129938.3452540625 106541.7858218103
133483.0170468125 108295.2300877069
132032.9240406875 111483.3105711552

110807.0487474737 122952.4672467308
110966.8868527369 129358.2014282692
113204.6203264211 127436.4811738077
111925.9154843158 134322.6454189615
109848.0201158947 121671.3204104231
120876.8493790526 134642.9321280385
124073.6114843158 138166.0859278846
115122.6775895789 129037.9147191923
119598.1445369474 129838.6314918846
123434.2590632632 133201.6419371923
119438.3064316842 137365.3691551923
114803.0013790526 133361.7852917308
113204.6203264211 132561.0685190384
126790.8592737895 137045.0824461154
114803.0013790526 136724.7957370385
115122.6775895789 137045.0824461154
114323.4870632632 134002.3587098846
116721.0586422105 133361.7852917308
114803.0013790526 126956.0511101923
114163.6489580000 133682.0720008077
122794.9066422105 137205.2258006538
118319.4396948421 132400.9251645000
116401.3824316842 128397.3413010385
117040.7348527369 133041.4985826538
113843.9727474737 129678.4881373461
113364.4584316842 129037.9147191923
121196.5255895789 131920.4951008846
117040.7348527369 136084.2223188846
117520.2491685263 129838.6314918846
111925.9154843158 136724.7957370385
111925.9154843158 135283.5055461923
115122.6775895789 135924.0789643461
117200.5729580000 131920.4951008846
111286.5630632632 127436.4811738077
124712.9639053684 134162.5020644231
116081.7062211579 127436.4811738077
111606.2392737895 123112.6106012692
113524.2965369474 131600.2083918077
112725.1060106316 132561.0685190384
116401.3824316842 127596.6245283461
118479.2778001053 133201.6419371923
113843.9727474737 127116.1944647308
118319.4396948421 131119.7783281923
113364.4584316842 130959.6349736538
115442.3538001053 132561.0685190384
112085.7535895789 134002.3587098846
113524.2965369474 137205.2258006538
114962.8394843158 136404.5090279615
110807.0487474737 128557.4846555769
123434.2590632632 136564.6523825000
114803.0013790526 136404.5090279615
118958.7921158947 132881.3552281154
115442.3538001053 136724.7957370385
122315.3923264211 134322.6454189615
110647.2106422105 124714.0441466538
114163.6489580000 131440.0650372693
117200.5729580000 137845.7992188077
122954.7447474737 133842.2153553462
120717.0112737895 136724.7957370385
115921.8681158947 133521.9286462693
122155.5542211579 132561.0685190384
110327.5344316842 123593.0406648846
119598.1445369474 130799.4916191154
113524.2965369474 133521.9286462693
113044.7822211579 136404.5090279615
123753.9352737895 134002.3587098846
119118.6302211579 132240.7818099615
114323.4870632632 128077.0545919616
110647.2106422105 126155.3343375000
120397.3350632632 131119.7783281923
112565.2679053684 129037.9147191923
116721.0586422105 137685.6558642692
121036.6874843158 132721.2118735769
117200.5729580000 137365.3691551923
126311.3449580000 138166.0859278846
121835.8780106316 134322.6454189615
110807.0487474737 126315.4776920385
113044.7822211579 129198.0580737308
111925.9154843158 125995.1909829616
113684.1346422105 138005.9425733461
114643.1632737895 133682.0720008077
113204.6203264211 124393.7574375769
115602.1919053684 127436.4811738077
114643.1632737895 136404.5090279615
122155.5542211579 135123.3621916538
115762.0300106316 138646.5159915000
117999.7634843158 131600.2083918077
112565.2679053684 129518.3447828077
114163.6489580000 125354.6175648077
114803.0013790526 129198.0580737308
111286.5630632632 123112.6106012692
113204.6203264211 126315.4776920385
114803.0013790526 137845.7992188077
126151.5068527368 137365.3691551923
113684.1346422105 132080.6384554231
114643.1632737895 133521.9286462693
117040.7348527369 137845.7992188077
117839.9253790526 134162.5020644231
118159.6015895789 131279.9216827308
131066.1953699375 111961.5226436724
130905.0739248125 109889.2703294310
132677.4098211875 109251.6542327414
131549.5597053125 109729.8663052586
134449.7457175625 106222.9777734655
133966.3813821875 106382.3817976379
135255.3529431875 105107.1496042586
132194.0454858125 111961.5226436724
130582.8310345625 106701.1898459827
133160.7741565625 109411.0582569138
133321.8956016875 106701.1898459827

