670580018.0077925920 94362.6406974792
650377282.5841838121 85923.4468288422
651423237.4566079378 87855.4635047913
654690772.8353978395 92310.0656127930
664798650.4872828722 93942.8514633179
651481022.9568583965 89871.1525573730
669407388.9927966595 94022.0679893494
650828881.9714139700 87354.5706043243
659982768.6563094854 93357.8389167786
656786080.8659770489 92497.3153610229
657628085.2623709440 93217.3248329163
657410311.5599724054 92670.9974327087
653641433.0832000971 90811.7668399811
668595396.4237389565 93956.4803400040
