1080206229.8687512875 2399016.2304077148
1096362055.3404161930 2535877.7135925293
1072971312.4034476280 2374280.2963867188
1086433142.6297285557 2437385.4026794434
1072707486.9416781664 2297552.3670043945
1080937444.3868293762 2416593.1727294922
1086130555.3198242188 2432596.8678588867
1079462241.6037189960 2398306.1644287109
1071456890.0529288054 1835245.3114852905
1079649231.4054431915 2398521.4249572754
1071517387.9261251688 2264516.7395324707
1094631195.5772459507 2485501.2814941406
1077658700.1291756630 2380821.4722290039
1081163042.3221640587 2428326.4597167969
1091498389.9278824329 2472271.5428771973
1088089208.9086918831 2452775.0532531738
1078830114.1623959541 2389418.9126892090
1087309230.8719775677 2445489.5868530273
1085782071.0429151058 2428498.9493408203
1088246926.6863822937 2458326.8417358398
1078666619.3970751762 2385442.2684020996
1078711736.5077877045 2387298.5268859863
