261410079.3267818689 1301693.3867187500
257031629.0760177076 1260418.8613281250
250250690.1686064899 1175755.9655761719
257282523.3963951468 1267924.3542480469
257587037.2967715263 1279503.8784179688
248632706.1497043371 1033100.6741943359
264634752.1177741289 1320040.7133789062
250974481.7759619653 1208628.0122070312
249411344.0862001777 1137094.6762695312
254892776.4976742268 1258727.0124511719
249146977.5222928226 1064437.8519287109
258748514.7987225354 1286573.9565429688
261481456.3796560466 1313975.8784179688
250914814.0433776975 1188704.1555175781
259762066.8870658875 1287763.6979980469
250466103.0098029375 1179269.9020996094
259993012.2866241336 1290667.1015625000
262166354.8387870491 1314396.5190429688
249721426.7490044236 1166483.2855224609
260667339.1510068476 1298237.0827636719
253083145.3381108344 1254419.2873535156
257126257.5099486113 1264541.1684570312
251479638.1291920841 1246760.9353027344
258557046.0727535188 1283970.9414062500
255559815.5667663813 1259068.9753417969
250842011.1343974471 1179855.0134277344
255809606.8727710247 1259522.1745605469
260419253.8452491760 1294799.1140136719
261200717.3151738644 1299306.7199707031
