133878.4048251896 92180.8087469018
126024.5162871552 93298.3625075268
127947.9175617759 79887.7173800268
127627.3506826724 83719.3302735982
134679.8220229483 92979.0614330625
125062.8156498448 86752.6904810089
128428.7678804310 80845.6206034197
127306.7838035690 81643.8732895804
124261.3984520862 84517.5829597589
129069.9016386379 81803.5238268125
128268.4844408793 100482.6366829732
124101.1150125345 83878.9808108304
129550.7519572931 83400.0291991339
124742.2487707414 83400.0291991339
125543.6659685000 78291.2120077054
129390.4685177414 85315.8356459197
127146.5003640172 93298.3625075268
126505.3666058104 80685.9700661875
126184.7997267069 78610.5130821697
130833.0194737069 86273.7388693125
126345.0831662586 77812.2603960089
127306.7838035690 92659.7603585982
130031.6022759483 85794.7872576161
127467.0672431207 77971.9109332411
131153.5863528104 87550.9431671697
127627.3506826724 94575.5668053839
128589.0513199828 83080.7281246697
135000.3889020517 93138.7119702946
131313.8697923621 85954.4377948482
126986.2169244655 89945.7012256518
125543.6659685000 77492.9593215447
126986.2169244655 77812.2603960089
126825.9334849138 95533.4700287768
130993.3029132586 87071.9915554732
127787.6341222241 79728.0668427946
127947.9175617759 78610.5130821697
128268.4844408793 99205.4323851161
128108.2010013276 81324.5722151161
128268.4844408793 100163.3356085089
128268.4844408793 78291.2120077054
125864.2328476034 78291.2120077054
133557.8379460862 91861.5076724375
132596.1373087759 90743.9539118125
127146.5003640172 79728.0668427946
129878.0623638326 105751.8322190593
117218.1836758075 118847.5970283083
118660.4483364686 116292.3258460158
122346.2358026025 107029.4678102055
125711.5200108117 108786.2167480316
114974.6608703347 116771.4391926957
116737.4287889205 118528.1881305217
118660.4483364686 115813.2124993360
112570.8864358996 109425.0345436048
124910.2618660000 132582.1796331305
118660.4483364686 109904.1478902846
125230.7651239247 132262.7707353439
138531.6503277992 106710.0589124190
121544.9776577908 126194.0016773992
122346.2358026025 104793.6055256996
110487.6152593891 110383.2612369644
115134.9124992971 104154.7877301265
120102.7129971297 124117.8438417866
127634.5395583598 139928.5842822213
124750.0102370377 135776.2686109960
107923.5891959916 106230.9455657391
122826.9906894896 127471.6372685455
120262.9646260921 109425.0345436048
126032.0232687364 135456.8597132095
120102.7129971297 104633.9010768063
117378.4353047699 114854.9858059763
126192.2748976987 105272.7188723795
122185.9841736402 104953.3099745929
130839.5721376067 108147.3989524585
112891.3896938243 108945.9211969249
129557.5591059079 108307.1034013518
111128.6217752385 106869.7633613123
127794.7911873222 105751.8322190593
123467.9972053389 104953.3099745929
131480.5786534561 105272.7188723795
124589.7586080753 128589.5684107984
111609.3766621255 106710.0589124190
132281.8367982678 105113.0144234862
115455.4157572218 109904.1478902846
121705.2292867531 119326.7103749881
116897.6804178828 116292.3258460158
120903.9711419414 116292.3258460158
119461.7064812803 107987.6945035652
122666.7390605272 105113.0144234862
114333.6543544854 107827.9900546719
119301.4548523180 112619.1235214704
111769.6282910879 109425.0345436048
125391.0167528870 135776.2686109960
127314.0363004352 106071.2411168458
115775.9190151464 108786.2167480316
122346.2358026025 129867.2040019447
119301.4548523180 119805.8237216680
123628.2488343013 104154.7877301265
125070.5134949623 107029.4678102055
122826.9906894896 130506.0217975178
132762.5916851548 108786.2167480316
118500.1967075063 111980.3057258972
131801.0819113808 109265.3300947115
120102.7129971297 106710.0589124190
114173.4027255230 107348.8767079921
105840.3180194812 104314.4921790198
137249.6372961004 106550.3544635257
128435.7977031716 141525.6287711542
123628.2488343013 128429.8639619052
124109.0037211883 126992.5239218656
119301.4548523180 105751.8322190593
111769.6282910879 104953.3099745929
115295.1641282594 110542.9656858577
123147.4939474142 126673.1150240790
136608.6307802511 107827.9900546719
123788.5004632636 106550.3544635257
123948.7520922259 133700.1107753834
122506.4874315649 121402.8682106008
122987.2423184519 132103.0662864506
118820.6999654310 111022.0790325376
116416.9255309958 106550.3544635257
123788.5004632636 108147.3989524585
117218.1836758075 122680.5038017470
125070.5134949623 110702.6701347510
121224.4743998661 104474.1966279130
121865.4809157155 127950.7506152253
120903.9711419414 111341.4879303241
135967.6242644017 106710.0589124190
126833.2814135481 107508.5811568854
110327.3636304268 107348.8767079921
123467.9972053389 130825.4306953044
126032.0232687364 108945.9211969249
126032.0232687364 105113.0144234862
107122.3310511799 106071.2411168458
129076.8042190209 105592.1277701660
133563.8498299665 105592.1277701660
120743.7195129791 104314.4921790198
114654.1576124101 110542.9656858577
119782.2097392050 120125.2326194545
112891.3896938243 105751.8322190593
119141.2032233557 126513.4105751858
139973.9149884603 106390.6500146324
108885.0989697657 105113.0144234862
119782.2097392050 104793.6055256996
124750.0102370377 106710.0589124190
136288.1275223264 106550.3544635257
130358.8172507197 108307.1034013518
107763.3375670293 104633.9010768063
119141.2032233557 103995.0832812332
113372.1445807113 116611.7347438024
128115.2944452469 107029.4678102055
121064.2227709038 119486.4148238814
112410.6348069372 108147.3989524585
114493.9059834477 117250.5525393755
123147.4939474142 104953.3099745929
117057.9320468452 120125.2326194545
118339.9450785439 112619.1235214704
118500.1967075063 123159.6171484269
115295.1641282594 116931.1436415889
116897.6804178828 115493.8036015494
120423.2162550544 119646.1192727747
126192.2748976987 107827.9900546719
122506.4874315649 121722.2771083874
125711.5200108117 133859.8152242767
126993.5330425105 139768.8798333281
118500.1967075063 120444.6415172411
137089.3856671381 107189.1722590988
126993.5330425105 139928.5842822213
124109.0037211883 106550.3544635257
117057.9320468452 114695.2813570830
124109.0037211883 129547.7951041581
123788.5004632636 110063.8523391779
112891.3896938243 111660.8968281107
126192.2748976987 137213.6086510356
111449.1250331632 105592.1277701660
110327.3636304268 110702.6701347510
127474.2879293975 108147.3989524585
134525.3596037406 107668.2856057787
111769.6282910879 110862.3745836443
127153.7846714728 139609.1753844348
115775.9190151464 115174.3947037629
121705.2292867531 110063.8523391779
119782.2097392050 108147.3989524585
112090.1315490126 112938.5324192569
135166.3661195899 106071.2411168458
119782.2097392050 124277.5482906799
114974.6608703347 114216.1680104032
137890.6438119498 106550.3544635257
130999.8237665691 107189.1722590988
108564.5957118410 105751.8322190593
109365.8538566527 108786.2167480316
120423.2162550544 116132.6213971226
141095.6763911967 106230.9455657391
122506.4874315649 122680.5038017470
122666.7390605272 125076.0705351463
121224.4743998661 119486.4148238814
112891.3896938243 110862.3745836443
133884.3530878912 107348.8767079921
120583.4678840167 124916.3660862530
117698.9385626946 114695.2813570830
113852.8994675983 106230.9455657391
115134.9124992971 119486.4148238814
112731.1380648619 107189.1722590988

125383.3825289483 78610.5130821697
126024.5162871552 87231.6420927054
125703.9494080517 79728.0668427946
126825.9334849138 81324.5722151161
124261.3984520862 83080.7281246697
131474.1532319138 88349.1958533304
127947.9175617759 79089.4646938661
127306.7838035690 94735.2173426161
124902.5322102931 82921.0775874375
128909.6181990862 84677.2334969911
125062.8156498448 86752.6904810089
127627.3506826724 80207.0184544911
128749.3347595345 101919.4915180625
133878.4048251896 92500.1098213661
128108.2010013276 77812.2603960089
131313.8697923621 88828.1474650268
126665.6500453621 93617.6635819911
126665.6500453621 78929.8141566339
125062.8156498448 82921.0775874375
135000.3889020517 94096.6151936875
129711.0353968448 82921.0775874375
123940.8315729828 85475.4861831518
125543.6659685000 80047.3679172589
131474.1532319138 88828.1474650268
128428.7678804310 100642.2872202054
133237.2710669828 90424.6528373482
124101.1150125345 84517.5829597589
131153.5863528104 85794.7872576161
128108.2010013276 79728.0668427946
133237.2710669828 89786.0506884197
129069.9016386379 82601.7765129732
128589.0513199828 81484.2227523482
125543.6659685000 83878.9808108304
124581.9653311897 83240.3786619018
125543.6659685000 78450.8625449375
134359.2551438448 91861.5076724375
124742.2487707414 83080.7281246697
127947.9175617759 83080.7281246697
126505.3666058104 94096.6151936875
124101.1150125345 83719.3302735982
123780.5481334310 80845.6206034197
133076.9876274310 90265.0023001161
123780.5481334310 85635.1367203839
127947.9175617759 99045.7818478839
111288.8734042008 110862.3745836443
125391.0167528870 136255.3819576759
106962.0794222176 104314.4921790198
122025.7325446778 109744.4434413913
124429.5069791130 110383.2612369644
116577.1771599582 119646.1192727747
119621.9581102427 108147.3989524585
108564.5957118410 108786.2167480316
127634.5395583598 104793.6055256996
122666.7390605272 122361.0949039605
108404.3440828787 105911.5366679526
127474.2879293975 110223.5567880712
111449.1250331632 104154.7877301265
115134.9124992971 113098.2368681502
107282.5826801423 106710.0589124190
121064.2227709038 122680.5038017470
135006.1144906276 108307.1034013518
118179.6934495816 124437.2527395731
116416.9255309958 119805.8237216680
119461.7064812803 109904.1478902846
110487.6152593891 108786.2167480316
124269.2553501506 127471.6372685455
112891.3896938243 110063.8523391779
114493.9059834477 106230.9455657391
133403.5982010042 106071.2411168458
115295.1641282594 116452.0302949091
112090.1315490126 112778.8279703637
128916.5525900586 109904.1478902846
119942.4613681674 111181.7834814308
109205.6022276904 109105.6256458182
111929.8799200502 108945.9211969249
124429.5069791130 104633.9010768063
120583.4678840167 123159.6171484269
128435.7977031716 141685.3332200474
118980.9515943933 111181.7834814308
126673.0297845858 105911.5366679526
120583.4678840167 114056.4635615099
122666.7390605272 121402.8682106008
119942.4613681674 113098.2368681502
135006.1144906276 105272.7188723795
120423.2162550544 115972.9169482292
121224.4743998661 120125.2326194545
111128.6217752385 112459.4190725771
108564.5957118410 107508.5811568854
110487.6152593891 105113.0144234862
137089.3856671381 105432.4233212727
137409.8889250628 106869.7633613123
110487.6152593891 111022.0790325376
130358.8172507197 109425.0345436048
121064.2227709038 110383.2612369644
116737.4287889205 113896.7591126166
113532.3962096736 104474.1966279130
118980.9515943933 125555.1838818261
123147.4939474142 105432.4233212727
124589.7586080753 135137.4508154230
122185.9841736402 103995.0832812332
120102.7129971297 126832.8194729723
137890.6438119498 107508.5811568854
113692.6478386360 107508.5811568854
121384.7260288284 117569.9614371621
140454.6698753473 105911.5366679526
121865.4809157155 107189.1722590988
122987.2423184519 104633.9010768063
125070.5134949623 133380.7018775968
127474.2879293975 104633.9010768063
121224.4743998661 109584.7389924980
126673.0297845858 107827.9900546719
126993.5330425105 106390.6500146324
119141.2032233557 108147.3989524585
126673.0297845858 136255.3819576759
118179.6934495816 112619.1235214704
114974.6608703347 115174.3947037629
112731.1380648619 104633.9010768063
118660.4483364686 116452.0302949091
124269.2553501506 135456.8597132095
118820.6999654310 116292.3258460158
122826.9906894896 104633.9010768063
122506.4874315649 106390.6500146324
129397.3074769456 108626.5122991383
120903.9711419414 116292.3258460158
122185.9841736402 108147.3989524585
118660.4483364686 109425.0345436048
115936.1706441088 117729.6658860553
120743.7195129791 122999.9126995336
124910.2618660000 105592.1277701660
133403.5982010042 105272.7188723795
112891.3896938243 109265.3300947115
117698.9385626946 110862.3745836443
110167.1120014644 111341.4879303241
119301.4548523180 112778.8279703637
120423.2162550544 105592.1277701660
114814.4092413724 117250.5525393755
118019.4418206192 120604.3459661344
122987.2423184519 124756.6616373597
117057.9320468452 113896.7591126166
126192.2748976987 106710.0589124190
137249.6372961004 107508.5811568854
118500.1967075063 105751.8322190593
113051.6413227866 108466.8078502451
114974.6608703347 111660.8968281107
125391.0167528870 133061.2929798103
120102.7129971297 106710.0589124190
131801.0819113808 105113.0144234862
114013.1510965607 108945.9211969249
125711.5200108117 135456.8597132095
115134.9124992971 114375.8724592964
114814.4092413724 110862.3745836443
132121.5851693054 107189.1722590988
111288.8734042008 106071.2411168458
111929.8799200502 110063.8523391779
117538.6869337322 107348.8767079921
112570.8864358996 109105.6256458182
119301.4548523180 125076.0705351463
106481.3245353306 104953.3099745929
118820.6999654310 119167.0059260949
114654.1576124101 108466.8078502451
129557.5591059079 106710.0589124190
126993.5330425105 110383.2612369644
117378.4353047699 122840.2082506403
121544.9776577908 111022.0790325376
116096.4222730711 117569.9614371621
121064.2227709038 124437.2527395731
116256.6739020335 104793.6055256996
123628.2488343013 128908.9773085850
122185.9841736402 125874.5927796127
117218.1836758075 123319.3215973202
120262.9646260921 128429.8639619052
121224.4743998661 108466.8078502451
123147.4939474142 128589.5684107984
123467.9972053389 131623.9529397708
119942.4613681674 119326.7103749881
116577.1771599582 106869.7633613123
121705.2292867531 106230.9455657391
110006.8603725021 107029.4678102055
114173.4027255230 105113.0144234862
125070.5134949623 130665.7262464111
123788.5004632636 128110.4550641186
122987.2423184519 124277.5482906799
127955.0428162845 104633.9010768063
122826.9906894896 127791.0461663320
116737.4287889205 108945.9211969249
122185.9841736402 105113.0144234862
109045.3505987280 106230.9455657391
116096.4222730711 119167.0059260949
114173.4027255230 106390.6500146324
125551.2683818494 135297.1552643162
124269.2553501506 128908.9773085850
123467.9972053389 124916.3660862530
119782.2097392050 116132.6213971226
123948.7520922259 129068.6817574783
122987.2423184519 107827.9900546719
122346.2358026025 124756.6616373597
124589.7586080753 129547.7951041581
125391.0167528870 107987.6945035652
118820.6999654310 113417.6457659368
131640.8302824184 107987.6945035652
122346.2358026025 110383.2612369644
127474.2879293975 106390.6500146324

125223.0990893965 87710.5937044018
132275.5704296724 87870.2442416339
126345.0831662586 80845.6206034197
125383.3825289483 86752.6904810089
126345.0831662586 92500.1098213661
125864.2328476034 84996.5345714554
126345.0831662586 89626.4001511875
130352.1691550517 87071.9915554732
128268.4844408793 98566.8302361875
124902.5322102931 88508.8463905625
130672.7360341552 84677.2334969911
126345.0831662586 87231.6420927054
125703.9494080517 78450.8625449375
128428.7678804310 100482.6366829732
124902.5322102931 83878.9808108304
128108.2010013276 78131.5614704732
128428.7678804310 77812.2603960089
123940.8315729828 85315.8356459197
134840.1054625000 92979.0614330625
127627.3506826724 77492.9593215447
125864.2328476034 92340.4592841339
128428.7678804310 99205.4323851161
127467.0672431207 94894.8678798482
126825.9334849138 95214.1689543125
124421.6818916379 82122.8249012768
126345.0831662586 93458.0130447589
124101.1150125345 78131.5614704732
130993.3029132586 86912.3410182411
130191.8857155000 84517.5829597589
128108.2010013276 81803.5238268125
126665.6500453621 81803.5238268125
127947.9175617759 79568.4163055625
125703.9494080517 77652.6098587768
124902.5322102931 81484.2227523482
128108.2010013276 99045.7818478839
123940.8315729828 81963.1743640447
128589.0513199828 99844.0345340447
123940.8315729828 81803.5238268125
127627.3506826724 93777.3141192232
123940.8315729828 79089.4646938661
124261.3984520862 82442.1259757411
124101.1150125345 79249.1152310982
128108.2010013276 78610.5130821697
128428.7678804310 100961.5882946697
118660.4483364686 120604.3459661344
114814.4092413724 110383.2612369644
117057.9320468452 121562.5726594941
109846.6087435397 104953.3099745929
110647.8668883515 107508.5811568854
128435.7977031716 106710.0589124190
126993.5330425105 105272.7188723795
116737.4287889205 108786.2167480316
124109.0037211883 107348.8767079921
119942.4613681674 126034.2972285059
138852.1535857239 105592.1277701660
112250.3831779749 110383.2612369644
120743.7195129791 108466.8078502451
107923.5891959916 106230.9455657391
117218.1836758075 120764.0504150277
122185.9841736402 110542.9656858577
120583.4678840167 110383.2612369644
112410.6348069372 104154.7877301265
127634.5395583598 140407.6976289012
124429.5069791130 128749.2728596917
113692.6478386360 105911.5366679526
122346.2358026025 109904.1478902846
137089.3856671381 106869.7633613123
134845.8628616653 108307.1034013518
113692.6478386360 105751.8322190593
115134.9124992971 107508.5811568854
130839.5721376067 105432.4233212727
124429.5069791130 128270.1595130119
122666.7390605272 130346.3173486245
121224.4743998661 123159.6171484269
126032.0232687364 136415.0864065692
112250.3831779749 111820.6012770040
133243.3465720419 106550.3544635257
118019.4418206192 123798.4349440000
119461.7064812803 103835.3788323399
122506.4874315649 124756.6616373597
134845.8628616653 106390.6500146324
118660.4483364686 110223.5567880712
140294.4182463849 106390.6500146324
120583.4678840167 119007.3014772016
124429.5069791130 129228.3862063715
123307.7455763766 131783.6573886640
123948.7520922259 129707.4995530514
121224.4743998661 111660.8968281107
115936.1706441088 113896.7591126166
118019.4418206192 116132.6213971226
116256.6739020335 115174.3947037629
122025.7325446778 107827.9900546719
121544.9776577908 111660.8968281107
116577.1771599582 106390.6500146324
126032.0232687364 109744.4434413913
113051.6413227866 108945.9211969249
121384.7260288284 106230.9455657391
122826.9906894896 105113.0144234862
121224.4743998661 110862.3745836443
120903.9711419414 104953.3099745929
114654.1576124101 104953.3099745929
123467.9972053389 133700.1107753834
122826.9906894896 126194.0016773992
126512.7781556234 105432.4233212727
122185.9841736402 122041.6860061739
122666.7390605272 124437.2527395731
115295.1641282594 116292.3258460158
123948.7520922259 134179.2241220633
121865.4809157155 125555.1838818261
119621.9581102427 124117.8438417866
120102.7129971297 113577.3502148301
122185.9841736402 121562.5726594941
127474.2879293975 106710.0589124190
117538.6869337322 104474.1966279130
109365.8538566527 105592.1277701660
124429.5069791130 132103.0662864506
115295.1641282594 116452.0302949091
107282.5826801423 104314.4921790198
118820.6999654310 115174.3947037629
134204.8563458159 107189.1722590988
121384.7260288284 119646.1192727747
142698.1926808201 106390.6500146324
124109.0037211883 109904.1478902846
117378.4353047699 110702.6701347510
115615.6673861841 111660.8968281107
140294.4182463849 105751.8322190593
120903.9711419414 111022.0790325376
118339.9450785439 124756.6616373597
116897.6804178828 121402.8682106008
121705.2292867531 104474.1966279130
125230.7651239247 130825.4306953044
114814.4092413724 106710.0589124190
125230.7651239247 109744.4434413913
114173.4027255230 115653.5080504427
132121.5851693054 109265.3300947115
118500.1967075063 106071.2411168458
112410.6348069372 109105.6256458182
135166.3661195899 105592.1277701660
127314.0363004352 107348.8767079921
120743.7195129791 103995.0832812332
131961.3335403431 107987.6945035652
140294.4182463849 107029.4678102055
126673.0297845858 136255.3819576759
121064.2227709038 106710.0589124190
123147.4939474142 108786.2167480316
112250.3831779749 103995.0832812332
117057.9320468452 108307.1034013518
118500.1967075063 116292.3258460158
119782.2097392050 123479.0260462134
122346.2358026025 106230.9455657391
115455.4157572218 107189.1722590988
119141.2032233557 111341.4879303241
110808.1185173138 110862.3745836443
114974.6608703347 105911.5366679526
123467.9972053389 105432.4233212727
114654.1576124101 110383.2612369644
110808.1185173138 105751.8322190593
129397.3074769456 109425.0345436048
131640.8302824184 108786.2167480316
113051.6413227866 110383.2612369644
114974.6608703347 111181.7834814308
116737.4287889205 111501.1923792174
115134.9124992971 109904.1478902846
113852.8994675983 116931.1436415889
116096.4222730711 114854.9858059763
135166.3661195899 108466.8078502451
123467.9972053389 104314.4921790198
133724.1014589289 108626.5122991383
111929.8799200502 105113.0144234862
115455.4157572218 119167.0059260949
114974.6608703347 119167.0059260949
120423.2162550544 115972.9169482292
110167.1120014644 107029.4678102055
112410.6348069372 115174.3947037629
123307.7455763766 105592.1277701660
124910.2618660000 105911.5366679526
115455.4157572218 115493.8036015494
113211.8929517489 108945.9211969249
109686.3571145774 109425.0345436048
120903.9711419414 124437.2527395731
118660.4483364686 107348.8767079921
124109.0037211883 104953.3099745929
123948.7520922259 127471.6372685455
127794.7911873222 140088.2887311146
109526.1054856151 109265.3300947115
114173.4027255230 104314.4921790198
112731.1380648619 108626.5122991383
126673.0297845858 139449.4709355415
120903.9711419414 129707.4995530514
117859.1901916569 124596.9571884664
121705.2292867531 110383.2612369644
124910.2618660000 132422.4751842372
119461.7064812803 104633.9010768063
138211.1470698745 105592.1277701660
112090.1315490126 109744.4434413913
121224.4743998661 107189.1722590988
132281.8367982678 108786.2167480316
133403.5982010042 105272.7188723795
124589.7586080753 104154.7877301265
133884.3530878912 107189.1722590988
112731.1380648619 106230.9455657391
120903.9711419414 129068.6817574783

127627.3506826724 96172.0721777054
127627.3506826724 95693.1205660089
127467.0672431207 94575.5668053839
126184.7997267069 94096.6151936875
132916.7041878793 91382.5560607411
127146.5003640172 90903.6044490447
124421.6818916379 87710.5937044018
129390.4685177414 86114.0883320804
129390.4685177414 85635.1367203839
129871.3188363966 85635.1367203839
123780.5481334310 85475.4861831518
125062.8156498448 82442.1259757411
127146.5003640172 81164.9216778839
125864.2328476034 79568.4163055625
123459.9812543276 79249.1152310982
125543.6659685000 78929.8141566339
128589.0513199828 78929.8141566339
128108.2010013276 78610.5130821697
129390.4685177414 77173.6582470804
128909.6181990862 77014.0077098482
125703.9494080517 80845.6206034197
124101.1150125345 78610.5130821697
128268.4844408793 97768.5775500268
123459.9812543276 78770.1636194018
130031.6022759483 86273.7388693125
130512.4525946034 86752.6904810089
127627.3506826724 80526.3195289554
127947.9175617759 79089.4646938661
125864.2328476034 78131.5614704732
124261.3984520862 84836.8840342232
126986.2169244655 93138.7119702946
125864.2328476034 80207.0184544911
125703.9494080517 78291.2120077054
128268.4844408793 77652.6098587768
125703.9494080517 86593.0399437768
128589.0513199828 82761.4270502054
127146.5003640172 81005.2711406518
131634.4366714655 86912.3410182411
131153.5863528104 85635.1367203839
127627.3506826724 83559.6797363661
124742.2487707414 88668.4969277946
127146.5003640172 79249.1152310982
130512.4525946034 87231.6420927054
128268.4844408793 98886.1313106518
127634.5395583598 141365.9243222609
127314.0363004352 140407.6976289012
127474.2879293975 138491.2442421818
126673.0297845858 137373.3130999288
126993.5330425105 137213.6086510356
126512.7781556234 134977.7463665297
125230.7651239247 131464.2484908775
121865.4809157155 130346.3173486245
123628.2488343013 130186.6128997312
121384.7260288284 129068.6817574783
121865.4809157155 129068.6817574783
120583.4678840167 127471.6372685455
121064.2227709038 127311.9328196522
120583.4678840167 126992.5239218656
119301.4548523180 126194.0016773992
119942.4613681674 125076.0705351463
122346.2358026025 124756.6616373597
123147.4939474142 124117.8438417866
121064.2227709038 123479.0260462134
117698.9385626946 122840.2082506403
120903.9711419414 120284.9370683478
122185.9841736402 119646.1192727747
118660.4483364686 119167.0059260949
116737.4287889205 119007.3014772016
116897.6804178828 118687.8925794150
116577.1771599582 117569.9614371621
118980.9515943933 116132.6213971226
115615.6673861841 115813.2124993360
115615.6673861841 115014.6902548696
118500.1967075063 114375.8724592964
114493.9059834477 113577.3502148301
113051.6413227866 113417.6457659368
118660.4483364686 113257.9413170435
110167.1120014644 111660.8968281107
111769.6282910879 111660.8968281107
119141.2032233557 111022.0790325376
125551.2683818494 110702.6701347510
113852.8994675983 110542.9656858577
125230.7651239247 110542.9656858577
115295.1641282594 110383.2612369644
126673.0297845858 110063.8523391779
115615.6673861841 109584.7389924980
129557.5591059079 109425.0345436048
131801.0819113808 108945.9211969249
127634.5395583598 108466.8078502451
130358.8172507197 108466.8078502451
134525.3596037406 108466.8078502451
135006.1144906276 108466.8078502451
110968.3701462762 108147.3989524585
122666.7390605272 108147.3989524585
129878.0623638326 108147.3989524585
124750.0102370377 107827.9900546719
121064.2227709038 107508.5811568854
123467.9972053389 107508.5811568854
118179.6934495816 107348.8767079921
120743.7195129791 107029.4678102055
125711.5200108117 107029.4678102055
131480.5786534561 107029.4678102055
112891.3896938243 106869.7633613123
118820.6999654310 106869.7633613123
126352.5265266611 106710.0589124190
128916.5525900586 106710.0589124190
139973.9149884603 106390.6500146324
142537.9410518577 106390.6500146324
120743.7195129791 106071.2411168458
109045.3505987280 105911.5366679526
132442.0884272301 105911.5366679526
133884.3530878912 105911.5366679526
137249.6372961004 105911.5366679526
129397.3074769456 105432.4233212727
117218.1836758075 105113.0144234862
109846.6087435397 104953.3099745929
129076.8042190209 104953.3099745929
113372.1445807113 104793.6055256996
124910.2618660000 104793.6055256996
120903.9711419414 104633.9010768063
122506.4874315649 104633.9010768063
124429.5069791130 129068.6817574783
119141.2032233557 106869.7633613123
110327.3636304268 105592.1277701660
118980.9515943933 113417.6457659368
115775.9190151464 108945.9211969249
134365.1079747782 108307.1034013518
124109.0037211883 106869.7633613123
122346.2358026025 127791.0461663320
114333.6543544854 108466.8078502451
120583.4678840167 104793.6055256996
111929.8799200502 106071.2411168458
123948.7520922259 134338.9285709565
121865.4809157155 105751.8322190593
115134.9124992971 113896.7591126166
118179.6934495816 118847.5970283083
122025.7325446778 123479.0260462134
116897.6804178828 120444.6415172411
132762.5916851548 108466.8078502451
117378.4353047699 121722.2771083874
126993.5330425105 106710.0589124190
117378.4353047699 123798.4349440000
121384.7260288284 123319.3215973202
126833.2814135481 106550.3544635257
123307.7455763766 107987.6945035652
129878.0623638326 106550.3544635257
114814.4092413724 103835.3788323399
115295.1641282594 104793.6055256996
123467.9972053389 130346.3173486245
126352.5265266611 107029.4678102055
121705.2292867531 126034.2972285059
111929.8799200502 114375.8724592964
116737.4287889205 107668.2856057787
120423.2162550544 123319.3215973202
119301.4548523180 107827.9900546719
120262.9646260921 115174.3947037629
124429.5069791130 106710.0589124190
130839.5721376067 108626.5122991383
121865.4809157155 111022.0790325376
114974.6608703347 105592.1277701660
119621.9581102427 109265.3300947115
119461.7064812803 125874.5927796127
128596.0493321339 107987.6945035652
120423.2162550544 109584.7389924980
124910.2618660000 110223.5567880712
110327.3636304268 105911.5366679526
110808.1185173138 111022.0790325376
118019.4418206192 120604.3459661344
114814.4092413724 119326.7103749881
132281.8367982678 105272.7188723795
135647.1210064770 106390.6500146324
136288.1275223264 106390.6500146324
133403.5982010042 108626.5122991383
123467.9972053389 107348.8767079921
114814.4092413724 115493.8036015494
125230.7651239247 104953.3099745929
123307.7455763766 103995.0832812332
129717.8107348703 109584.7389924980
112090.1315490126 109265.3300947115
131320.3270244937 106869.7633613123
132121.5851693054 105592.1277701660
121064.2227709038 111181.7834814308
124589.7586080753 129867.2040019447
122826.9906894896 104314.4921790198
114814.4092413724 109744.4434413913
125230.7651239247 107029.4678102055
121064.2227709038 126832.8194729723
126512.7781556234 138331.5397932885
117538.6869337322 112619.1235214704
113692.6478386360 108466.8078502451
118339.9450785439 119486.4148238814
118980.9515943933 105911.5366679526
122346.2358026025 109584.7389924980
116416.9255309958 106071.2411168458
130198.5656217573 106390.6500146324
134845.8628616653 107189.1722590988
120102.7129971297 107189.1722590988
126833.2814135481 105911.5366679526
124750.0102370377 135935.9730598893
120903.9711419414 111341.4879303241
126032.0232687364 135297.1552643162
118500.1967075063 115014.6902548696

124581.9653311897 81324.5722151161
127467.0672431207 83080.7281246697
131474.1532319138 86273.7388693125
126024.5162871552 77812.2603960089
131634.4366714655 88668.4969277946
126665.6500453621 91701.8571352054
124261.3984520862 86433.3894065447
135481.2392207069 94256.2657309197
129550.7519572931 77014.0077098482
126665.6500453621 81963.1743640447
123780.5481334310 81164.9216778839
126505.3666058104 94415.9162681518
126184.7997267069 93458.0130447589
128108.2010013276 98886.1313106518
124421.6818916379 77652.6098587768
126505.3666058104 82122.8249012768
127787.6341222241 94575.5668053839
128749.3347595345 101121.2388319018
129230.1850781897 83240.3786619018
124902.5322102931 78291.2120077054
128589.0513199828 83400.0291991339
127627.3506826724 77971.9109332411
131955.0035505689 89307.0990767232
124581.9653311897 82282.4754385089
130672.7360341552 85635.1367203839
132596.1373087759 90584.3033745804
124261.3984520862 81803.5238268125
129550.7519572931 84357.9324225268
134038.6882647414 92500.1098213661
127627.3506826724 77812.2603960089
131313.8697923621 88668.4969277946
124421.6818916379 78610.5130821697
126986.2169244655 92979.0614330625
124742.2487707414 84198.2818852946
127947.9175617759 99045.7818478839
130031.6022759483 86912.3410182411
124101.1150125345 77652.6098587768
127467.0672431207 77812.2603960089
125864.2328476034 85954.4377948482
130031.6022759483 85635.1367203839
124902.5322102931 83559.6797363661
124902.5322102931 82442.1259757411
126825.9334849138 95852.7711032411
123620.2646938793 80685.9700661875
120903.9711419414 129867.2040019447
123948.7520922259 105272.7188723795
114974.6608703347 118687.8925794150
114493.9059834477 103995.0832812332
122666.7390605272 128589.5684107984
119461.7064812803 105272.7188723795
120743.7195129791 118049.0747838419
106962.0794222176 105272.7188723795
124429.5069791130 105272.7188723795
112891.3896938243 107508.5811568854
110327.3636304268 105272.7188723795
119942.4613681674 105911.5366679526
129717.8107348703 108307.1034013518
114974.6608703347 104633.9010768063
137890.6438119498 106230.9455657391
109365.8538566527 109584.7389924980
117859.1901916569 110862.3745836443
109846.6087435397 107029.4678102055
121705.2292867531 128908.9773085850
110968.3701462762 104154.7877301265
127474.2879293975 140407.6976289012
122826.9906894896 130665.7262464111
118339.9450785439 122041.6860061739
115775.9190151464 114056.4635615099
115455.4157572218 114375.8724592964
115295.1641282594 108147.3989524585
113692.6478386360 112778.8279703637
118980.9515943933 119965.5281705613
106641.5761642929 104953.3099745929
122987.2423184519 111181.7834814308
135967.6242644017 106390.6500146324
128115.2944452469 107348.8767079921
117698.9385626946 122201.3904550672
120583.4678840167 126034.2972285059
138050.8954409121 105751.8322190593
120423.2162550544 116931.1436415889
118500.1967075063 115813.2124993360
116577.1771599582 104633.9010768063
120423.2162550544 119965.5281705613
128275.5460742092 105272.7188723795
126833.2814135481 109265.3300947115
117859.1901916569 105272.7188723795
140935.4247622343 106230.9455657391
117218.1836758075 109265.3300947115
122826.9906894896 104314.4921790198
139172.6568436485 105751.8322190593
121544.9776577908 129867.2040019447
120423.2162550544 123159.6171484269
112570.8864358996 107668.2856057787
116577.1771599582 114056.4635615099
134525.3596037406 108307.1034013518
123788.5004632636 131464.2484908775
113852.8994675983 104793.6055256996
113051.6413227866 112778.8279703637
121544.9776577908 122520.7993528538
120903.9711419414 123638.7304951067
129076.8042190209 104793.6055256996
120102.7129971297 115014.6902548696
110327.3636304268 106230.9455657391
120423.2162550544 126513.4105751858
112731.1380648619 104314.4921790198
113211.8929517489 113417.6457659368
110327.3636304268 110542.9656858577
107282.5826801423 106710.0589124190
125070.5134949623 108147.3989524585
127474.2879293975 107348.8767079921
112410.6348069372 112619.1235214704
122185.9841736402 124756.6616373597
123307.7455763766 109584.7389924980
119621.9581102427 106390.6500146324
117859.1901916569 108147.3989524585
111929.8799200502 110862.3745836443
138531.6503277992 107189.1722590988
116096.4222730711 110223.5567880712
124269.2553501506 130825.4306953044
118500.1967075063 124596.9571884664
127794.7911873222 110383.2612369644
121224.4743998661 109584.7389924980
108404.3440828787 106071.2411168458
108885.0989697657 107987.6945035652
123948.7520922259 126673.1150240790
119942.4613681674 106390.6500146324
112090.1315490126 106710.0589124190
133083.0949430795 108466.8078502451
115455.4157572218 107827.9900546719
116577.1771599582 112140.0101747905
126352.5265266611 110542.9656858577
112891.3896938243 107668.2856057787
143178.9475677071 106230.9455657391
135166.3661195899 108466.8078502451
126192.2748976987 136734.4953043557
107923.5891959916 104793.6055256996
114974.6608703347 113098.2368681502
124750.0102370377 131783.6573886640
122826.9906894896 123319.3215973202
119461.7064812803 108786.2167480316
122346.2358026025 109105.6256458182
112731.1380648619 111181.7834814308
112891.3896938243 111820.6012770040
121384.7260288284 123319.3215973202
123147.4939474142 124756.6616373597
125551.2683818494 107987.6945035652
122346.2358026025 107189.1722590988
115134.9124992971 104633.9010768063
109526.1054856151 108626.5122991383
111288.8734042008 105751.8322190593
116577.1771599582 122361.0949039605
130839.5721376067 108307.1034013518
118500.1967075063 121243.1637617075
122987.2423184519 124277.5482906799
116256.6739020335 104154.7877301265
118660.4483364686 115813.2124993360
124429.5069791130 105911.5366679526
121865.4809157155 106869.7633613123
123628.2488343013 105272.7188723795
130839.5721376067 106710.0589124190
118820.6999654310 112459.4190725771
115775.9190151464 111660.8968281107
118339.9450785439 121722.2771083874
122185.9841736402 127791.0461663320
119301.4548523180 122361.0949039605
119942.4613681674 111980.3057258972
110167.1120014644 106869.7633613123
124910.2618660000 105911.5366679526
123628.2488343013 132422.4751842372
113372.1445807113 110862.3745836443
123788.5004632636 127471.6372685455
114493.9059834477 115174.3947037629
122987.2423184519 105432.4233212727
117378.4353047699 116132.6213971226
112090.1315490126 106230.9455657391
118500.1967075063 109265.3300947115
117698.9385626946 107189.1722590988
124269.2553501506 131623.9529397708
121865.4809157155 127631.3417174388
122987.2423184519 107189.1722590988
131480.5786534561 105751.8322190593
127314.0363004352 137852.4264466087
110327.3636304268 106710.0589124190
121865.4809157155 107029.4678102055
111929.8799200502 109584.7389924980
121064.2227709038 125555.1838818261
124910.2618660000 109744.4434413913
112090.1315490126 112459.4190725771
123307.7455763766 104633.9010768063
115936.1706441088 120284.9370683478
140775.1731332720 105911.5366679526
118339.9450785439 110862.3745836443
134525.3596037406 105272.7188723795
124109.0037211883 110862.3745836443
126993.5330425105 138810.6531399684
124589.7586080753 105592.1277701660
117218.1836758075 119805.8237216680
118019.4418206192 122999.9126995336
108244.0924539163 104314.4921790198
108724.8473408033 107508.5811568854
118019.4418206192 111980.3057258972
124269.2553501506 107827.9900546719

129390.4685177414 85635.1367203839
136603.2232975689 96491.3732521697
125062.8156498448 82442.1259757411
125543.6659685000 88668.4969277946
128108.2010013276 78610.5130821697
125543.6659685000 78929.8141566339
124421.6818916379 82601.7765129732
129390.4685177414 86114.0883320804
127947.9175617759 77812.2603960089
125864.2328476034 78131.5614704732
125543.6659685000 89786.0506884197
132916.7041878793 91382.5560607411
123459.9812543276 79249.1152310982
127627.3506826724 96172.0721777054
126184.7997267069 94096.6151936875
124261.3984520862 83080.7281246697
129390.4685177414 77173.6582470804
128268.4844408793 77971.9109332411
128268.4844408793 97768.5775500268
133718.1213856379 90584.3033745804
127146.5003640172 81164.9216778839
129711.0353968448 85794.7872576161
126345.0831662586 81324.5722151161
129871.3188363966 85635.1367203839
130672.7360341552 85475.4861831518
124261.3984520862 86273.7388693125
128749.3347595345 84996.5345714554
126505.3666058104 81324.5722151161
125864.2328476034 79568.4163055625
135320.9557811551 93777.3141192232
126345.0831662586 79728.0668427946
125864.2328476034 85954.4377948482
127787.6341222241 83719.3302735982
123780.5481334310 84038.6313480625
123620.2646938793 81484.2227523482
127146.5003640172 90903.6044490447
124421.6818916379 87710.5937044018
127627.3506826724 95693.1205660089
128589.0513199828 82761.4270502054
127467.0672431207 94575.5668053839
127146.5003640172 79249.1152310982
133557.8379460862 91222.9055235089
130993.3029132586 87391.2926299375
126345.0831662586 78610.5130821697
116897.6804178828 118687.8925794150
113532.3962096736 114695.2813570830
125391.0167528870 137053.9042021423
114013.1510965607 107029.4678102055
127634.5395583598 108466.8078502451
116737.4287889205 116132.6213971226
114654.1576124101 109425.0345436048
126512.7781556234 134977.7463665297
111769.6282910879 111660.8968281107
127634.5395583598 140247.9931800079
135326.6177485523 105911.5366679526
129397.3074769456 107348.8767079921
116737.4287889205 107668.2856057787
115615.6673861841 115014.6902548696
129557.5591059079 109425.0345436048
114654.1576124101 108626.5122991383
118179.6934495816 118847.5970283083
117378.4353047699 123798.4349440000
123628.2488343013 133220.9974287036
120262.9646260921 108307.1034013518
124750.0102370377 107827.9900546719
119141.2032233557 106869.7633613123
114493.9059834477 107189.1722590988
122185.9841736402 111501.1923792174
133884.3530878912 105911.5366679526
126673.0297845858 137373.3130999288
136768.8824092134 106390.6500146324
121064.2227709038 127311.9328196522
113372.1445807113 104793.6055256996
121865.4809157155 129068.6817574783
116737.4287889205 119007.3014772016
117378.4353047699 121722.2771083874
138371.3986988368 106710.0589124190
113852.8994675983 110542.9656858577
110167.1120014644 111660.8968281107
123948.7520922259 128270.1595130119
120583.4678840167 126992.5239218656
124910.2618660000 104793.6055256996
125551.2683818494 110702.6701347510
135006.1144906276 108466.8078502451
125230.7651239247 107029.4678102055
120262.9646260921 115174.3947037629
122346.2358026025 124756.6616373597
113532.3962096736 115493.8036015494
130839.5721376067 108626.5122991383
124429.5069791130 106710.0589124190
116416.9255309958 110383.2612369644
109045.3505987280 105911.5366679526
118980.9515943933 113417.6457659368
130358.8172507197 108466.8078502451
125230.7651239247 131464.2484908775
123147.4939474142 124117.8438417866
132121.5851693054 105592.1277701660
134365.1079747782 108307.1034013518
132442.0884272301 105911.5366679526
134525.3596037406 108466.8078502451
127634.5395583598 141365.9243222609
117698.9385626946 122840.2082506403
113372.1445807113 107029.4678102055
108724.8473408033 106550.3544635257
117218.1836758075 105113.0144234862
115295.1641282594 110383.2612369644
126993.5330425105 137213.6086510356
131801.0819113808 108945.9211969249
141095.6763911967 105911.5366679526
119942.4613681674 125076.0705351463
120743.7195129791 106071.2411168458
137249.6372961004 105911.5366679526
116256.6739020335 108147.3989524585
126833.2814135481 138970.3575888617
118660.4483364686 121402.8682106008
120262.9646260921 112938.5324192569
127474.2879293975 138491.2442421818
118500.1967075063 111341.4879303241
110327.3636304268 105592.1277701660
115455.4157572218 108307.1034013518
115615.6673861841 109584.7389924980
122666.7390605272 108147.3989524585
114974.6608703347 105592.1277701660
122025.7325446778 111181.7834814308
125230.7651239247 104953.3099745929
114493.9059834477 115813.2124993360
142537.9410518577 106390.6500146324
127314.0363004352 140407.6976289012
124109.0037211883 108466.8078502451
118500.1967075063 106550.3544635257
126673.0297845858 110063.8523391779
136608.6307802511 106390.6500146324
122346.2358026025 105272.7188723795
129397.3074769456 105432.4233212727
114493.9059834477 113577.3502148301
121224.4743998661 103995.0832812332
118179.6934495816 107348.8767079921
118500.1967075063 114375.8724592964
123788.5004632636 111181.7834814308
120583.4678840167 127471.6372685455
109205.6022276904 107987.6945035652
123307.7455763766 103995.0832812332
114493.9059834477 109584.7389924980
120743.7195129791 107029.4678102055
114654.1576124101 105592.1277701660
115775.9190151464 108945.9211969249
129076.8042190209 104953.3099745929
132762.5916851548 108466.8078502451
122826.9906894896 124277.5482906799
135166.3661195899 106869.7633613123
133243.3465720419 108466.8078502451
119301.4548523180 105113.0144234862
121064.2227709038 123479.0260462134
121705.2292867531 126034.2972285059
115775.9190151464 119167.0059260949
117538.6869337322 112619.1235214704
121064.2227709038 111181.7834814308
122346.2358026025 127791.0461663320
114654.1576124101 111181.7834814308
114333.6543544854 108466.8078502451
121865.4809157155 130985.1351441976
122346.2358026025 109584.7389924980
112250.3831779749 106550.3544635257
135326.6177485523 107987.6945035652
116577.1771599582 118847.5970283083
126352.5265266611 106710.0589124190
124589.7586080753 129867.2040019447
124910.2618660000 106550.3544635257
132281.8367982678 107827.9900546719
131480.5786534561 107029.4678102055
119621.9581102427 110542.9656858577
136288.1275223264 106390.6500146324
129397.3074769456 107827.9900546719
125711.5200108117 107029.4678102055
122025.7325446778 123479.0260462134
107282.5826801423 106710.0589124190
112891.3896938243 115813.2124993360
110808.1185173138 107189.1722590988
114654.1576124101 104314.4921790198
120743.7195129791 109904.1478902846
114814.4092413724 103835.3788323399
126833.2814135481 105911.5366679526
136929.1340381757 106710.0589124190
116256.6739020335 117729.6658860553
121064.2227709038 107508.5811568854
123628.2488343013 125874.5927796127
109045.3505987280 108786.2167480316
123628.2488343013 105751.8322190593
117698.9385626946 110702.6701347510
116577.1771599582 117569.9614371621
119301.4548523180 122840.2082506403
122185.9841736402 129707.4995530514
123467.9972053389 130346.3173486245
118980.9515943933 116132.6213971226
112891.3896938243 106869.7633613123
117057.9320468452 107189.1722590988
120903.9711419414 111341.4879303241
118339.9450785439 111181.7834814308
125391.0167528870 104474.1966279130
125230.7651239247 110542.9656858577
139012.4052146862 107189.1722590988
113211.8929517489 110862.3745836443

124742.2487707414 89626.4001511875
126505.3666058104 92500.1098213661
128909.6181990862 78450.8625449375
128108.2010013276 82761.4270502054
126665.6500453621 95214.1689543125
126665.6500453621 90424.6528373482
126505.3666058104 79887.7173800268
131474.1532319138 88987.7980022589
123940.8315729828 86593.0399437768
127787.6341222241 98407.1796989554
124581.9653311897 88189.5453160982
123940.8315729828 82122.8249012768
131474.1532319138 87231.6420927054
123780.5481334310 84357.9324225268
129230.1850781897 83080.7281246697
131794.7201110172 87870.2442416339
131634.4366714655 88349.1958533304
124421.6818916379 83559.6797363661
125062.8156498448 79089.4646938661
124261.3984520862 77812.2603960089
128909.6181990862 77652.6098587768
125864.2328476034 80845.6206034197
123940.8315729828 84198.2818852946
125703.9494080517 85475.4861831518
130833.0194737069 85954.4377948482
128749.3347595345 101121.2388319018
127947.9175617759 79568.4163055625
124101.1150125345 85954.4377948482
125383.3825289483 78770.1636194018
134038.6882647414 91222.9055235089
124421.6818916379 80366.6689917232
128749.3347595345 77652.6098587768
124581.9653311897 88668.4969277946
128589.0513199828 99524.7334595804
131474.1532319138 86593.0399437768
135641.5226602586 94735.2173426161
128749.3347595345 82601.7765129732
124421.6818916379 84198.2818852946
128428.7678804310 78610.5130821697
127787.6341222241 96651.0237894018
123940.8315729828 80526.3195289554
129069.9016386379 81643.8732895804
126024.5162871552 92180.8087469018
130031.6022759483 86752.6904810089
129557.5591059079 105911.5366679526
112410.6348069372 108626.5122991383
122025.7325446778 125395.4794329328
139493.1601015732 106071.2411168458
117057.9320468452 114535.5769081897
115455.4157572218 113417.6457659368
134044.6047168536 107029.4678102055
122185.9841736402 109265.3300947115
140134.1666174226 106869.7633613123
134525.3596037406 106710.0589124190
114333.6543544854 104953.3099745929
124269.2553501506 128589.5684107984
117859.1901916569 109105.6256458182
121705.2292867531 122999.9126995336
122666.7390605272 105113.0144234862
119461.7064812803 104793.6055256996
132281.8367982678 105911.5366679526
123948.7520922259 107189.1722590988
123788.5004632636 126513.4105751858
112731.1380648619 112619.1235214704
122666.7390605272 132741.8840820237
127474.2879293975 104953.3099745929
116737.4287889205 103835.3788323399
123307.7455763766 131943.3618375573
122666.7390605272 111660.8968281107
124109.0037211883 108945.9211969249
119782.2097392050 125874.5927796127
135486.8693775146 105751.8322190593
125551.2683818494 106390.6500146324
119301.4548523180 122361.0949039605
116897.6804178828 103835.3788323399
114493.9059834477 116132.6213971226
119461.7064812803 119646.1192727747
116256.6739020335 118687.8925794150
121865.4809157155 105113.0144234862
113211.8929517489 109584.7389924980
112250.3831779749 107189.1722590988
119942.4613681674 125874.5927796127
121224.4743998661 111820.6012770040
139172.6568436485 106710.0589124190
130679.3205086444 104793.6055256996
117057.9320468452 120764.0504150277
118339.9450785439 116292.3258460158
125871.7716397741 106869.7633613123
123788.5004632636 130026.9084508379
114974.6608703347 104474.1966279130
118339.9450785439 112619.1235214704
124269.2553501506 105272.7188723795
126673.0297845858 139130.0620377549
125070.5134949623 129707.4995530514
118500.1967075063 114695.2813570830
119621.9581102427 125076.0705351463
116416.9255309958 107668.2856057787
117378.4353047699 119326.7103749881
119301.4548523180 125555.1838818261
111769.6282910879 106230.9455657391
118179.6934495816 122201.3904550672
110487.6152593891 110063.8523391779
124589.7586080753 132901.5885309170
118500.1967075063 123479.0260462134
118179.6934495816 107668.2856057787
123948.7520922259 107827.9900546719
125871.7716397741 110702.6701347510
137409.8889250628 106390.6500146324
120583.4678840167 110542.9656858577
114333.6543544854 114854.9858059763
113211.8929517489 116771.4391926957
114654.1576124101 112778.8279703637
128275.5460742092 141046.5154244743
125551.2683818494 109265.3300947115
114493.9059834477 114695.2813570830
120423.2162550544 125555.1838818261
124109.0037211883 129547.7951041581
112250.3831779749 114375.8724592964
122666.7390605272 105592.1277701660
119301.4548523180 115493.8036015494
121064.2227709038 124916.3660862530
118339.9450785439 125076.0705351463
119621.9581102427 113577.3502148301
115615.6673861841 107508.5811568854
132602.3400561925 107029.4678102055
109365.8538566527 106869.7633613123
126512.7781556234 109425.0345436048
130679.3205086444 106071.2411168458
116737.4287889205 115972.9169482292
113852.8994675983 116292.3258460158
124269.2553501506 111341.4879303241
120102.7129971297 109265.3300947115
130999.8237665691 107508.5811568854
124589.7586080753 134338.9285709565
122025.7325446778 122520.7993528538
115615.6673861841 105432.4233212727
120903.9711419414 128110.4550641186
120583.4678840167 112140.0101747905
108244.0924539163 104154.7877301265
113532.3962096736 105113.0144234862
125230.7651239247 136574.7908554625
119942.4613681674 124756.6616373597
113211.8929517489 112140.0101747905
116897.6804178828 111660.8968281107
114173.4027255230 116292.3258460158
128596.0493321339 106390.6500146324
133403.5982010042 107348.8767079921
117538.6869337322 121402.8682106008
114173.4027255230 108786.2167480316
112570.8864358996 113896.7591126166
121865.4809157155 129228.3862063715
113852.8994675983 116452.0302949091
121544.9776577908 110702.6701347510
107763.3375670293 105432.4233212727
117859.1901916569 120923.7548639210
122666.7390605272 107189.1722590988
123948.7520922259 127791.0461663320
126352.5265266611 139130.0620377549
131160.0753955314 108786.2167480316
124589.7586080753 128908.9773085850
116577.1771599582 114535.5769081897
126993.5330425105 106230.9455657391
112891.3896938243 107348.8767079921
120102.7129971297 111820.6012770040
137409.8889250628 105911.5366679526
113532.3962096736 112140.0101747905
110006.8603725021 107508.5811568854
120102.7129971297 117729.6658860553
111929.8799200502 106550.3544635257
121224.4743998661 127152.2283707589
127314.0363004352 108626.5122991383
126993.5330425105 105751.8322190593
112410.6348069372 112938.5324192569
122826.9906894896 126992.5239218656
126032.0232687364 109584.7389924980
118820.6999654310 116292.3258460158
140614.9215043096 106230.9455657391
122666.7390605272 124437.2527395731
122826.9906894896 106390.6500146324
115455.4157572218 119486.4148238814
117057.9320468452 111022.0790325376
114814.4092413724 119486.4148238814
124750.0102370377 111181.7834814308
120262.9646260921 126992.5239218656
113532.3962096736 106710.0589124190
123948.7520922259 106550.3544635257
120262.9646260921 106710.0589124190
128596.0493321339 105911.5366679526
113692.6478386360 105911.5366679526
118820.6999654310 115014.6902548696
117057.9320468452 114854.9858059763
118019.4418206192 112459.4190725771
115775.9190151464 114375.8724592964
117218.1836758075 109584.7389924980
118179.6934495816 118847.5970283083
135006.1144906276 106071.2411168458
117538.6869337322 105432.4233212727
116416.9255309958 109105.6256458182
113372.1445807113 117090.8480904822
116577.1771599582 120604.3459661344
115134.9124992971 107348.8767079921
125551.2683818494 134338.9285709565

124902.5322102931 81643.8732895804
125383.3825289483 91063.2549862768
126184.7997267069 77492.9593215447
127467.0672431207 83559.6797363661
127146.5003640172 82282.4754385089
129711.0353968448 82921.0775874375
128909.6181990862 85315.8356459197
124742.2487707414 83719.3302735982
123780.5481334310 77652.6098587768
124261.3984520862 78131.5614704732
132435.8538692241 88668.4969277946
127306.7838035690 80366.6689917232
135481.2392207069 94415.9162681518
128589.0513199828 77812.2603960089
133076.9876274310 90265.0023001161
127787.6341222241 96012.4216404732
130191.8857155000 86114.0883320804
128909.6181990862 77971.9109332411
130191.8857155000 86912.3410182411
126505.3666058104 91222.9055235089
130512.4525946034 84677.2334969911
127787.6341222241 98407.1796989554
128268.4844408793 99844.0345340447
129230.1850781897 85635.1367203839
127947.9175617759 79887.7173800268
123780.5481334310 84198.2818852946
128268.4844408793 78131.5614704732
128749.3347595345 85475.4861831518
129230.1850781897 81963.1743640447
129711.0353968448 84038.6313480625
126024.5162871552 86593.0399437768
124421.6818916379 78770.1636194018
128909.6181990862 77173.6582470804
126345.0831662586 79089.4646938661
130191.8857155000 86433.3894065447
125383.3825289483 83559.6797363661
125223.0990893965 78291.2120077054
125703.9494080517 89147.4485394911
128589.0513199828 79089.4646938661
124101.1150125345 78929.8141566339
124902.5322102931 81324.5722151161
128749.3347595345 101121.2388319018
130993.3029132586 85635.1367203839
125223.0990893965 88508.8463905625
136768.8824092134 107189.1722590988
122666.7390605272 124756.6616373597
116737.4287889205 110862.3745836443
126512.7781556234 105911.5366679526
110167.1120014644 108466.8078502451
109045.3505987280 104314.4921790198
111929.8799200502 108786.2167480316
120743.7195129791 103995.0832812332
133083.0949430795 105911.5366679526
127314.0363004352 106550.3544635257
113211.8929517489 113577.3502148301
123467.9972053389 125714.8883307194
124910.2618660000 130665.7262464111
129076.8042190209 143761.4910556601
111449.1250331632 111660.8968281107
121705.2292867531 130985.1351441976
134685.6112327029 106550.3544635257
111288.8734042008 112938.5324192569
122666.7390605272 104314.4921790198
123788.5004632636 106230.9455657391
121865.4809157155 121881.9815572806
122987.2423184519 123479.0260462134
112090.1315490126 109744.4434413913
113211.8929517489 111022.0790325376
113852.8994675983 117569.9614371621
120903.9711419414 109904.1478902846
120102.7129971297 103995.0832812332
116897.6804178828 109105.6256458182
130038.3139927950 105592.1277701660
121224.4743998661 105432.4233212727
128275.5460742092 107348.8767079921
125391.0167528870 109425.0345436048
125070.5134949623 132422.4751842372
113051.6413227866 110223.5567880712
119782.2097392050 110862.3745836443
116577.1771599582 111181.7834814308
130358.8172507197 108786.2167480316
113051.6413227866 113737.0546637233
118019.4418206192 124277.5482906799
124109.0037211883 126673.1150240790
112731.1380648619 105272.7188723795
140935.4247622343 106550.3544635257
130999.8237665691 105911.5366679526
114974.6608703347 114854.9858059763
125711.5200108117 109425.0345436048
125711.5200108117 110383.2612369644
131480.5786534561 105911.5366679526
129878.0623638326 106550.3544635257
128756.3009610962 109105.6256458182
113692.6478386360 108786.2167480316
122666.7390605272 111022.0790325376
118500.1967075063 123479.0260462134
132442.0884272301 106550.3544635257
119301.4548523180 109425.0345436048
118179.6934495816 124916.3660862530
128916.5525900586 108307.1034013518
123307.7455763766 129388.0906552648
112891.3896938243 113577.3502148301
118660.4483364686 109904.1478902846
117378.4353047699 118368.4836816285
120102.7129971297 115174.3947037629
126512.7781556234 107189.1722590988
119461.7064812803 117090.8480904822
115295.1641282594 113896.7591126166
121224.4743998661 111820.6012770040
134845.8628616653 105272.7188723795
120102.7129971297 107508.5811568854
129237.0558479833 108626.5122991383
119942.4613681674 107668.2856057787
117218.1836758075 123319.3215973202
111769.6282910879 103995.0832812332
123147.4939474142 130665.7262464111
123948.7520922259 129547.7951041581
127314.0363004352 109904.1478902846
123628.2488343013 132103.0662864506
119942.4613681674 115174.3947037629
114493.9059834477 105751.8322190593
125551.2683818494 135456.8597132095
140935.4247622343 106071.2411168458
116416.9255309958 104314.4921790198
129557.5591059079 109265.3300947115
122666.7390605272 123159.6171484269
122826.9906894896 129547.7951041581
116897.6804178828 120923.7548639210
125871.7716397741 108147.3989524585
122666.7390605272 128110.4550641186
123307.7455763766 128749.2728596917
118980.9515943933 112938.5324192569
116256.6739020335 117410.2569882688
126512.7781556234 107827.9900546719
122987.2423184519 109425.0345436048
120903.9711419414 126992.5239218656
122826.9906894896 124437.2527395731
122346.2358026025 123638.7304951067
126352.5265266611 105113.0144234862
117538.6869337322 107987.6945035652
110327.3636304268 110383.2612369644
111769.6282910879 104314.4921790198
120102.7129971297 111181.7834814308
111609.3766621255 114056.4635615099
117859.1901916569 108945.9211969249
125230.7651239247 107668.2856057787
129878.0623638326 109584.7389924980
120743.7195129791 110063.8523391779
131640.8302824184 106071.2411168458
113532.3962096736 112459.4190725771
123147.4939474142 126513.4105751858
129397.3074769456 107508.5811568854
119301.4548523180 122999.9126995336
115134.9124992971 119646.1192727747
117538.6869337322 107029.4678102055
113852.8994675983 104953.3099745929
120743.7195129791 127950.7506152253
113211.8929517489 106550.3544635257
133243.3465720419 105432.4233212727
118820.6999654310 124916.3660862530
122826.9906894896 126992.5239218656
127634.5395583598 107508.5811568854
122025.7325446778 111980.3057258972
117378.4353047699 119007.3014772016
134044.6047168536 107827.9900546719
121224.4743998661 126194.0016773992
121705.2292867531 107189.1722590988
114974.6608703347 107029.4678102055
130679.3205086444 105113.0144234862
110808.1185173138 103995.0832812332
129076.8042190209 106869.7633613123
137730.3921829874 105751.8322190593
128756.3009610962 143122.6732600870
124269.2553501506 130665.7262464111
122826.9906894896 127791.0461663320
121865.4809157155 106869.7633613123
120102.7129971297 115653.5080504427
143178.9475677071 106071.2411168458
119621.9581102427 103675.6743834466
108724.8473408033 104793.6055256996
125711.5200108117 109105.6256458182
123788.5004632636 127631.3417174388
111449.1250331632 113257.9413170435
114493.9059834477 109744.4434413913
122025.7325446778 104793.6055256996
112570.8864358996 105113.0144234862
130999.8237665691 105432.4233212727
121224.4743998661 106710.0589124190
136768.8824092134 107348.8767079921
122987.2423184519 126194.0016773992
112090.1315490126 110383.2612369644
128435.7977031716 104633.9010768063
114013.1510965607 105432.4233212727
117218.1836758075 109584.7389924980
118500.1967075063 120125.2326194545
121544.9776577908 110223.5567880712
111929.8799200502 104793.6055256996
133243.3465720419 106869.7633613123
114173.4027255230 109105.6256458182
118660.4483364686 123798.4349440000
118660.4483364686 108945.9211969249
108885.0989697657 105592.1277701660

124902.5322102931 78770.1636194018
126345.0831662586 80845.6206034197
127947.9175617759 80526.3195289554
130512.4525946034 85794.7872576161
127467.0672431207 81803.5238268125
129871.3188363966 85475.4861831518
126024.5162871552 77333.3087843125
127787.6341222241 97608.9270127946
126505.3666058104 79089.4646938661
125062.8156498448 78131.5614704732
126825.9334849138 91542.2065979732
132115.2869901207 88828.1474650268
125864.2328476034 85315.8356459197
128749.3347595345 84357.9324225268
123620.2646938793 82442.1259757411
126184.7997267069 86273.7388693125
132115.2869901207 87710.5937044018
126184.7997267069 89466.7496139554
125062.8156498448 85475.4861831518
126345.0831662586 94415.9162681518
125864.2328476034 90265.0023001161
126345.0831662586 88508.8463905625
126024.5162871552 92819.4108958304
125223.0990893965 77812.2603960089
129230.1850781897 85315.8356459197
130512.4525946034 85315.8356459197
133718.1213856379 90743.9539118125
125062.8156498448 88508.8463905625
135000.3889020517 94096.6151936875
129550.7519572931 84038.6313480625
126825.9334849138 82122.8249012768
132115.2869901207 88349.1958533304
124261.3984520862 77971.9109332411
125223.0990893965 83240.3786619018
126665.6500453621 89307.0990767232
131794.7201110172 87231.6420927054
125864.2328476034 88828.1474650268
124742.2487707414 85954.4377948482
128108.2010013276 77333.3087843125
128749.3347595345 100482.6366829732
124902.5322102931 88029.8947788661
124101.1150125345 85954.4377948482
133237.2710669828 91701.8571352054
124581.9653311897 84038.6313480625
123467.9972053389 126673.1150240790
123147.4939474142 123798.4349440000
123788.5004632636 104314.4921790198
119942.4613681674 117569.9614371621
122185.9841736402 130026.9084508379
136768.8824092134 107827.9900546719
120423.2162550544 104633.9010768063
131640.8302824184 105751.8322190593
107122.3310511799 104793.6055256996
131320.3270244937 106071.2411168458
111449.1250331632 109904.1478902846
110968.3701462762 110223.5567880712
109846.6087435397 107189.1722590988
116416.9255309958 116132.6213971226
120423.2162550544 112140.0101747905
115295.1641282594 113577.3502148301
111128.6217752385 109904.1478902846
122666.7390605272 128908.9773085850
124589.7586080753 108786.2167480316
120262.9646260921 125395.4794329328
122666.7390605272 105911.5366679526
120102.7129971297 111501.1923792174
111288.8734042008 107029.4678102055
123307.7455763766 103995.0832812332
139332.9084726109 106710.0589124190
126192.2748976987 104633.9010768063
120583.4678840167 110383.2612369644
121064.2227709038 123479.0260462134
109365.8538566527 104793.6055256996
115936.1706441088 114375.8724592964
118179.6934495816 118847.5970283083
117218.1836758075 118847.5970283083
118339.9450785439 106230.9455657391
118980.9515943933 110702.6701347510
116897.6804178828 120444.6415172411
115134.9124992971 105751.8322190593
127794.7911873222 107348.8767079921
120743.7195129791 124437.2527395731
124750.0102370377 129707.4995530514
115455.4157572218 115813.2124993360
111288.8734042008 106071.2411168458
113211.8929517489 110063.8523391779
114974.6608703347 113896.7591126166
123147.4939474142 124117.8438417866
111609.3766621255 109265.3300947115
123147.4939474142 131943.3618375573
119301.4548523180 114854.9858059763
137409.8889250628 106230.9455657391
122346.2358026025 104953.3099745929
112891.3896938243 115174.3947037629
134044.6047168536 105432.4233212727
113692.6478386360 109265.3300947115
111929.8799200502 104474.1966279130
112410.6348069372 107987.6945035652
111929.8799200502 112140.0101747905
138211.1470698745 106710.0589124190
109045.3505987280 106550.3544635257
117698.9385626946 109105.6256458182
121865.4809157155 122520.7993528538
118339.9450785439 123479.0260462134
116737.4287889205 110063.8523391779
117538.6869337322 123319.3215973202
113692.6478386360 107348.8767079921
120583.4678840167 119965.5281705613
128756.3009610962 106230.9455657391
129397.3074769456 107668.2856057787
122346.2358026025 104633.9010768063
122506.4874315649 111341.4879303241
116897.6804178828 109744.4434413913
119301.4548523180 126513.4105751858
123307.7455763766 107029.4678102055
115775.9190151464 113417.6457659368
121064.2227709038 104633.9010768063
122185.9841736402 111501.1923792174
107923.5891959916 106869.7633613123
122185.9841736402 119805.8237216680
120583.4678840167 119167.0059260949
132922.8433141172 105272.7188723795
124109.0037211883 110223.5567880712
112891.3896938243 111501.1923792174
130198.5656217573 105911.5366679526
118660.4483364686 110063.8523391779
141736.6829070460 106390.6500146324
111288.8734042008 104314.4921790198
121064.2227709038 105751.8322190593
118179.6934495816 116132.6213971226
111288.8734042008 104474.1966279130
117698.9385626946 106071.2411168458
126032.0232687364 107508.5811568854
112731.1380648619 103995.0832812332
124269.2553501506 111022.0790325376
115615.6673861841 120284.9370683478
128435.7977031716 107189.1722590988
110006.8603725021 104953.3099745929
114333.6543544854 116931.1436415889
117859.1901916569 120923.7548639210
135166.3661195899 107508.5811568854
119141.2032233557 122201.3904550672
122666.7390605272 125235.7749840395
115134.9124992971 104154.7877301265
133083.0949430795 105113.0144234862
124109.0037211883 131623.9529397708
139973.9149884603 106710.0589124190
119461.7064812803 124916.3660862530
124429.5069791130 108466.8078502451
129557.5591059079 105751.8322190593
126032.0232687364 105272.7188723795
124269.2553501506 127311.9328196522
137249.6372961004 106869.7633613123
118980.9515943933 106071.2411168458
125711.5200108117 110063.8523391779
138050.8954409121 105911.5366679526
123788.5004632636 106869.7633613123
109686.3571145774 105113.0144234862
128916.5525900586 106230.9455657391
123467.9972053389 130506.0217975178
122346.2358026025 124117.8438417866
115295.1641282594 120125.2326194545
121865.4809157155 124437.2527395731
122666.7390605272 126832.8194729723
124109.0037211883 108945.9211969249
120262.9646260921 127631.3417174388
112410.6348069372 104633.9010768063
117698.9385626946 110542.9656858577
124429.5069791130 110063.8523391779
120583.4678840167 123159.6171484269
122346.2358026025 105272.7188723795
113372.1445807113 117090.8480904822
124269.2553501506 134658.3374687431
119461.7064812803 103675.6743834466
126833.2814135481 110542.9656858577
126192.2748976987 109105.6256458182
118660.4483364686 115813.2124993360
116897.6804178828 113577.3502148301
109205.6022276904 105592.1277701660
115455.4157572218 117889.3703349486
119141.2032233557 112459.4190725771
118179.6934495816 120284.9370683478
120903.9711419414 104953.3099745929
112731.1380648619 106071.2411168458
113852.8994675983 114375.8724592964
127794.7911873222 106390.6500146324
119942.4613681674 107668.2856057787
119461.7064812803 118528.1881305217
120262.9646260921 125076.0705351463
123948.7520922259 133380.7018775968
120903.9711419414 107987.6945035652
129397.3074769456 105592.1277701660
124589.7586080753 105751.8322190593
112250.3831779749 115014.6902548696
134204.8563458159 107189.1722590988
114333.6543544854 105592.1277701660
113372.1445807113 107668.2856057787
119141.2032233557 104314.4921790198
130519.0688796820 107987.6945035652
122506.4874315649 124596.9571884664
116416.9255309958 111022.0790325376
120423.2162550544 117250.5525393755

126665.6500453621 91861.5076724375
136763.5067371207 96810.6743266339
124581.9653311897 83080.7281246697
126184.7997267069 89307.0990767232
127947.9175617759 83719.3302735982
133237.2710669828 91542.2065979732
125864.2328476034 87071.9915554732
127146.5003640172 93777.3141192232
128108.2010013276 79249.1152310982
132916.7041878793 89945.7012256518
128268.4844408793 84677.2334969911
131955.0035505689 87710.5937044018
127306.7838035690 78131.5614704732
128589.0513199828 83878.9808108304
131794.7201110172 87391.2926299375
123459.9812543276 80845.6206034197
133557.8379460862 91063.2549862768
125703.9494080517 80685.9700661875
128909.6181990862 77333.3087843125
128909.6181990862 82921.0775874375
126024.5162871552 80207.0184544911
130672.7360341552 87391.2926299375
128428.7678804310 98566.8302361875
127467.0672431207 92659.7603585982
126986.2169244655 92979.0614330625
127306.7838035690 94894.8678798482
123940.8315729828 81643.8732895804
130672.7360341552 85954.4377948482
129871.3188363966 84038.6313480625
123299.6978147759 77971.9109332411
124581.9653311897 77812.2603960089
124581.9653311897 84198.2818852946
128268.4844408793 99045.7818478839
130191.8857155000 85475.4861831518
124101.1150125345 82761.4270502054
126024.5162871552 93458.0130447589
126665.6500453621 88668.4969277946
127146.5003640172 81324.5722151161
127787.6341222241 96970.3248638661
125703.9494080517 90424.6528373482
125062.8156498448 82122.8249012768
123940.8315729828 83559.6797363661
126986.2169244655 95054.5184170804
123620.2646938793 82282.4754385089
111288.8734042008 111181.7834814308
111449.1250331632 111181.7834814308
122987.2423184519 125395.4794329328
122025.7325446778 122999.9126995336
127634.5395583598 138650.9486910751
117218.1836758075 108945.9211969249
139653.4117305356 106869.7633613123
110167.1120014644 106390.6500146324
126352.5265266611 107189.1722590988
110327.3636304268 104314.4921790198
123467.9972053389 110223.5567880712
127153.7846714728 109904.1478902846
127153.7846714728 104633.9010768063
126833.2814135481 106390.6500146324
118179.6934495816 112619.1235214704
119461.7064812803 116771.4391926957
130679.3205086444 106869.7633613123
111128.6217752385 109744.4434413913
118179.6934495816 124277.5482906799
106801.8277932552 105113.0144234862
118980.9515943933 107668.2856057787
124109.0037211883 108147.3989524585
119782.2097392050 115972.9169482292
118019.4418206192 114695.2813570830
118660.4483364686 121562.5726594941
139653.4117305356 106230.9455657391
120903.9711419414 128589.5684107984
114654.1576124101 114695.2813570830
117378.4353047699 114375.8724592964
113051.6413227866 110702.6701347510
118660.4483364686 115493.8036015494
115936.1706441088 115014.6902548696
121705.2292867531 123159.6171484269
130519.0688796820 104953.3099745929
120423.2162550544 125714.8883307194
126032.0232687364 133061.2929798103
109526.1054856151 107189.1722590988
117057.9320468452 109425.0345436048
120903.9711419414 110383.2612369644
126512.7781556234 109265.3300947115
112250.3831779749 104474.1966279130
119621.9581102427 127311.9328196522
122826.9906894896 132103.0662864506
110487.6152593891 107827.9900546719
116096.4222730711 106869.7633613123
119782.2097392050 111980.3057258972
123467.9972053389 126513.4105751858
116577.1771599582 105432.4233212727
116416.9255309958 110862.3745836443
132442.0884272301 107668.2856057787
125711.5200108117 104474.1966279130
132281.8367982678 108307.1034013518
114654.1576124101 108786.2167480316
123147.4939474142 128589.5684107984
124750.0102370377 135137.4508154230
110006.8603725021 107508.5811568854
118980.9515943933 111820.6012770040
113372.1445807113 104474.1966279130
124109.0037211883 107508.5811568854
117378.4353047699 115014.6902548696
115615.6673861841 113577.3502148301
126833.2814135481 139928.5842822213
119301.4548523180 120444.6415172411
123948.7520922259 131783.6573886640
117378.4353047699 110702.6701347510
125070.5134949623 109744.4434413913
112090.1315490126 105592.1277701660
106321.0729063682 104314.4921790198
123307.7455763766 127311.9328196522
117057.9320468452 109105.6256458182
111929.8799200502 113417.6457659368
111769.6282910879 104474.1966279130
120102.7129971297 124756.6616373597
118179.6934495816 124756.6616373597
123307.7455763766 104474.1966279130
126833.2814135481 105911.5366679526
122666.7390605272 107987.6945035652
120102.7129971297 113417.6457659368
112250.3831779749 107508.5811568854
123628.2488343013 133540.4063264901
117859.1901916569 122520.7993528538
126032.0232687364 110542.9656858577
122666.7390605272 130985.1351441976
112570.8864358996 104474.1966279130
121384.7260288284 125714.8883307194
116416.9255309958 113577.3502148301
122987.2423184519 110862.3745836443
122506.4874315649 126673.1150240790
128596.0493321339 105113.0144234862
119942.4613681674 128270.1595130119
111449.1250331632 111022.0790325376
123948.7520922259 107668.2856057787
110968.3701462762 110702.6701347510
122185.9841736402 128589.5684107984
119301.4548523180 119326.7103749881
123307.7455763766 127631.3417174388
125551.2683818494 108466.8078502451
113692.6478386360 110063.8523391779
120903.9711419414 116611.7347438024
120743.7195129791 125874.5927796127
118820.6999654310 113257.9413170435
114173.4027255230 112778.8279703637
119782.2097392050 123638.7304951067
123948.7520922259 134658.3374687431
113852.8994675983 111022.0790325376
138371.3986988368 107508.5811568854
127153.7846714728 138650.9486910751
120903.9711419414 126992.5239218656
111769.6282910879 114056.4635615099
117218.1836758075 111820.6012770040
120423.2162550544 129068.6817574783
118500.1967075063 106710.0589124190
124910.2618660000 106869.7633613123
117218.1836758075 120764.0504150277
122506.4874315649 127311.9328196522
122185.9841736402 122041.6860061739
126673.0297845858 108786.2167480316
112570.8864358996 104314.4921790198
112410.6348069372 106390.6500146324
109045.3505987280 106390.6500146324
142537.9410518577 106071.2411168458
117538.6869337322 122840.2082506403
106801.8277932552 104474.1966279130
106962.0794222176 104154.7877301265
113852.8994675983 115493.8036015494
106801.8277932552 105272.7188723795
110968.3701462762 107987.6945035652
117218.1836758075 104793.6055256996
135967.6242644017 106390.6500146324
126512.7781556234 104314.4921790198
116737.4287889205 118368.4836816285
118980.9515943933 124916.3660862530
122025.7325446778 125714.8883307194
112570.8864358996 114854.9858059763
137249.6372961004 107348.8767079921
108564.5957118410 108786.2167480316
117859.1901916569 112299.7146236838
122025.7325446778 104793.6055256996
120423.2162550544 123798.4349440000
124750.0102370377 129547.7951041581
127794.7911873222 106550.3544635257
140614.9215043096 106869.7633613123
117218.1836758075 121562.5726594941
131160.0753955314 105751.8322190593
111449.1250331632 109904.1478902846
119301.4548523180 120284.9370683478
127153.7846714728 104953.3099745929
121384.7260288284 123798.4349440000
114493.9059834477 108466.8078502451
126192.2748976987 106390.6500146324
114654.1576124101 113257.9413170435
133724.1014589289 105113.0144234862
122025.7325446778 106230.9455657391
112570.8864358996 112459.4190725771
135486.8693775146 107029.4678102055
114814.4092413724 106550.3544635257
116897.6804178828 111820.6012770040
117698.9385626946 116132.6213971226

126665.6500453621 77492.9593215447
127627.3506826724 78450.8625449375
126024.5162871552 79249.1152310982
127627.3506826724 98247.5291617232
123780.5481334310 79887.7173800268
127306.7838035690 94894.8678798482
126825.9334849138 81484.2227523482
128909.6181990862 78450.8625449375
124742.2487707414 82921.0775874375
126825.9334849138 95533.4700287768
126986.2169244655 92659.7603585982
125223.0990893965 84517.5829597589
125383.3825289483 78610.5130821697
127627.3506826724 79887.7173800268
124421.6818916379 81643.8732895804
124742.2487707414 83878.9808108304
125383.3825289483 79568.4163055625
125543.6659685000 91222.9055235089
123780.5481334310 84198.2818852946
128108.2010013276 77812.2603960089
133718.1213856379 91063.2549862768
123459.9812543276 77971.9109332411
131153.5863528104 85635.1367203839
127947.9175617759 79728.0668427946
128428.7678804310 98566.8302361875
127146.5003640172 94735.2173426161
133878.4048251896 91701.8571352054
127627.3506826724 94415.9162681518
126024.5162871552 92500.1098213661
125062.8156498448 78131.5614704732
126184.7997267069 79568.4163055625
133718.1213856379 92180.8087469018
128749.3347595345 101280.8893691339
123940.8315729828 86433.3894065447
129069.9016386379 77971.9109332411
131313.8697923621 86752.6904810089
126986.2169244655 90743.9539118125
124101.1150125345 87391.2926299375
127467.0672431207 95054.5184170804
128909.6181990862 82282.4754385089
126505.3666058104 79568.4163055625
124581.9653311897 84677.2334969911
123620.2646938793 83240.3786619018
131474.1532319138 86752.6904810089
113211.8929517489 108786.2167480316
123467.9972053389 105751.8322190593
113051.6413227866 111820.6012770040
112250.3831779749 113896.7591126166
120262.9646260921 126832.8194729723
132762.5916851548 107348.8767079921
133243.3465720419 108786.2167480316
133884.3530878912 107668.2856057787
125391.0167528870 109425.0345436048
130679.3205086444 108626.5122991383
118820.6999654310 109105.6256458182
122666.7390605272 110542.9656858577
114493.9059834477 110383.2612369644
118019.4418206192 112459.4190725771
111449.1250331632 113098.2368681502
121705.2292867531 130985.1351441976
138050.8954409121 106071.2411168458
124589.7586080753 130506.0217975178
120583.4678840167 115972.9169482292
113211.8929517489 114695.2813570830
112090.1315490126 112778.8279703637
137249.6372961004 107029.4678102055
120423.2162550544 113737.0546637233
118339.9450785439 119805.8237216680
122666.7390605272 126194.0016773992
122987.2423184519 128749.2728596917
113692.6478386360 113896.7591126166
108564.5957118410 106230.9455657391
123948.7520922259 126513.4105751858
140454.6698753473 106071.2411168458
123147.4939474142 126992.5239218656
117859.1901916569 107827.9900546719
123948.7520922259 108945.9211969249
120423.2162550544 111341.4879303241
118980.9515943933 113417.6457659368
109365.8538566527 105432.4233212727
115455.4157572218 114216.1680104032
113211.8929517489 108945.9211969249
115615.6673861841 105751.8322190593
120903.9711419414 129547.7951041581
124429.5069791130 110383.2612369644
129397.3074769456 106230.9455657391
122185.9841736402 122201.3904550672
139493.1601015732 106550.3544635257
123628.2488343013 124756.6616373597
120102.7129971297 109265.3300947115
112250.3831779749 109105.6256458182
124269.2553501506 107668.2856057787
125871.7716397741 104793.6055256996
113692.6478386360 115972.9169482292
122987.2423184519 130985.1351441976
130198.5656217573 106869.7633613123
119141.2032233557 125714.8883307194
128756.3009610962 107668.2856057787
125711.5200108117 106869.7633613123
122346.2358026025 111341.4879303241
112891.3896938243 111820.6012770040
115615.6673861841 106869.7633613123
117218.1836758075 109425.0345436048
121384.7260288284 105751.8322190593
113051.6413227866 116452.0302949091
122826.9906894896 127471.6372685455
121544.9776577908 105911.5366679526
126833.2814135481 138491.2442421818
113532.3962096736 110383.2612369644
122346.2358026025 123319.3215973202
127153.7846714728 106071.2411168458
120903.9711419414 120284.9370683478
117538.6869337322 105911.5366679526
122506.4874315649 106071.2411168458
142698.1926808201 106071.2411168458
119621.9581102427 118847.5970283083
125230.7651239247 133540.4063264901
115295.1641282594 104793.6055256996
138371.3986988368 106230.9455657391
131640.8302824184 106230.9455657391
119782.2097392050 118687.8925794150
129557.5591059079 108945.9211969249
113852.8994675983 115493.8036015494
122346.2358026025 122041.6860061739
110167.1120014644 110862.3745836443
132922.8433141172 108626.5122991383
115455.4157572218 111660.8968281107
117698.9385626946 120764.0504150277
137249.6372961004 106869.7633613123
114173.4027255230 113737.0546637233
123307.7455763766 130026.9084508379
117218.1836758075 109265.3300947115
135006.1144906276 108147.3989524585
129237.0558479833 107668.2856057787
124750.0102370377 129867.2040019447
110968.3701462762 105272.7188723795
123788.5004632636 134338.9285709565
111929.8799200502 111980.3057258972
123147.4939474142 128908.9773085850
113051.6413227866 108945.9211969249
130679.3205086444 106869.7633613123
121705.2292867531 124756.6616373597
123147.4939474142 131304.5440419842
118820.6999654310 110383.2612369644
138050.8954409121 107668.2856057787
112410.6348069372 115493.8036015494
120743.7195129791 107029.4678102055
111288.8734042008 106550.3544635257
119141.2032233557 113098.2368681502
121544.9776577908 123798.4349440000
131320.3270244937 107348.8767079921
125391.0167528870 106869.7633613123
124589.7586080753 108626.5122991383
112570.8864358996 111980.3057258972
123788.5004632636 127631.3417174388
130038.3139927950 109744.4434413913
122666.7390605272 130665.7262464111
113051.6413227866 113417.6457659368
112570.8864358996 106710.0589124190
114814.4092413724 103835.3788323399
134845.8628616653 107508.5811568854
118660.4483364686 111341.4879303241
125391.0167528870 104953.3099745929
110808.1185173138 112299.7146236838
121384.7260288284 117410.2569882688
128596.0493321339 107668.2856057787
117218.1836758075 123479.0260462134
112891.3896938243 105751.8322190593
112410.6348069372 105272.7188723795
118980.9515943933 115653.5080504427
128756.3009610962 110063.8523391779
120583.4678840167 126832.8194729723
116737.4287889205 111820.6012770040
123467.9972053389 128749.2728596917
107763.3375670293 104953.3099745929
116737.4287889205 121402.8682106008
108724.8473408033 108945.9211969249
120262.9646260921 109105.6256458182
124429.5069791130 108786.2167480316
118820.6999654310 122680.5038017470
120743.7195129791 117729.6658860553
112891.3896938243 113577.3502148301
118019.4418206192 114216.1680104032
111288.8734042008 109265.3300947115
119942.4613681674 124117.8438417866
113852.8994675983 106390.6500146324
118980.9515943933 108466.8078502451
126993.5330425105 108626.5122991383
119942.4613681674 112140.0101747905
126993.5330425105 106710.0589124190
121544.9776577908 106869.7633613123
118980.9515943933 119486.4148238814
136448.3791512887 106710.0589124190
133884.3530878912 106869.7633613123
115936.1706441088 109584.7389924980
118019.4418206192 104793.6055256996
121705.2292867531 125555.1838818261
108404.3440828787 104314.4921790198
118179.6934495816 124277.5482906799
138691.9019567615 107348.8767079921
116416.9255309958 118049.0747838419
123628.2488343013 106390.6500146324

128268.4844408793 79249.1152310982
130993.3029132586 85954.4377948482
125703.9494080517 78929.8141566339
124101.1150125345 86752.6904810089
132756.4207483276 90584.3033745804
127787.6341222241 96491.3732521697
127467.0672431207 83240.3786619018
126825.9334849138 79887.7173800268
127947.9175617759 97289.6259383304
128749.3347595345 83559.6797363661
124421.6818916379 77812.2603960089
128428.7678804310 82761.4270502054
125223.0990893965 87231.6420927054
130993.3029132586 88668.4969277946
127947.9175617759 78770.1636194018
128428.7678804310 82921.0775874375
131955.0035505689 87550.9431671697
127467.0672431207 78610.5130821697
128428.7678804310 84996.5345714554
126505.3666058104 91861.5076724375
127306.7838035690 79089.4646938661
126024.5162871552 89307.0990767232
124421.6818916379 86273.7388693125
127947.9175617759 77333.3087843125
133718.1213856379 92500.1098213661
128268.4844408793 77812.2603960089
128749.3347595345 82442.1259757411
130672.7360341552 86273.7388693125
123459.9812543276 80526.3195289554
125383.3825289483 83719.3302735982
131794.7201110172 87391.2926299375
126345.0831662586 93298.3625075268
128589.0513199828 79089.4646938661
123620.2646938793 82601.7765129732
127467.0672431207 78131.5614704732
125223.0990893965 79089.4646938661
125703.9494080517 87071.9915554732
127947.9175617759 79089.4646938661
126345.0831662586 77333.3087843125
125383.3825289483 79568.4163055625
123940.8315729828 77971.9109332411
128909.6181990862 81324.5722151161
126825.9334849138 95214.1689543125
126345.0831662586 86912.3410182411
118820.6999654310 108466.8078502451
126673.0297845858 105113.0144234862
122025.7325446778 122041.6860061739
120102.7129971297 105113.0144234862
118980.9515943933 125555.1838818261
121064.2227709038 106390.6500146324
125551.2683818494 134658.3374687431
122346.2358026025 108945.9211969249
113532.3962096736 110063.8523391779
116096.4222730711 104633.9010768063
119461.7064812803 119486.4148238814
124750.0102370377 131943.3618375573
108244.0924539163 106550.3544635257
125711.5200108117 137852.4264466087
124429.5069791130 104793.6055256996
109045.3505987280 107987.6945035652
117057.9320468452 112619.1235214704
111929.8799200502 113896.7591126166
118980.9515943933 121243.1637617075
112410.6348069372 104633.9010768063
109846.6087435397 106550.3544635257
117057.9320468452 118687.8925794150
127314.0363004352 139609.1753844348
116897.6804178828 115653.5080504427
123948.7520922259 128270.1595130119
122185.9841736402 125235.7749840395
141896.9345360084 106071.2411168458
128435.7977031716 106869.7633613123
119621.9581102427 111820.6012770040
127955.0428162845 141206.2198733676
121705.2292867531 126034.2972285059
127153.7846714728 138171.8353443953
114654.1576124101 114535.5769081897
128115.2944452469 141685.3332200474
124750.0102370377 129867.2040019447
118019.4418206192 112459.4190725771
118980.9515943933 111820.6012770040
116737.4287889205 116292.3258460158
120102.7129971297 105592.1277701660
121865.4809157155 111341.4879303241
138371.3986988368 105911.5366679526
121705.2292867531 105751.8322190593
122987.2423184519 111022.0790325376
125070.5134949623 108307.1034013518
119301.4548523180 113577.3502148301
131801.0819113808 107189.1722590988
115775.9190151464 115174.3947037629
131480.5786534561 105911.5366679526
120903.9711419414 123638.7304951067
112090.1315490126 110542.9656858577
114493.9059834477 112619.1235214704
122826.9906894896 104474.1966279130
112570.8864358996 104474.1966279130
121064.2227709038 111022.0790325376
112410.6348069372 113737.0546637233
125711.5200108117 107348.8767079921
123948.7520922259 126832.8194729723
124750.0102370377 109744.4434413913
128596.0493321339 105113.0144234862
120903.9711419414 104953.3099745929
120583.4678840167 119805.8237216680
118339.9450785439 124117.8438417866
118019.4418206192 109265.3300947115
138691.9019567615 105751.8322190593
130358.8172507197 104793.6055256996
118179.6934495816 116771.4391926957
118019.4418206192 124756.6616373597
134845.8628616653 106390.6500146324
122185.9841736402 129068.6817574783
111769.6282910879 105432.4233212727
110327.3636304268 108147.3989524585
126192.2748976987 106071.2411168458
120743.7195129791 125076.0705351463
124429.5069791130 108786.2167480316
125391.0167528870 131304.5440419842
120743.7195129791 129228.3862063715
116256.6739020335 109904.1478902846
127634.5395583598 104793.6055256996
116897.6804178828 115493.8036015494
119942.4613681674 119326.7103749881
126032.0232687364 108626.5122991383
120262.9646260921 125555.1838818261
118820.6999654310 110223.5567880712
116577.1771599582 105592.1277701660
111769.6282910879 114375.8724592964
128275.5460742092 105432.4233212727
121064.2227709038 124916.3660862530
118500.1967075063 103675.6743834466
113372.1445807113 113257.9413170435
118019.4418206192 123159.6171484269
124429.5069791130 132103.0662864506
106962.0794222176 105592.1277701660
113532.3962096736 109265.3300947115
128756.3009610962 109584.7389924980
120262.9646260921 112299.7146236838
115455.4157572218 105272.7188723795
130519.0688796820 107827.9900546719
113852.8994675983 107029.4678102055
122506.4874315649 107189.1722590988
123948.7520922259 105432.4233212727
138852.1535857239 105592.1277701660
119621.9581102427 106869.7633613123
136288.1275223264 108147.3989524585
121224.4743998661 119167.0059260949
140775.1731332720 106710.0589124190
131961.3335403431 109265.3300947115
118980.9515943933 117090.8480904822
121705.2292867531 129867.2040019447
116577.1771599582 118528.1881305217
126352.5265266611 138810.6531399684
109526.1054856151 104314.4921790198
112250.3831779749 114375.8724592964
121064.2227709038 120125.2326194545
118980.9515943933 124277.5482906799
131640.8302824184 107987.6945035652
112090.1315490126 114375.8724592964
141095.6763911967 106869.7633613123
125230.7651239247 106071.2411168458
121544.9776577908 128589.5684107984
126833.2814135481 108147.3989524585
122666.7390605272 122680.5038017470
118019.4418206192 115813.2124993360
120423.2162550544 107348.8767079921
111449.1250331632 110223.5567880712
117218.1836758075 111820.6012770040
120102.7129971297 125395.4794329328
137409.8889250628 105911.5366679526
116096.4222730711 110702.6701347510
120743.7195129791 109265.3300947115
134845.8628616653 106071.2411168458
122506.4874315649 106071.2411168458
121064.2227709038 125874.5927796127
114013.1510965607 113577.3502148301
111449.1250331632 106071.2411168458
119942.4613681674 109265.3300947115
112410.6348069372 113257.9413170435
120262.9646260921 126194.0016773992
125070.5134949623 109265.3300947115
124429.5069791130 106550.3544635257
111929.8799200502 111501.1923792174
128115.2944452469 105751.8322190593
122666.7390605272 109584.7389924980
115134.9124992971 112778.8279703637
117378.4353047699 122361.0949039605
124910.2618660000 130346.3173486245
111929.8799200502 108945.9211969249
121865.4809157155 122840.2082506403
120102.7129971297 127311.9328196522
122666.7390605272 104633.9010768063
112731.1380648619 106071.2411168458
118500.1967075063 109265.3300947115
121384.7260288284 127152.2283707589
123147.4939474142 123159.6171484269
111769.6282910879 107029.4678102055
114013.1510965607 110542.9656858577
111769.6282910879 103995.0832812332
108244.0924539163 105751.8322190593
126993.5330425105 138491.2442421818

