468777611.8997161984 2126991.4204101562
467820813.1651178598 2123553.4428710938
468231021.1362566352 2125818.9016113281
462232841.2141439319 2092294.7438964844
470063918.0687137246 2156007.3386230469
463748564.3170997500 2119602.4887695312
460545402.9454938173 2061633.7612304688
457622837.1746522784 1887533.5288085938
461169048.8762631416 2076851.1691894531
460922508.8045597076 2066201.2307128906
459460615.3050546050 2055791.7133789062
462625982.8670854568 2102411.3398437500
457941213.8936135769 2025891.4348144531
462130397.4465953708 2091256.7414550781
469123584.0627925396 2131576.1779785156
461492258.5152890682 2087801.8674316406
