973233725.0020339489 2238543.0462646484
960856314.6587754488 2187245.0086669922
964802002.2886242867 2188387.4532012939
954083086.7332872152 2075534.5009765625
954207407.4843121767 2117240.4370727539
950422359.1838159561 2069259.9780120850
973026462.0729677677 2234030.2784423828
956110167.9664835930 2140093.8970489502
957502525.5433741808 2170145.4825744629
971745924.8306986094 2218406.9397277832
968949415.0262348652 2214630.0615234375
954626245.8234262466 2124088.0147399902
954247782.3565077782 2120434.5563087463
968683832.9931900501 2209607.6722717285
978282300.6869794130 2254093.1332702637
965090000.0543272495 2206268.5313110352
971027479.0648785830 2215170.1614685059
970912367.9920355082 2214953.6784362793
948190589.7819638252 2060906.1994476318
