163341779.0535635650 2006071.1845703125
157494012.4150061607 1904006.6806640625
160041672.2066178024 1985059.0302734375
158606768.8539800048 1960155.0566406250
159390096.5784102082 1974248.8837890625
166505988.6157355607 2006095.5429687500
161417150.4921049476 1998224.3076171875
159471979.6340886950 1982694.0898437500
160628362.1465275586 1985099.3955078125
161410631.7164600492 1997686.3896484375
159443094.1090196371 1979150.6767578125
160694533.2849084735 1992732.3730468750
159759703.8523224890 1983123.8134765625
159286082.5913887024 1967645.5917968750
163099642.6515938938 2004637.7822265625
167056212.3501149714 2007447.5126953125
162033640.3974382579 2000727.3037109375
157920424.8896018863 1953606.6347656250
161582059.2625980377 1999575.7773437500
