165337714.5537262261 2007145.3046875000
157911409.8486067355 1972274.8173828125
160961551.0392889977 1996478.4091796875
159383813.8922934830 1982320.9511718750
158367517.2353784740 1977988.3017578125
160375544.6171671748 1992884.4492187500
156029763.1613628566 1947588.2460937500
163244052.2672282457 2007050.6640625000
165967796.0852181017 2012244.9931640625
161319361.9076916873 2000329.9023437500
158832183.3606093526 1978175.6240234375
159620581.8993012905 1989048.9306640625
160810374.1808653474 1995295.4199218750
161279532.9258863926 1997020.6201171875
157375585.0186434984 1954186.3193359375
159471979.6340886950 1982694.0898437500
163099642.6515938938 2004637.7822265625
162033640.3974382579 2000727.3037109375
