99083125.1949671954 864770.2956542969
99883103.7433187366 905161.7875976562
101166776.1833030134 908548.6401367188
101181412.6305614263 910427.0532226562
106937131.0682068914 928192.5180664062
102487983.0301978886 919246.8784179688
103617522.7286162227 924132.2919921875
108604751.8816339970 932162.3144531250
101114084.3009934872 908510.7690429688
100287576.5162991285 907520.5366210938
103791992.6275860071 924413.7963867188
103039385.3169769794 920464.2578125000
107064949.0168588012 928907.2265625000
102322841.8612817228 917638.2563476562
99079713.2934865505 852782.1364746094
99465477.9093766212 903580.9536132812
99417665.2122568935 879837.5434570312
99176974.5580311120 875603.1386718750
101183015.4073298275 916276.8828125000
