853258576.6769412756 2113102.6209106445
842480462.5509994030 2073334.6770019531
826676196.3784012794 1963496.8594360352
826996847.0640654564 1971939.6613082886
834430154.0350030661 2071267.0753173828
828854163.8678178787 2041807.3228149414
826950233.8206126690 1966624.6054992676
824011252.1046915054 1936460.4727172852
825037758.8326396942 1956568.9715881348
826229934.7939729691 1959882.3859710693
842737683.2403696775 2076140.7950439453
843376442.6563822031 2112189.3263549805
827595267.3058046103 2030769.4417724609
