118938.0548421910 114365.9201586656
116054.0808202759 114525.5138205969
132076.1587198043 122824.3842410219
138484.9898796156 127133.4131131656
110446.3535554410 116121.4504399094
117976.7301682193 111493.2342439031
138484.9898796156 114685.1074825281
116374.5223782665 113727.5455109406
134159.0288467429 118834.5426927406
132717.0418357854 110535.6722723156
113810.9899143420 112929.5772012844
110125.9119974505 121068.8539597781
136402.1197526769 113567.9518490094
140728.0807855495 122983.9779029531
122462.9119800873 116121.4504399094
109645.2496604646 119153.7300166031
132556.8210567901 114685.1074825281
138645.2106586109 108939.7356530031
133518.1457307618 125377.8828319219
120540.2626321439 111174.0469200406
119098.2756211863 115323.4821302531
138965.6522166014 116919.4187495656
113009.8860193656 118674.9490308094
125827.5483389882 120270.8856501219
123424.2366540590 118994.1363546719
129512.6262558797 110376.0786103844
135280.5742997099 118994.1363546719
122943.5743170731 119951.6983262594
131435.2756038231 123143.5715648844
140567.8600065543 127133.4131131656
130954.6132668373 113248.7645251469
141368.9639015307 126175.8511415781
125186.6652230071 111652.8279058344
116855.1847152524 114046.7328348031
138324.7691006203 112450.7962154906
137523.6652056439 107184.2053717594
128711.5223609033 111333.6405819719
124385.5613280307 116121.4504399094
124545.7821070260 115642.6694541156
139926.9768905731 119313.3236785344
138645.2106586109 110216.4849484531
110606.5743344363 124739.5081841969
130634.1717088467 123941.5398745406
139606.5353325825 126495.0384654406
108844.1457654882 113248.7645251469
140888.3015645448 122664.7905790906
111728.1197874033 130644.4736756531
111728.1197874033 115163.8884683219
139286.0937745920 126335.4448035094
134319.2496257382 109099.3293149344
130954.6132668373 121228.4476217094
111888.3405663986 121707.2286075031
133357.9249517665 109258.9229768656
141689.4054595212 127771.7877608906
111247.4574504174 118036.5743830844
129352.4054768844 111972.0152296969
110606.5743344363 116600.2314257031
127589.9769079363 120270.8856501219
114772.3145883137 112610.3898774219
132556.8210567901 112450.7962154906
133518.1457307618 110695.2659342469
137844.1067636344 115802.2631160469
133998.8080677476 114685.1074825281
140888.3015645448 125856.6638177156
140087.1976695684 118834.5426927406
134639.6911837288 117398.1997353594
135120.3535207146 115802.2631160469
113170.1067983608 111812.4215677656
138965.6522166014 114685.1074825281
136402.1197526769 117557.7933972906
125186.6652230071 112291.2025535594
124706.0028860212 114685.1074825281
130634.1717088467 119632.5110023969
122302.6912010920 117238.6060734281
111087.2366714222 113089.1708632156
119899.3795161627 118674.9490308094
140407.6392275590 120590.0729739844
129031.9639188939 118515.3553688781
127269.5353499458 122505.1969171594
136081.6781946863 124899.1018461281
138164.5483216250 107343.7990336906
134639.6911837288 116759.8250876344
123264.0158750637 117717.3870592219
137683.8859846391 107982.1736814156
118617.6132842005 118674.9490308094
140247.4184485637 127452.6004370281
134479.4704047335 110695.2659342469
123424.2366540590 112610.3898774219
138004.3275426297 112610.3898774219
114932.5353673090 111812.4215677656
129192.1846978892 119792.1046643281
124385.5613280307 117238.6060734281
134159.0288467429 124579.9145222656
131114.8340458325 124101.1335364719
135921.4574156910 117238.6060734281
129833.0678138703 115004.2948063906
131275.0548248278 113408.3581870781
130634.1717088467 113089.1708632156
135761.2366366957 113887.1391728719
133357.9249517665 119632.5110023969
139125.8729955967 124420.3208603344
109965.6912184552 119472.9173404656
112689.4444613750 114844.7011444594
137043.0028686580 108301.3610052781
128551.3015819080 109258.9229768656
139926.9768905731 124260.7271984031
137683.8859846391 121866.8222694344
134639.6911837288 110854.8595961781
133197.7041727712 118834.5426927406
133037.4833937759 116919.4187495656
131275.0548248278 114365.9201586656
112529.2236823797 115642.6694541156
133357.9249517665 122983.9779029531
139125.8729955967 114844.7011444594
122783.3535380778 120270.8856501219
129512.6262558797 111812.4215677656
139286.0937745920 124260.7271984031
111567.8990084080 122345.6032552281
129512.6262558797 109258.9229768656

141529.1846805259 128888.9433944094
140087.1976695684 127771.7877608906
111567.8990084080 127452.6004370281
110927.0158924269 127293.0067750969
138324.7691006203 127133.4131131656
139766.7561115778 126654.6321273719
138805.4314376061 126175.8511415781
141208.7431225354 126175.8511415781
134639.6911837288 125856.6638177156
137523.6652056439 125537.4764938531
110766.7951134316 124899.1018461281
133518.1457307618 124899.1018461281
140087.1976695684 124739.5081841969
111087.2366714222 124101.1335364719
110606.5743344363 123941.5398745406
130473.9509298514 122983.9779029531
133357.9249517665 122983.9779029531
111087.2366714222 122824.3842410219
135440.7950787052 122824.3842410219
112369.0029033844 122664.7905790906
127589.9769079363 122664.7905790906
131114.8340458325 122664.7905790906
110446.3535554410 122345.6032552281
129512.6262558797 122186.0095932969
113009.8860193656 121866.8222694344
136882.7820896627 121866.8222694344
125987.7691179835 121707.2286075031
140888.3015645448 121388.0412836406
130634.1717088467 121228.4476217094
132717.0418357854 121228.4476217094
111888.3405663986 121068.8539597781
110606.5743344363 120590.0729739844
112529.2236823797 120590.0729739844
127750.1976869316 120270.8856501219
138484.9898796156 120270.8856501219
111728.1197874033 120111.2919881906
134319.2496257382 120111.2919881906
139446.3145535873 120111.2919881906
126628.6522339646 119632.5110023969
133678.3665097571 119472.9173404656
110606.5743344363 119313.3236785344
110766.7951134316 118994.1363546719
123264.0158750637 118834.5426927406
132556.8210567901 118674.9490308094
138164.5483216250 118674.9490308094
110927.0158924269 118515.3553688781
119899.3795161627 118515.3553688781
129352.4054768844 118515.3553688781
124065.1197700401 118355.7617069469
124545.7821070260 118355.7617069469
128230.8600239174 118355.7617069469
117335.8470522382 118196.1680450156
120059.6002951580 118196.1680450156
136562.3405316722 118196.1680450156
126308.2106759741 118036.5743830844
127750.1976869316 118036.5743830844
133998.8080677476 118036.5743830844
113009.8860193656 117717.3870592219
125026.4444440118 117717.3870592219
129352.4054768844 117717.3870592219
137363.4444266486 117717.3870592219
111407.6782294127 117557.7933972906
127750.1976869316 117557.7933972906
132236.3794987995 117557.7933972906
133357.9249517665 117557.7933972906
132877.2626147807 117398.1997353594
117816.5093892240 117238.6060734281
116054.0808202759 117079.0124114969
117656.2886102288 116919.4187495656
109324.8081024741 116759.8250876344
127910.4184659269 116759.8250876344
131435.2756038231 116600.2314257031
135440.7950787052 116440.6377637719
133998.8080677476 116121.4504399094
134960.1327417193 116121.4504399094
138645.2106586109 115323.4821302531
129192.1846978892 115163.8884683219
110286.1327764458 115004.2948063906
132236.3794987995 115004.2948063906
112689.4444613750 114844.7011444594
120860.7041901344 114525.5138205969
131755.7171618137 114525.5138205969
139606.5353325825 114525.5138205969
126147.9898969788 114206.3264967344
130634.1717088467 114206.3264967344
135120.3535207146 114046.7328348031
123424.2366540590 113727.5455109406
131114.8340458325 113567.9518490094
134159.0288467429 113408.3581870781
122462.9119800873 113248.7645251469
139446.3145535873 113248.7645251469
110286.1327764458 112929.5772012844
129352.4054768844 112769.9835393531
120380.0418531486 112610.3898774219
112369.0029033844 112291.2025535594
128070.6392449222 112131.6088916281
139606.5353325825 112131.6088916281
122783.3535380778 111972.0152296969
124225.3405490354 111652.8279058344
122943.5743170731 111493.2342439031
126628.6522339646 111333.6405819719
122302.6912010920 111174.0469200406
123103.7950960684 110854.8595961781
124545.7821070260 110695.2659342469
138965.6522166014 110695.2659342469
122623.1327590825 110535.6722723156
126308.2106759741 110376.0786103844
131114.8340458325 110376.0786103844
134799.9119627241 110376.0786103844
136562.3405316722 109897.2976245906
139766.7561115778 109737.7039626594
127429.7561289410 109578.1103007281
135761.2366366957 109578.1103007281
131595.4963828184 109258.9229768656
136562.3405316722 109258.9229768656
127429.7561289410 109099.3293149344
137363.4444266486 108780.1419910719
132877.2626147807 108141.7673433469
134639.6911837288 108141.7673433469

141849.6262385165 127771.7877608906
141048.5223435401 126335.4448035094
134639.6911837288 125856.6638177156
111087.2366714222 125537.4764938531
138645.2106586109 125377.8828319219
139766.7561115778 125377.8828319219
134960.1327417193 125218.2891699906
139926.9768905731 124101.1335364719
136402.1197526769 123941.5398745406
139606.5353325825 123143.5715648844
128391.0808029127 122983.9779029531
110606.5743344363 122505.1969171594
110286.1327764458 122345.6032552281
111888.3405663986 122345.6032552281
140407.6392275590 122186.0095932969
112048.5613453939 121707.2286075031
133838.5872887524 121547.6349455719
129352.4054768844 121388.0412836406
129512.6262558797 121228.4476217094
130634.1717088467 121228.4476217094
135761.2366366957 121228.4476217094
127589.9769079363 121068.8539597781
130954.6132668373 121068.8539597781
123584.4574330542 120749.6666359156
140247.4184485637 120430.4793120531
112849.6652403703 120111.2919881906
129352.4054768844 120111.2919881906
136081.6781946863 120111.2919881906
124385.5613280307 119951.6983262594
133357.9249517665 119792.1046643281
123744.6782120495 119472.9173404656
126308.2106759741 119472.9173404656
134639.6911837288 119472.9173404656
136562.3405316722 119472.9173404656
140247.4184485637 119472.9173404656
137683.8859846391 119153.7300166031
122783.3535380778 118994.1363546719
110766.7951134316 118834.5426927406
136722.5613106675 118834.5426927406
119578.9379581722 118674.9490308094
127269.5353499458 118515.3553688781
133678.3665097571 118355.7617069469
126468.4314549693 117876.9807211531
129833.0678138703 117876.9807211531
132717.0418357854 117876.9807211531
138805.4314376061 117876.9807211531
119418.7171791769 117398.1997353594
137043.0028686580 117238.6060734281
115733.6392622854 116759.8250876344
123103.7950960684 116281.0441018406
117015.4054942476 116121.4504399094
122462.9119800873 115961.8567779781
135601.0158577005 115961.8567779781
115573.4184832901 115802.2631160469
125346.8860020024 115802.2631160469
120059.6002951580 115642.6694541156
113650.7691353467 115483.0757921844
114612.0938093184 115323.4821302531
120059.6002951580 115163.8884683219
135761.2366366957 115163.8884683219
139606.5353325825 115163.8884683219
108844.1457654882 115004.2948063906
139125.8729955967 115004.2948063906
118297.1717262099 114844.7011444594
113490.5483563514 114685.1074825281
136241.8989736816 114525.5138205969
124545.7821070260 114365.9201586656
138004.3275426297 114206.3264967344
132717.0418357854 114046.7328348031
134159.0288467429 113567.9518490094
126147.9898969788 113408.3581870781
122783.3535380778 113248.7645251469
119418.7171791769 113089.1708632156
130473.9509298514 112610.3898774219
133998.8080677476 112450.7962154906
121020.9249691297 112291.2025535594
113170.1067983608 111972.0152296969
129512.6262558797 111812.4215677656
117015.4054942476 111652.8279058344
121341.3665271203 111652.8279058344
139926.9768905731 111493.2342439031
119098.2756211863 111174.0469200406
130313.7301508561 111014.4532581094
136882.7820896627 110695.2659342469
133838.5872887524 110535.6722723156
138484.9898796156 110376.0786103844
132396.6002777948 110056.8912865219
128711.5223609033 109897.2976245906
135601.0158577005 109897.2976245906
131915.9379408089 109737.7039626594
125827.5483389882 109418.5166387969
133678.3665097571 107982.1736814156
135761.2366366957 107982.1736814156
136722.5613106675 107982.1736814156
138645.2106586109 107982.1736814156
134960.1327417193 119472.9173404656
140567.8600065543 123622.3525506781
112048.5613453939 124739.5081841969
112208.7821243891 125856.6638177156
112048.5613453939 128888.9433944094
129192.1846978892 116121.4504399094
129031.9639188939 123143.5715648844
120219.8210741533 114685.1074825281
127429.7561289410 110376.0786103844
138164.5483216250 113408.3581870781
125026.4444440118 118036.5743830844
131595.4963828184 111493.2342439031
112048.5613453939 115802.2631160469
137043.0028686580 123143.5715648844
111567.8990084080 116281.0441018406
122783.3535380778 111972.0152296969
109324.8081024741 115961.8567779781
129672.8470348750 123303.1652268156
112369.0029033844 115642.6694541156
119098.2756211863 110854.8595961781
128391.0808029127 120590.0729739844
130954.6132668373 118515.3553688781
116855.1847152524 115004.2948063906
127910.4184659269 122824.3842410219

111567.8990084080 127452.6004370281
111087.2366714222 125537.4764938531
139766.7561115778 125377.8828319219
134960.1327417193 125218.2891699906
112529.2236823797 125058.6955080594
130794.3924878420 123303.1652268156
138645.2106586109 123303.1652268156
128391.0808029127 122983.9779029531
130473.9509298514 122983.9779029531
112048.5613453939 121707.2286075031
129352.4054768844 121388.0412836406
130634.1717088467 121228.4476217094
123584.4574330542 120749.6666359156
130473.9509298514 119951.6983262594
111888.3405663986 119313.3236785344
112048.5613453939 119153.7300166031
120700.4834111392 118994.1363546719
136722.5613106675 118834.5426927406
132396.6002777948 118355.7617069469
138805.4314376061 117876.9807211531
116534.7431572618 117717.3870592219
117015.4054942476 117557.7933972906
127750.1976869316 117557.7933972906
138805.4314376061 116121.4504399094
109324.8081024741 115961.8567779781
116214.3015992712 115642.6694541156
120059.6002951580 115642.6694541156
139125.8729955967 115004.2948063906
118297.1717262099 114844.7011444594
120219.8210741533 114685.1074825281
116534.7431572618 114365.9201586656
125346.8860020024 113887.1391728719
121341.3665271203 113248.7645251469
132236.3794987995 111493.2342439031
135280.5742997099 111493.2342439031
127269.5353499458 111333.6405819719
119098.2756211863 111174.0469200406
127109.3145709505 110376.0786103844
127429.7561289410 110376.0786103844
132396.6002777948 110056.8912865219
127910.4184659269 109737.7039626594
131915.9379408089 109737.7039626594
132877.2626147807 109258.9229768656
113650.7691353467 115483.0757921844
130954.6132668373 118515.3553688781
139286.0937745920 115802.2631160469
110766.7951134316 126175.8511415781
115733.6392622854 116759.8250876344
122783.3535380778 113248.7645251469
125667.3275599929 113248.7645251469
122783.3535380778 118994.1363546719
129031.9639188939 115323.4821302531
125346.8860020024 115802.2631160469
129512.6262558797 111812.4215677656
140407.6392275590 122186.0095932969
123103.7950960684 116281.0441018406
129031.9639188939 112769.9835393531
130473.9509298514 112610.3898774219
128391.0808029127 119951.6983262594
126147.9898969788 113408.3581870781
112048.5613453939 124739.5081841969
136081.6781946863 112291.2025535594
140888.3015645448 127771.7877608906
110286.1327764458 122345.6032552281
113170.1067983608 111972.0152296969
129192.1846978892 116121.4504399094
111888.3405663986 122345.6032552281
139606.5353325825 123143.5715648844
136562.3405316722 113727.5455109406
110606.5743344363 122505.1969171594
121341.3665271203 111652.8279058344
123744.6782120495 119472.9173404656
124385.5613280307 119951.6983262594
116694.9639362571 112769.9835393531
110766.7951134316 118834.5426927406
128871.7431398986 111333.6405819719
135280.5742997099 121228.4476217094
137043.0028686580 117238.6060734281
129512.6262558797 114525.5138205969
116374.5223782665 115163.8884683219
133197.7041727712 108620.5483291406
132717.0418357854 114046.7328348031
125987.7691179835 121707.2286075031
135601.0158577005 109897.2976245906
136241.8989736816 114525.5138205969
130794.3924878420 122026.4159313656
127269.5353499458 118515.3553688781
134639.6911837288 125856.6638177156
132877.2626147807 123622.3525506781
112208.7821243891 113567.9518490094
140247.4184485637 120430.4793120531
110766.7951134316 123462.7588887469
138645.2106586109 107982.1736814156
131114.8340458325 111972.0152296969
127589.9769079363 121068.8539597781
135761.2366366957 107982.1736814156
128391.0808029127 119632.5110023969
110766.7951134316 113727.5455109406
111888.3405663986 116759.8250876344
122462.9119800873 115961.8567779781
136882.7820896627 110695.2659342469
134479.4704047335 116600.2314257031
111247.4574504174 125058.6955080594
129352.4054768844 120111.2919881906
130473.9509298514 116759.8250876344
110766.7951134316 112769.9835393531
133998.8080677476 112450.7962154906
122623.1327590825 113567.9518490094
140567.8600065543 121866.8222694344
117015.4054942476 111652.8279058344
115573.4184832901 115802.2631160469
112849.6652403703 120111.2919881906
117015.4054942476 116121.4504399094
139286.0937745920 111174.0469200406
137203.2236476533 108460.9546672094
113009.8860193656 119153.7300166031
120860.7041901344 111333.6405819719
117496.0678312335 111014.4532581094
133838.5872887524 116121.4504399094

116694.9639362571 114685.1074825281
136882.7820896627 116919.4187495656
113490.5483563514 112131.6088916281
124385.5613280307 119951.6983262594
125667.3275599929 115802.2631160469
137523.6652056439 109258.9229768656
137844.1067636344 108301.3610052781
129672.8470348750 114525.5138205969
139125.8729955967 114206.3264967344
138484.9898796156 125377.8828319219
128871.7431398986 112450.7962154906
115893.8600412807 117398.1997353594
122302.6912010920 117557.7933972906
116214.3015992712 114365.9201586656
138164.5483216250 109418.5166387969
132717.0418357854 122983.9779029531
125667.3275599929 110695.2659342469
129512.6262558797 112131.6088916281
112529.2236823797 122026.4159313656
128551.3015819080 120590.0729739844
135120.3535207146 110376.0786103844
129031.9639188939 120909.2602978469
134799.9119627241 110535.6722723156
128070.6392449222 115004.2948063906
111407.6782294127 127133.4131131656
134159.0288467429 122983.9779029531
138324.7691006203 118196.1680450156
122783.3535380778 120270.8856501219
118136.9509472146 117398.1997353594
116054.0808202759 111652.8279058344
114131.4314723326 112450.7962154906
132556.8210567901 124420.3208603344
114131.4314723326 114685.1074825281
139125.8729955967 120111.2919881906
122462.9119800873 120270.8856501219
123904.8989910448 111493.2342439031
122783.3535380778 119153.7300166031
119418.7171791769 116600.2314257031
135120.3535207146 118994.1363546719
125827.5483389882 113089.1708632156
128871.7431398986 112291.2025535594
136562.3405316722 111493.2342439031
111567.8990084080 130644.4736756531
115733.6392622854 116919.4187495656
136241.8989736816 109258.9229768656
134319.2496257382 110854.8595961781
133518.1457307618 120909.2602978469
112048.5613453939 116919.4187495656
114291.6522513278 112929.5772012844
126147.9898969788 109258.9229768656
111407.6782294127 119153.7300166031
123103.7950960684 114046.7328348031
127269.5353499458 114046.7328348031
118938.0548421910 118834.5426927406
118938.0548421910 114844.7011444594
129031.9639188939 118674.9490308094
132076.1587198043 109418.5166387969
124706.0028860212 111174.0469200406
129352.4054768844 109578.1103007281
120219.8210741533 115004.2948063906
137683.8859846391 125856.6638177156
109324.8081024741 115483.0757921844
118617.6132842005 113727.5455109406
119098.2756211863 110854.8595961781
116374.5223782665 111174.0469200406
120700.4834111392 119313.3236785344
123424.2366540590 120749.6666359156
132396.6002777948 113248.7645251469
133998.8080677476 120909.2602978469
139125.8729955967 112610.3898774219
116374.5223782665 115323.4821302531
132396.6002777948 118036.5743830844
126308.2106759741 120909.2602978469
124065.1197700401 113727.5455109406
133037.4833937759 118196.1680450156
140728.0807855495 124101.1335364719
120540.2626321439 112450.7962154906
140407.6392275590 126335.4448035094
137844.1067636344 114206.3264967344
115573.4184832901 114365.9201586656
125827.5483389882 111493.2342439031
139125.8729955967 123781.9462126094
110286.1327764458 116121.4504399094
124385.5613280307 118196.1680450156
137844.1067636344 126973.8194512344
138324.7691006203 125218.2891699906
122943.5743170731 111652.8279058344
136722.5613106675 123941.5398745406
130954.6132668373 113089.1708632156
140888.3015645448 119792.1046643281
121661.8080851108 113727.5455109406
138324.7691006203 124101.1335364719
133518.1457307618 122664.7905790906
128551.3015819080 111174.0469200406
127269.5353499458 121707.2286075031
133998.8080677476 113887.1391728719
140407.6392275590 119472.9173404656
117335.8470522382 113089.1708632156
128391.0808029127 122983.9779029531
120219.8210741533 111652.8279058344
131114.8340458325 116759.8250876344
123264.0158750637 119153.7300166031
132556.8210567901 115483.0757921844
135601.0158577005 115004.2948063906
119578.9379581722 114685.1074825281
129512.6262558797 120590.0729739844
111728.1197874033 129527.3180421344
141529.1846805259 126175.8511415781
121661.8080851108 111652.8279058344
138164.5483216250 110854.8595961781
124706.0028860212 111493.2342439031
135921.4574156910 113727.5455109406
130153.5093718608 115642.6694541156
138164.5483216250 112131.6088916281
134960.1327417193 122345.6032552281
113330.3275773561 114685.1074825281
115733.6392622854 114365.9201586656
119578.9379581722 114206.3264967344
119098.2756211863 117238.6060734281

135440.7950787052 113887.1391728719
138645.2106586109 125058.6955080594
115573.4184832901 116121.4504399094
112048.5613453939 119792.1046643281
129833.0678138703 113248.7645251469
110446.3535554410 119632.5110023969
126949.0937919552 114844.7011444594
133197.7041727712 120590.0729739844
133838.5872887524 114046.7328348031
139766.7561115778 120590.0729739844
125987.7691179835 118674.9490308094
120219.8210741533 116440.6377637719
140087.1976695684 116121.4504399094
132236.3794987995 117079.0124114969
130313.7301508561 110535.6722723156
130153.5093718608 111493.2342439031
123744.6782120495 110056.8912865219
129192.1846978892 115323.4821302531
123744.6782120495 114844.7011444594
130473.9509298514 111333.6405819719
111247.4574504174 124899.1018461281
111087.2366714222 112610.3898774219
121982.2496431014 113248.7645251469
115573.4184832901 112929.5772012844
129512.6262558797 122824.3842410219
124385.5613280307 118355.7617069469
128391.0808029127 118036.5743830844
117656.2886102288 113248.7645251469
110766.7951134316 115961.8567779781
118777.8340631958 118834.5426927406
128871.7431398986 115642.6694541156
123103.7950960684 112929.5772012844
131114.8340458325 110216.4849484531
140888.3015645448 125697.0701557844
115733.6392622854 114206.3264967344
124385.5613280307 114206.3264967344
139926.9768905731 127931.3814228219
131114.8340458325 110376.0786103844
140087.1976695684 113567.9518490094
128230.8600239174 109897.2976245906
127269.5353499458 121547.6349455719
122462.9119800873 115642.6694541156
138004.3275426297 111493.2342439031
139125.8729955967 106705.4243859656
112529.2236823797 123622.3525506781
135761.2366366957 112929.5772012844
138645.2106586109 117717.3870592219
112529.2236823797 113408.3581870781
137844.1067636344 113248.7645251469
114451.8730303231 113408.3581870781
111567.8990084080 122664.7905790906
127589.9769079363 114046.7328348031
139286.0937745920 107822.5800194844
123744.6782120495 110854.8595961781
139286.0937745920 127771.7877608906
134799.9119627241 118834.5426927406
125987.7691179835 113887.1391728719
110606.5743344363 116281.0441018406
133197.7041727712 113567.9518490094
133998.8080677476 112450.7962154906
133838.5872887524 122026.4159313656
127429.7561289410 115163.8884683219
119418.7171791769 114525.5138205969
114131.4314723326 113727.5455109406
136402.1197526769 108620.5483291406
138004.3275426297 107982.1736814156
129352.4054768844 114365.9201586656
109004.3665444835 115802.2631160469
117496.0678312335 111174.0469200406
135440.7950787052 116121.4504399094
138324.7691006203 116600.2314257031
119899.3795161627 115323.4821302531
132396.6002777948 113248.7645251469
121822.0288641061 117398.1997353594
132396.6002777948 112450.7962154906
122462.9119800873 112929.5772012844
126949.0937919552 120430.4793120531
109485.0288814693 116600.2314257031
124706.0028860212 110854.8595961781
131915.9379408089 114525.5138205969
110927.0158924269 114206.3264967344
123744.6782120495 112929.5772012844
137363.4444266486 126175.8511415781
124385.5613280307 117876.9807211531
114451.8730303231 112610.3898774219
133197.7041727712 119632.5110023969
122302.6912010920 114365.9201586656
132236.3794987995 120909.2602978469
130954.6132668373 117238.6060734281
130473.9509298514 108460.9546672094
125827.5483389882 112769.9835393531
117335.8470522382 114685.1074825281
140407.6392275590 118515.3553688781
124065.1197700401 120749.6666359156
114932.5353673090 115483.0757921844
109004.3665444835 114206.3264967344
123744.6782120495 119313.3236785344
135761.2366366957 117876.9807211531
111087.2366714222 117398.1997353594
110286.1327764458 116759.8250876344
111567.8990084080 130006.0990279281
135601.0158577005 123781.9462126094
111728.1197874033 128888.9433944094
109485.0288814693 113248.7645251469
121822.0288641061 110376.0786103844
134319.2496257382 110216.4849484531
131915.9379408089 123941.5398745406
119578.9379581722 113727.5455109406
123424.2366540590 117238.6060734281
110766.7951134316 117079.0124114969
111087.2366714222 115483.0757921844
109805.4704394599 117238.6060734281
130153.5093718608 119313.3236785344
126628.6522339646 112610.3898774219
126628.6522339646 119313.3236785344
116534.7431572618 117717.3870592219
112208.7821243891 124420.3208603344
135440.7950787052 119472.9173404656
138645.2106586109 123622.3525506781

111728.1197874033 127931.3814228219
134960.1327417193 125697.0701557844
134159.0288467429 125537.4764938531
112369.0029033844 125377.8828319219
140247.4184485637 125377.8828319219
138324.7691006203 124579.9145222656
136081.6781946863 124101.1335364719
128391.0808029127 122983.9779029531
130473.9509298514 122983.9779029531
130794.3924878420 122505.1969171594
125827.5483389882 120909.2602978469
130794.3924878420 120430.4793120531
137363.4444266486 118834.5426927406
113170.1067983608 118674.9490308094
109965.6912184552 118196.1680450156
129512.6262558797 118036.5743830844
135440.7950787052 116440.6377637719
140407.6392275590 115163.8884683219
112689.4444613750 114844.7011444594
121020.9249691297 114685.1074825281
130634.1717088467 114206.3264967344
128551.3015819080 112769.9835393531
129352.4054768844 112769.9835393531
121982.2496431014 111812.4215677656
135921.4574156910 111812.4215677656
122142.4704220967 111652.8279058344
136722.5613106675 111014.4532581094
124545.7821070260 110695.2659342469
132877.2626147807 109258.9229768656
133838.5872887524 108939.7356530031
139446.3145535873 125058.6955080594
141368.9639015307 125377.8828319219
117335.8470522382 116281.0441018406
137363.4444266486 109418.5166387969
140728.0807855495 123462.7588887469
123424.2366540590 114046.7328348031
110446.3535554410 124260.7271984031
141689.4054595212 124260.7271984031
138324.7691006203 118515.3553688781
127109.3145709505 115961.8567779781
130794.3924878420 118355.7617069469
111087.2366714222 124899.1018461281
117816.5093892240 114365.9201586656
135601.0158577005 114525.5138205969
111407.6782294127 120270.8856501219
112208.7821243891 119153.7300166031
116694.9639362571 113408.3581870781
112689.4444613750 116440.6377637719
131114.8340458325 122664.7905790906
110446.3535554410 116121.4504399094
122943.5743170731 111972.0152296969
128711.5223609033 118674.9490308094
126628.6522339646 110056.8912865219
125827.5483389882 112291.2025535594
131595.4963828184 114206.3264967344
121822.0288641061 112769.9835393531
122142.4704220967 115163.8884683219
132076.1587198043 113408.3581870781
120219.8210741533 117557.7933972906
131755.7171618137 117238.6060734281
140407.6392275590 127771.7877608906
141208.7431225354 122664.7905790906
120860.7041901344 115163.8884683219
141368.9639015307 124579.9145222656
138484.9898796156 120270.8856501219
136081.6781946863 114844.7011444594
127589.9769079363 113567.9518490094
136722.5613106675 110056.8912865219
131915.9379408089 123462.7588887469
112529.2236823797 119153.7300166031
135761.2366366957 115802.2631160469
130153.5093718608 119153.7300166031
135921.4574156910 118036.5743830844
130313.7301508561 109258.9229768656
125026.4444440118 112929.5772012844
140247.4184485637 124420.3208603344
119418.7171791769 112450.7962154906
119899.3795161627 114365.9201586656
119578.9379581722 117876.9807211531
129993.2885928656 122983.9779029531
135921.4574156910 112291.2025535594
128070.6392449222 121547.6349455719
110606.5743344363 113727.5455109406
117335.8470522382 113089.1708632156
131915.9379408089 118355.7617069469
132556.8210567901 109897.2976245906
137043.0028686580 108620.5483291406
141048.5223435401 121866.8222694344
118457.3925052052 117557.7933972906
114772.3145883137 111812.4215677656
120700.4834111392 115642.6694541156
141208.7431225354 125537.4764938531
135601.0158577005 116600.2314257031
111728.1197874033 122505.1969171594
141368.9639015307 128090.9750847531
134479.4704047335 121547.6349455719
138965.6522166014 110695.2659342469
128551.3015819080 119153.7300166031
110446.3535554410 121388.0412836406
109805.4704394599 115004.2948063906
137043.0028686580 123303.1652268156
118297.1717262099 111652.8279058344
133037.4833937759 122983.9779029531
125507.1067809976 116281.0441018406
139125.8729955967 116600.2314257031
121661.8080851108 113248.7645251469
112208.7821243891 112131.6088916281
113971.2106933373 113727.5455109406
111728.1197874033 122026.4159313656
125987.7691179835 120430.4793120531
131915.9379408089 110854.8595961781
120700.4834111392 111014.4532581094
132236.3794987995 117557.7933972906
134319.2496257382 119951.6983262594
131595.4963828184 110695.2659342469
125026.4444440118 117557.7933972906
116054.0808202759 111493.2342439031
140247.4184485637 117557.7933972906
125346.8860020024 117079.0124114969

138965.6522166014 127452.6004370281
119578.9379581722 115802.2631160469
116374.5223782665 116600.2314257031
134799.9119627241 117557.7933972906
141048.5223435401 124420.3208603344
112048.5613453939 127931.3814228219
121020.9249691297 115163.8884683219
140247.4184485637 116121.4504399094
115252.9769252995 112610.3898774219
125667.3275599929 119792.1046643281
127269.5353499458 111333.6405819719
112849.6652403703 112131.6088916281
127429.7561289410 122664.7905790906
135601.0158577005 114206.3264967344
140888.3015645448 119632.5110023969
135761.2366366957 115323.4821302531
123264.0158750637 113408.3581870781
138004.3275426297 111652.8279058344
111407.6782294127 115163.8884683219
110446.3535554410 119792.1046643281
139926.9768905731 123462.7588887469
129352.4054768844 112450.7962154906
111888.3405663986 118196.1680450156
124065.1197700401 118355.7617069469
139446.3145535873 109578.1103007281
129031.9639188939 116121.4504399094
139926.9768905731 121388.0412836406
137203.2236476533 118994.1363546719
128070.6392449222 121866.8222694344
128391.0808029127 116600.2314257031
116214.3015992712 117557.7933972906
128230.8600239174 121547.6349455719
134960.1327417193 109258.9229768656
122302.6912010920 119792.1046643281
133518.1457307618 123143.5715648844
132076.1587198043 111333.6405819719
117335.8470522382 116440.6377637719
141849.6262385165 126175.8511415781
138645.2106586109 113248.7645251469
125507.1067809976 120270.8856501219
137523.6652056439 111812.4215677656
123264.0158750637 113887.1391728719
119258.4964001816 114206.3264967344
111087.2366714222 119632.5110023969
123264.0158750637 115483.0757921844
111407.6782294127 127293.0067750969
140247.4184485637 123462.7588887469
132717.0418357854 112291.2025535594
130313.7301508561 118196.1680450156
121341.3665271203 119951.6983262594
137523.6652056439 126016.2574796469
113650.7691353467 115802.2631160469
111888.3405663986 124739.5081841969
128070.6392449222 116600.2314257031
128391.0808029127 121228.4476217094
140247.4184485637 119951.6983262594
118136.9509472146 116281.0441018406
113810.9899143420 112291.2025535594
111247.4574504174 121866.8222694344
129672.8470348750 112131.6088916281
111087.2366714222 125218.2891699906
123584.4574330542 112291.2025535594
112689.4444613750 112291.2025535594
139286.0937745920 123941.5398745406
139766.7561115778 114206.3264967344
139446.3145535873 112769.9835393531
126788.8730129599 109578.1103007281
110927.0158924269 118036.5743830844
110766.7951134316 117717.3870592219
131915.9379408089 115163.8884683219
131915.9379408089 108141.7673433469
138965.6522166014 123781.9462126094
137043.0028686580 112929.5772012844
122783.3535380778 117079.0124114969
123584.4574330542 112929.5772012844
133357.9249517665 122186.0095932969
128551.3015819080 111493.2342439031
122302.6912010920 114525.5138205969
112529.2236823797 125377.8828319219
120860.7041901344 117079.0124114969
111567.8990084080 113089.1708632156
133998.8080677476 119472.9173404656
116214.3015992712 112929.5772012844
110606.5743344363 112291.2025535594
120059.6002951580 110695.2659342469
135921.4574156910 117876.9807211531
119578.9379581722 115483.0757921844
135280.5742997099 124579.9145222656
139446.3145535873 111333.6405819719
138965.6522166014 108780.1419910719
139766.7561115778 123622.3525506781
126788.8730129599 120909.2602978469
110606.5743344363 121707.2286075031
117656.2886102288 112131.6088916281
128871.7431398986 112769.9835393531
111087.2366714222 117876.9807211531
139606.5353325825 127931.3814228219
127109.3145709505 119472.9173404656
123744.6782120495 117238.6060734281
118457.3925052052 115004.2948063906
115573.4184832901 113727.5455109406
126788.8730129599 111174.0469200406
117816.5093892240 118355.7617069469
141208.7431225354 127293.0067750969
121982.2496431014 111972.0152296969
135280.5742997099 117398.1997353594
110125.9119974505 113887.1391728719
133838.5872887524 114206.3264967344
140728.0807855495 118515.3553688781
138645.2106586109 119951.6983262594
121181.1457481250 114365.9201586656
137844.1067636344 112929.5772012844
134319.2496257382 121388.0412836406
135601.0158577005 121388.0412836406
130634.1717088467 109578.1103007281
141048.5223435401 125697.0701557844
113490.5483563514 114844.7011444594
126949.0937919552 120749.6666359156
109805.4704394599 116281.0441018406

139125.8729955967 122026.4159313656
125186.6652230071 121228.4476217094
138805.4314376061 125377.8828319219
136882.7820896627 123622.3525506781
123264.0158750637 116919.4187495656
136402.1197526769 114685.1074825281
111087.2366714222 124260.7271984031
136241.8989736816 124579.9145222656
111888.3405663986 128410.1624086156
126628.6522339646 111333.6405819719
129192.1846978892 111174.0469200406
127269.5353499458 115323.4821302531
124065.1197700401 112769.9835393531
135440.7950787052 108460.9546672094
128871.7431398986 109258.9229768656
120540.2626321439 114206.3264967344
136562.3405316722 111493.2342439031
109645.2496604646 117238.6060734281
135601.0158577005 113887.1391728719
131595.4963828184 118355.7617069469
120860.7041901344 112769.9835393531
139606.5353325825 118355.7617069469
111087.2366714222 121068.8539597781
121501.5873061156 112131.6088916281
135921.4574156910 111333.6405819719
138965.6522166014 125218.2891699906
129031.9639188939 111333.6405819719
137203.2236476533 119792.1046643281
110606.5743344363 113887.1391728719
139286.0937745920 111812.4215677656
126788.8730129599 109737.7039626594
141689.4054595212 128410.1624086156
137363.4444266486 118674.9490308094
128871.7431398986 109099.3293149344
127109.3145709505 114525.5138205969
137203.2236476533 111493.2342439031
139286.0937745920 107982.1736814156
128391.0808029127 122026.4159313656
135440.7950787052 122983.9779029531
110606.5743344363 113248.7645251469
128871.7431398986 112291.2025535594
130473.9509298514 117079.0124114969
135120.3535207146 114206.3264967344
139446.3145535873 113887.1391728719
130794.3924878420 113567.9518490094
140087.1976695684 115802.2631160469
127750.1976869316 109737.7039626594
111888.3405663986 115483.0757921844
137844.1067636344 119632.5110023969
136402.1197526769 123143.5715648844
137683.8859846391 108141.7673433469
134319.2496257382 119792.1046643281
118617.6132842005 115642.6694541156
116855.1847152524 111652.8279058344
122623.1327590825 112291.2025535594
114772.3145883137 112291.2025535594
125507.1067809976 114046.7328348031
139125.8729955967 124260.7271984031
123904.8989910448 117238.6060734281
139286.0937745920 107343.7990336906
127750.1976869316 113248.7645251469
111728.1197874033 118196.1680450156
131435.2756038231 122664.7905790906
111087.2366714222 121547.6349455719
133838.5872887524 122664.7905790906
127910.4184659269 119632.5110023969
132076.1587198043 114844.7011444594
138645.2106586109 118834.5426927406
134319.2496257382 112450.7962154906
127750.1976869316 110695.2659342469
122943.5743170731 111972.0152296969
111407.6782294127 128569.7560705469
115733.6392622854 116759.8250876344
113971.2106933373 114046.7328348031
131114.8340458325 122505.1969171594
119418.7171791769 114046.7328348031
132877.2626147807 122026.4159313656
120540.2626321439 117398.1997353594
120380.0418531486 113408.3581870781
139606.5353325825 122026.4159313656
128551.3015819080 119792.1046643281
129512.6262558797 118834.5426927406
140728.0807855495 126973.8194512344
116374.5223782665 112450.7962154906
141048.5223435401 119153.7300166031
125987.7691179835 113089.1708632156
141529.1846805259 127293.0067750969
110927.0158924269 125218.2891699906
138484.9898796156 126973.8194512344
125186.6652230071 116600.2314257031
110125.9119974505 120430.4793120531
112048.5613453939 127133.4131131656
123103.7950960684 120590.0729739844
134159.0288467429 118834.5426927406
122943.5743170731 116600.2314257031
129031.9639188939 110216.4849484531
117015.4054942476 111333.6405819719
138645.2106586109 109897.2976245906
132717.0418357854 123143.5715648844
130473.9509298514 110535.6722723156
131595.4963828184 116281.0441018406
140567.8600065543 124739.5081841969
126468.4314549693 121866.8222694344
135921.4574156910 118834.5426927406
111728.1197874033 122186.0095932969
133518.1457307618 123143.5715648844
114772.3145883137 111493.2342439031
141368.9639015307 123143.5715648844
111888.3405663986 124899.1018461281
123904.8989910448 120749.6666359156
136562.3405316722 111652.8279058344
113490.5483563514 115961.8567779781
134639.6911837288 123622.3525506781
132076.1587198043 124260.7271984031
136241.8989736816 121228.4476217094
114291.6522513278 112610.3898774219
113009.8860193656 113089.1708632156
132877.2626147807 113567.9518490094
123424.2366540590 118355.7617069469

118938.0548421910 113408.3581870781
136241.8989736816 113727.5455109406
139926.9768905731 117557.7933972906
128070.6392449222 120111.2919881906
122943.5743170731 111174.0469200406
141368.9639015307 124899.1018461281
116374.5223782665 112450.7962154906
116694.9639362571 112929.5772012844
134960.1327417193 111652.8279058344
135440.7950787052 114525.5138205969
137043.0028686580 120430.4793120531
112689.4444613750 113887.1391728719
111247.4574504174 118515.3553688781
138324.7691006203 125377.8828319219
136882.7820896627 108460.9546672094
118457.3925052052 112131.6088916281
130634.1717088467 113727.5455109406
139286.0937745920 109737.7039626594
129352.4054768844 119951.6983262594
133518.1457307618 121707.2286075031
130473.9509298514 112610.3898774219
130634.1717088467 110216.4849484531
132396.6002777948 121547.6349455719
119899.3795161627 113567.9518490094
117976.7301682193 112929.5772012844
113971.2106933373 115483.0757921844
110606.5743344363 118355.7617069469
129512.6262558797 109737.7039626594
112048.5613453939 115642.6694541156
114131.4314723326 116440.6377637719
133357.9249517665 110854.8595961781
129031.9639188939 118515.3553688781
118938.0548421910 116121.4504399094
129031.9639188939 120270.8856501219
113009.8860193656 113567.9518490094
124706.0028860212 118834.5426927406
127589.9769079363 113887.1391728719
130634.1717088467 111972.0152296969
122462.9119800873 117557.7933972906
139125.8729955967 109737.7039626594
132396.6002777948 122026.4159313656
138805.4314376061 109099.3293149344
112849.6652403703 122026.4159313656
125987.7691179835 110216.4849484531
135280.5742997099 126175.8511415781
137363.4444266486 111812.4215677656
111888.3405663986 128090.9750847531
132076.1587198043 111972.0152296969
137523.6652056439 108460.9546672094
110606.5743344363 123622.3525506781
121661.8080851108 110216.4849484531
132556.8210567901 112131.6088916281
136402.1197526769 107822.5800194844
135601.0158577005 115163.8884683219
140567.8600065543 122505.1969171594
135280.5742997099 117876.9807211531
111888.3405663986 130484.8800137219
123904.8989910448 109737.7039626594
137363.4444266486 122345.6032552281
119739.1587371674 114844.7011444594
138164.5483216250 110695.2659342469
116534.7431572618 117717.3870592219
130794.3924878420 118834.5426927406
137683.8859846391 124420.3208603344
126628.6522339646 119632.5110023969
136882.7820896627 119313.3236785344
129833.0678138703 111014.4532581094
115413.1977042948 116759.8250876344
127109.3145709505 114844.7011444594
120380.0418531486 116121.4504399094
135921.4574156910 115642.6694541156
141689.4054595212 127452.6004370281
142170.0677965071 128410.1624086156
129031.9639188939 112450.7962154906
128070.6392449222 113248.7645251469
124866.2236650165 111972.0152296969
126949.0937919552 111493.2342439031
112689.4444613750 112131.6088916281
122142.4704220967 118355.7617069469
140407.6392275590 116759.8250876344
127910.4184659269 119153.7300166031
130313.7301508561 112610.3898774219
121501.5873061156 118355.7617069469
121661.8080851108 118355.7617069469
135601.0158577005 118355.7617069469
129192.1846978892 115483.0757921844
109485.0288814693 113408.3581870781
131435.2756038231 114685.1074825281
133838.5872887524 108780.1419910719
130473.9509298514 120270.8856501219
109965.6912184552 117238.6060734281
134960.1327417193 123622.3525506781
139286.0937745920 108939.7356530031
119098.2756211863 115642.6694541156
119739.1587371674 113567.9518490094
128551.3015819080 115642.6694541156
138484.9898796156 113248.7645251469
116374.5223782665 115961.8567779781
136722.5613106675 115483.0757921844
110125.9119974505 122186.0095932969
136562.3405316722 111812.4215677656
121661.8080851108 113089.1708632156
128711.5223609033 110695.2659342469
136081.6781946863 107982.1736814156
110286.1327764458 118515.3553688781
130473.9509298514 116281.0441018406
120540.2626321439 114046.7328348031
120700.4834111392 119153.7300166031
121181.1457481250 110376.0786103844
139766.7561115778 125697.0701557844
110125.9119974505 114685.1074825281
117656.2886102288 114206.3264967344
133998.8080677476 122505.1969171594
137844.1067636344 107024.6117098281
134639.6911837288 114525.5138205969
139926.9768905731 114525.5138205969
139606.5353325825 128090.9750847531
111888.3405663986 125537.4764938531
140407.6392275590 122983.9779029531

138965.6522166014 126175.8511415781
141529.1846805259 126175.8511415781
140728.0807855495 124101.1335364719
136402.1197526769 123941.5398745406
134799.9119627241 122664.7905790906
110446.3535554410 121547.6349455719
130473.9509298514 121388.0412836406
135601.0158577005 121388.0412836406
110446.3535554410 120909.2602978469
123103.7950960684 120270.8856501219
140087.1976695684 119951.6983262594
121822.0288641061 119632.5110023969
128230.8600239174 119472.9173404656
124065.1197700401 118196.1680450156
122462.9119800873 117557.7933972906
122943.5743170731 117557.7933972906
134960.1327417193 117398.1997353594
130794.3924878420 116919.4187495656
122462.9119800873 116759.8250876344
109164.5873234788 116121.4504399094
112689.4444613750 114844.7011444594
129031.9639188939 114525.5138205969
110125.9119974505 114206.3264967344
112048.5613453939 114206.3264967344
114451.8730303231 114206.3264967344
140247.4184485637 114046.7328348031
133518.1457307618 112769.9835393531
117816.5093892240 112450.7962154906
131114.8340458325 112291.2025535594
123904.8989910448 110854.8595961781
138324.7691006203 110535.6722723156
131275.0548248278 109258.9229768656
132877.2626147807 109258.9229768656
136562.3405316722 108460.9546672094
138004.3275426297 107184.2053717594
139606.5353325825 109418.5166387969
140407.6392275590 124579.9145222656
112689.4444613750 114365.9201586656
130634.1717088467 119792.1046643281
135280.5742997099 118515.3553688781
137683.8859846391 117398.1997353594
121822.0288641061 111014.4532581094
127589.9769079363 119632.5110023969
135280.5742997099 121228.4476217094
110446.3535554410 122026.4159313656
128070.6392449222 115163.8884683219
125026.4444440118 117557.7933972906
110606.5743344363 113089.1708632156
114451.8730303231 113089.1708632156
134319.2496257382 113727.5455109406
122142.4704220967 116600.2314257031
118777.8340631958 115163.8884683219
136562.3405316722 109897.2976245906
120540.2626321439 116440.6377637719
129833.0678138703 116600.2314257031
134319.2496257382 122345.6032552281
114131.4314723326 114844.7011444594
128711.5223609033 108780.1419910719
109805.4704394599 113089.1708632156
138965.6522166014 122345.6032552281
132076.1587198043 116919.4187495656
112849.6652403703 118834.5426927406
137203.2236476533 117557.7933972906
140888.3015645448 126654.6321273719
132076.1587198043 111014.4532581094
130954.6132668373 110376.0786103844
109965.6912184552 118834.5426927406
130473.9509298514 112929.5772012844
126628.6522339646 119632.5110023969
141689.4054595212 125377.8828319219
139446.3145535873 110535.6722723156
125987.7691179835 111972.0152296969
141529.1846805259 126814.2257893031
140087.1976695684 114844.7011444594
110446.3535554410 119951.6983262594
139446.3145535873 115323.4821302531
128070.6392449222 116759.8250876344
135120.3535207146 113887.1391728719
132076.1587198043 112769.9835393531
123584.4574330542 111972.0152296969
138965.6522166014 110695.2659342469
122302.6912010920 110535.6722723156
111728.1197874033 122983.9779029531
133678.3665097571 119153.7300166031
129993.2885928656 120270.8856501219
127109.3145709505 121388.0412836406
138164.5483216250 115323.4821302531
126628.6522339646 118036.5743830844
135280.5742997099 111972.0152296969
110606.5743344363 115642.6694541156
138324.7691006203 109578.1103007281
119578.9379581722 112291.2025535594
135761.2366366957 109578.1103007281
118457.3925052052 112131.6088916281
137043.0028686580 118515.3553688781
129031.9639188939 109897.2976245906
136722.5613106675 108620.5483291406
129031.9639188939 122345.6032552281
140087.1976695684 123622.3525506781
122623.1327590825 118036.5743830844
137043.0028686580 115642.6694541156
113490.5483563514 113248.7645251469
133037.4833937759 121388.0412836406
137043.0028686580 120430.4793120531
135440.7950787052 112929.5772012844
119258.4964001816 113727.5455109406
117496.0678312335 117557.7933972906
122943.5743170731 115802.2631160469
121020.9249691297 117079.0124114969
132717.0418357854 121228.4476217094
111087.2366714222 117557.7933972906
128871.7431398986 119951.6983262594
128391.0808029127 112291.2025535594
132396.6002777948 109418.5166387969
129192.1846978892 116440.6377637719
117816.5093892240 116600.2314257031
135280.5742997099 123462.7588887469
111728.1197874033 119153.7300166031
120219.8210741533 116600.2314257031

119899.3795161627 118196.1680450156
137363.4444266486 113887.1391728719
116214.3015992712 112610.3898774219
139766.7561115778 116759.8250876344
138164.5483216250 114844.7011444594
117816.5093892240 115323.4821302531
127269.5353499458 113887.1391728719
110606.5743344363 120749.6666359156
131435.2756038231 114206.3264967344
118617.6132842005 113408.3581870781
109485.0288814693 116281.0441018406
109645.2496604646 118515.3553688781
126147.9898969788 121228.4476217094
136081.6781946863 109897.2976245906
125186.6652230071 109418.5166387969
109485.0288814693 116759.8250876344
132076.1587198043 118834.5426927406
138805.4314376061 110695.2659342469
132396.6002777948 112929.5772012844
138484.9898796156 125218.2891699906
121982.2496431014 110216.4849484531
111728.1197874033 113887.1391728719
130473.9509298514 121707.2286075031
140567.8600065543 116919.4187495656
113490.5483563514 112929.5772012844
112208.7821243891 122345.6032552281
115573.4184832901 114844.7011444594
109965.6912184552 117557.7933972906
133678.3665097571 114206.3264967344
133518.1457307618 117398.1997353594
133357.9249517665 112291.2025535594
139286.0937745920 118036.5743830844
111247.4574504174 129208.1307182719
134639.6911837288 121866.8222694344
112208.7821243891 119313.3236785344
113009.8860193656 117398.1997353594
110125.9119974505 116759.8250876344
138965.6522166014 111333.6405819719
110446.3535554410 119153.7300166031
111407.6782294127 116121.4504399094
126628.6522339646 120430.4793120531
131114.8340458325 113727.5455109406
129192.1846978892 120590.0729739844
137523.6652056439 114046.7328348031
126147.9898969788 112769.9835393531
126308.2106759741 113727.5455109406
112529.2236823797 118994.1363546719
116214.3015992712 115483.0757921844
129672.8470348750 119632.5110023969
109805.4704394599 118036.5743830844
130794.3924878420 121866.8222694344
135601.0158577005 124899.1018461281
134159.0288467429 124260.7271984031
136722.5613106675 124260.7271984031
121341.3665271203 114365.9201586656
139926.9768905731 123143.5715648844
123264.0158750637 113089.1708632156
138164.5483216250 113567.9518490094
139766.7561115778 114525.5138205969
132396.6002777948 116600.2314257031
141529.1846805259 124260.7271984031
116855.1847152524 112929.5772012844
119418.7171791769 111174.0469200406
112529.2236823797 125058.6955080594
126949.0937919552 118036.5743830844
116374.5223782665 111174.0469200406
131595.4963828184 123143.5715648844
130794.3924878420 112450.7962154906
110125.9119974505 121388.0412836406
133197.7041727712 120909.2602978469
128871.7431398986 120749.6666359156
119578.9379581722 114365.9201586656
115573.4184832901 115802.2631160469
129672.8470348750 118196.1680450156
141208.7431225354 125856.6638177156
128551.3015819080 120590.0729739844
131275.0548248278 111014.4532581094
109645.2496604646 119792.1046643281
130954.6132668373 112769.9835393531
140888.3015645448 119792.1046643281
136722.5613106675 109897.2976245906
136081.6781946863 115802.2631160469
109485.0288814693 114685.1074825281
137203.2236476533 111014.4532581094
115573.4184832901 113089.1708632156
130313.7301508561 116759.8250876344
135120.3535207146 124579.9145222656
133518.1457307618 124899.1018461281
119418.7171791769 115802.2631160469
124385.5613280307 118994.1363546719
120059.6002951580 113887.1391728719
136562.3405316722 124420.3208603344
130634.1717088467 123941.5398745406
138805.4314376061 110056.8912865219
115413.1977042948 116281.0441018406
120700.4834111392 112769.9835393531
125346.8860020024 111652.8279058344
131595.4963828184 120111.2919881906
129833.0678138703 119472.9173404656
128391.0808029127 111493.2342439031
111247.4574504174 118036.5743830844
131595.4963828184 113248.7645251469
135120.3535207146 112450.7962154906
110606.5743344363 115163.8884683219
139286.0937745920 115163.8884683219
136562.3405316722 123303.1652268156
112529.2236823797 125377.8828319219
139446.3145535873 116759.8250876344
113170.1067983608 113727.5455109406
140247.4184485637 119472.9173404656
125346.8860020024 121388.0412836406
121181.1457481250 111174.0469200406
125667.3275599929 111493.2342439031
135440.7950787052 111972.0152296969
125346.8860020024 113567.9518490094
128391.0808029127 120270.8856501219
130153.5093718608 109737.7039626594
110286.1327764458 117398.1997353594
139125.8729955967 116600.2314257031

111407.6782294127 129527.3180421344
111728.1197874033 128410.1624086156
140888.3015645448 128410.1624086156
111888.3405663986 127612.1940989594
138484.9898796156 126495.0384654406
140567.8600065543 126335.4448035094
112369.0029033844 125377.8828319219
134960.1327417193 125218.2891699906
135921.4574156910 125218.2891699906
141048.5223435401 125218.2891699906
136241.8989736816 125058.6955080594
140407.6392275590 125058.6955080594
141208.7431225354 125058.6955080594
110766.7951134316 124899.1018461281
138324.7691006203 124579.9145222656
140407.6392275590 124579.9145222656
131435.2756038231 124101.1335364719
133357.9249517665 123622.3525506781
134799.9119627241 123622.3525506781
140087.1976695684 123622.3525506781
130634.1717088467 122983.9779029531
131595.4963828184 122983.9779029531
133838.5872887524 122983.9779029531
112369.0029033844 122664.7905790906
129352.4054768844 122664.7905790906
134159.0288467429 122505.1969171594
134799.9119627241 122026.4159313656
140247.4184485637 122026.4159313656
113009.8860193656 121866.8222694344
136882.7820896627 121866.8222694344
137523.6652056439 121707.2286075031
127269.5353499458 121547.6349455719
126949.0937919552 121388.0412836406
129031.9639188939 121228.4476217094
111888.3405663986 121068.8539597781
110446.3535554410 120909.2602978469
123744.6782120495 120590.0729739844
111087.2366714222 120430.4793120531
130794.3924878420 120430.4793120531
132076.1587198043 119951.6983262594
129031.9639188939 119792.1046643281
129672.8470348750 119632.5110023969
132236.3794987995 119472.9173404656
113170.1067983608 118674.9490308094
135921.4574156910 118355.7617069469
139606.5353325825 118355.7617069469
120059.6002951580 118196.1680450156
123904.8989910448 118196.1680450156
137363.4444266486 118036.5743830844
140728.0807855495 117876.9807211531
111407.6782294127 117557.7933972906
117015.4054942476 117557.7933972906
118938.0548421910 117557.7933972906
120059.6002951580 117557.7933972906
132877.2626147807 117398.1997353594
110125.9119974505 117238.6060734281
124706.0028860212 117238.6060734281
117015.4054942476 116919.4187495656
121982.2496431014 116919.4187495656
121020.9249691297 116759.8250876344
135601.0158577005 116759.8250876344
137043.0028686580 116759.8250876344
112048.5613453939 116600.2314257031
123744.6782120495 116440.6377637719
113650.7691353467 116281.0441018406
125186.6652230071 116281.0441018406
132076.1587198043 116281.0441018406
133838.5872887524 115961.8567779781
129352.4054768844 115802.2631160469
135120.3535207146 115802.2631160469
122623.1327590825 115642.6694541156
127750.1976869316 115642.6694541156
112048.5613453939 115483.0757921844
125827.5483389882 115323.4821302531
139446.3145535873 115323.4821302531
140407.6392275590 115163.8884683219
109645.2496604646 115004.2948063906
110286.1327764458 115004.2948063906
139766.7561115778 115004.2948063906
112689.4444613750 114844.7011444594
117496.0678312335 114685.1074825281
131595.4963828184 114685.1074825281
135280.5742997099 114685.1074825281
113810.9899143420 114525.5138205969
123744.6782120495 114365.9201586656
112048.5613453939 114206.3264967344
131755.7171618137 114046.7328348031
127910.4184659269 113727.5455109406
110446.3535554410 113408.3581870781
118777.8340631958 113408.3581870781
133678.3665097571 113408.3581870781
109965.6912184552 113089.1708632156
122142.4704220967 112769.9835393531
113170.1067983608 112610.3898774219
112208.7821243891 112450.7962154906
123103.7950960684 112450.7962154906
112369.0029033844 112291.2025535594
128391.0808029127 112291.2025535594
113009.8860193656 112131.6088916281
123584.4574330542 111972.0152296969
131915.9379408089 111972.0152296969
122142.4704220967 111652.8279058344
122943.5743170731 111493.2342439031
117175.6262732429 111333.6405819719
117976.7301682193 111333.6405819719
124706.0028860212 111333.6405819719
127109.3145709505 111333.6405819719
123904.8989910448 110854.8595961781
130634.1717088467 110695.2659342469
133037.4833937759 110376.0786103844
134799.9119627241 110376.0786103844
138965.6522166014 110056.8912865219
125507.1067809976 109578.1103007281
126788.8730129599 109578.1103007281
135921.4574156910 109578.1103007281
132877.2626147807 109258.9229768656
136562.3405316722 109258.9229768656
139446.3145535873 109099.3293149344
136562.3405316722 108460.9546672094

119578.9379581722 118834.5426927406
131595.4963828184 110854.8595961781
109485.0288814693 113887.1391728719
111087.2366714222 127452.6004370281
136882.7820896627 122345.6032552281
110286.1327764458 114525.5138205969
128551.3015819080 119632.5110023969
109805.4704394599 118515.3553688781
133518.1457307618 113089.1708632156
140087.1976695684 112929.5772012844
111567.8990084080 117079.0124114969
133518.1457307618 108460.9546672094
112849.6652403703 115961.8567779781
130954.6132668373 116440.6377637719
110286.1327764458 122026.4159313656
137203.2236476533 119472.9173404656
125026.4444440118 110854.8595961781
138805.4314376061 124101.1335364719
130153.5093718608 118674.9490308094
131595.4963828184 123143.5715648844
128391.0808029127 122186.0095932969
132076.1587198043 111014.4532581094
111567.8990084080 119472.9173404656
138805.4314376061 111812.4215677656
110606.5743344363 125218.2891699906
139606.5353325825 125377.8828319219
115733.6392622854 117398.1997353594
112208.7821243891 118834.5426927406
137363.4444266486 118834.5426927406
112529.2236823797 118515.3553688781
110766.7951134316 122186.0095932969
119739.1587371674 117079.0124114969
113009.8860193656 118036.5743830844
130473.9509298514 111652.8279058344
129352.4054768844 111333.6405819719
135440.7950787052 124420.3208603344
134799.9119627241 122026.4159313656
124866.2236650165 112131.6088916281
131435.2756038231 123622.3525506781
110125.9119974505 121707.2286075031
134319.2496257382 117398.1997353594
119098.2756211863 111652.8279058344
110125.9119974505 112450.7962154906
121982.2496431014 116600.2314257031
116214.3015992712 111333.6405819719
134479.4704047335 108939.7356530031
140407.6392275590 127452.6004370281
128551.3015819080 111812.4215677656
132396.6002777948 119472.9173404656
136241.8989736816 110535.6722723156
117976.7301682193 118196.1680450156
122462.9119800873 118355.7617069469
139926.9768905731 119632.5110023969
129833.0678138703 119153.7300166031
109645.2496604646 115483.0757921844
117335.8470522382 112769.9835393531
129833.0678138703 113089.1708632156
134159.0288467429 121707.2286075031
134479.4704047335 118196.1680450156
118617.6132842005 110854.8595961781
134479.4704047335 121388.0412836406
134960.1327417193 123941.5398745406
139446.3145535873 107662.9863575531
109965.6912184552 113408.3581870781
112529.2236823797 123303.1652268156
131435.2756038231 109099.3293149344
128871.7431398986 117238.6060734281
125186.6652230071 110056.8912865219
130153.5093718608 120590.0729739844
135440.7950787052 116440.6377637719
138164.5483216250 108301.3610052781
117175.6262732429 117079.0124114969
125667.3275599929 121547.6349455719
108683.9249864929 113727.5455109406
135120.3535207146 121068.8539597781
130313.7301508561 121547.6349455719
109324.8081024741 115961.8567779781
123584.4574330542 120111.2919881906
111247.4574504174 126175.8511415781
129672.8470348750 122026.4159313656
111247.4574504174 112610.3898774219
115733.6392622854 112610.3898774219
128711.5223609033 114525.5138205969
133197.7041727712 109737.7039626594
132877.2626147807 123462.7588887469
113330.3275773561 116281.0441018406
138324.7691006203 115961.8567779781
122783.3535380778 114206.3264967344
130794.3924878420 112769.9835393531
141368.9639015307 123622.3525506781
139606.5353325825 113887.1391728719
128391.0808029127 113567.9518490094
120219.8210741533 117238.6060734281
111728.1197874033 129208.1307182719
124385.5613280307 114046.7328348031
139125.8729955967 113567.9518490094
114451.8730303231 112131.6088916281
122943.5743170731 119792.1046643281
129672.8470348750 113248.7645251469
133037.4833937759 119792.1046643281
121341.3665271203 112610.3898774219
112369.0029033844 112450.7962154906
133838.5872887524 111014.4532581094
109324.8081024741 112769.9835393531
113330.3275773561 112131.6088916281
139766.7561115778 114046.7328348031
119098.2756211863 110695.2659342469
111407.6782294127 129048.5370563406
141529.1846805259 122824.3842410219
119578.9379581722 113727.5455109406
138805.4314376061 126335.4448035094
135921.4574156910 116281.0441018406
133838.5872887524 125058.6955080594
141849.6262385165 126335.4448035094
129192.1846978892 117557.7933972906
140087.1976695684 114365.9201586656
132556.8210567901 124101.1335364719
113971.2106933373 114206.3264967344
140407.6392275590 119313.3236785344

111407.6782294127 127612.1940989594
111567.8990084080 127452.6004370281
138965.6522166014 127293.0067750969
137203.2236476533 126654.6321273719
140567.8600065543 126335.4448035094
141208.7431225354 126175.8511415781
112529.2236823797 125697.0701557844
134799.9119627241 125218.2891699906
135921.4574156910 125218.2891699906
110606.5743344363 125058.6955080594
138484.9898796156 125058.6955080594
133518.1457307618 124899.1018461281
110446.3535554410 124260.7271984031
111087.2366714222 124101.1335364719
135601.0158577005 124101.1335364719
110606.5743344363 123941.5398745406
132076.1587198043 123781.9462126094
138324.7691006203 123781.9462126094
112529.2236823797 123462.7588887469
130473.9509298514 122983.9779029531
136722.5613106675 122824.3842410219
127589.9769079363 122664.7905790906
131114.8340458325 122664.7905790906
128871.7431398986 122345.6032552281
131435.2756038231 122345.6032552281
140728.0807855495 122345.6032552281
129512.6262558797 122186.0095932969
126628.6522339646 122026.4159313656
113009.8860193656 121866.8222694344
137523.6652056439 121707.2286075031
140567.8600065543 121547.6349455719
125507.1067809976 121228.4476217094
129031.9639188939 121228.4476217094
130634.1717088467 121228.4476217094
123904.8989910448 121068.8539597781
126788.8730129599 120749.6666359156
132877.2626147807 120430.4793120531
110766.7951134316 120270.8856501219
130473.9509298514 119951.6983262594
137043.0028686580 119951.6983262594
126468.4314549693 119792.1046643281
135440.7950787052 119792.1046643281
129031.9639188939 119632.5110023969
137363.4444266486 119632.5110023969
134960.1327417193 119472.9173404656
109805.4704394599 119313.3236785344
119098.2756211863 118994.1363546719
133197.7041727712 118994.1363546719
140567.8600065543 118834.5426927406
119739.1587371674 118674.9490308094
110286.1327764458 118355.7617069469
109965.6912184552 118196.1680450156
123904.8989910448 118196.1680450156
126308.2106759741 118036.5743830844
117015.4054942476 117557.7933972906
131114.8340458325 117557.7933972906
136882.7820896627 117557.7933972906
134960.1327417193 117398.1997353594
137363.4444266486 117398.1997353594
118457.3925052052 117238.6060734281
127109.3145709505 117238.6060734281
131915.9379408089 117238.6060734281
134159.0288467429 117238.6060734281
126468.4314549693 117079.0124114969
110766.7951134316 116759.8250876344
139125.8729955967 116759.8250876344
114932.5353673090 116600.2314257031
131275.0548248278 116600.2314257031
135440.7950787052 116440.6377637719
132076.1587198043 116281.0441018406
113490.5483563514 116121.4504399094
115893.8600412807 115961.8567779781
131114.8340458325 115961.8567779781
133838.5872887524 115961.8567779781
134639.6911837288 115961.8567779781
120059.6002951580 115642.6694541156
126788.8730129599 115642.6694541156
130473.9509298514 115642.6694541156
135921.4574156910 115642.6694541156
111247.4574504174 115483.0757921844
116534.7431572618 115483.0757921844
122943.5743170731 115483.0757921844
125827.5483389882 115323.4821302531
131114.8340458325 115323.4821302531
138645.2106586109 115323.4821302531
132556.8210567901 115163.8884683219
132076.1587198043 115004.2948063906
139766.7561115778 115004.2948063906
121501.5873061156 114844.7011444594
112048.5613453939 114685.1074825281
115733.6392622854 114525.5138205969
116374.5223782665 114365.9201586656
110125.9119974505 114206.3264967344
109485.0288814693 114046.7328348031
113330.3275773561 113567.9518490094
129672.8470348750 113567.9518490094
132717.0418357854 113567.9518490094
110446.3535554410 113408.3581870781
122623.1327590825 113089.1708632156
128391.0808029127 113089.1708632156
129352.4054768844 112929.5772012844
133037.4833937759 112929.5772012844
135280.5742997099 112929.5772012844
113170.1067983608 112610.3898774219
139926.9768905731 112610.3898774219
114451.8730303231 112450.7962154906
135601.0158577005 112450.7962154906
117816.5093892240 112291.2025535594
124706.0028860212 112131.6088916281
131915.9379408089 111972.0152296969
136562.3405316722 111972.0152296969
121982.2496431014 111812.4215677656
122783.3535380778 111812.4215677656
135761.2366366957 111812.4215677656
137043.0028686580 111812.4215677656
117015.4054942476 111652.8279058344
122142.4704220967 111652.8279058344
138484.9898796156 111652.8279058344
115733.6392622854 111493.2342439031

141208.7431225354 126654.6321273719
140567.8600065543 126335.4448035094
110766.7951134316 124899.1018461281
138004.3275426297 124260.7271984031
131435.2756038231 122664.7905790906
134159.0288467429 122505.1969171594
139766.7561115778 121388.0412836406
131915.9379408089 120749.6666359156
123744.6782120495 120590.0729739844
109965.6912184552 120430.4793120531
130794.3924878420 120430.4793120531
137043.0028686580 119951.6983262594
126628.6522339646 119632.5110023969
120380.0418531486 119313.3236785344
120540.2626321439 119153.7300166031
118457.3925052052 117238.6060734281
129192.1846978892 117238.6060734281
138805.4314376061 116121.4504399094
129352.4054768844 115802.2631160469
124225.3405490354 115483.0757921844
132236.3794987995 115004.2948063906
114772.3145883137 114525.5138205969
116534.7431572618 114206.3264967344
117175.6262732429 113567.9518490094
138965.6522166014 113567.9518490094
122623.1327590825 113089.1708632156
122943.5743170731 113089.1708632156
124706.0028860212 112769.9835393531
114612.0938093184 112450.7962154906
126308.2106759741 112450.7962154906
133838.5872887524 112450.7962154906
113170.1067983608 111972.0152296969
123584.4574330542 111972.0152296969
129512.6262558797 111972.0152296969
129672.8470348750 111652.8279058344
117175.6262732429 111333.6405819719
125827.5483389882 110216.4849484531
139286.0937745920 109897.2976245906
132396.6002777948 108141.7673433469
110927.0158924269 121068.8539597781
138484.9898796156 123941.5398745406
117015.4054942476 111652.8279058344
130473.9509298514 111014.4532581094
133838.5872887524 110535.6722723156
115733.6392622854 115163.8884683219
119578.9379581722 112291.2025535594
132877.2626147807 119951.6983262594
125026.4444440118 111333.6405819719
112369.0029033844 125537.4764938531
129512.6262558797 119153.7300166031
136882.7820896627 126495.0384654406
129993.2885928656 120909.2602978469
120059.6002951580 111652.8279058344
127750.1976869316 120270.8856501219
139446.3145535873 107024.6117098281
141208.7431225354 128090.9750847531
119098.2756211863 117876.9807211531
114291.6522513278 115642.6694541156
139125.8729955967 110216.4849484531
125987.7691179835 114046.7328348031
133678.3665097571 124899.1018461281
121661.8080851108 117876.9807211531
112849.6652403703 113727.5455109406
112689.4444613750 112131.6088916281
121020.9249691297 114206.3264967344
112369.0029033844 122664.7905790906
113009.8860193656 113567.9518490094
121020.9249691297 114525.5138205969
141048.5223435401 120111.2919881906
109965.6912184552 116281.0441018406
123264.0158750637 111493.2342439031
138965.6522166014 117398.1997353594
111728.1197874033 129686.9117040656
133838.5872887524 115961.8567779781
138324.7691006203 124260.7271984031
140087.1976695684 125697.0701557844
128551.3015819080 112131.6088916281
133838.5872887524 122345.6032552281
127429.7561289410 122345.6032552281
112048.5613453939 113089.1708632156
113009.8860193656 112291.2025535594
110606.5743344363 113727.5455109406
132236.3794987995 119313.3236785344
110766.7951134316 125537.4764938531
121020.9249691297 115642.6694541156
130153.5093718608 117079.0124114969
124866.2236650165 114046.7328348031
129031.9639188939 115802.2631160469
137043.0028686580 117717.3870592219
123744.6782120495 118355.7617069469
135761.2366366957 110056.8912865219
133357.9249517665 121547.6349455719
121181.1457481250 110535.6722723156
112849.6652403703 119632.5110023969
131595.4963828184 114844.7011444594
139125.8729955967 110695.2659342469
129031.9639188939 121388.0412836406
140087.1976695684 112929.5772012844
116374.5223782665 112769.9835393531
128391.0808029127 121866.8222694344
111728.1197874033 128410.1624086156
139606.5353325825 118355.7617069469
135120.3535207146 121707.2286075031
109485.0288814693 118036.5743830844
115733.6392622854 113887.1391728719
124545.7821070260 114365.9201586656
134639.6911837288 111174.0469200406
124706.0028860212 110216.4849484531
132717.0418357854 122505.1969171594
130153.5093718608 120430.4793120531
130954.6132668373 123303.1652268156
138324.7691006203 115483.0757921844
139766.7561115778 112929.5772012844
130794.3924878420 110216.4849484531
126788.8730129599 116600.2314257031
119098.2756211863 110854.8595961781
132076.1587198043 115163.8884683219
110766.7951134316 114685.1074825281
134639.6911837288 109578.1103007281

111888.3405663986 129527.3180421344
111888.3405663986 127612.1940989594
135601.0158577005 126016.2574796469
137043.0028686580 125856.6638177156
140567.8600065543 125856.6638177156
139286.0937745920 125697.0701557844
139766.7561115778 125697.0701557844
137844.1067636344 124899.1018461281
131275.0548248278 124260.7271984031
110606.5743344363 124101.1335364719
111407.6782294127 124101.1335364719
139446.3145535873 123781.9462126094
133357.9249517665 123622.3525506781
139766.7561115778 122824.3842410219
112208.7821243891 122345.6032552281
128711.5223609033 122186.0095932969
113009.8860193656 122026.4159313656
139606.5353325825 121866.8222694344
135280.5742997099 121707.2286075031
111087.2366714222 121388.0412836406
131435.2756038231 121068.8539597781
127750.1976869316 120909.2602978469
123584.4574330542 120430.4793120531
129192.1846978892 120270.8856501219
139125.8729955967 119951.6983262594
122943.5743170731 119792.1046643281
109805.4704394599 119632.5110023969
121501.5873061156 119472.9173404656
109805.4704394599 119313.3236785344
135120.3535207146 119153.7300166031
129672.8470348750 118994.1363546719
140247.4184485637 118515.3553688781
132877.2626147807 118355.7617069469
138484.9898796156 118355.7617069469
140728.0807855495 118355.7617069469
111087.2366714222 118196.1680450156
129672.8470348750 118196.1680450156
130313.7301508561 118196.1680450156
112529.2236823797 118036.5743830844
130794.3924878420 118036.5743830844
118297.1717262099 117876.9807211531
123103.7950960684 117876.9807211531
130954.6132668373 117876.9807211531
119899.3795161627 117398.1997353594
118457.3925052052 117238.6060734281
124866.2236650165 117079.0124114969
138965.6522166014 117079.0124114969
139926.9768905731 116919.4187495656
116374.5223782665 116759.8250876344
117656.2886102288 116759.8250876344
124385.5613280307 116759.8250876344
112689.4444613750 116440.6377637719
135440.7950787052 116440.6377637719
125026.4444440118 116281.0441018406
118777.8340631958 116121.4504399094
137523.6652056439 116121.4504399094
109324.8081024741 115961.8567779781
119418.7171791769 115961.8567779781
121020.9249691297 115802.2631160469
138324.7691006203 115802.2631160469
128551.3015819080 115642.6694541156
135921.4574156910 115642.6694541156
109324.8081024741 115163.8884683219
117175.6262732429 115163.8884683219
113810.9899143420 115004.2948063906
122462.9119800873 114844.7011444594
115733.6392622854 114685.1074825281
121020.9249691297 114685.1074825281
130634.1717088467 114525.5138205969
117816.5093892240 114365.9201586656
114612.0938093184 114206.3264967344
118136.9509472146 114046.7328348031
115733.6392622854 113887.1391728719
111247.4574504174 113567.9518490094
134319.2496257382 113567.9518490094
108844.1457654882 113408.3581870781
119739.1587371674 113408.3581870781
129512.6262558797 113408.3581870781
133838.5872887524 113408.3581870781
113650.7691353467 113248.7645251469
122783.3535380778 113248.7645251469
132877.2626147807 113248.7645251469
110125.9119974505 113089.1708632156
119739.1587371674 113089.1708632156
110446.3535554410 112929.5772012844
134799.9119627241 112769.9835393531
111888.3405663986 112610.3898774219
124706.0028860212 112610.3898774219
114451.8730303231 112450.7962154906
118457.3925052052 112291.2025535594
126788.8730129599 112131.6088916281
113170.1067983608 111972.0152296969
119739.1587371674 111972.0152296969
120059.6002951580 111972.0152296969
132556.8210567901 111972.0152296969
129833.0678138703 111812.4215677656
131755.7171618137 111812.4215677656
120540.2626321439 111652.8279058344
139446.3145535873 111652.8279058344
123264.0158750637 111493.2342439031
124706.0028860212 111493.2342439031
116694.9639362571 111174.0469200406
135440.7950787052 111174.0469200406
133037.4833937759 110695.2659342469
136882.7820896627 110695.2659342469
127429.7561289410 110376.0786103844
138805.4314376061 108939.7356530031
131275.0548248278 108780.1419910719
132076.1587198043 108301.3610052781
135280.5742997099 108141.7673433469
138004.3275426297 108141.7673433469
136402.1197526769 120909.2602978469
134639.6911837288 124420.3208603344
127910.4184659269 111333.6405819719
131915.9379408089 118834.5426927406
142170.0677965071 127612.1940989594
123103.7950960684 113089.1708632156
138645.2106586109 125218.2891699906
110446.3535554410 124260.7271984031

136241.8989736816 118355.7617069469
111247.4574504174 115323.4821302531
133838.5872887524 111652.8279058344
110606.5743344363 117557.7933972906
126628.6522339646 119472.9173404656
112689.4444613750 116281.0441018406
139286.0937745920 119472.9173404656
134799.9119627241 119153.7300166031
134639.6911837288 116440.6377637719
136402.1197526769 109258.9229768656
119258.4964001816 112929.5772012844
137363.4444266486 109418.5166387969
129993.2885928656 116919.4187495656
137203.2236476533 111812.4215677656
136081.6781946863 108141.7673433469
127750.1976869316 117398.1997353594
133678.3665097571 113727.5455109406
112849.6652403703 119153.7300166031
136081.6781946863 122824.3842410219
141529.1846805259 125697.0701557844
131275.0548248278 110376.0786103844
133518.1457307618 114365.9201586656
133197.7041727712 110535.6722723156
113009.8860193656 118196.1680450156
127750.1976869316 114046.7328348031
110927.0158924269 125377.8828319219
139766.7561115778 123622.3525506781
125827.5483389882 109418.5166387969
134159.0288467429 114685.1074825281
123744.6782120495 111652.8279058344
131435.2756038231 113408.3581870781
138164.5483216250 107503.3926956219
140888.3015645448 123462.7588887469
117816.5093892240 113567.9518490094
139446.3145535873 121547.6349455719
140087.1976695684 120111.2919881906
134639.6911837288 123941.5398745406
110125.9119974505 114206.3264967344
124225.3405490354 117717.3870592219
127429.7561289410 111333.6405819719
112529.2236823797 115004.2948063906
138164.5483216250 125697.0701557844
111567.8990084080 128569.7560705469
126788.8730129599 121228.4476217094
114932.5353673090 115961.8567779781
113971.2106933373 111812.4215677656
113490.5483563514 114206.3264967344
138805.4314376061 112131.6088916281
133037.4833937759 112450.7962154906
120219.8210741533 113727.5455109406
129512.6262558797 118994.1363546719
132877.2626147807 111333.6405819719
137523.6652056439 113567.9518490094
129352.4054768844 111812.4215677656
133838.5872887524 119153.7300166031
139926.9768905731 121228.4476217094
123424.2366540590 112291.2025535594
133197.7041727712 113887.1391728719
111247.4574504174 126814.2257893031
113971.2106933373 113727.5455109406
129031.9639188939 115483.0757921844
137844.1067636344 125856.6638177156
139286.0937745920 107184.2053717594
126949.0937919552 122186.0095932969
140728.0807855495 125697.0701557844
111407.6782294127 113727.5455109406
135440.7950787052 111333.6405819719
117015.4054942476 112929.5772012844
138805.4314376061 111014.4532581094
126788.8730129599 117557.7933972906
114932.5353673090 115163.8884683219
140407.6392275590 121707.2286075031
133357.9249517665 122505.1969171594
138164.5483216250 108460.9546672094
121020.9249691297 113727.5455109406
136722.5613106675 112769.9835393531
133838.5872887524 110854.8595961781
131114.8340458325 123941.5398745406
130313.7301508561 113887.1391728719
110606.5743344363 114046.7328348031
114612.0938093184 111493.2342439031
112529.2236823797 122345.6032552281
122783.3535380778 111652.8279058344
110446.3535554410 117238.6060734281
110446.3535554410 115483.0757921844
133518.1457307618 115004.2948063906
125667.3275599929 120430.4793120531
123103.7950960684 119472.9173404656
141048.5223435401 124260.7271984031
122462.9119800873 114525.5138205969
124225.3405490354 110376.0786103844
133678.3665097571 108939.7356530031
109485.0288814693 116759.8250876344
122943.5743170731 112450.7962154906
140888.3015645448 127452.6004370281
121341.3665271203 111652.8279058344
134159.0288467429 117079.0124114969
128711.5223609033 120590.0729739844
137683.8859846391 115004.2948063906
111728.1197874033 123303.1652268156
128871.7431398986 120270.8856501219
134479.4704047335 118196.1680450156
140407.6392275590 125697.0701557844
129352.4054768844 111014.4532581094
109485.0288814693 117717.3870592219
131114.8340458325 108460.9546672094
139286.0937745920 124579.9145222656
118457.3925052052 117238.6060734281
138645.2106586109 124579.9145222656
135120.3535207146 122026.4159313656
119578.9379581722 115004.2948063906
134159.0288467429 112610.3898774219
126147.9898969788 113248.7645251469
127910.4184659269 110535.6722723156
117335.8470522382 115004.2948063906
127269.5353499458 109897.2976245906
133518.1457307618 112291.2025535594
134479.4704047335 111652.8279058344
128551.3015819080 117717.3870592219

140407.6392275590 127133.4131131656
141208.7431225354 126654.6321273719
110766.7951134316 125058.6955080594
132396.6002777948 124579.9145222656
140087.1976695684 124260.7271984031
110606.5743344363 123941.5398745406
112529.2236823797 123462.7588887469
131114.8340458325 122345.6032552281
137844.1067636344 121866.8222694344
127910.4184659269 121707.2286075031
134799.9119627241 121388.0412836406
139926.9768905731 121228.4476217094
131435.2756038231 121068.8539597781
122783.3535380778 119472.9173404656
129192.1846978892 119472.9173404656
111728.1197874033 119313.3236785344
132236.3794987995 117557.7933972906
132877.2626147807 117398.1997353594
139766.7561115778 116919.4187495656
109485.0288814693 115802.2631160469
121020.9249691297 115642.6694541156
132717.0418357854 114844.7011444594
119899.3795161627 112929.5772012844
113170.1067983608 112610.3898774219
127910.4184659269 112610.3898774219
117816.5093892240 112291.2025535594
139606.5353325825 112131.6088916281
135921.4574156910 111812.4215677656
116374.5223782665 111333.6405819719
122302.6912010920 111174.0469200406
123904.8989910448 110854.8595961781
122302.6912010920 110216.4849484531
127429.7561289410 109099.3293149344
136241.8989736816 107343.7990336906
121982.2496431014 117238.6060734281
113650.7691353467 114844.7011444594
129512.6262558797 118674.9490308094
124225.3405490354 113408.3581870781
128391.0808029127 108939.7356530031
134159.0288467429 112131.6088916281
131114.8340458325 121707.2286075031
127269.5353499458 114685.1074825281
138805.4314376061 107822.5800194844
136081.6781946863 115004.2948063906
133357.9249517665 120111.2919881906
131114.8340458325 114206.3264967344
133197.7041727712 112610.3898774219
135440.7950787052 114365.9201586656
128391.0808029127 110216.4849484531
111407.6782294127 130006.0990279281
114612.0938093184 116281.0441018406
125507.1067809976 110216.4849484531
135601.0158577005 109099.3293149344
133998.8080677476 112929.5772012844
138004.3275426297 107822.5800194844
137363.4444266486 109578.1103007281
133197.7041727712 118674.9490308094
137043.0028686580 107184.2053717594
138324.7691006203 117398.1997353594
111407.6782294127 124260.7271984031
131755.7171618137 110854.8595961781
123744.6782120495 117717.3870592219
119418.7171791769 115802.2631160469
128551.3015819080 111652.8279058344
133197.7041727712 121707.2286075031
110606.5743344363 120590.0729739844
109164.5873234788 115323.4821302531
140407.6392275590 119632.5110023969
116855.1847152524 113089.1708632156
133678.3665097571 109258.9229768656
127910.4184659269 118515.3553688781
113810.9899143420 115323.4821302531
123424.2366540590 119472.9173404656
111728.1197874033 112450.7962154906
126147.9898969788 114206.3264967344
116855.1847152524 114206.3264967344
137523.6652056439 126654.6321273719
127910.4184659269 109897.2976245906
133998.8080677476 116440.6377637719
114772.3145883137 114365.9201586656
125186.6652230071 110216.4849484531
136562.3405316722 118355.7617069469
137683.8859846391 119632.5110023969
121661.8080851108 119472.9173404656
111087.2366714222 123143.5715648844
128711.5223609033 114525.5138205969
117656.2886102288 114844.7011444594
111888.3405663986 130325.2863517906
129192.1846978892 113567.9518490094
114291.6522513278 113727.5455109406
118777.8340631958 113089.1708632156
113009.8860193656 116600.2314257031
137043.0028686580 110056.8912865219
112369.0029033844 120430.4793120531
110606.5743344363 115323.4821302531
110125.9119974505 117238.6060734281
135280.5742997099 112291.2025535594
137844.1067636344 110056.8912865219
138484.9898796156 109099.3293149344
134159.0288467429 113408.3581870781
138805.4314376061 111812.4215677656
138484.9898796156 124420.3208603344
126468.4314549693 121228.4476217094
141529.1846805259 125058.6955080594
133357.9249517665 122664.7905790906
136241.8989736816 118994.1363546719
128391.0808029127 116759.8250876344
130313.7301508561 120749.6666359156
136882.7820896627 113408.3581870781
124065.1197700401 111493.2342439031
136241.8989736816 113887.1391728719
112849.6652403703 122026.4159313656
120860.7041901344 117079.0124114969
125026.4444440118 111014.4532581094
127109.3145709505 109737.7039626594
115092.7561463042 116600.2314257031
120860.7041901344 112929.5772012844
138004.3275426297 126016.2574796469
111407.6782294127 120270.8856501219

131114.8340458325 115802.2631160469
137203.2236476533 113089.1708632156
140407.6392275590 115323.4821302531
120860.7041901344 110376.0786103844
122783.3535380778 120590.0729739844
130473.9509298514 109737.7039626594
138164.5483216250 109099.3293149344
126949.0937919552 111652.8279058344
140407.6392275590 126973.8194512344
136241.8989736816 125058.6955080594
138324.7691006203 112450.7962154906
122142.4704220967 117876.9807211531
110125.9119974505 121866.8222694344
140087.1976695684 113567.9518490094
136882.7820896627 109099.3293149344
126308.2106759741 113567.9518490094
135761.2366366957 116440.6377637719
118938.0548421910 114685.1074825281
133357.9249517665 117876.9807211531
131755.7171618137 122983.9779029531
139606.5353325825 109099.3293149344
111087.2366714222 117238.6060734281
135440.7950787052 112610.3898774219
122623.1327590825 117557.7933972906
117976.7301682193 112291.2025535594
115413.1977042948 114844.7011444594
139446.3145535873 125537.4764938531
137844.1067636344 112131.6088916281
122462.9119800873 110056.8912865219
112208.7821243891 117079.0124114969
117496.0678312335 117398.1997353594
124545.7821070260 111972.0152296969
134159.0288467429 121866.8222694344
131755.7171618137 110216.4849484531
110286.1327764458 115802.2631160469
139125.8729955967 118515.3553688781
109485.0288814693 112929.5772012844
140888.3015645448 119951.6983262594
136081.6781946863 116759.8250876344
138324.7691006203 107662.9863575531
136081.6781946863 125218.2891699906
138805.4314376061 115163.8884683219
125987.7691179835 110056.8912865219
139125.8729955967 117717.3870592219
136081.6781946863 123941.5398745406
134479.4704047335 113089.1708632156
139766.7561115778 124579.9145222656
122142.4704220967 113089.1708632156
114131.4314723326 116759.8250876344
121501.5873061156 113408.3581870781
109645.2496604646 119313.3236785344
135601.0158577005 116121.4504399094
121341.3665271203 110854.8595961781
123424.2366540590 118834.5426927406
119098.2756211863 114685.1074825281
111728.1197874033 130325.2863517906
121341.3665271203 114206.3264967344
136402.1197526769 117238.6060734281
136882.7820896627 121707.2286075031
129833.0678138703 115323.4821302531
139766.7561115778 124899.1018461281
141529.1846805259 123622.3525506781
137683.8859846391 115323.4821302531
109965.6912184552 116759.8250876344
128551.3015819080 109897.2976245906
135921.4574156910 112929.5772012844
128551.3015819080 114206.3264967344
135440.7950787052 113408.3581870781
114932.5353673090 115961.8567779781
130313.7301508561 109099.3293149344
131915.9379408089 113727.5455109406
111567.8990084080 116440.6377637719
110927.0158924269 114685.1074825281
122462.9119800873 115323.4821302531
138965.6522166014 117079.0124114969
111087.2366714222 123941.5398745406
137523.6652056439 117079.0124114969
124385.5613280307 119951.6983262594
132236.3794987995 123143.5715648844
137363.4444266486 125058.6955080594
137523.6652056439 113887.1391728719
133197.7041727712 121068.8539597781
111567.8990084080 121228.4476217094
110606.5743344363 115004.2948063906
120380.0418531486 110376.0786103844
134639.6911837288 122026.4159313656
129993.2885928656 121228.4476217094
119258.4964001816 114525.5138205969
113810.9899143420 113408.3581870781
129031.9639188939 119632.5110023969
129833.0678138703 113408.3581870781
127589.9769079363 114365.9201586656
138965.6522166014 118355.7617069469
123424.2366540590 117717.3870592219
136402.1197526769 121228.4476217094
120059.6002951580 114206.3264967344
110446.3535554410 115163.8884683219
133678.3665097571 118834.5426927406
109965.6912184552 114046.7328348031
117976.7301682193 115642.6694541156
138645.2106586109 124101.1335364719
128551.3015819080 108780.1419910719
129993.2885928656 117238.6060734281
128230.8600239174 120590.0729739844
135280.5742997099 111972.0152296969
137523.6652056439 108460.9546672094
137203.2236476533 121228.4476217094
132076.1587198043 118036.5743830844
133838.5872887524 121866.8222694344
112369.0029033844 118036.5743830844
128230.8600239174 119313.3236785344
138805.4314376061 116281.0441018406
132556.8210567901 118515.3553688781
124065.1197700401 120909.2602978469
123904.8989910448 109897.2976245906
116534.7431572618 116919.4187495656
116694.9639362571 113887.1391728719
117496.0678312335 117876.9807211531
133037.4833937759 118834.5426927406

140087.1976695684 127771.7877608906
140728.0807855495 126495.0384654406
141208.7431225354 125218.2891699906
131755.7171618137 123941.5398745406
133357.9249517665 123622.3525506781
133998.8080677476 121068.8539597781
127910.4184659269 119792.1046643281
130794.3924878420 119153.7300166031
109645.2496604646 117876.9807211531
126628.6522339646 117398.1997353594
136722.5613106675 117398.1997353594
137523.6652056439 116600.2314257031
133998.8080677476 116440.6377637719
113490.5483563514 116281.0441018406
130634.1717088467 115802.2631160469
135921.4574156910 115642.6694541156
129192.1846978892 115163.8884683219
123744.6782120495 115004.2948063906
129352.4054768844 114206.3264967344
125026.4444440118 113887.1391728719
132396.6002777948 113887.1391728719
123424.2366540590 113727.5455109406
111407.6782294127 113567.9518490094
131915.9379408089 113567.9518490094
133998.8080677476 112929.5772012844
126308.2106759741 112450.7962154906
134799.9119627241 112131.6088916281
124065.1197700401 111493.2342439031
124706.0028860212 111014.4532581094
138324.7691006203 110535.6722723156
134639.6911837288 109737.7039626594
133357.9249517665 109578.1103007281
138965.6522166014 109258.9229768656
137844.1067636344 108939.7356530031
137844.1067636344 108141.7673433469
121181.1457481250 116121.4504399094
110446.3535554410 123941.5398745406
113810.9899143420 114365.9201586656
117656.2886102288 117876.9807211531
120059.6002951580 115961.8567779781
113810.9899143420 116281.0441018406
111247.4574504174 116281.0441018406
112689.4444613750 118036.5743830844
120059.6002951580 110695.2659342469
111087.2366714222 127452.6004370281
130473.9509298514 122345.6032552281
129672.8470348750 118994.1363546719
116694.9639362571 112610.3898774219
134159.0288467429 120909.2602978469
131595.4963828184 118834.5426927406
120380.0418531486 112131.6088916281
130954.6132668373 117398.1997353594
135280.5742997099 117398.1997353594
125827.5483389882 121547.6349455719
141208.7431225354 125058.6955080594
141529.1846805259 126175.8511415781
134639.6911837288 120590.0729739844
132717.0418357854 120430.4793120531
129512.6262558797 110535.6722723156
128871.7431398986 115323.4821302531
127750.1976869316 109099.3293149344
135440.7950787052 114046.7328348031
132717.0418357854 120270.8856501219
120219.8210741533 110854.8595961781
130473.9509298514 112769.9835393531
111728.1197874033 116919.4187495656
129993.2885928656 118355.7617069469
125987.7691179835 111812.4215677656
133037.4833937759 119632.5110023969
110606.5743344363 112929.5772012844
132717.0418357854 108620.5483291406
111247.4574504174 123462.7588887469
116054.0808202759 112929.5772012844
139286.0937745920 125058.6955080594
111888.3405663986 121388.0412836406
126788.8730129599 121228.4476217094
112048.5613453939 114685.1074825281
121822.0288641061 119153.7300166031
136562.3405316722 113248.7645251469
139286.0937745920 112610.3898774219
116374.5223782665 117717.3870592219
119258.4964001816 115483.0757921844
135601.0158577005 121068.8539597781
141529.1846805259 123941.5398745406
123264.0158750637 118355.7617069469
138484.9898796156 111652.8279058344
134159.0288467429 124101.1335364719
138484.9898796156 126654.6321273719
140567.8600065543 115802.2631160469
126788.8730129599 110056.8912865219
127589.9769079363 113089.1708632156
110766.7951134316 118994.1363546719
138484.9898796156 113567.9518490094
109164.5873234788 112610.3898774219
133998.8080677476 119472.9173404656
109164.5873234788 115802.2631160469
111087.2366714222 117717.3870592219
135280.5742997099 107822.5800194844
110766.7951134316 117876.9807211531
133678.3665097571 120749.6666359156
137844.1067636344 119792.1046643281
134799.9119627241 113089.1708632156
130153.5093718608 115323.4821302531
110446.3535554410 115004.2948063906
113490.5483563514 113408.3581870781
109004.3665444835 115323.4821302531
134319.2496257382 120111.2919881906
137043.0028686580 113567.9518490094
140407.6392275590 126335.4448035094
128391.0808029127 119472.9173404656
114772.3145883137 112291.2025535594
132717.0418357854 113089.1708632156
111567.8990084080 130484.8800137219
115413.1977042948 116919.4187495656
138645.2106586109 113248.7645251469
134960.1327417193 120909.2602978469
109004.3665444835 113248.7645251469
112048.5613453939 124420.3208603344
132076.1587198043 122345.6032552281

