73508375.6114968359 6708.9769515991
77219694.3516594768 6755.7413864136
68535109.9777124673 6613.6542739868
64979635.2017381191 6408.1195755005
65717151.7917725444 6427.4599943161
63388724.4222814888 6276.3099002838
78118170.3067149371 6761.8957290649
66749179.1551171169 6523.7252204418
71286037.8758835793 6669.6872367859
78470549.4840500206 6855.9008560181
63310371.4523615688 6178.6675949097
66648212.6670584083 6462.7311048508
66949622.0431614816 6576.9071846008
69825478.8605643064 6654.8426322937
60268321.0279202908 5724.5286688805
61645524.3418446407 6124.0559558868
61592549.8992239758 6012.5591812134
73148204.1294949949 6688.6524238586
68819223.7395853102 6617.2977256775
66636960.7308991551 6436.0039634705
75147371.0616077930 6743.4520378113
74140789.7695599347 6724.7070693970
65759557.6732298136 6428.8141212463
71947232.5148401260 6687.3360595703
64331368.8124397397 6335.1101036072
