696884246.2783526182 2766778.7766113281
702644798.8380825520 2851620.7106933594
694286853.5782223940 2322375.1184082031
713774959.6307611465 2893201.7556152344
723405763.7231339216 2988482.9224853516
694579625.3976720572 2420901.8387451172
711548222.7810553312 2892293.7929687500
716688416.9263092279 2972968.5483398438
699523783.5358381271 2816621.5583496094
700834271.0695964098 2835083.7011718750
722330614.7919543982 2976481.8510742188
698365228.5383057594 2805857.7434082031
704932535.2816584110 2878901.0827636719
708193404.3486481905 2881541.0911865234
714654535.4985952377 2914126.4255371094
695592608.6090768576 2717685.1052246094
704925877.5913469791 2876330.2827148438
704188898.9950401783 2859360.1081542969
714721460.1122472286 2933057.5349121094
698093383.6249530315 2801187.1279296875
714640215.8193641901 2894649.4548339844
708705979.6572425365 2888460.0097656250
