399112820.1586697698 333962.6173095703
392003805.7926186323 320104.5080871582
393349300.1215053201 325983.8862609863
404763911.4804546833 337816.4776611328
389862245.8229650259 282405.0258178711
394664953.0389945507 327140.5185852051
391917624.1717433333 319808.7812500000
394213604.3651843667 326714.7153167725
391471478.6148394346 319352.1237258911
394908295.8830733299 328257.0039062500
390120718.2468215227 314696.8865051270
390125505.1410416365 316150.4028930664
391307035.8775209785 318958.8867187500
392372665.3022255301 325955.2997131348
390103138.6627770662 314139.3166198730
397759460.5857362747 333701.3662414551
395519877.0370645523 331714.1544494629
390428240.9207158089 317830.3842468262
388406793.4153168797 278680.3604202271
394910904.8608960509 328503.5950012207
392049962.5965136290 325569.8595581055
387475192.7681826353 277042.9718322754
399973023.8495376110 336233.0424804688
