104107059.0682152510 1168.6099653244
97007366.0208386928 1069.7138628960
102062963.4138709158 1156.6909294128
97586313.7798759341 1090.4986696243
100553692.3195702434 1153.7633285522
101014898.0520849377 1154.2865571976
97280901.5023641437 1075.0731430054
102655107.3694332391 1160.5390682220
104275831.6455548406 1182.3506498337
96938614.0951791108 866.5676342249
103010968.6530743837 1164.3952369690
98319837.8139713556 1117.2656745911
98128402.3695586026 1115.1668243408
98416892.3763223588 1130.5644640923
100478462.6412844658 1151.7744903564
99018823.6673904210 1143.4659824371
101400458.3015039563 1154.8721914291
98931434.1820311993 1138.7163267136
