319686286.7215247750 41523.3718986511
325080511.9462413192 46202.4285507202
322291849.2609384656 44624.6084976196
322820726.9888734818 44858.4830436707
320382532.4277088046 43758.7453231812
322329407.6154244542 44838.5164146423
324400729.9178252816 45872.3215789795
323135920.9858126044 45345.2227439880
322009176.6715091467 44356.9523162842
319814777.5399007201 42651.6960458755
325323702.3982568979 46851.9003162384
321205350.5897567868 44249.1195869446
321714707.6710622907 44325.6353607178
324150262.7237564921 45702.5483016968
324296809.6947924495 45774.5791015625
322274824.1386378407 44387.9600677490
318937240.9469115138 40222.0126934052
320003569.0961472988 43737.0437316895
320949101.2255719900 44117.7717819214
