227946527.2018628716 3567138.9082031250
233454810.5385851860 3615093.8808593750
231191932.3284677267 3594868.1054687500
240677441.6940799057 3628530.0859375000
231368126.8729779720 3605944.7919921875
231201808.5879552364 3596872.8769531250
238056510.5290980935 3624458.9404296875
229383660.3184129298 3578472.9746093750
232400356.4950801432 3610972.3652343750
231474729.0881540775 3609785.5312500000
234557550.7590427399 3619977.5781250000
236937301.6257117391 3623380.4941406250
230387223.4847754240 3593440.5976562500
236722861.2152986228 3622130.9628906250
230016037.3186157644 3581975.7070312500
