213800990.6595495641 83437.8437500000
206529837.3799187839 81054.0597686768
215388245.1084640920 85306.9720230103
214058391.6041258872 83677.7684326172
204052947.9585393369 72019.3507995605
205851853.0667107105 77131.5022888184
205864822.2984928489 77378.0419921875
209950251.9257207811 81941.9974060059
206290502.4083424211 78288.0685844421
204413053.5031408072 75218.2525024414
212493739.6542665064 82798.8128662109
212720884.1161605716 83271.7216186523
212459765.3841611147 82524.4812545776
203202300.6281725168 71388.9935684204
205970490.4565590620 77825.2380142212
204693192.8330645859 77113.3227233887
206240604.4309233129 78051.8133087158
215080399.9223106205 84008.9809112549
213502975.2397902608 83369.2500686646
209874979.1948927045 81229.3423233032
