405596363.2990933657 121671.3633804321
404669770.7961883545 103614.1590318680
422611198.8934535384 133690.3563232422
411006462.9029138088 129773.0728912354
420803143.5288043022 132020.3109874725
402179522.6083129048 98875.9051303864
417700845.7556521297 131442.8234863281
408188554.5880395174 124367.2839355469
421687125.5568014979 132337.8977966309
407925806.7331415415 124362.7798385620
406069107.2177481055 124139.9803924561
410510427.5199007988 128742.1297073364
416862376.4899879098 131415.2750892639
415343931.6491010189 131279.7705993652
406812531.7725312114 124180.3662567139
405186649.6717597842 121133.1099166870
408711931.6512933969 125681.7590255737
409157438.0722787976 126686.2650985718
408511105.3869671822 125662.0087356567
412315901.1131519079 130344.6550178528
404800652.1320304275 117560.0411529541
