762846844.0633678436 493128.2972412109
766956226.8842779398 510017.7574005127
762601632.5507030487 491178.7536926270
762582836.3951656818 488929.4527282715
780670317.0942347050 525031.6755523682
763672353.0301785469 509828.7089385986
787845430.7784557343 527385.5601806641
773608958.8469306231 519889.8143768311
757999721.6027660370 406624.8505172729
780574942.0412150621 521568.9487609863
768496000.4010503292 516950.7674102783
761463153.6074744463 414744.9487190247
762678445.5229605436 491478.1628417969
773126125.2388532162 518072.3660125732
762909534.5456838608 497805.0192108154
775306124.6279252768 521182.7874679565
773193101.9794505835 519669.7210235596
