98652485.3307192326 612881.1806640625
97920832.2155637890 600134.8125000000
98522496.4173641354 606024.9956054688
97988066.3930932879 603734.5161132812
98923430.7652372271 615666.4340820312
102194664.6019509435 631697.0249023438
98650714.6913055629 610685.8105468750
97199610.6994908005 575727.9938964844
100041629.4696361423 628817.3281250000
97406435.1052052230 584852.4792480469
98358154.9284562916 605965.0473632812
101488390.3388005048 628905.7304687500
98594162.2933129072 608182.2827148438
98355226.6308847964 605923.3378906250
99626656.7292709202 624986.8081054688
97373678.6822022945 583669.8876953125
97763816.5023695230 592204.0175781250
