215646967.1636649668 94672.1263618469
218960920.4571534395 100232.2150878906
217022238.2102407515 98193.1360778809
217761354.7537840903 99180.2539367676
224061055.3066075444 102067.5498962402
216063981.3523884118 96162.0068473816
220642334.7992095053 101909.7709960938
224814994.3588293195 102079.4322814941
219701821.4427852929 100751.4465332031
215690776.0531293750 95064.8761215210
216440922.7544468045 96816.2953338623
219397796.3098411858 100261.7303009033
225240564.1115440428 102761.4676818848
216085555.4999155402 96422.6092834473
216002629.5940430462 95315.9774551392
219755466.7619000971 101111.7198181152
215187033.8250204027 92889.9004211426
217712924.3854000568 98437.8623504639
214883336.7501123250 90557.9666404724
216833307.2879525125 97988.4475784302
216550225.1704141796 97524.4527893066
215629072.5618573427 93391.9459075928
217920112.7815930247 99916.8423767090
