862215629.3011875153 5193180.2314453125
887412590.3790906668 5387027.0039062500
874531407.1288070679 5357638.3652343750
864322931.3572545052 5289454.8476562500
869085628.3869390488 5315604.0009765625
868525094.0043097734 5314238.9199218750
861025857.7751961946 5009865.3139648438
865814688.1161382198 5300411.3735351562
879279808.2824380398 5369079.6831054688
884434990.5786380768 5371277.8164062500
862375668.4623053074 5268242.2011718750
870008860.0358604193 5347404.3134765625
869452366.0301448107 5325671.3022460938
870588036.5681133270 5355552.6528320312
867442365.8631371260 5305622.4287109375
861250424.4726555347 5186594.7343750000
