325415808.0774857998 2226529.4570312500
322127808.6855331659 2065449.9204101562
331654156.0662147403 2241949.7656250000
322731213.7957712412 2159832.6679687500
324412734.5476330519 2188807.6625976562
324351352.6714779139 2185111.4169921875
332297706.5097287893 2247816.0468750000
324199314.7152905464 2182561.9296875000
324451482.5870955586 2196688.6728515625
323084460.0720196962 2173609.0703125000
333641443.3691721559 2253777.1171875000
325897281.9879273176 2232498.3632812500
323205044.7699245811 2182429.0810546875
321788962.5314010382 2016766.2500000000
327978310.8649426699 2239693.9716796875
322836942.2183308005 2172281.3623046875
330645745.4805490971 2241243.0888671875
324709292.0569841266 2207185.1728515625
324644285.4872874022 2200590.1025390625
322649294.4301453233 2139194.2744140625
