157517737.5737962127 32673.9526062012
157072734.8965265751 32632.8945732117
164632004.1228024065 33822.9375457764
157028820.5026604533 32503.3897476196
157861516.2046178281 33601.9017715454
162876145.2940587699 33768.4209899902
156983850.2493570149 32313.3908424377
156444855.4625079036 32216.3504295349
156743310.0465685129 32259.2564697266
155120999.5017793179 29105.1360969543
157786963.5006977618 33125.9911193848
155316683.2151240110 30349.2988033295
155950744.5779562294 32178.4437141418
155625310.3365704715 31561.0618476868
