656240920.9287303686 23107.8742427826
665770781.4399031401 24062.1740102768
665075125.3348798752 24030.5620999336
658485734.4236147404 23936.8565864563
671414319.9659705162 24226.5727405548
672686445.4398144484 24465.3729734421
655784769.0393998623 23056.3093895912
679199712.1666903496 24606.0376310349
680552750.2234398127 24691.5780057907
681123277.0794365406 24723.3748998642
657749006.1504385471 23366.9069952965
679048049.0518344641 24533.2403783798
656731161.1909189224 23114.2806959152
662013021.8842154741 24015.4830136299
655012086.9496982098 19517.6353085041
672542189.0522142649 24307.3386621475
677172953.4117459059 24495.3524637222
667808002.1895028353 24162.0380983353
671344965.1881567240 24225.2280368805
669531861.8643002510 24163.6416287422
674142651.3332633972 24485.9079408646
657188898.7716242075 23287.5038976669
667715364.6624929905 24086.4841532707
