75711264.7622997612 38408.4938049316
77195125.0945605040 39862.1621398926
78658062.6023891866 40342.1541137695
75901713.6223199815 38688.0077896118
80766332.5660073608 40575.1268920898
77139928.0808405429 39680.3423156738
76663197.9390274286 39348.3256225586
77625568.4115659744 39869.4304809570
74617345.3045690060 30883.8546562195
75538106.6756059527 37941.4209594727
76241381.7634760737 39286.1004028320
74773667.9945020229 36877.0895690918
78846780.1501958519 40564.2211303711
77941776.6743743420 40181.2162170410
77930430.8511796296 39935.7880859375
75464950.8439295441 37664.3707122803
76936384.7247204781 39439.0597229004
77785222.7298875898 39907.4715881348
77064165.2758188546 39547.4710388184
76766864.4606088549 39393.5072631836
75730949.4839435071 38410.3014373779
