113999.8801103827 139119.4683949787
111600.5665397961 137204.1658302128
116879.0563950866 137363.7743772766
103762.8088758799 143588.5077127659
118958.4614895950 138481.0342067234
120558.0038699860 137682.9914714043
122957.3174405726 137842.6000184681
122957.3174405726 137363.7743772766
118798.5072515559 137044.5572831489
115919.3309668520 133213.9521536170
113679.9716343045 136565.7316419575
113679.9716343045 137044.5572831489
108081.5733029358 138800.2513008511
113679.9716343045 133692.7777948085
111760.5207778352 136246.5145478298
105362.3512562710 142630.8564303830
106641.9851605838 141353.9880538723
106801.9393986229 143269.2906186383
107761.6648268576 139119.4683949787
107281.8021127402 141353.9880538723
103442.9003998017 143748.1162598298
113999.8801103827 141673.2051480000
104562.5800660754 144226.9419010213
115439.4682527346 139279.0769420425
102803.0834476452 143748.1162598298
113200.1089201872 136725.3401890213
105522.3054943101 142950.0735245107
109841.0699213659 137523.3829243404
101363.4953052933 144546.1589951489
104882.4885421536 142950.0735245107
127116.1276295894 138321.4256596596
117838.7818233212 137204.1658302128
107281.8021127402 139119.4683949787
124236.9513448855 137523.3829243404
117838.7818233212 140077.1196773617
118158.6902993994 138161.8171125957
108401.4817790140 138161.8171125957
115119.5597766564 137044.5572831489
111600.5665397961 140077.1196773617
112080.4292539134 138959.8598479149
106162.1224464665 140396.3367714894
116719.1021570475 138002.2085655319
116879.0563950866 140715.5538656170
102643.1292096062 144226.9419010213
110800.7953496006 141034.7709597447
110480.8868735224 137204.1658302128
115439.4682527346 141194.3795068085

122157.5462503771 137363.7743772766
108241.5275409749 143109.6820715744
115759.3767288129 134011.9948889362
116079.2852048911 132735.1265124255
125676.5394872374 138002.2085655319
120398.0496319469 138959.8598479149
106482.0309225447 140396.3367714894
114639.6970625391 133692.7777948085
114799.6513005782 136725.3401890213
111280.6580637179 137204.1658302128
123437.1801546899 138800.2513008511
106162.1224464665 140396.3367714894
102163.2664954888 144067.3333539575
101683.4037813715 144067.3333539575
101043.5868292151 144865.3760892766
109041.2987311704 140396.3367714894
109041.2987311704 139438.6854891064
115439.4682527346 141034.7709597447
114799.6513005782 138959.8598479149
112560.2919680307 141673.2051480000
124396.9055829246 138481.0342067234
115599.4224907738 137682.9914714043
115759.3767288129 139279.0769420425
120877.9123460643 138959.8598479149
109361.2072072486 137363.7743772766
103602.8546378408 143748.1162598298
106482.0309225447 139917.5111302978
105682.2597323492 140715.5538656170
113040.1546821481 137682.9914714043
104402.6258280363 142311.6393362553
118958.4614895950 137044.5572831489
110160.9783974441 140715.5538656170
113679.9716343045 141194.3795068085
117358.9191092039 136565.7316419575
109201.2529692095 138481.0342067234
112240.3834919525 134650.4290771915
106002.1682084274 142950.0735245107
107921.6190648967 141513.5966009362
113839.9258723436 133852.3863418723
121677.6835362598 139757.9025832341
106002.1682084274 141832.8136950638
110960.7495876397 138800.2513008511
108721.3902550922 139438.6854891064
119598.2784417514 139119.4683949787
115599.4224907738 135608.0803595745
118318.6445374386 139119.4683949787
108561.4360170531 143109.6820715744

102323.2207335280 144546.1589951489
105522.3054943101 143748.1162598298
105682.2597323492 143428.8991657021
109201.2529692095 142790.4649774468
109841.0699213659 142630.8564303830
107441.7563507793 142471.2478833192
107761.6648268576 141832.8136950638
107441.7563507793 141673.2051480000
107121.8478747011 141513.5966009362
113040.1546821481 141513.5966009362
105042.4427801928 141194.3795068085
109681.1156833268 140875.1624126809
114959.6055386173 140236.7282244255
108241.5275409749 139598.2940361702
107921.6190648967 139438.6854891064
117039.0106331257 139438.6854891064
117518.8733472430 139438.6854891064
122157.5462503771 139438.6854891064
123277.2259166508 139438.6854891064
112880.2004441089 138481.0342067234
126156.4022013548 138481.0342067234
126956.1733915503 138481.0342067234
114479.7428245000 138161.8171125957
120717.9581080251 138002.2085655319
121517.7292982207 137363.7743772766
123277.2259166508 137363.7743772766
110480.8868735224 137204.1658302128
119758.2326797905 137204.1658302128
113839.9258723436 136406.1230948936
113040.1546821481 136246.5145478298
114639.6970625391 135927.2974537021
115599.4224907738 135927.2974537021
114639.6970625391 135448.4718125106
115599.4224907738 134969.6461713191
112560.2919680307 134650.4290771915
111440.6123017570 135448.4718125106
110800.7953496006 141832.8136950638
107441.7563507793 143109.6820715744
104882.4885421536 143109.6820715744
106801.9393986229 143109.6820715744
101523.4495433324 145024.9846363404
108081.5733029358 141992.4222421276
123757.0886307682 139119.4683949787
119118.4157276341 139279.0769420425
113040.1546821481 134171.6034360000
110160.9783974441 137842.6000184681
112240.3834919525 135927.2974537021

116719.1021570475 136406.1230948936
116239.2394429302 136406.1230948936
111120.7038256788 140077.1196773617
120717.9581080251 137204.1658302128
114799.6513005782 136086.9060007659
117198.9648711648 138640.6427537872
117518.8733472430 140555.9453185532
116239.2394429302 140715.5538656170
108561.4360170531 138959.8598479149
124396.9055829246 138002.2085655319
116239.2394429302 139757.9025832341
106322.0766845056 141832.8136950638
119438.3242037123 136725.3401890213
125356.6310111592 138481.0342067234
115599.4224907738 138481.0342067234
113839.9258723436 141353.9880538723
113839.9258723436 134331.2119830638
113999.8801103827 139917.5111302978
114319.7885864609 141673.2051480000
110960.7495876397 138321.4256596596
111120.7038256788 141992.4222421276
115759.3767288129 131777.4752300425
117039.0106331257 137523.3829243404
109201.2529692095 138161.8171125957
124236.9513448855 138640.6427537872
117358.9191092039 138161.8171125957
118638.5530135168 137523.3829243404
116079.2852048911 140555.9453185532
115599.4224907738 135927.2974537021
106801.9393986229 142950.0735245107
113839.9258723436 133533.1692477447
115119.5597766564 135448.4718125106
124716.8140590028 137842.6000184681
109041.2987311704 141673.2051480000
107281.8021127402 140077.1196773617
114159.8343484218 141034.7709597447
122797.3632025335 137842.6000184681
109841.0699213659 138002.2085655319
116079.2852048911 141194.3795068085
110001.0241594050 139438.6854891064
117838.7818233212 140715.5538656170
124076.9971068464 138959.8598479149
125676.5394872374 138800.2513008511
114639.6970625391 139279.0769420425
115119.5597766564 133692.7777948085
118798.5072515559 138959.8598479149
127755.9445817458 138002.2085655319

102323.2207335280 144546.1589951489
106961.8936366620 142471.2478833192
105042.4427801928 141992.4222421276
111120.7038256788 141832.8136950638
105522.3054943101 140715.5538656170
125996.4479633156 138640.6427537872
123597.1343927291 138481.0342067234
113679.9716343045 137204.1658302128
110320.9326354833 137204.1658302128
117358.9191092039 136884.9487360851
114639.6970625391 138161.8171125957
115119.5597766564 133054.3436065532
109841.0699213659 142790.4649774468
107921.6190648967 142790.4649774468
116719.1021570475 139598.2940361702
116719.1021570475 130500.6068535319
112400.3377299916 139598.2940361702
110640.8411115615 141832.8136950638
116399.1936809693 140715.5538656170
115919.3309668520 137204.1658302128
112400.3377299916 140875.1624126809
117518.8733472430 140875.1624126809
104562.5800660754 144067.3333539575
117198.9648711648 137044.5572831489
115919.3309668520 133213.9521536170
124396.9055829246 138959.8598479149
115119.5597766564 134650.4290771915
108401.4817790140 141992.4222421276
112560.2919680307 139119.4683949787
111920.4750158743 136565.7316419575
104242.6715899972 142152.0307891915
119598.2784417514 136725.3401890213
113520.0173962654 133852.3863418723
114159.8343484218 139279.0769420425
106482.0309225447 141194.3795068085
125996.4479633156 138161.8171125957
114479.7428245000 132894.7350594894
107601.7105888184 140715.5538656170
120398.0496319469 138959.8598479149
105362.3512562710 141673.2051480000
119758.2326797905 139279.0769420425
117518.8733472430 140077.1196773617
113839.9258723436 135129.2547183830
120398.0496319469 137682.9914714043
121997.5920123380 139757.9025832341
109201.2529692095 138640.6427537872
112400.3377299916 141673.2051480000

102323.2207335280 144546.1589951489
106801.9393986229 143109.6820715744
105842.2139703883 142152.0307891915
106641.9851605838 141673.2051480000
112560.2919680307 140555.9453185532
120398.0496319469 139438.6854891064
122157.5462503771 139438.6854891064
122797.3632025335 139438.6854891064
121517.7292982207 139279.0769420425
125836.4937252765 137682.9914714043
112720.2462060698 135767.6889066383
113839.9258723436 141034.7709597447
124716.8140590028 138002.2085655319
114639.6970625391 133852.3863418723
113520.0173962654 134969.6461713191
118798.5072515559 139438.6854891064
106801.9393986229 140555.9453185532
114959.6055386173 136884.9487360851
118638.5530135168 137523.3829243404
104242.6715899972 141992.4222421276
115919.3309668520 132256.3008712340
110800.7953496006 139757.9025832341
116079.2852048911 137044.5572831489
110001.0241594050 142152.0307891915
116079.2852048911 140236.7282244255
111120.7038256788 137204.1658302128
113040.1546821481 138002.2085655319
113999.8801103827 134171.6034360000
104722.5343041145 143269.2906186383
113839.9258723436 140555.9453185532
106641.9851605838 139598.2940361702
107121.8478747011 143109.6820715744
120398.0496319469 139917.5111302978
106002.1682084274 143907.7248068936
116879.0563950866 137842.6000184681
122157.5462503771 137682.9914714043
111760.5207778352 140555.9453185532
108241.5275409749 138481.0342067234
109521.1614452877 141353.9880538723
115919.3309668520 132894.7350594894
111600.5665397961 136565.7316419575
120238.0953939078 137523.3829243404
114319.7885864609 139757.9025832341
108241.5275409749 142471.2478833192
128235.8072958631 138161.8171125957
108241.5275409749 139598.2940361702
107121.8478747011 141832.8136950638

110800.7953496006 137204.1658302128
111760.5207778352 137523.3829243404
115119.5597766564 133373.5607006809
125516.5852491983 138161.8171125957
102963.0376856844 144226.9419010213
119598.2784417514 136725.3401890213
122317.5004884162 137523.3829243404
120717.9581080251 139279.0769420425
126316.3564393939 138481.0342067234
113200.1089201872 140715.5538656170
114799.6513005782 140715.5538656170
124876.7682970419 138959.8598479149
124716.8140590028 139119.4683949787
118638.5530135168 139757.9025832341
115759.3767288129 139279.0769420425
109201.2529692095 139279.0769420425
125676.5394872374 138002.2085655319
102483.1749715670 143907.7248068936
117838.7818233212 139757.9025832341
116079.2852048911 132415.9094182979
126796.2191535112 138321.4256596596
102003.3122574497 144386.5504480851
104882.4885421536 143588.5077127659
113360.0631582263 133852.3863418723
101523.4495433324 145024.9846363404
116879.0563950866 140396.3367714894
109681.1156833268 139119.4683949787
119918.1869178296 139279.0769420425
113200.1089201872 136406.1230948936
105842.2139703883 140555.9453185532
109361.2072072486 138800.2513008511
109361.2072072486 137682.9914714043
107921.6190648967 140396.3367714894
118638.5530135168 138161.8171125957
109841.0699213659 138002.2085655319
110320.9326354833 138002.2085655319
106482.0309225447 139917.5111302978
126956.1733915503 138002.2085655319
112880.2004441089 141513.5966009362
102323.2207335280 144067.3333539575
114799.6513005782 141513.5966009362
119598.2784417514 139279.0769420425
115439.4682527346 138481.0342067234
122477.4547264553 137682.9914714043
111440.6123017570 137523.3829243404
109041.2987311704 140875.1624126809
121677.6835362598 139598.2940361702

101523.4495433324 145024.9846363404
101843.3580194106 144386.5504480851
105522.3054943101 143748.1162598298
104082.7173519581 143588.5077127659
104722.5343041145 142950.0735245107
103922.7631139190 142790.4649774468
109361.2072072486 142630.8564303830
105842.2139703883 142152.0307891915
107441.7563507793 141673.2051480000
105522.3054943101 140715.5538656170
120078.1411558687 140077.1196773617
115119.5597766564 139757.9025832341
115599.4224907738 139598.2940361702
122157.5462503771 139438.6854891064
109041.2987311704 139279.0769420425
120558.0038699860 139279.0769420425
112880.2004441089 138481.0342067234
120398.0496319469 138481.0342067234
126156.4022013548 138481.0342067234
117678.8275852821 138002.2085655319
110160.9783974441 137842.6000184681
122797.3632025335 137682.9914714043
123597.1343927291 137523.3829243404
114319.7885864609 134969.6461713191
115759.3767288129 133373.5607006809
115119.5597766564 133054.3436065532
116239.2394429302 131298.6495888511
112400.3377299916 139598.2940361702
107121.8478747011 143109.6820715744
114319.7885864609 140236.7282244255
106482.0309225447 141194.3795068085
120398.0496319469 139917.5111302978
106801.9393986229 143109.6820715744
127595.9903437067 138161.8171125957
111440.6123017570 136884.9487360851
113999.8801103827 135448.4718125106
123277.2259166508 139438.6854891064
111120.7038256788 141832.8136950638
120717.9581080251 137523.3829243404
113360.0631582263 140875.1624126809
113040.1546821481 134650.4290771915
108401.4817790140 141992.4222421276
115119.5597766564 135608.0803595745
107761.6648268576 141832.8136950638
108081.5733029358 141992.4222421276
105042.4427801928 141992.4222421276
105042.4427801928 141194.3795068085

102003.3122574497 143907.7248068936
103762.8088758799 143588.5077127659
112080.4292539134 138800.2513008511
109841.0699213659 141832.8136950638
118798.5072515559 139279.0769420425
104082.7173519581 143109.6820715744
103442.9003998017 143428.8991657021
113520.0173962654 135927.2974537021
106002.1682084274 143588.5077127659
107761.6648268576 139757.9025832341
121517.7292982207 138800.2513008511
103762.8088758799 144386.5504480851
112400.3377299916 140875.1624126809
101523.4495433324 144386.5504480851
111920.4750158743 142152.0307891915
125996.4479633156 138002.2085655319
123277.2259166508 137363.7743772766
116239.2394429302 139438.6854891064
116239.2394429302 131298.6495888511
113040.1546821481 134011.9948889362
106641.9851605838 142950.0735245107
111920.4750158743 135448.4718125106
114799.6513005782 134331.2119830638
119438.3242037123 137204.1658302128
112880.2004441089 142152.0307891915
113200.1089201872 140396.3367714894
116079.2852048911 131777.4752300425
107601.7105888184 143269.2906186383
110800.7953496006 135927.2974537021
108401.4817790140 139119.4683949787
115439.4682527346 134490.8205301277
110480.8868735224 140396.3367714894
112240.3834919525 140077.1196773617
112560.2919680307 138321.4256596596
125036.7225350810 138481.0342067234
106162.1224464665 142630.8564303830
108721.3902550922 142950.0735245107
110960.7495876397 141992.4222421276
107921.6190648967 141034.7709597447
112400.3377299916 136725.3401890213
111920.4750158743 137204.1658302128
115599.4224907738 133213.9521536170
124396.9055829246 138959.8598479149
115759.3767288129 132415.9094182979
104402.6258280363 143269.2906186383
108401.4817790140 138481.0342067234
114159.8343484218 140555.9453185532

102323.2207335280 144546.1589951489
107441.7563507793 143109.6820715744
109201.2529692095 142790.4649774468
108401.4817790140 141992.4222421276
110800.7953496006 141832.8136950638
107441.7563507793 141673.2051480000
107121.8478747011 141513.5966009362
113040.1546821481 141513.5966009362
105042.4427801928 141194.3795068085
109681.1156833268 140875.1624126809
105522.3054943101 140715.5538656170
121037.8665841034 139757.9025832341
108241.5275409749 139598.2940361702
107921.6190648967 139438.6854891064
117518.8733472430 139438.6854891064
120398.0496319469 139438.6854891064
122157.5462503771 139438.6854891064
112880.2004441089 138481.0342067234
126156.4022013548 138481.0342067234
126956.1733915503 138481.0342067234
114479.7428245000 138161.8171125957
120717.9581080251 137523.3829243404
123277.2259166508 137363.7743772766
119758.2326797905 137204.1658302128
113040.1546821481 136246.5145478298
115919.3309668520 136086.9060007659
114639.6970625391 135927.2974537021
115599.4224907738 135927.2974537021
115599.4224907738 134969.6461713191
112560.2919680307 134650.4290771915
113040.1546821481 134171.6034360000
114799.6513005782 132575.5179653617
113040.1546821481 137682.9914714043
114639.6970625391 135448.4718125106
123277.2259166508 139438.6854891064
103762.8088758799 142790.4649774468
116239.2394429302 137682.9914714043
124876.7682970419 138481.0342067234
106801.9393986229 143109.6820715744
122797.3632025335 139438.6854891064
107761.6648268576 141832.8136950638
120238.0953939078 137523.3829243404
109361.2072072486 142630.8564303830
108081.5733029358 141992.4222421276
107441.7563507793 142471.2478833192
105522.3054943101 143748.1162598298
104882.4885421536 143588.5077127659

113040.1546821481 141832.8136950638
118318.6445374386 136725.3401890213
110640.8411115615 142630.8564303830
116239.2394429302 131458.2581359149
111120.7038256788 137204.1658302128
113040.1546821481 140236.7282244255
112080.4292539134 139917.5111302978
117838.7818233212 139598.2940361702
112560.2919680307 141513.5966009362
117198.9648711648 140236.7282244255
116239.2394429302 139757.9025832341
116399.1936809693 136406.1230948936
113520.0173962654 141353.9880538723
114479.7428245000 135927.2974537021
116719.1021570475 140236.7282244255
114639.6970625391 140875.1624126809
115759.3767288129 133213.9521536170
113040.1546821481 133852.3863418723
115599.4224907738 132096.6923241702
107121.8478747011 141034.7709597447
109841.0699213659 138321.4256596596
117039.0106331257 136884.9487360851
112240.3834919525 137523.3829243404
118478.5987754777 139438.6854891064
114959.6055386173 134969.6461713191
112080.4292539134 141513.5966009362
102803.0834476452 144067.3333539575
110640.8411115615 138321.4256596596
113839.9258723436 141513.5966009362
109041.2987311704 142311.6393362553
111120.7038256788 140077.1196773617
115919.3309668520 140715.5538656170
124876.7682970419 138959.8598479149
113679.9716343045 137044.5572831489
126316.3564393939 138640.6427537872
117039.0106331257 137044.5572831489
114639.6970625391 137044.5572831489
118478.5987754777 136565.7316419575
121677.6835362598 138481.0342067234
117998.7360613603 138002.2085655319
117358.9191092039 138800.2513008511
112720.2462060698 136086.9060007659
118958.4614895950 137682.9914714043
112240.3834919525 138161.8171125957
112720.2462060698 139917.5111302978
113999.8801103827 138640.6427537872
118318.6445374386 139757.9025832341

112560.2919680307 138161.8171125957
117518.8733472430 140715.5538656170
112240.3834919525 141194.3795068085
115119.5597766564 132415.9094182979
110800.7953496006 139757.9025832341
117198.9648711648 138800.2513008511
107121.8478747011 140077.1196773617
116879.0563950866 139438.6854891064
113839.9258723436 138161.8171125957
115119.5597766564 134331.2119830638
109841.0699213659 138959.8598479149
116399.1936809693 131298.6495888511
109361.2072072486 137682.9914714043
123437.1801546899 138800.2513008511
114479.7428245000 133852.3863418723
116399.1936809693 131617.8666829788
116719.1021570475 136725.3401890213
114959.6055386173 138002.2085655319
117358.9191092039 138002.2085655319
112400.3377299916 140875.1624126809
105362.3512562710 141992.4222421276
116399.1936809693 136725.3401890213
115599.4224907738 140077.1196773617
106961.8936366620 139917.5111302978
116399.1936809693 138002.2085655319
118958.4614895950 137044.5572831489
121677.6835362598 137523.3829243404
103602.8546378408 144226.9419010213
107921.6190648967 141194.3795068085
118158.6902993994 137204.1658302128
111440.6123017570 138481.0342067234
118958.4614895950 139438.6854891064
115599.4224907738 140875.1624126809
117518.8733472430 137363.7743772766
115439.4682527346 134650.4290771915
123757.0886307682 138800.2513008511
123757.0886307682 137363.7743772766
115279.5140146955 139757.9025832341
111120.7038256788 141992.4222421276
113839.9258723436 139598.2940361702
112240.3834919525 141513.5966009362
117838.7818233212 140077.1196773617
120078.1411558687 138002.2085655319
110960.7495876397 136725.3401890213
118318.6445374386 137842.6000184681
112400.3377299916 140236.7282244255
118158.6902993994 139119.4683949787

107921.6190648967 140875.1624126809
117358.9191092039 140875.1624126809
121837.6377742989 139119.4683949787
111440.6123017570 140236.7282244255
115119.5597766564 138800.2513008511
104402.6258280363 144226.9419010213
113999.8801103827 138321.4256596596
116399.1936809693 131458.2581359149
114959.6055386173 141353.9880538723
114959.6055386173 137523.3829243404
109201.2529692095 140396.3367714894
115119.5597766564 138959.8598479149
111760.5207778352 139757.9025832341
111920.4750158743 135608.0803595745
113839.9258723436 140715.5538656170
114159.8343484218 133373.5607006809
125836.4937252765 138161.8171125957
117358.9191092039 137842.6000184681
111440.6123017570 137682.9914714043
115279.5140146955 138321.4256596596
101363.4953052933 144865.3760892766
114799.6513005782 137523.3829243404
119438.3242037123 136725.3401890213
116079.2852048911 137842.6000184681
115439.4682527346 136086.9060007659
116559.1479190084 137363.7743772766
103282.9461617626 143907.7248068936
113040.1546821481 140875.1624126809
111600.5665397961 141034.7709597447
114639.6970625391 140396.3367714894
108401.4817790140 138481.0342067234
115759.3767288129 138959.8598479149
112560.2919680307 141673.2051480000
122637.4089644944 139119.4683949787
113200.1089201872 141673.2051480000
120398.0496319469 137523.3829243404
115119.5597766564 134969.6461713191
111600.5665397961 141992.4222421276
123597.1343927291 137523.3829243404
111440.6123017570 142311.6393362553
115439.4682527346 131777.4752300425
118958.4614895950 138800.2513008511
116399.1936809693 140236.7282244255
126476.3106774330 138640.6427537872
115919.3309668520 139917.5111302978
109041.2987311704 143109.6820715744
114159.8343484218 140875.1624126809

103122.9919237235 144226.9419010213
106322.0766845056 141673.2051480000
115439.4682527346 141034.7709597447
117198.9648711648 140555.9453185532
107921.6190648967 138640.6427537872
125996.4479633156 137682.9914714043
110480.8868735224 137363.7743772766
114799.6513005782 137204.1658302128
117518.8733472430 136565.7316419575
111920.4750158743 136406.1230948936
117678.8275852821 138321.4256596596
116559.1479190084 136725.3401890213
110160.9783974441 140077.1196773617
115759.3767288129 140875.1624126809
107441.7563507793 141194.3795068085
110960.7495876397 141034.7709597447
115119.5597766564 138161.8171125957
113839.9258723436 133852.3863418723
111600.5665397961 141673.2051480000
121037.8665841034 139279.0769420425
107761.6648268576 143269.2906186383
122157.5462503771 138800.2513008511
110800.7953496006 136565.7316419575
123437.1801546899 138481.0342067234
118478.5987754777 138481.0342067234
115759.3767288129 137842.6000184681
124396.9055829246 137523.3829243404
105042.4427801928 142152.0307891915
115439.4682527346 135608.0803595745
109681.1156833268 140715.5538656170
111280.6580637179 136406.1230948936
126796.2191535112 138002.2085655319
115119.5597766564 138640.6427537872
109041.2987311704 142311.6393362553
116879.0563950866 138002.2085655319
112880.2004441089 140715.5538656170
120717.9581080251 136884.9487360851
108721.3902550922 141034.7709597447
108241.5275409749 138800.2513008511
103922.7631139190 143269.2906186383
114799.6513005782 140236.7282244255
101203.5410672542 144546.1589951489
106002.1682084274 142630.8564303830
104722.5343041145 143269.2906186383
105202.3970182318 142630.8564303830
123277.2259166508 137523.3829243404
118798.5072515559 138321.4256596596

112080.4292539134 140555.9453185532
121037.8665841034 138002.2085655319
107761.6648268576 141992.4222421276
115279.5140146955 138321.4256596596
110320.9326354833 140396.3367714894
114959.6055386173 133373.5607006809
117518.8733472430 137363.7743772766
115919.3309668520 140715.5538656170
119278.3699656732 139917.5111302978
111280.6580637179 136086.9060007659
119598.2784417514 138002.2085655319
113999.8801103827 140875.1624126809
107281.8021127402 141034.7709597447
103922.7631139190 143907.7248068936
108721.3902550922 138959.8598479149
117039.0106331257 139917.5111302978
112720.2462060698 135608.0803595745
107281.8021127402 142630.8564303830
112720.2462060698 140236.7282244255
110001.0241594050 139119.4683949787
115759.3767288129 132735.1265124255
115119.5597766564 140875.1624126809
116239.2394429302 132575.5179653617
112240.3834919525 137682.9914714043
119438.3242037123 139757.9025832341
117518.8733472430 137842.6000184681
111440.6123017570 137523.3829243404
116399.1936809693 130819.8239476596
108241.5275409749 141673.2051480000
108401.4817790140 138800.2513008511
109041.2987311704 141194.3795068085
122797.3632025335 137204.1658302128
124876.7682970419 138640.6427537872
103922.7631139190 143428.8991657021
117998.7360613603 140077.1196773617
111760.5207778352 139119.4683949787
110800.7953496006 140077.1196773617
111760.5207778352 138640.6427537872
113040.1546821481 135608.0803595745
112080.4292539134 135448.4718125106
128395.7615339022 138161.8171125957
117358.9191092039 139438.6854891064
118158.6902993994 139598.2940361702
122317.5004884162 138321.4256596596
110480.8868735224 138321.4256596596
116559.1479190084 136884.9487360851
120398.0496319469 138161.8171125957

117838.7818233212 139438.6854891064
116399.1936809693 132096.6923241702
115279.5140146955 132256.3008712340
115759.3767288129 138002.2085655319
116079.2852048911 140396.3367714894
127436.0361056676 138002.2085655319
114479.7428245000 139917.5111302978
123917.0428688073 139119.4683949787
117518.8733472430 139279.0769420425
118318.6445374386 137363.7743772766
106162.1224464665 143748.1162598298
110320.9326354833 139119.4683949787
116239.2394429302 136246.5145478298
114159.8343484218 141673.2051480000
109841.0699213659 141353.9880538723
109201.2529692095 138640.6427537872
115919.3309668520 133054.3436065532
115759.3767288129 141353.9880538723
109201.2529692095 139279.0769420425
117039.0106331257 140875.1624126809
112560.2919680307 142152.0307891915
103282.9461617626 144067.3333539575
121357.7750601816 137044.5572831489
113040.1546821481 136565.7316419575
107441.7563507793 142630.8564303830
112560.2919680307 141513.5966009362
110320.9326354833 136406.1230948936
119278.3699656732 136884.9487360851
116399.1936809693 141034.7709597447
114799.6513005782 138800.2513008511
115919.3309668520 141194.3795068085
123597.1343927291 137682.9914714043
111920.4750158743 136406.1230948936
107281.8021127402 140077.1196773617
108721.3902550922 142152.0307891915
123437.1801546899 137682.9914714043
118638.5530135168 139438.6854891064
116879.0563950866 139438.6854891064
103602.8546378408 143109.6820715744
117838.7818233212 137523.3829243404
110480.8868735224 137842.6000184681
111120.7038256788 138640.6427537872
113040.1546821481 135288.8632654468
119118.4157276341 137363.7743772766
114479.7428245000 141034.7709597447
115439.4682527346 134650.4290771915
114959.6055386173 136246.5145478298

111920.4750158743 140077.1196773617
115119.5597766564 135448.4718125106
117838.7818233212 138161.8171125957
114799.6513005782 132256.3008712340
118958.4614895950 138640.6427537872
125356.6310111592 138800.2513008511
116399.1936809693 138481.0342067234
115119.5597766564 140875.1624126809
109681.1156833268 137044.5572831489
111760.5207778352 136884.9487360851
111600.5665397961 136086.9060007659
104562.5800660754 144226.9419010213
114639.6970625391 132735.1265124255
110001.0241594050 141673.2051480000
108881.3444931313 140396.3367714894
106641.9851605838 140077.1196773617
109841.0699213659 137682.9914714043
122957.3174405726 137204.1658302128
115119.5597766564 138481.0342067234
121197.8208221425 139598.2940361702
122797.3632025335 138959.8598479149
104722.5343041145 144067.3333539575
116719.1021570475 137363.7743772766
111440.6123017570 137204.1658302128
114159.8343484218 141353.9880538723
109841.0699213659 140555.9453185532
107761.6648268576 139438.6854891064
112240.3834919525 141353.9880538723
111760.5207778352 141353.9880538723
112720.2462060698 135767.6889066383
117518.8733472430 140715.5538656170
116719.1021570475 138002.2085655319
111440.6123017570 140236.7282244255
111280.6580637179 138481.0342067234
113200.1089201872 141513.5966009362
119278.3699656732 137204.1658302128
122477.4547264553 137842.6000184681
112880.2004441089 140396.3367714894
106002.1682084274 143748.1162598298
102163.2664954888 144226.9419010213
104722.5343041145 143269.2906186383
124396.9055829246 138640.6427537872
107281.8021127402 139119.4683949787
116559.1479190084 130979.4324947234
112720.2462060698 140236.7282244255
108721.3902550922 138002.2085655319
117039.0106331257 140715.5538656170

100563.7241150978 145184.5931834042
102803.0834476452 144386.5504480851
104562.5800660754 143109.6820715744
106002.1682084274 142950.0735245107
103922.7631139190 142790.4649774468
109201.2529692095 142790.4649774468
108081.5733029358 141992.4222421276
107761.6648268576 141832.8136950638
107441.7563507793 141673.2051480000
109361.2072072486 141034.7709597447
113679.9716343045 141034.7709597447
105842.2139703883 140875.1624126809
117518.8733472430 140875.1624126809
112560.2919680307 140236.7282244255
116399.1936809693 140236.7282244255
110480.8868735224 140077.1196773617
111760.5207778352 139757.9025832341
106641.9851605838 139598.2940361702
109841.0699213659 139438.6854891064
118958.4614895950 139438.6854891064
120558.0038699860 139279.0769420425
110640.8411115615 138640.6427537872
119438.3242037123 138640.6427537872
126476.3106774330 138321.4256596596
117678.8275852821 138002.2085655319
121677.6835362598 137842.6000184681
112240.3834919525 137363.7743772766
117039.0106331257 137363.7743772766
123277.2259166508 137363.7743772766
120558.0038699860 137204.1658302128
114159.8343484218 137044.5572831489
118158.6902993994 137044.5572831489
120238.0953939078 137044.5572831489
113360.0631582263 136884.9487360851
115119.5597766564 136884.9487360851
111120.7038256788 136406.1230948936
111440.6123017570 135448.4718125106
113200.1089201872 134011.9948889362
114159.8343484218 133213.9521536170
115919.3309668520 132735.1265124255
115919.3309668520 132096.6923241702
115759.3767288129 137523.3829243404
108081.5733029358 139757.9025832341
117518.8733472430 140396.3367714894
121357.7750601816 139757.9025832341
115119.5597766564 133692.7777948085
113679.9716343045 133373.5607006809

115759.3767288129 133373.5607006809
109681.1156833268 138161.8171125957
116079.2852048911 137363.7743772766
118798.5072515559 137842.6000184681
124076.9971068464 139279.0769420425
111600.5665397961 137682.9914714043
114799.6513005782 132894.7350594894
109681.1156833268 140396.3367714894
118478.5987754777 139917.5111302978
109201.2529692095 138002.2085655319
103602.8546378408 143907.7248068936
111920.4750158743 140077.1196773617
114639.6970625391 134969.6461713191
114159.8343484218 141673.2051480000
125996.4479633156 137842.6000184681
115439.4682527346 137842.6000184681
111120.7038256788 137523.3829243404
106322.0766845056 142311.6393362553
115439.4682527346 140715.5538656170
106641.9851605838 140555.9453185532
117039.0106331257 136725.3401890213
107281.8021127402 142311.6393362553
118318.6445374386 138161.8171125957
123757.0886307682 139119.4683949787
123757.0886307682 137363.7743772766
109841.0699213659 141513.5966009362
117198.9648711648 138321.4256596596
116399.1936809693 140715.5538656170
109841.0699213659 137682.9914714043
113839.9258723436 134490.8205301277
115279.5140146955 140555.9453185532
115919.3309668520 132575.5179653617
110320.9326354833 138481.0342067234
125996.4479633156 138640.6427537872
118958.4614895950 136565.7316419575
114799.6513005782 135927.2974537021
110960.7495876397 140396.3367714894
117838.7818233212 140715.5538656170
103442.9003998017 144226.9419010213
119438.3242037123 137842.6000184681
117678.8275852821 139438.6854891064
120398.0496319469 137044.5572831489
104402.6258280363 141673.2051480000
115439.4682527346 138800.2513008511
116239.2394429302 138321.4256596596
111600.5665397961 139279.0769420425
117198.9648711648 136406.1230948936

109041.2987311704 141832.8136950638
111440.6123017570 137842.6000184681
108081.5733029358 138640.6427537872
117198.9648711648 136406.1230948936
113999.8801103827 141673.2051480000
121197.8208221425 139438.6854891064
116719.1021570475 130500.6068535319
121997.5920123380 138640.6427537872
102483.1749715670 144386.5504480851
115439.4682527346 140715.5538656170
111440.6123017570 135767.6889066383
106641.9851605838 142471.2478833192
104722.5343041145 142152.0307891915
115279.5140146955 133852.3863418723
112720.2462060698 138959.8598479149
104562.5800660754 142311.6393362553
116079.2852048911 136406.1230948936
121997.5920123380 139757.9025832341
122637.4089644944 137204.1658302128
114799.6513005782 136406.1230948936
114319.7885864609 141353.9880538723
116719.1021570475 140396.3367714894
117358.9191092039 138481.0342067234
112720.2462060698 140077.1196773617
115439.4682527346 139598.2940361702
116239.2394429302 140077.1196773617
113040.1546821481 141353.9880538723
116239.2394429302 132256.3008712340
109521.1614452877 137682.9914714043
111600.5665397961 136884.9487360851
114159.8343484218 135448.4718125106
117358.9191092039 139438.6854891064
115119.5597766564 141034.7709597447
111440.6123017570 140077.1196773617
116239.2394429302 132575.5179653617
116079.2852048911 136725.3401890213
116559.1479190084 138002.2085655319
110480.8868735224 137363.7743772766
122797.3632025335 138002.2085655319
105522.3054943101 142950.0735245107
108721.3902550922 140396.3367714894
109041.2987311704 138959.8598479149
116399.1936809693 140715.5538656170
112560.2919680307 141194.3795068085
119918.1869178296 138321.4256596596
110960.7495876397 138800.2513008511
114479.7428245000 137204.1658302128

107441.7563507793 143109.6820715744
106002.1682084274 142950.0735245107
106482.0309225447 142630.8564303830
108081.5733029358 141992.4222421276
107441.7563507793 141673.2051480000
110800.7953496006 141673.2051480000
108241.5275409749 140715.5538656170
111280.6580637179 139119.4683949787
114319.7885864609 138959.8598479149
121837.6377742989 138481.0342067234
117678.8275852821 136884.9487360851
119278.3699656732 136884.9487360851
112240.3834919525 135927.2974537021
105682.2597323492 141832.8136950638
111920.4750158743 137682.9914714043
112240.3834919525 134650.4290771915
105842.2139703883 143428.8991657021
102323.2207335280 144546.1589951489
113520.0173962654 136406.1230948936
109521.1614452877 140077.1196773617
124716.8140590028 138161.8171125957
111760.5207778352 141513.5966009362
116399.1936809693 131458.2581359149
109041.2987311704 141194.3795068085
109201.2529692095 142790.4649774468
114959.6055386173 132894.7350594894
117518.8733472430 140875.1624126809
110800.7953496006 136565.7316419575
120558.0038699860 139757.9025832341
110480.8868735224 137204.1658302128
116079.2852048911 140236.7282244255
103122.9919237235 144226.9419010213
104402.6258280363 141992.4222421276
107281.8021127402 142311.6393362553
110960.7495876397 141034.7709597447
115279.5140146955 134650.4290771915
114319.7885864609 132735.1265124255
114319.7885864609 135288.8632654468
126156.4022013548 138321.4256596596
123597.1343927291 137363.7743772766
122477.4547264553 138640.6427537872
119758.2326797905 139438.6854891064
113999.8801103827 140555.9453185532
112240.3834919525 139119.4683949787
113200.1089201872 140555.9453185532
116239.2394429302 138002.2085655319
113679.9716343045 134969.6461713191

105042.4427801928 142471.2478833192
105682.2597323492 142471.2478833192
107441.7563507793 142471.2478833192
106162.1224464665 142311.6393362553
109521.1614452877 142152.0307891915
106961.8936366620 141673.2051480000
111920.4750158743 141353.9880538723
114479.7428245000 141034.7709597447
116399.1936809693 141034.7709597447
109201.2529692095 140236.7282244255
115599.4224907738 140236.7282244255
107601.7105888184 140077.1196773617
120717.9581080251 139279.0769420425
114639.6970625391 139119.4683949787
122637.4089644944 139119.4683949787
111440.6123017570 138640.6427537872
118158.6902993994 138640.6427537872
120877.9123460643 138640.6427537872
117198.9648711648 138481.0342067234
126636.2649154721 138321.4256596596
126956.1733915503 138002.2085655319
120558.0038699860 137363.7743772766
122797.3632025335 137363.7743772766
123597.1343927291 137363.7743772766
121037.8665841034 137044.5572831489
111760.5207778352 135608.0803595745
113360.0631582263 135288.8632654468
112240.3834919525 134650.4290771915
114159.8343484218 134650.4290771915
113200.1089201872 134490.8205301277
113839.9258723436 134490.8205301277
114159.8343484218 133213.9521536170
114959.6055386173 132575.5179653617
110960.7495876397 138959.8598479149
122317.5004884162 137523.3829243404
116239.2394429302 137363.7743772766
117678.8275852821 137363.7743772766
114959.6055386173 134011.9948889362
125516.5852491983 138640.6427537872
107441.7563507793 141673.2051480000
126796.2191535112 138161.8171125957
110800.7953496006 138161.8171125957
116399.1936809693 138161.8171125957
113200.1089201872 137523.3829243404
118958.4614895950 139438.6854891064
117998.7360613603 136725.3401890213
113040.1546821481 140875.1624126809

