112816749.1666734070 375144.5940551758
116285252.5604750365 437143.0290527344
112870052.0499404669 389913.6329345703
114959541.7270088792 436801.3405761719
112974050.7862034887 411942.2644042969
116793712.0195495486 437890.1225585938
114158351.5813315809 430320.7595214844
117064050.8777979463 443577.6708984375
113257283.2657086402 412207.4709472656
113746265.7050788850 416007.8375244141
116514508.6387752146 437401.0166015625
117920187.6780649722 444740.8022460938
117457748.6548379213 444627.4897460938
