462735543.2192813158 19359555.4414062500
454833318.7497402430 19324518.5507812500
482417471.6586538553 19425840.4257812500
451397497.1072906852 19227683.5312500000
484884601.8814342022 19428955.8906250000
477226232.6670166850 19415115.4335937500
482496858.6021040082 19426376.9687500000
467196716.7344000340 19386933.1210937500
447834247.2263365984 19200561.0351562500
487106476.0683394670 19445431.3203125000
459901686.9648267627 19333225.3437500000
466383034.8797900081 19374446.8281250000
497733681.3742485642 19447504.7617187500
472242906.5860094428 19401523.3164062500
463216942.5671329498 19366026.2500000000
481777625.5224484205 19419130.3007812500
477351733.8588274717 19417039.8164062500
472239048.7663636208 19398349.2968750000
470862374.9867607355 19391501.0429687500
467186978.6539791226 19377728.0351562500
476562996.1803236604 19409379.2343750000
460119788.3368341923 19343718.0000000000
472266177.0011338592 19406846.5937500000
