281861459.2624285817 284421.0799865723
281647513.6600486040 279019.4710388184
279376144.5339068174 274678.3507843018
292665831.7157902122 298398.3759460449
291274163.4204609990 297556.2057189941
294595571.3921028376 299200.5886840820
281858120.8997555375 282002.4236755371
283903364.0375309587 293127.6694946289
287790673.4246605635 296520.1202087402
281616032.1945730448 278551.2680053711
290834543.4964783192 296688.4704589844
282411623.1469284296 288726.4851074219
281294084.7601917982 276835.7170410156
284778567.9030820727 293895.2706909180
283146086.7514337301 289027.7820739746
281889892.2865369916 285050.6909332275
286438858.9489035010 295993.8057556152
285849531.7565594912 294678.0311279297
