501695502.0638808012 3201223.2070312500
506337119.2673792839 3264766.4804687500
510509685.8858776093 3279358.2187500000
501839171.6624072194 3206966.4116210938
503789999.6690346599 3225673.2607421875
521886880.3946052194 3331916.8867187500
507828940.4663991928 3266539.8681640625
505686645.3147683144 3258645.0874023438
511862601.2466585040 3286151.4794921875
504346479.1557327509 3253533.0917968750
502246484.6200909615 3225090.2749023438
504078365.9751328230 3234987.5791015625
512762662.0928130150 3295098.9501953125
504016853.0695759654 3230438.3359375000
505602054.6728305221 3255058.1435546875
517395948.5118727088 3331654.7792968750
515131496.9935653210 3326248.7734375000
507962677.1137946248 3270199.9584960938
511457990.4824519753 3281534.9335937500
514599828.5261783004 3315300.8378906250
520882483.1895067692 3331674.3408203125
500405198.3715441823 3195935.3120117188
511441455.7513089776 3279443.9428710938
509200404.7141247392 3276684.6884765625
505649643.7889045477 3258597.4335937500
511913644.2462931275 3293163.1376953125
499875701.2219473720 3114120.9028320312
