700620061.5113450289 6720612.4833984375
692850060.9946058989 6451209.6416015625
693484243.4926201105 6546517.4277343750
699889210.9491131306 6703311.6630859375
702930766.9027509689 6727646.6845703125
708845082.0694721937 6790633.5703125000
706288200.1473041773 6761211.1416015625
714314642.5109013319 6822684.2802734375
698920493.0486710072 6696366.6933593750
695186006.5863572359 6571375.3388671875
698375563.2960665226 6654270.1328125000
698629950.6557990313 6659496.2539062500
696011639.4036517143 6648909.6054687500
698783928.7406517267 6688177.0214843750
705524185.8768112659 6732400.4355468750
705861901.3171148300 6736833.2773437500
