371755624.8909583688 142446.4658775330
385084650.8433728218 154569.6933135986
376229113.4000892639 152121.8830547333
390033580.4474806786 156679.7095260620
379773746.1989310384 152476.6833496094
385402055.3268731236 155292.1354446411
374738804.0194941163 149533.7190093994
380902835.8914850950 153473.4309844971
383381214.4553282261 153634.5269622803
383688526.3350582123 154421.1228790283
385710685.9813438058 156232.4146728516
389657726.4619847536 156541.1919708252
388786347.0750983357 156355.9086380005
373305564.2286770344 148047.3122711182
390037141.4757705927 157844.2056732178
372654075.4897888303 143594.0281524658
