782059821.9591604471 244798.2156066895
758198564.5013407469 234093.1829109192
758455137.1795138121 236045.0920162201
783844336.0445951223 244962.9845199585
784812624.2568283081 246914.5450286865
757920280.8893289566 231173.8725738525
767878868.7516503334 241835.9193496704
757513095.6876173019 194001.0310754776
777364696.6854236126 243717.9135055542
777786193.8678491116 244303.2725601196
774556671.2894518375 243624.6494483948
764958102.8493924141 238869.6728630066
773213554.5975699425 242053.2073822021
760540864.3121572733 237433.9275436401
