767522014.1477419138 694.0608061403
771527503.0444705486 704.8752380908
757409098.0188095570 689.2801318765
819928300.1363363266 720.8632880747
740190214.6373150349 668.4620488510
751412386.3423837423 675.1856786162
753132988.7192993164 676.1669469774
744441391.3019555807 674.3240124732
728125956.1800216436 524.9527701885
730279304.9765573740 640.2852730602
764530798.8598347902 694.0360587686
777150487.0536528826 708.1148668826
781998455.9027607441 714.7767407000
730328060.6998862028 653.6374035180
752096649.0883684158 675.3469393402
756835766.3137502670 684.7749087140
734677647.8334256411 663.2841610163
757201561.3278310299 685.7435115650
753550897.7763477564 683.5856517553
806001240.9572575092 715.3179016262
742827309.2119115591 669.4974636883
