139203583.2123872042 1185689.1896972656
128433372.7054842412 1133428.3012695312
130526878.7639680356 1152598.8081054688
139612442.8371432126 1190066.0659179688
130112947.5913720280 1151604.2084960938
133031880.2411775589 1170963.3977050781
133668311.3656718582 1180409.8041992188
139323291.3214765787 1185787.0566406250
130530859.2358497828 1163201.9619140625
127075576.8033817410 1080754.4096679688
131906814.8766752630 1166938.0107421875
128257713.1293825805 1121324.1389160156
128950752.2093395889 1144970.9890136719
129211719.9786092490 1151352.3757324219
127167058.9450791329 1117324.1201171875
136186696.7534937859 1181629.3811035156
141692396.3459555209 1195849.8466796875
131754066.3324270099 1165652.8808593750
137443099.2992930114 1184444.7202148438
