130112947.5913720280 1151604.2084960938
133031880.2411775589 1170963.3977050781
133668311.3656718582 1180409.8041992188
139323291.3214765787 1185787.0566406250
130530859.2358497828 1163201.9619140625
127075576.8033817410 1080754.4096679688
131906814.8766752630 1166938.0107421875
128257713.1293825805 1121324.1389160156
128950752.2093395889 1144970.9890136719
129211719.9786092490 1151352.3757324219
127167058.9450791329 1117324.1201171875
140104625.0760651827 1189433.2436523438
136186696.7534937859 1181629.3811035156
141692396.3459555209 1195849.8466796875
131754066.3324270099 1165652.8808593750
128928278.4189705551 1121991.2573242188
137443099.2992930114 1184444.7202148438
