71874320.0431667715 1011310.1640625000
73060545.9539079070 1038427.2158203125
75945697.2180906534 1045560.1318359375
72822408.2499587983 1032924.6875000000
73379613.0158877820 1040056.2705078125
75043291.0132180601 1044725.8183593750
75365703.8422447741 1044934.7919921875
72754021.7834022790 1026029.5986328125
72037838.6817159355 1012641.1933593750
72541313.7041212320 1025436.0791015625
76077994.0944103152 1046337.8740234375
72072119.5906887650 1024217.3212890625
72787933.6872861534 1029938.0791015625
71823848.1667018235 998218.0781250000
75842136.7149197310 1045233.0312500000
73449623.3724343479 1043223.4326171875
71927651.7156601399 1012129.3378906250
