154323907.6938824058 774366.5209960938
164496741.3659766912 839652.4951171875
156480410.8928579092 830998.4990234375
154808672.0230464041 801078.0708007812
152335914.0244226158 727778.2978515625
156253033.4779279530 821955.9086914062
159139569.4137558937 831929.2705078125
155807503.4109848440 817366.9311523438
155978558.1278358400 821250.1435546875
154745206.5463232994 797951.2216796875
154351394.9345499873 793446.0668945312
152934570.7563915849 772135.0297851562
155288540.2866974175 803136.9895019531
155661434.1141395569 803580.6020507812
