1400406964.8880081177 5502567.9252929688
1374034806.5048666000 5235900.9013671875
1377562401.7467780113 5323693.4969482422
1388533813.9255993366 5428883.5776367188
1399663695.6894733906 5496268.2277832031
1399112961.0122280121 5475084.7888183594
1401356422.1331849098 5517094.4197998047
1380853817.2897329330 5375495.5378417969
1400643437.1723353863 5513942.8618164062
1404268251.8459184170 5549782.5363769531
1372893401.8874340057 4394709.9539794922
1379873349.4054877758 5334488.4558105469
1375281447.7420556545 5292650.3754882812
1378431768.4700472355 5330919.2512207031
1403633026.5251324177 5533944.1879882812
1383146124.9849348068 5395755.7816162109
1403247444.3302390575 5531433.9973144531
1400293326.7013902664 5501443.8364257812
1380476014.0683479309 5348900.0671386719
1402290850.3746294975 5523660.2653808594
1389924633.0934154987 5472347.4057617188
1384778346.4697959423 5422932.3029785156
1373002546.7221491337 5156008.8288574219
1381325826.1322374344 5386405.2747802734
