201821317.0515046120 863716.4150390625
202533260.2571893036 884375.7673339844
200514944.5797955990 855590.7579345703
203966806.6121394038 884647.3148193359
208074330.4220385253 891315.9561767578
200540684.1654605865 862760.3430786133
199646147.5072140098 855282.2876586914
208631927.3961766958 895393.8411865234
210701276.0484732687 902452.2199707031
199552018.2400097847 853071.7272949219
202131530.3240733445 866519.7646484375
209131684.8305971324 900847.3437500000
202370224.6317523122 868182.5080566406
207195407.2384647727 889318.9675292969
198410367.1442155838 847008.2646484375
198964464.1326093376 849273.1875000000
