170860255.1856678724 554588.5455322266
168129292.7281157672 547529.0252685547
158074334.1839101613 476847.4454345703
158353640.9718418717 488138.4008789062
158343070.4020996690 480084.5120849609
170615441.0833763480 549596.8851318359
159519680.2766722143 511830.5016479492
159886942.4875277877 515516.9448852539
166797332.1182864606 545623.4658203125
161025645.5094022155 516451.1193847656
161220067.3676133156 516871.5443115234
158479740.6138880849 498770.2839355469
156197367.9066754282 475171.0471191406
161290752.3242513835 518395.8566894531
165794314.1452037096 544805.7301635742
165881049.5104211271 545175.8852539062
168446731.7119576931 547851.5817871094
165617156.7993080318 537063.0042724609
158557408.2213618755 509557.9832763672
161382534.3853499293 536360.9608154297
161216359.5056886375 516554.8695068359
