169045887.0030407608 189911.9823608398
161671509.7614669204 182505.1124572754
167127299.2673957348 188648.6339416504
169458927.6298981607 191510.2993774414
160447748.0440589786 177351.5952453613
161352314.7406826913 181884.2251281738
160281399.4138519168 174532.9822845459
161836853.8634653687 186190.2915039062
161766367.3601227403 182843.7507476807
164945447.6873710155 188160.8433837891
164077013.5701677203 186483.3628540039
161382369.6110212803 182317.7437438965
164942669.9640408158 188101.8004760742
159914735.0664014220 173829.5267639160
159455661.6088133454 167104.2693634033
164859302.6717180014 186544.4929199219
161016482.0038950741 178226.1522827148
161129136.3013542593 178366.9482269287
