721689299.3759537935 3380369.8752441406
711893381.0216479301 3250187.3620605469
715433009.6661767960 3301097.7192382812
736696339.2889297009 3399977.2788085938
716808495.2204566002 3320347.1940917969
709222731.1673393250 3181566.3652343750
710740109.7119383812 3247192.6811523438
733658423.0531039238 3392444.1960449219
720441182.7268654108 3338268.8637695312
714985752.3753433228 3295779.0605468750
713507228.9625595808 3294839.8695068359
719122173.3527773619 3337655.8286132812
716023048.6372475624 3307270.3684082031
717377249.4575697184 3334029.3747558594
715996209.3597601652 3306848.8410644531
729166953.5301164389 3387353.2502441406
735462002.6246316433 3397836.1538085938
720830098.3875709772 3343513.1164550781
717211536.9552621841 3327502.0600585938
