330025567.0843778849 12425.4327974319
333497410.1979404688 13313.3959777355
330350787.6151033044 12638.1472396851
330068118.3284831047 12615.5017719269
330920873.0187553763 12737.4244389534
343191303.2411615252 14229.0147104263
331756809.8428985476 12952.2533245087
329716814.8826944232 12411.2198023796
332967690.5377820730 13119.5188245773
342776054.1744796038 14008.0276098251
338426780.8496912718 13673.0032444000
338256491.8062865734 13668.5155725479
337956096.7544173002 13631.7160558701
339305014.0992514491 13828.2862558365
346584833.8803511858 14234.4892005920
336245004.3399692178 13513.0122861862
338898508.2862358093 13674.1335253716
340605942.2184093595 13876.8610334396
332950211.7444339991 13002.9830999374
328578172.4245873094 12045.9169118404
331487561.3846723437 12854.2642230988
340781830.0424128175 13893.8207902908
341192128.6733321548 14005.4469280243
331158254.2042809129 12811.6680308580
334446763.0437194705 13317.0417089462
