441019938.4355324507 15869.3172388077
434433537.1534287930 14793.9424896240
450185413.2987472415 16344.9459886551
449365594.3157700896 16299.7947387695
450646767.6365927458 16345.0636129379
453420841.7145201564 16548.6532993317
440463152.0899214745 15863.9834108353
435649303.7108769417 15339.4509825706
433849476.9776534438 14767.6303052902
433525750.1878992915 11997.4815769196
451918598.9809617400 16386.2363128662
434861178.4043158293 15057.2769582272
442897153.0421512127 16208.8921070099
444486196.2305868268 16298.2780637741
437235415.5083603263 15802.1168284416
433755671.5254238844 12296.4010305405
442700143.5724634528 16090.7384510040
441090463.9421260357 16043.7074108124
