214830300.0287866294 176275.0132904053
231981150.4672643840 201834.1723327637
218046368.9373337030 188119.7225265503
228313427.8729863167 195433.8429870605
230340302.5399689078 197918.9198608398
228900243.6772657633 196405.5811309814
223413479.6787336767 191213.4187011719
217318190.4250008166 185970.9605407715
230079881.2002143860 197717.7208251953
220390875.1714282632 188794.0780029297
213508681.4015958905 173016.1267852783
221625651.6565198004 189651.1106262207
219855853.6089529097 188761.1182861328
222518359.6491027474 191058.7608642578
218727060.3764105439 188505.6413879395
228848522.3843502402 195944.6581726074
225348701.0703069270 192104.7140121460
214908654.7413022220 180437.0611419678
216437585.8968391120 180759.0871887207
214406571.9181999266 173811.2651672363
225349334.1417336166 192841.0230407715
229104128.5411599278 196971.1454772949
231396668.6297347844 198462.4780883789
224773811.5660699904 191614.5728149414
227585730.9025299847 194603.3516540527
227966418.2223393619 194925.3583679199
222397060.7738545239 190224.1859130859
220678417.2545726895 189006.8498229980
216472015.1670969725 183106.0988159180
222356979.4263687134 190024.8098754883
