287983580.0809816718 36345.9702033997
302401993.0107444525 44722.0431900024
288015207.0853469372 36512.1112022400
295614675.9285393357 44647.5186080933
292353921.6289178133 44080.7628173828
296886567.5524770617 44666.2326278687
288881203.3337008953 42035.5538940430
288583848.9027457237 40739.4045772552
291286405.6869862676 43767.0770549774
294842247.4023684859 44357.2488555908
288339121.8218404055 37122.3458995819
293646417.2065271139 44097.1762542725
290992125.2646800280 43540.8657035828
289492083.7755525112 42993.7961158752
