119575012.9660986662 6238.4457206726
118605146.0746389776 6161.3574409485
114123018.6446100324 5822.5042495728
118759664.0424428582 6174.5695037842
113828060.5194017440 5748.5414390564
113061183.8818049282 5333.2277221680
114175400.5799144357 5880.8975782394
116474232.7579538226 6120.2799701691
117034805.0084179044 6146.0552082062
114103183.6737506390 5765.1415214539
114317400.4616073370 6086.0471582413
114589314.4040414393 6105.8752365112
116999791.4544992745 6123.8793983459
112912525.5552206933 4995.1876077652
117857731.8318683356 6158.3024978638
113408985.3205476999 5723.5143318176
115961110.1002533734 6109.8938980103
