230630127.2512772381 4987331.8154296875
237721591.3493910432 5133359.5439453125
240121023.5347586274 5141786.9384765625
239804868.3568294346 5141120.5205078125
232302200.0812114775 5020771.7783203125
232825113.3740639985 5056686.6337890625
238318276.0514086187 5133705.1494140625
235724112.5861395299 5116075.6103515625
240875657.5820979476 5166800.6611328125
232849155.1768596172 5106440.2822265625
236671552.8791394830 5122581.2158203125
232687207.4080316424 5044496.0048828125
237697056.2406063080 5123671.7041015625
