646251917.5952110291 199768.3515205383
649072981.1826479435 201618.5781860352
643728475.3846323490 184888.2159729004
670145080.0188854933 211735.7246398926
651261676.6631718874 205350.8987350464
663459334.0163733959 209875.7524795532
645651086.4210349321 194781.7591133118
665627068.3944408894 209878.2071151733
644323217.2053309679 188490.8217687607
667568112.3122420311 211196.7761077881
666390793.8355419636 209883.6743927002
646009819.8428809643 198227.4455451965
645903844.9056210518 195287.8140182495
644697838.7503397465 194373.6073875427
650644078.7395317554 203734.2732162476
650514349.5870287418 203132.6746749878
658413648.2616890669 209535.6626358032
653518304.4604530334 206504.0064086914
