647817090.7757790089 194854.1064796448
645178652.0284969807 187823.0348930359
658413648.2616890669 209535.6626358032
647632766.2360754013 194716.7455291748
649738297.8133840561 200036.5990791321
648702004.9763991833 198076.7828559875
649314911.1198540926 198422.0622863770
647982067.0920615196 195367.7857131958
653518304.4604530334 206504.0064086914
648227991.5099364519 197237.4904327393
646451855.9602471590 191286.2448730469
647202613.8635320663 194623.8594512939
651228841.7469052076 202976.3422927856
