344531217.6161393523 1196260.7952270508
345738774.2950176001 1202455.7109985352
335936016.1665203571 1104655.7688293457
342251091.0863222480 1183758.9899902344
338522299.1842394471 1170746.7445678711
343514347.7070523500 1187312.2145385742
336833568.0843674541 1141032.1397705078
340254343.7805732489 1183508.0424804688
335104515.5271157622 990900.0808105469
343816504.9276645780 1193985.8282470703
347445660.6273096800 1208330.8847656250
337881348.4311450124 1153356.7189941406
337307175.9014363289 1152058.0850219727
351380195.0707322359 1216092.4532470703
348515982.5066599846 1215208.7695922852
348033454.0558060408 1211126.6842041016
344837533.9924771190 1202308.3620605469
353334971.5994603634 1220598.6878662109
336495490.2752519846 1136555.1492919922
346375356.6394899487 1204106.6379394531
343613087.6188312173 1192899.2863922119
342819126.9826666117 1185043.6823730469
