143249758.8921088874 999577.2290039062
140327587.2605805695 942852.1704101562
139809714.2652752399 919240.5749511719
142805962.3590585291 989541.8984375000
151229805.5932740271 1028376.4370117188
153427408.6632178426 1030822.5083007812
141530506.8577285409 972362.7583007812
141841679.3933322132 982933.9665527344
139944359.5664707124 927179.8758544922
150468554.2259990275 1023930.7177734375
140461052.6243541241 962599.5849609375
152093842.1918462813 1028407.2851562500
151041973.5287969112 1027206.7482910156
146174410.4379599392 1022290.0703125000
143055373.5532771647 990133.6542968750
141659298.4792703092 980714.8574218750
142071655.0490335524 985028.6254882812
153135277.5672467649 1028758.1176757812
140441363.7897281647 954145.2836914062
142513795.9112668335 987069.2714843750
142307978.2717855871 985588.7861328125
144589025.8201566637 1013839.3681640625
144295929.1144602299 1005733.4111328125
