404581479.7112930417 16193.4905033112
394632137.6684902906 15537.3841342926
395121106.5541538596 15620.6341400146
398836785.8929698467 15920.3345165253
396183554.3353043199 15695.5872545242
404623080.9354562163 16320.0485801697
400333178.5502805710 15926.5376644135
397866166.3098148704 15801.2303094864
400564787.2388653159 16186.2607283592
393552912.2858825922 15481.5898571014
393267045.1903203130 15061.4344720840
391390654.4229787588 14059.3868103027
392044850.9464980364 14979.9584755898
396055315.2456688285 15634.1287612915
396562776.6071889400 15781.1443881989
391918917.8448159099 14726.5462052822
394022499.4121747017 15535.4514751434
398669445.8249461651 15829.6069822311
400426897.6807551980 15929.4944276810
