1379955085.9434788227 783445.0890731812
1375252117.3568499088 754122.4942436218
1414928406.7167916298 814547.7123184204
1376878117.4534370899 776649.9199981689
1382786967.4894275665 802631.2009086609
1381821159.9406812191 791194.1709632874
1376150520.7266132832 770954.6651229858
1388241781.0399472713 803855.1863632202
1392602474.7204842567 803956.8166236877
1411128647.1444733143 812929.6968002319
1376530749.6918134689 774089.9343757629
1378234557.0200066566 777988.9439926147
1395982771.3327374458 809938.1331710815
1392933213.1858873367 804245.3860397339
1375037794.4546670914 753774.7325210571
