49308859.6864175573 1321586.4589843750
49323366.7066041678 1325492.0878906250
49598180.0702672973 1326292.5625000000
48970765.7616615146 1315989.3339843750
48387216.9732734933 1313081.4062500000
48933389.3102362826 1313177.2304687500
48988104.6703226790 1316306.9042968750
48088025.2896158099 1284670.7910156250
51884476.3233993873 1331364.1230468750
49015313.4392938018 1318053.0937500000
51206658.7881801724 1330512.2597656250
49054376.3205398545 1319462.3750000000
50653020.3460455313 1326893.9433593750
50659984.0589464977 1330262.2109375000
