597626097.7298964262 737925.0963287354
602607468.5050705671 794970.3180541992
618774573.4759138823 824289.3849487305
600623120.5661597252 757283.8197937012
607537437.3407620192 812421.8688812256
601169051.6608449221 758618.0551757812
598741001.4437012672 739261.3033981323
613347096.1379824877 823158.3625183105
601875153.1552307606 764768.1003417969
621004515.1772377491 827511.9431762695
620298482.3815665245 825063.5506744385
609780793.7091189623 820486.1406250000
607895096.7145912647 813731.6530761719
621841395.9013428688 829274.8547363281
599973230.6556737423 741818.4706115723
606714657.7373337746 797254.0036926270
600357690.8704162836 754072.9569396973
602060649.6543837786 772722.5101013184
