588879865.1150565147 5668331.8203125000
571733438.5261299610 5293159.0683593750
577971616.2249779701 5607984.3632812500
573976056.1454957724 5532623.6289062500
573735502.6358723640 5440110.8974609375
578158688.6700428724 5612400.2636718750
588690586.5660328865 5654591.2558593750
574047034.0356776714 5586120.2597656250
571326730.7663329840 5249355.7783203125
576487996.5587905645 5588193.1162109375
579282952.4452168941 5622516.7382812500
573911812.3720951080 5531506.7275390625
579321514.9253994226 5648716.6250000000
582815975.2083978653 5654365.9589843750
577809918.8103245497 5600504.6025390625
577229931.2829151154 5594387.1230468750
