360559892.1334654093 6438494.2304687500
364378710.8890745044 6471976.2265625000
367136761.9560044408 6487374.2734375000
353310296.8292183280 6303781.3847656250
369150265.6563290358 6496342.4667968750
358848746.0597206354 6435086.0683593750
358629593.8837491274 6415262.4492187500
369062958.0750067234 6494174.8339843750
360744334.4413956404 6439034.6386718750
358288289.1947687268 6414344.2128906250
365772047.2188478112 6482561.3476562500
357928364.2010445595 6407575.7578125000
360931540.8550812006 6448442.7265625000
360353129.7576139569 6435232.6250000000
366234636.6120262742 6484470.9433593750
356849482.6868817806 6402368.2011718750
355331436.5727438331 6358991.1953125000
357184733.4485929608 6407175.6464843750
358652233.4046185613 6424653.5546875000
361039090.7098366618 6458050.3066406250
356113469.4318994880 6380239.3789062500
364227110.7694609761 6464114.3515625000
