83563443.9913694113 4183.3203430176
85021778.5448592752 4536.9553022385
85465530.6447717845 4557.7531957626
85614079.1708411872 4571.6684579849
87391848.0296417624 4704.4968566895
86215614.6430741996 4687.5404129028
84963673.3182869256 4523.6117439270
83758900.4578449279 4467.6381187439
85338785.4359926879 4556.2403526306
85326848.0341446698 4550.9401741028
85787438.2561697513 4664.8925781250
82811702.8832670003 4108.3991861343
84665568.5892909169 4510.2386665344
85725577.6088971943 4587.1395721436
88405469.5871823579 4724.7403488159
87457694.1022281647 4707.3037414551
83573898.2024255097 4243.6219902039
83221828.4256564230 4143.8423442841
83749336.6802766621 4391.1726970673
