121709.4845503469 137738.0407793333
124762.4960452748 137738.0407793333
121709.4845503469 137418.9575002222
130386.4645885630 136302.1660233333
121388.1149193018 136142.6243837778
123798.3871521396 136142.6243837778
123637.7023366171 135344.9161860000
132796.7368214009 134068.5830695555
126369.3442005000 131196.8335575555
129904.4101419955 130239.5837202222
129422.3556954279 126729.6676500000
121709.4845503469 126091.5010917778
129100.9860643829 124815.1679753333
125887.2897539324 126410.5843708889
124601.8112297523 132313.6250344444
123959.0719676622 135025.8329068889
118174.4186088514 130558.6669993333
129422.3556954279 123857.9181380000
126530.0290160225 127686.9174873333
130386.4645885630 125772.4178126667
121066.7452882568 136461.7076628889
122352.2238124369 130080.0420806667
125405.2353073649 137418.9575002222
128136.8771712477 125612.8761731111
122352.2238124369 132792.2499531111
126208.6593849775 126091.5010917778
130065.0949575180 131037.2919180000
132314.6823748333 133111.3332322222
120263.3212106441 127048.7509291111
123798.3871521396 126410.5843708889
118335.1034243739 130558.6669993333
121709.4845503469 131994.5417553333
120584.6908416892 128006.0007664444
120906.0604727342 134068.5830695555
123798.3871521396 136621.2493024445
131511.2582972207 137897.5824188889
125405.2353073649 129441.8755224444
126047.9745694550 126251.0427313333
128136.8771712477 131196.8335575555
125887.2897539324 127208.2925686667
121709.4845503469 129441.8755224444
118495.7882398964 129601.4171620000
128940.3012488604 128963.2506037778
118081.8702584175 120341.0823734421
120470.3875262815 117454.6793910842
121425.7944334272 116652.9007848737
118081.8702584175 115530.4107361790
119833.4495881845 113285.4306387895
121744.2634024757 113125.0749175474
116807.9943822233 111842.2291476105
123177.3737631942 110719.7390989158
127317.4703608252 110238.6719351895
121903.4978870000 110078.3162139474
117922.6357738932 109757.6047714632
125247.4220620097 108314.4032802842
121266.5599489029 107833.3361165579
127635.9393298738 110719.7390989158
123177.3737631942 121142.8609796526
115056.4150524563 119218.5923247474
124928.9530929612 109597.2490502210
121744.2634024757 107352.2689528316
121585.0289179515 112002.5848688526
119355.7461346117 114728.6321299684
122221.9668560486 114087.2092450000
124769.7186084369 107672.9803953158
119674.2151036602 120020.3709309579
123336.6082477184 120341.0823734421
116171.0564441262 113766.4978025158
123177.3737631942 109436.8933289789
118559.5737119903 108474.7590015263
118878.0426810388 107833.3361165579
115534.1185060291 115530.4107361790
120948.0909798544 116011.4778999053
123177.3737631942 112644.0077538210
118400.3392274660 108635.1147227684
122699.6703096214 114728.6321299684
122062.7323715243 112644.0077538210
114897.1805679320 119539.3037672316
119514.9806191359 119218.5923247474
119833.4495881845 113606.1420812737
120629.6220108058 109116.1818864947
115534.1185060291 118897.8808822632
121903.4978870000 112964.7191963053
118400.3392274660 120020.3709309579
117444.9323203204 112483.6520325790
115374.8840215049 118256.4579972947
119514.9806191359 116011.4778999053
123018.1392786699 109757.6047714632
128113.6427834466 120822.1495371684
117126.4633512718 116813.2565061158
123814.3117012913 113285.4306387895
122699.6703096214 107512.6246740737
118400.3392274660 110880.0948201579
118559.5737119903 113926.8535237579
119355.7461346117 116171.8336211474
119992.6840727087 110238.6719351895

132636.0520058784 138057.1240584445
131029.2038506531 136780.7909420000
131029.2038506531 128644.1673246667
125887.2897539324 129282.3338828889
126851.3986470676 133270.8748717778
122834.2782590045 125134.2512544444
121388.1149193018 124815.1679753333
124923.1808607973 137099.8742211111
124280.4415987072 135185.3745464445
122512.9086279594 138695.2906166666
123959.0719676622 131037.2919180000
124601.8112297523 138854.8322562222
129261.6708799054 129441.8755224444
129904.4101419955 127208.2925686667
126369.3442005000 135663.9994651111
119459.8971330315 128484.6256851111
124280.4415987072 133909.0414300000
126530.0290160225 132632.7083135555
134403.5849766261 137259.4158606667
127976.1923557252 134387.6663486667
126690.7138315450 134706.7496277778
121548.7997348243 130239.5837202222
126851.3986470676 125293.7928940000
128779.6164333378 135983.0827442222
127333.4530936351 135663.9994651111
124119.7567831847 138216.6656980000
131832.6279282657 130558.6669993333
122673.5934434820 134228.1247091111
130065.0949575180 126410.5843708889
131671.9431127432 136142.6243837778
125244.5504918423 128165.5424060000
125887.2897539324 136780.7909420000
127333.4530936351 134068.5830695555
125083.8656763198 129920.5004411111
125244.5504918423 132154.0833948889
119138.5275019865 131196.8335575555
120745.3756572117 125772.4178126667
124762.4960452748 133589.9581508889
119941.9515795991 128165.5424060000
130707.8342196081 127208.2925686667
125083.8656763198 126889.2092895556
124280.4415987072 130718.2086388889
125887.2897539324 126410.5843708889
123018.1392786699 111200.8062626421
121107.3254643786 107352.2689528316
119833.4495881845 107672.9803953158
121266.5599489029 120341.0823734421
122381.2013405728 107191.9132315895
118241.1047429417 111842.2291476105
117444.9323203204 115690.7664574211
118559.5737119903 118096.1022760526
122540.4358250971 113445.7863600316
120948.0909798544 112162.9405900947
124451.2496393883 120180.7266522000
123018.1392786699 112804.3634750631
125725.1255155825 111040.4505414000
124292.0151548641 121463.5724221369
119355.7461346117 111521.5177051263
122858.9047941456 113125.0749175474
117763.4012893689 119378.9480459895
118878.0426810388 119218.5923247474
128432.1117524951 109436.8933289789
127476.7048453495 111681.8734263684
118559.5737119903 110880.0948201579
119833.4495881845 109436.8933289789
125565.8910310582 110238.6719351895
119514.9806191359 109917.9604927053
123177.3737631942 112162.9405900947
120629.6220108058 116492.5450636316
119196.5116500874 112964.7191963053
119514.9806191359 119378.9480459895
120629.6220108058 116813.2565061158
118400.3392274660 110559.3833776737
120788.8564953301 110880.0948201579
124292.0151548641 112323.2963113368
118081.8702584175 108635.1147227684
128909.8152060680 109917.9604927053
121425.7944334272 116492.5450636316
118081.8702584175 113766.4978025158
120948.0909798544 114407.9206874842
122062.7323715243 113606.1420812737
122699.6703096214 107833.3361165579
118081.8702584175 118096.1022760526
116648.7598976990 112323.2963113368
118400.3392274660 117615.0351123263
122858.9047941456 112964.7191963053
119037.2771655631 107512.6246740737
118241.1047429417 116813.2565061158
121585.0289179515 120341.0823734421
117604.1668048447 116973.6122273579
120788.8564953301 114728.6321299684
120151.9185572330 116171.8336211474
117763.4012893689 111521.5177051263
116330.2909286505 119699.6594884737
117604.1668048447 117775.3908335684
123336.6082477184 107833.3361165579

132153.9975593108 134866.2912673333
125405.2353073649 125612.8761731111
122673.5934434820 132792.2499531111
133600.1608990135 134547.2079882222
126851.3986470676 124974.7096148889
131189.8886661757 133909.0414300000
120584.6908416892 127846.4591268889
122191.5389969144 137099.8742211111
123316.3327055721 131675.4584762222
134082.2153455811 135025.8329068889
119781.2667640766 134706.7496277778
124441.1264142297 136302.1660233333
129904.4101419955 138057.1240584445
127654.8227246802 138376.2073375556
126208.6593849775 137897.5824188889
125565.9201228874 136461.7076628889
122191.5389969144 125453.3345335556
119459.8971330315 131675.4584762222
120263.3212106441 128644.1673246667
127333.4530936351 130558.6669993333
127976.1923557252 135185.3745464445
123477.0175210946 127846.4591268889
128136.8771712477 134706.7496277778
122191.5389969144 123538.8348588889
122512.9086279594 126091.5010917778
124280.4415987072 130080.0420806667
123959.0719676622 138216.6656980000
128779.6164333378 128165.5424060000
128458.2468022928 131196.8335575555
131671.9431127432 136780.7909420000
122834.2782590045 131037.2919180000
129583.0405109504 129282.3338828889
127976.1923557252 128006.0007664444
132153.9975593108 129760.9588015555
120263.3212106441 131675.4584762222
121388.1149193018 136940.3325815556
124762.4960452748 137738.0407793333
120906.0604727342 126091.5010917778
129583.0405109504 126091.5010917778
131189.8886661757 130239.5837202222
127012.0834625901 133111.3332322222
122512.9086279594 124496.0846962222
130065.0949575180 124974.7096148889
123495.8427322427 112162.9405900947
126362.0634536796 107833.3361165579
123336.6082477184 109597.2490502210
123177.3737631942 107031.5575103474
114260.2426298349 119218.5923247474
123018.1392786699 120822.1495371684
120151.9185572330 112483.6520325790
114578.7115988835 119058.2366035053
119992.6840727087 109917.9604927053
119196.5116500874 117294.3236698421
119037.2771655631 111200.8062626421
128432.1117524951 108635.1147227684
123177.3737631942 115049.3435724526
128909.8152060680 110078.3162139474
122381.2013405728 109436.8933289789
119355.7461346117 116171.8336211474
116648.7598976990 116171.8336211474
120948.0909798544 108635.1147227684
125565.8910310582 107993.6918378000
118081.8702584175 112964.7191963053
118400.3392274660 119218.5923247474
126521.2979382039 111200.8062626421
121266.5599489029 112002.5848688526
118241.1047429417 117454.6793910842
118718.8081965146 111521.5177051263
126999.0013917767 120661.7938159263
121425.7944334272 120822.1495371684
125247.4220620097 109436.8933289789
117604.1668048447 116332.1893423895
127476.7048453495 109757.6047714632
118559.5737119903 115690.7664574211
121585.0289179515 120020.3709309579
122858.9047941456 106871.2017891053
123336.6082477184 110559.3833776737
125725.1255155825 111040.4505414000
124451.2496393883 111521.5177051263
122699.6703096214 110880.0948201579
120470.3875262815 115851.1221786632
121903.4978870000 107352.2689528316
117444.9323203204 113445.7863600316
119992.6840727087 107512.6246740737
119992.6840727087 114888.9878512105
117763.4012893689 111521.5177051263
120788.8564953301 110559.3833776737
124610.4841239126 112162.9405900947
128432.1117524951 110719.7390989158
120788.8564953301 107672.9803953158
123177.3737631942 121142.8609796526
118878.0426810388 107993.6918378000
121744.2634024757 115690.7664574211
117285.6978357961 110719.7390989158
116011.8219596019 113926.8535237579
125884.3600001068 112804.3634750631

120745.3756572117 127846.4591268889
131993.3127437883 133270.8748717778
120584.6908416892 135025.8329068889
126690.7138315450 134068.5830695555
122191.5389969144 123857.9181380000
127976.1923557252 128963.2506037778
119138.5275019865 129760.9588015555
129904.4101419955 131037.2919180000
124762.4960452748 134228.1247091111
131350.5734816982 134706.7496277778
126047.9745694550 136621.2493024445
130547.1494040856 125772.4178126667
124762.4960452748 138216.6656980000
126208.6593849775 125931.9594522222
131189.8886661757 128803.7089642222
131993.3127437883 131515.9168366667
122191.5389969144 135185.3745464445
121548.7997348243 132951.7915926667
131189.8886661757 138216.6656980000
126851.3986470676 128325.0840455555
131832.6279282657 137897.5824188889
122512.9086279594 131037.2919180000
127815.5075402027 124815.1679753333
121388.1149193018 131675.4584762222
126208.6593849775 129760.9588015555
130225.7797730405 131515.9168366667
121227.4301037793 127048.7509291111
130547.1494040856 127686.9174873333
120584.6908416892 131515.9168366667
121709.4845503469 127208.2925686667
123959.0719676622 132313.6250344444
120584.6908416892 127367.8342082222
120424.0060261667 135344.9161860000
129100.9860643829 124177.0014171111
128779.6164333378 128803.7089642222
130065.0949575180 138376.2073375556
119941.9515795991 127527.3758477778
123798.3871521396 127048.7509291111
124601.8112297523 131037.2919180000
133439.4760834910 137099.8742211111
131671.9431127432 133909.0414300000
134885.6394231937 136940.3325815556
124119.7567831847 128644.1673246667
128591.3462370194 120982.5052584105
115534.1185060291 116171.8336211474
121744.2634024757 108314.4032802842
125884.3600001068 121303.2167008947
121107.3254643786 108314.4032802842
123655.0772167670 108635.1147227684
125565.8910310582 112644.0077538210
123018.1392786699 113125.0749175474
124292.0151548641 111521.5177051263
120629.6220108058 109757.6047714632
123814.3117012913 107352.2689528316
114578.7115988835 117935.7465548105
119196.5116500874 108154.0475590421
119037.2771655631 115370.0550149369
117444.9323203204 115851.1221786632
118081.8702584175 111040.4505414000
116648.7598976990 120180.7266522000
121425.7944334272 116332.1893423895
116807.9943822233 115530.4107361790
117604.1668048447 112964.7191963053
118559.5737119903 117935.7465548105
116967.2288667476 118096.1022760526
122699.6703096214 106871.2017891053
116489.5254131748 115530.4107361790
121266.5599489029 110719.7390989158
123495.8427322427 112804.3634750631
119674.2151036602 117935.7465548105
127795.1738143981 110880.0948201579
125884.3600001068 112804.3634750631
119833.4495881845 116813.2565061158
125884.3600001068 109436.8933289789
118081.8702584175 117294.3236698421
121425.7944334272 120020.3709309579
119674.2151036602 114728.6321299684
123973.5461858155 112483.6520325790
118559.5737119903 116973.6122273579
125565.8910310582 110559.3833776737
125088.1875774854 111521.5177051263
118718.8081965146 110078.3162139474
123973.5461858155 112964.7191963053
124769.7186084369 120180.7266522000
118878.0426810388 119699.6594884737
123336.6082477184 107512.6246740737
127635.9393298738 110238.6719351895
120629.6220108058 120180.7266522000
121585.0289179515 115370.0550149369
122858.9047941456 108795.4704440105
122540.4358250971 119699.6594884737
117444.9323203204 114087.2092450000
121266.5599489029 119539.3037672316
119992.6840727087 112323.2963113368
119992.6840727087 113766.4978025158
122858.9047941456 115209.6992936947

127976.1923557252 138376.2073375556
131511.2582972207 137897.5824188889
121709.4845503469 137738.0407793333
127976.1923557252 137418.9575002222
120906.0604727342 136780.7909420000
131832.6279282657 136461.7076628889
121227.4301037793 136142.6243837778
126851.3986470676 135983.0827442222
133439.4760834910 135663.9994651111
127815.5075402027 135025.8329068889
130065.0949575180 134866.2912673333
133439.4760834910 134706.7496277778
120263.3212106441 134547.2079882222
127815.5075402027 134547.2079882222
120424.0060261667 134387.6663486667
130386.4645885630 133909.0414300000
131671.9431127432 133909.0414300000
132314.6823748333 133749.4997904444
124601.8112297523 133270.8748717778
131832.6279282657 133111.3332322222
132475.3671903558 132632.7083135555
119138.5275019865 132473.1666740000
127012.0834625901 132473.1666740000
119941.9515795991 132313.6250344444
121066.7452882568 131994.5417553333
123959.0719676622 131835.0001157778
131832.6279282657 131835.0001157778
122191.5389969144 131675.4584762222
124280.4415987072 131675.4584762222
126530.0290160225 131515.9168366667
126369.3442005000 131196.8335575555
120424.0060261667 130877.7502784445
123316.3327055721 130877.7502784445
117853.0489778063 130239.5837202222
127654.8227246802 128644.1673246667
130547.1494040856 128165.5424060000
129743.7253264730 128006.0007664444
126530.0290160225 127686.9174873333
128136.8771712477 127527.3758477778
129422.3556954279 127367.8342082222
122191.5389969144 126889.2092895556
127815.5075402027 126251.0427313333
129904.4101419955 125134.2512544444
125725.1255155825 121142.8609796526
126521.2979382039 121142.8609796526
129705.9876286893 121142.8609796526
122540.4358250971 120501.4380946842
115693.3529905534 120020.3709309579
119992.6840727087 119378.9480459895
121266.5599489029 119378.9480459895
121744.2634024757 119378.9480459895
115534.1185060291 118897.8808822632
116807.9943822233 118416.8137185368
120311.1530417573 116973.6122273579
117126.4633512718 116492.5450636316
117126.4633512718 115851.1221786632
118718.8081965146 114728.6321299684
119196.5116500874 114247.5649662421
122381.2013405728 114247.5649662421
119355.7461346117 114087.2092450000
120788.8564953301 113926.8535237579
121425.7944334272 113926.8535237579
119674.2151036602 113766.4978025158
125088.1875774854 113445.7863600316
119833.4495881845 113285.4306387895
125088.1875774854 113125.0749175474
118241.1047429417 112964.7191963053
121425.7944334272 112644.0077538210
121903.4978870000 112483.6520325790
123177.3737631942 112483.6520325790
123814.3117012913 112483.6520325790
124132.7806703398 111842.2291476105
127158.2358763010 111842.2291476105
118878.0426810388 111521.5177051263
127795.1738143981 111200.8062626421
127635.9393298738 110880.0948201579
118559.5737119903 110078.3162139474
119037.2771655631 109757.6047714632
122858.9047941456 109757.6047714632
129546.7531441650 109757.6047714632
120151.9185572330 109276.5376077368
121585.0289179515 107512.6246740737
121585.0289179515 107191.9132315895
122381.2013405728 107031.5575103474
129228.2841751165 109917.9604927053
121585.0289179515 115209.6992936947
115374.8840215049 115530.4107361790
127317.4703608252 111681.8734263684
120470.3875262815 108635.1147227684
116807.9943822233 113285.4306387895
117444.9323203204 111040.4505414000
117922.6357738932 118737.5251610211
122540.4358250971 110880.0948201579
116489.5254131748 119058.2366035053
127158.2358763010 108955.8261652526
118718.8081965146 118096.1022760526

134403.5849766261 135823.5411046667
130868.5190351306 129282.3338828889
123477.0175210946 134866.2912673333
122512.9086279594 127846.4591268889
127654.8227246802 132632.7083135555
117853.0489778063 130080.0420806667
125565.9201228874 134547.2079882222
122030.8541813919 128644.1673246667
122834.2782590045 124017.4597775556
122352.2238124369 123379.2932193333
127654.8227246802 131835.0001157778
127494.1379091577 124974.7096148889
128297.5619867703 137418.9575002222
122191.5389969144 135504.4578255556
122673.5934434820 126889.2092895556
133118.1064524459 137738.0407793333
122030.8541813919 138057.1240584445
122994.9630745270 132313.6250344444
122673.5934434820 129441.8755224444
122191.5389969144 130718.2086388889
127654.8227246802 130877.7502784445
128458.2468022928 134706.7496277778
119620.5819485541 133589.9581508889
130065.0949575180 129601.4171620000
131029.2038506531 135344.9161860000
124923.1808607973 127048.7509291111
123637.7023366171 127208.2925686667
127333.4530936351 125293.7928940000
121388.1149193018 132792.2499531111
128297.5619867703 124336.5430566667
125726.6049384099 134547.2079882222
127172.7682781126 130239.5837202222
132153.9975593108 138057.1240584445
128136.8771712477 128803.7089642222
132475.3671903558 135663.9994651111
132475.3671903558 136621.2493024445
128940.3012488604 131037.2919180000
130707.8342196081 133270.8748717778
127333.4530936351 135504.4578255556
123959.0719676622 138376.2073375556
120584.6908416892 135344.9161860000
125565.9201228874 130399.1253597778
131671.9431127432 132632.7083135555
119514.9806191359 112323.2963113368
124292.0151548641 109276.5376077368
127954.4082989223 109436.8933289789
120948.0909798544 110559.3833776737
116967.2288667476 111521.5177051263
122221.9668560486 112323.2963113368
124132.7806703398 120501.4380946842
123336.6082477184 107993.6918378000
116330.2909286505 119218.5923247474
122381.2013405728 111200.8062626421
119196.5116500874 117133.9679486000
118878.0426810388 116171.8336211474
118559.5737119903 114728.6321299684
120151.9185572330 109436.8933289789
127158.2358763010 107993.6918378000
122540.4358250971 115530.4107361790
116330.2909286505 115370.0550149369
119992.6840727087 120020.3709309579
120151.9185572330 113445.7863600316
118081.8702584175 111200.8062626421
119514.9806191359 110559.3833776737
118878.0426810388 119539.3037672316
120948.0909798544 112323.2963113368
118559.5737119903 116492.5450636316
122221.9668560486 114888.9878512105
127795.1738143981 108635.1147227684
123336.6082477184 112804.3634750631
123655.0772167670 120982.5052584105
116011.8219596019 114247.5649662421
119992.6840727087 110399.0276564316
120788.8564953301 114728.6321299684
127954.4082989223 110399.0276564316
119196.5116500874 115851.1221786632
126043.5944846311 108795.4704440105
125884.3600001068 112002.5848688526
123973.5461858155 121463.5724221369
117444.9323203204 117294.3236698421
125725.1255155825 109757.6047714632
118081.8702584175 114087.2092450000
121266.5599489029 108795.4704440105
119514.9806191359 117615.0351123263
115693.3529905534 116652.9007848737
122540.4358250971 108154.0475590421
122540.4358250971 114407.9206874842
123336.6082477184 110559.3833776737
123336.6082477184 112323.2963113368
119833.4495881845 108314.4032802842
127158.2358763010 110559.3833776737
120788.8564953301 116652.9007848737
114419.4771143592 118256.4579972947
121585.0289179515 120661.7938159263
117922.6357738932 117133.9679486000
115534.1185060291 117133.9679486000

130868.5190351306 131196.8335575555
119941.9515795991 130399.1253597778
124601.8112297523 131835.0001157778
124601.8112297523 137099.8742211111
122512.9086279594 134228.1247091111
131029.2038506531 128484.6256851111
126851.3986470676 124815.1679753333
120584.6908416892 131037.2919180000
125244.5504918423 130239.5837202222
124280.4415987072 126729.6676500000
121066.7452882568 136302.1660233333
127976.1923557252 125931.9594522222
123155.6478900496 135823.5411046667
124762.4960452748 126410.5843708889
128136.8771712477 136780.7909420000
123637.7023366171 136780.7909420000
131189.8886661757 130080.0420806667
126208.6593849775 126729.6676500000
124441.1264142297 135025.8329068889
128136.8771712477 134068.5830695555
127012.0834625901 134228.1247091111
125887.2897539324 137578.4991397778
123155.6478900496 130080.0420806667
129904.4101419955 135185.3745464445
134564.2697921486 137099.8742211111
125083.8656763198 133270.8748717778
126851.3986470676 127208.2925686667
128297.5619867703 134547.2079882222
127494.1379091577 134228.1247091111
130225.7797730405 137578.4991397778
132957.4216369234 131994.5417553333
128779.6164333378 135025.8329068889
132314.6823748333 135025.8329068889
124119.7567831847 129601.4171620000
126690.7138315450 131994.5417553333
124119.7567831847 134068.5830695555
130707.8342196081 129601.4171620000
123798.3871521396 134228.1247091111
123798.3871521396 128803.7089642222
128297.5619867703 124496.0846962222
119941.9515795991 135185.3745464445
121066.7452882568 125612.8761731111
129743.7253264730 133749.4997904444
117444.9323203204 118256.4579972947
119355.7461346117 116011.4778999053
120948.0909798544 108154.0475590421
122540.4358250971 114247.5649662421
119196.5116500874 117775.3908335684
113782.5391762621 119699.6594884737
125884.3600001068 111842.2291476105
117763.4012893689 118577.1694397789
120948.0909798544 120822.1495371684
117604.1668048447 116492.5450636316
121585.0289179515 111361.1619838842
122858.9047941456 106871.2017891053
115215.6495369806 119218.5923247474
116967.2288667476 113926.8535237579
119037.2771655631 119058.2366035053
117444.9323203204 112002.5848688526
126043.5944846311 110719.7390989158
128272.8772679709 109436.8933289789
119037.2771655631 119860.0152097158
118559.5737119903 113285.4306387895
116967.2288667476 117775.3908335684
120629.6220108058 116492.5450636316
118559.5737119903 118096.1022760526
113782.5391762621 119539.3037672316
122062.7323715243 112002.5848688526
116648.7598976990 116011.4778999053
129069.0496905922 109116.1818864947
117604.1668048447 110719.7390989158
118559.5737119903 118737.5251610211
119037.2771655631 120180.7266522000
122381.2013405728 112323.2963113368
121107.3254643786 120180.7266522000
125406.6565465340 120501.4380946842
126999.0013917767 110559.3833776737
122062.7323715243 114247.5649662421
122858.9047941456 112002.5848688526
119514.9806191359 107512.6246740737
124610.4841239126 112804.3634750631
120151.9185572330 116973.6122273579
123655.0772167670 107993.6918378000
115534.1185060291 116973.6122273579
125565.8910310582 112002.5848688526
125565.8910310582 107191.9132315895
117604.1668048447 111521.5177051263
119196.5116500874 116652.9007848737
122540.4358250971 108795.4704440105
121266.5599489029 111200.8062626421
114578.7115988835 119699.6594884737
116807.9943822233 115370.0550149369
127317.4703608252 111521.5177051263
121744.2634024757 107672.9803953158
125565.8910310582 113125.0749175474
124132.7806703398 111842.2291476105

132153.9975593108 137418.9575002222
118977.8426864640 128325.0840455555
126369.3442005000 137578.4991397778
125565.9201228874 128165.5424060000
126369.3442005000 132313.6250344444
127172.7682781126 135983.0827442222
128136.8771712477 131675.4584762222
124441.1264142297 130877.7502784445
122512.9086279594 129920.5004411111
126851.3986470676 132792.2499531111
122191.5389969144 123379.2932193333
123477.0175210946 132632.7083135555
132314.6823748333 130558.6669993333
130065.0949575180 138216.6656980000
123316.3327055721 134387.6663486667
129583.0405109504 125931.9594522222
121709.4845503469 131675.4584762222
127172.7682781126 128803.7089642222
129422.3556954279 137578.4991397778
121388.1149193018 125453.3345335556
123798.3871521396 131675.4584762222
133278.7912679685 135344.9161860000
130868.5190351306 127527.3758477778
128618.9316178153 125772.4178126667
128297.5619867703 138057.1240584445
128779.6164333378 127048.7509291111
124441.1264142297 133749.4997904444
124280.4415987072 126091.5010917778
130225.7797730405 137897.5824188889
125244.5504918423 138057.1240584445
125887.2897539324 125612.8761731111
122030.8541813919 125931.9594522222
122834.2782590045 122422.0433820000
128297.5619867703 131037.2919180000
125083.8656763198 130877.7502784445
128458.2468022928 125612.8761731111
128618.9316178153 126251.0427313333
129261.6708799054 129601.4171620000
131350.5734816982 129601.4171620000
124601.8112297523 134387.6663486667
130386.4645885630 129920.5004411111
126208.6593849775 135823.5411046667
133278.7912679685 135185.3745464445
117444.9323203204 116011.4778999053
116807.9943822233 114728.6321299684
119355.7461346117 108154.0475590421
121107.3254643786 112162.9405900947
128909.8152060680 109276.5376077368
124132.7806703398 110399.0276564316
119992.6840727087 110238.6719351895
125725.1255155825 108635.1147227684
117604.1668048447 113766.4978025158
116967.2288667476 113766.4978025158
124451.2496393883 108635.1147227684
124451.2496393883 111361.1619838842
120470.3875262815 116011.4778999053
124928.9530929612 107512.6246740737
117763.4012893689 116652.9007848737
123018.1392786699 110880.0948201579
126202.8289691553 112483.6520325790
124610.4841239126 112964.7191963053
117444.9323203204 113926.8535237579
129069.0496905922 109597.2490502210
127795.1738143981 108795.4704440105
128272.8772679709 110399.0276564316
118081.8702584175 118897.8808822632
117604.1668048447 114728.6321299684
117126.4633512718 118737.5251610211
126521.2979382039 120661.7938159263
126521.2979382039 111040.4505414000
117604.1668048447 111361.1619838842
119037.2771655631 116332.1893423895
118718.8081965146 117935.7465548105
119514.9806191359 108635.1147227684
123495.8427322427 108635.1147227684
118241.1047429417 116973.6122273579
117922.6357738932 119058.2366035053
122858.9047941456 115049.3435724526
118400.3392274660 118897.8808822632
117285.6978357961 119218.5923247474
120788.8564953301 109276.5376077368
124928.9530929612 112644.0077538210
119037.2771655631 112002.5848688526
124928.9530929612 120982.5052584105
118559.5737119903 120501.4380946842
119037.2771655631 117133.9679486000
125406.6565465340 112804.3634750631
121744.2634024757 120982.5052584105
121266.5599489029 112483.6520325790
120470.3875262815 116973.6122273579
119992.6840727087 110559.3833776737
121266.5599489029 108795.4704440105
121585.0289179515 119539.3037672316
116648.7598976990 119058.2366035053
120788.8564953301 107993.6918378000
119833.4495881845 117935.7465548105

127815.5075402027 132632.7083135555
125887.2897539324 137099.8742211111
128136.8771712477 124336.5430566667
128136.8771712477 133909.0414300000
133439.4760834910 137099.8742211111
127654.8227246802 129601.4171620000
129904.4101419955 132792.2499531111
131029.2038506531 129760.9588015555
129422.3556954279 124974.7096148889
122834.2782590045 127367.8342082222
130547.1494040856 130239.5837202222
131189.8886661757 132951.7915926667
125726.6049384099 125293.7928940000
127494.1379091577 129122.7922433333
123477.0175210946 132473.1666740000
121548.7997348243 125134.2512544444
122834.2782590045 137259.4158606667
126530.0290160225 137897.5824188889
124601.8112297523 131835.0001157778
130386.4645885630 137418.9575002222
131029.2038506531 135823.5411046667
120906.0604727342 133589.9581508889
131511.2582972207 134068.5830695555
132796.7368214009 137897.5824188889
124280.4415987072 137578.4991397778
121548.7997348243 126729.6676500000
130225.7797730405 135983.0827442222
122191.5389969144 138057.1240584445
120745.3756572117 131515.9168366667
124762.4960452748 132473.1666740000
120263.3212106441 134866.2912673333
118656.4730554189 132632.7083135555
122191.5389969144 128644.1673246667
127494.1379091577 125612.8761731111
124762.4960452748 126251.0427313333
129100.9860643829 137259.4158606667
124280.4415987072 134547.2079882222
122834.2782590045 133430.4165113333
122994.9630745270 136940.3325815556
129100.9860643829 129282.3338828889
131832.6279282657 134706.7496277778
123798.3871521396 135983.0827442222
131029.2038506531 134547.2079882222
116648.7598976990 119218.5923247474
116648.7598976990 112483.6520325790
120470.3875262815 115690.7664574211
119355.7461346117 109436.8933289789
118400.3392274660 118416.8137185368
118241.1047429417 112162.9405900947
125406.6565465340 120501.4380946842
119833.4495881845 107672.9803953158
121744.2634024757 120020.3709309579
120788.8564953301 111521.5177051263
126202.8289691553 108154.0475590421
119196.5116500874 112162.9405900947
118400.3392274660 117615.0351123263
116648.7598976990 119539.3037672316
121903.4978870000 112483.6520325790
118878.0426810388 110559.3833776737
118241.1047429417 111842.2291476105
118400.3392274660 112964.7191963053
116489.5254131748 117615.0351123263
124292.0151548641 120982.5052584105
122540.4358250971 114728.6321299684
119833.4495881845 112162.9405900947
126999.0013917767 108314.4032802842
127795.1738143981 121303.2167008947
114897.1805679320 119378.9480459895
119674.2151036602 109276.5376077368
122221.9668560486 120822.1495371684
117763.4012893689 118897.8808822632
124610.4841239126 113125.0749175474
116330.2909286505 113606.1420812737
122381.2013405728 109917.9604927053
122858.9047941456 107672.9803953158
117922.6357738932 116492.5450636316
117922.6357738932 111521.5177051263
120470.3875262815 117133.9679486000
118559.5737119903 117775.3908335684
118400.3392274660 114247.5649662421
119355.7461346117 109116.1818864947
128272.8772679709 120982.5052584105
119992.6840727087 110559.3833776737
117444.9323203204 113606.1420812737
125088.1875774854 112002.5848688526
117604.1668048447 111040.4505414000
125565.8910310582 110399.0276564316
121744.2634024757 113926.8535237579
117285.6978357961 117133.9679486000
129705.9876286893 109436.8933289789
121107.3254643786 114568.2764087263
125247.4220620097 108635.1147227684
119833.4495881845 114888.9878512105
127954.4082989223 109757.6047714632
123018.1392786699 108955.8261652526
126999.0013917767 107993.6918378000

127172.7682781126 136461.7076628889
128940.3012488604 136940.3325815556
133600.1608990135 136940.3325815556
130707.8342196081 128644.1673246667
127494.1379091577 135025.8329068889
132796.7368214009 135025.8329068889
128136.8771712477 129122.7922433333
124762.4960452748 134706.7496277778
125405.2353073649 126251.0427313333
119299.2123175090 129920.5004411111
129743.7253264730 126091.5010917778
128458.2468022928 125772.4178126667
122352.2238124369 135504.4578255556
129422.3556954279 138057.1240584445
125244.5504918423 135983.0827442222
120102.6363951216 131037.2919180000
129904.4101419955 131356.3751971111
122030.8541813919 132154.0833948889
126690.7138315450 131994.5417553333
131671.9431127432 136142.6243837778
129261.6708799054 129601.4171620000
128136.8771712477 136940.3325815556
124119.7567831847 134866.2912673333
124280.4415987072 131835.0001157778
129100.9860643829 126410.5843708889
124119.7567831847 130718.2086388889
122673.5934434820 135983.0827442222
131029.2038506531 131675.4584762222
131671.9431127432 128325.0840455555
122352.2238124369 134228.1247091111
127012.0834625901 134068.5830695555
130868.5190351306 128484.6256851111
128618.9316178153 133430.4165113333
123316.3327055721 131994.5417553333
125565.9201228874 126729.6676500000
122191.5389969144 132632.7083135555
132314.6823748333 131515.9168366667
128779.6164333378 132473.1666740000
121227.4301037793 128963.2506037778
123959.0719676622 131037.2919180000
128940.3012488604 135663.9994651111
131993.3127437883 130877.7502784445
120263.3212106441 128165.5424060000
119992.6840727087 108955.8261652526
120948.0909798544 110399.0276564316
122699.6703096214 112483.6520325790
129069.0496905922 120982.5052584105
118559.5737119903 114568.2764087263
123018.1392786699 121142.8609796526
124928.9530929612 107031.5575103474
127317.4703608252 107993.6918378000
129546.7531441650 109597.2490502210
124928.9530929612 109276.5376077368
120948.0909798544 110238.6719351895
121903.4978870000 107672.9803953158
126202.8289691553 108154.0475590421
122858.9047941456 107512.6246740737
116330.2909286505 113606.1420812737
120151.9185572330 110719.7390989158
125565.8910310582 111040.4505414000
116489.5254131748 112644.0077538210
119355.7461346117 116492.5450636316
117763.4012893689 115690.7664574211
124132.7806703398 121142.8609796526
120151.9185572330 113766.4978025158
116807.9943822233 117775.3908335684
117444.9323203204 114247.5649662421
121266.5599489029 112323.2963113368
120629.6220108058 112162.9405900947
121425.7944334272 112804.3634750631
116967.2288667476 118416.8137185368
118878.0426810388 107993.6918378000
120629.6220108058 116652.9007848737
121107.3254643786 111040.4505414000
123495.8427322427 110238.6719351895
117126.4633512718 114087.2092450000
122381.2013405728 111842.2291476105
125565.8910310582 120822.1495371684
126839.7669072524 110719.7390989158
121585.0289179515 108154.0475590421
125565.8910310582 108314.4032802842
117126.4633512718 112162.9405900947
129069.0496905922 110078.3162139474
117285.6978357961 113766.4978025158
121266.5599489029 110238.6719351895
119037.2771655631 109597.2490502210
117604.1668048447 117454.6793910842
119037.2771655631 111200.8062626421
127158.2358763010 108314.4032802842
123018.1392786699 109436.8933289789
122381.2013405728 109116.1818864947
121585.0289179515 120982.5052584105
119355.7461346117 117775.3908335684
121425.7944334272 107833.3361165579
124928.9530929612 112964.7191963053
119196.5116500874 107833.3361165579

121709.4845503469 138535.7489771111
134885.6394231937 137259.4158606667
127815.5075402027 137099.8742211111
127494.1379091577 136142.6243837778
123637.7023366171 135185.3745464445
129422.3556954279 131835.0001157778
126369.3442005000 131675.4584762222
121066.7452882568 131515.9168366667
122994.9630745270 131196.8335575555
126208.6593849775 130080.0420806667
132153.9975593108 129760.9588015555
125083.8656763198 128963.2506037778
131189.8886661757 128165.5424060000
126851.3986470676 126251.0427313333
121388.1149193018 127846.4591268889
122030.8541813919 136940.3325815556
122834.2782590045 134547.2079882222
123316.3327055721 129920.5004411111
121388.1149193018 137897.5824188889
132153.9975593108 133909.0414300000
126690.7138315450 138535.7489771111
119138.5275019865 131196.8335575555
120745.3756572117 136302.1660233333
124280.4415987072 135983.0827442222
122030.8541813919 135504.4578255556
128136.8771712477 129601.4171620000
117853.0489778063 130399.1253597778
131832.6279282657 135823.5411046667
125565.9201228874 127686.9174873333
129743.7253264730 124177.0014171111
129261.6708799054 124177.0014171111
124923.1808607973 130558.6669993333
127012.0834625901 134547.2079882222
127494.1379091577 125931.9594522222
129261.6708799054 135185.3745464445
131832.6279282657 129282.3338828889
124441.1264142297 126889.2092895556
121709.4845503469 131515.9168366667
125565.9201228874 138535.7489771111
122352.2238124369 127367.8342082222
120745.3756572117 126729.6676500000
122673.5934434820 128963.2506037778
120424.0060261667 135185.3745464445
127476.7048453495 121142.8609796526
117604.1668048447 119699.6594884737
118559.5737119903 119378.9480459895
118400.3392274660 119058.2366035053
116807.9943822233 114568.2764087263
117604.1668048447 114087.2092450000
122858.9047941456 112323.2963113368
123814.3117012913 108795.4704440105
127795.1738143981 120982.5052584105
117285.6978357961 115209.6992936947
124928.9530929612 120501.4380946842
118878.0426810388 114568.2764087263
127635.9393298738 111521.5177051263
123018.1392786699 120341.0823734421
116330.2909286505 118897.8808822632
117604.1668048447 120341.0823734421
119833.4495881845 115049.3435724526
124451.2496393883 111681.8734263684
119355.7461346117 119218.5923247474
120629.6220108058 107993.6918378000
128113.6427834466 108795.4704440105
121585.0289179515 107833.3361165579
119196.5116500874 107512.6246740737
124928.9530929612 120822.1495371684
117285.6978357961 111040.4505414000
116489.5254131748 114407.9206874842
128113.6427834466 109757.6047714632
118400.3392274660 111040.4505414000
120788.8564953301 116813.2565061158
125088.1875774854 108154.0475590421
116648.7598976990 116011.4778999053
126999.0013917767 110078.3162139474
119514.9806191359 120501.4380946842
123018.1392786699 107833.3361165579
122858.9047941456 113285.4306387895
124292.0151548641 111361.1619838842
121107.3254643786 113125.0749175474
116011.8219596019 116332.1893423895
124292.0151548641 112644.0077538210
118878.0426810388 113445.7863600316
119196.5116500874 118096.1022760526
129546.7531441650 109436.8933289789
119833.4495881845 115851.1221786632
114260.2426298349 119699.6594884737
117126.4633512718 111200.8062626421
126680.5324227282 108314.4032802842
117126.4633512718 113285.4306387895
116807.9943822233 118737.5251610211
121425.7944334272 114568.2764087263
118400.3392274660 109276.5376077368
127158.2358763010 109276.5376077368
126202.8289691553 109917.9604927053
123018.1392786699 108955.8261652526

131993.3127437883 136780.7909420000
122834.2782590045 130718.2086388889
119620.5819485541 132313.6250344444
130547.1494040856 138216.6656980000
128779.6164333378 132313.6250344444
127012.0834625901 125134.2512544444
127333.4530936351 129920.5004411111
128940.3012488604 123857.9181380000
122352.2238124369 137738.0407793333
120906.0604727342 135344.9161860000
118817.1578709414 129122.7922433333
121870.1693658694 128484.6256851111
130868.5190351306 134228.1247091111
132153.9975593108 136621.2493024445
122994.9630745270 128484.6256851111
121709.4845503469 128006.0007664444
125887.2897539324 130239.5837202222
123798.3871521396 134228.1247091111
126047.9745694550 130877.7502784445
119941.9515795991 135185.3745464445
130547.1494040856 130718.2086388889
121066.7452882568 134228.1247091111
126047.9745694550 129122.7922433333
129100.9860643829 138535.7489771111
129743.7253264730 127527.3758477778
121227.4301037793 135344.9161860000
120424.0060261667 126410.5843708889
128458.2468022928 125134.2512544444
122030.8541813919 134387.6663486667
128940.3012488604 138376.2073375556
120424.0060261667 130877.7502784445
121870.1693658694 131196.8335575555
129904.4101419955 130399.1253597778
127976.1923557252 135344.9161860000
130225.7797730405 126570.1260104444
131029.2038506531 128803.7089642222
121709.4845503469 126889.2092895556
124762.4960452748 133749.4997904444
124601.8112297523 133430.4165113333
126851.3986470676 132473.1666740000
132475.3671903558 135663.9994651111
121709.4845503469 137099.8742211111
120906.0604727342 129282.3338828889
123018.1392786699 120982.5052584105
129705.9876286893 109597.2490502210
122381.2013405728 107191.9132315895
117126.4633512718 119699.6594884737
120788.8564953301 119539.3037672316
121266.5599489029 115851.1221786632
128909.8152060680 109757.6047714632
125565.8910310582 111040.4505414000
121107.3254643786 107833.3361165579
122381.2013405728 114407.9206874842
116967.2288667476 113766.4978025158
117285.6978357961 114407.9206874842
126839.7669072524 107672.9803953158
124769.7186084369 106550.4903466211
128591.3462370194 120982.5052584105
118559.5737119903 116332.1893423895
120629.6220108058 108955.8261652526
117922.6357738932 111040.4505414000
128113.6427834466 110399.0276564316
119992.6840727087 107833.3361165579
123018.1392786699 120501.4380946842
126043.5944846311 120822.1495371684
120948.0909798544 120822.1495371684
125725.1255155825 110559.3833776737
127476.7048453495 108314.4032802842
122699.6703096214 107672.9803953158
128750.5807215437 109917.9604927053
122699.6703096214 111842.2291476105
124451.2496393883 106871.2017891053
121266.5599489029 107512.6246740737
119514.9806191359 114888.9878512105
118241.1047429417 118416.8137185368
122858.9047941456 115209.6992936947
125884.3600001068 107672.9803953158
118400.3392274660 107672.9803953158
117126.4633512718 114728.6321299684
123973.5461858155 109917.9604927053
118718.8081965146 110399.0276564316
127476.7048453495 111681.8734263684
121107.3254643786 111842.2291476105
126202.8289691553 112644.0077538210
118241.1047429417 108955.8261652526
125088.1875774854 121623.9281433789
122221.9668560486 113445.7863600316
127158.2358763010 110399.0276564316
114578.7115988835 118737.5251610211
121107.3254643786 113926.8535237579
128432.1117524951 121142.8609796526
118878.0426810388 117133.9679486000
117285.6978357961 116973.6122273579
113941.7736607864 119378.9480459895
118081.8702584175 115209.6992936947
119196.5116500874 115530.4107361790

121709.4845503469 138535.7489771111
125565.9201228874 138535.7489771111
127654.8227246802 138535.7489771111
126851.3986470676 138376.2073375556
127976.1923557252 138216.6656980000
125887.2897539324 138057.1240584445
122994.9630745270 137738.0407793333
129422.3556954279 137738.0407793333
121870.1693658694 137418.9575002222
129422.3556954279 137418.9575002222
123798.3871521396 136621.2493024445
126851.3986470676 135983.0827442222
131832.6279282657 135344.9161860000
130868.5190351306 135185.3745464445
133118.1064524459 135185.3745464445
131029.2038506531 134706.7496277778
128297.5619867703 134547.2079882222
133439.4760834910 134387.6663486667
132314.6823748333 134068.5830695555
126690.7138315450 133909.0414300000
119459.8971330315 133749.4997904444
127494.1379091577 133111.3332322222
131029.2038506531 132951.7915926667
124601.8112297523 132792.2499531111
120906.0604727342 132313.6250344444
123316.3327055721 132313.6250344444
123959.0719676622 131835.0001157778
129743.7253264730 131675.4584762222
132957.4216369234 131675.4584762222
131671.9431127432 131196.8335575555
122191.5389969144 130399.1253597778
122673.5934434820 130239.5837202222
127333.4530936351 130239.5837202222
129100.9860643829 130080.0420806667
120745.3756572117 129920.5004411111
123959.0719676622 129760.9588015555
125887.2897539324 129760.9588015555
121709.4845503469 129282.3338828889
126047.9745694550 129122.7922433333
126047.9745694550 128644.1673246667
128779.6164333378 128484.6256851111
126208.6593849775 127686.9174873333
122352.2238124369 127208.2925686667
124451.2496393883 121463.5724221369
126680.5324227282 120982.5052584105
127158.2358763010 120982.5052584105
127795.1738143981 120982.5052584105
125247.4220620097 120822.1495371684
125088.1875774854 120501.4380946842
116967.2288667476 120180.7266522000
117604.1668048447 119378.9480459895
114260.2426298349 118737.5251610211
116967.2288667476 118737.5251610211
117126.4633512718 118577.1694397789
115534.1185060291 117935.7465548105
119355.7461346117 117775.3908335684
115534.1185060291 117133.9679486000
120311.1530417573 116973.6122273579
119196.5116500874 116813.2565061158
119674.2151036602 116332.1893423895
122221.9668560486 115851.1221786632
116330.2909286505 115530.4107361790
119674.2151036602 115370.0550149369
120629.6220108058 115370.0550149369
120629.6220108058 115049.3435724526
116807.9943822233 114087.2092450000
121903.4978870000 113766.4978025158
119833.4495881845 113606.1420812737
124292.0151548641 113125.0749175474
121425.7944334272 112964.7191963053
124610.4841239126 112644.0077538210
119196.5116500874 112483.6520325790
119833.4495881845 112483.6520325790
120948.0909798544 112483.6520325790
121425.7944334272 112483.6520325790
126202.8289691553 112323.2963113368
123177.3737631942 111521.5177051263
119355.7461346117 111200.8062626421
127476.7048453495 111040.4505414000
127954.4082989223 111040.4505414000
122858.9047941456 110719.7390989158
128750.5807215437 110559.3833776737
124132.7806703398 110238.6719351895
118559.5737119903 110078.3162139474
119514.9806191359 108474.7590015263
123655.0772167670 108314.4032802842
125247.4220620097 108314.4032802842
119992.6840727087 108154.0475590421
120948.0909798544 107993.6918378000
124132.7806703398 107993.6918378000
124451.2496393883 106871.2017891053
129546.7531441650 109757.6047714632
123177.3737631942 120341.0823734421
123177.3737631942 109436.8933289789
130024.4565977379 109597.2490502210
117763.4012893689 110078.3162139474

