139476849.1188922822 1963224.9882812500
144477619.6207838058 2058659.8857421875
147631795.6925970912 2067181.9267578125
141903553.1212489307 2053854.3242187500
139979611.5771226287 2026552.8876953125
144706898.6641835272 2066824.7265625000
143111789.0180944204 2057402.8076171875
139898993.1802865267 2015706.5664062500
141157166.0466347635 2041036.0703125000
139456251.0417197943 1950045.9062500000
148443342.4723092914 2067991.9121093750
149793662.0842825770 2074984.2158203125
139725033.6786404252 2000982.2900390625
139797442.2578519881 2007922.2626953125
