672528514.9493807554 661.9483782351
644962086.8749929667 606.7279202342
651126287.6437270641 642.4574072659
646288661.7011774778 609.1034145504
646700299.1937214136 615.2668162435
642314964.7762961388 565.4651388749
644854797.1952226162 602.7309441268
657117259.3070955276 645.0602582693
672077844.4394155741 658.1888878942
648526650.2121255398 639.9870468229
661322616.2748314142 658.1446713209
647261565.3087587357 621.9353248626
643630551.4865117073 585.9466787875
644213538.7758563757 593.1640280038
646373752.9515030384 610.3536837250
644450007.3767679930 600.3927931711
