126077.7445628394 132828.3195700922
124481.2294749562 132668.7591285894
111070.5027367372 117350.9567443212
123044.3658958613 135062.1657511313
116339.0025267518 125009.8579364553
113784.5783861387 121659.0886648967
124800.5324925328 130434.9129475503
115381.0934740219 120861.2864573827
124800.5324925328 134902.6053096285
116339.0025267518 122456.8908724106
111549.4572631022 117191.3963028184
126237.3960716277 138253.3745811871
124002.2749485912 139689.4185547123
127833.9111595110 135859.9679586453
119851.3357200949 127881.9458835056
113305.6238597737 121978.2095479022
115061.7904564453 125967.2205854721
123044.3658958613 137136.4514906676
125279.4870188978 133466.5613361034
117296.9115794817 129637.1107400363
117616.2145970584 124531.1766119469
126397.0475804161 132030.5173625782
112347.7148070438 119903.9238083659
114902.1389476569 122616.4513139134
125119.8355101095 140168.0998792207
109314.3361400657 116234.0336538017
116179.3510179635 127881.9458835056
114423.1844212920 121659.0886648967
120330.2902464599 130754.0338305559
124002.2749485912 133147.4404530977
113305.6238597737 122137.7699894050
116817.9570531168 128201.0667665112
116977.6085619051 125328.9788194609
112347.7148070438 120382.6051328743
124481.2294749562 133626.1217776061
122725.0628782847 134583.4844266229
117616.2145970584 129317.9898570307
128153.2141770876 132509.1986870866
128791.8202122409 133307.0008946006
112028.4117894672 120542.1655743771
116339.0025267518 126445.9019099804
115860.0480003869 125328.9788194609
124161.9264573796 132668.7591285894
125119.8355101095 131711.3964795726
122086.4568431314 130594.4733890531
115061.7904564453 123573.8139629302
109473.9876488540 116074.4732122989
127195.3051243577 131870.9569210754
123842.6234398029 132828.3195700922
126876.0021067810 135700.4075171424
127514.6081419343 135700.4075171424
117935.5176146350 123254.6930799246
121767.1538255547 127243.7041174944
124960.1840013212 131073.1547135614
124800.5324925328 132987.8800115950
126397.0475804161 132349.6382455838

124321.5779661679 140327.6603207235
122884.7143870730 139370.2976717067
123204.0174046496 138572.4954641927
125598.7900364745 138412.9350226899
125119.8355101095 138253.3745811871
124640.8809837445 137934.2536981815
123842.6234398029 137615.1328151760
126397.0475804161 136657.7701661592
125918.0930540511 136179.0888416508
126876.0021067810 135540.8470756397
125119.8355101095 135062.1657511313
127833.9111595110 135062.1657511313
125598.7900364745 134743.0448681257
124002.2749485912 133785.6822191089
127195.3051243577 133626.1217776061
128791.8202122409 133466.5613361034
127674.2596507226 132987.8800115950
127993.5626682993 132509.1986870866
119372.3811937299 132349.6382455838
121128.5477904015 132030.5173625782
124481.2294749562 130275.3525060475
119851.3357200949 128679.7480910196
120489.9417552482 128679.7480910196
120170.6387376715 128520.1876495168
123682.9719310146 128520.1876495168
119053.0781761533 128360.6272080140
123044.3658958613 128041.5063250084
117935.5176146350 127403.2645589972
119053.0781761533 127243.7041174944
120170.6387376715 126924.5832344888
120330.2902464599 126605.4623514832
120809.2447728248 125967.2205854721
119053.0781761533 124850.2974949525
119212.7296849416 124531.1766119469
115061.7904564453 124371.6161704441
114103.8814037153 123573.8139629302
113465.2753685620 123414.2535214274
114263.5329125037 123414.2535214274
117775.8661058467 123095.1326384218
111868.7602806788 118627.4402763436
110431.8967015839 118308.3193933380
112188.0632982555 118148.7589518352
127514.6081419343 135381.2866341369
116658.3055443285 121978.2095479022
124161.9264573796 137615.1328151760
127035.6536155693 135221.7261926341
110112.5936840073 117350.9567443212
115061.7904564453 121499.5282233939
117456.5630882701 125967.2205854721
121447.8508079781 126605.4623514832
119851.3357200949 131551.8360380698
122565.4113694964 129637.1107400363
125598.7900364745 137774.6932566788
117456.5630882701 128360.6272080140
114902.1389476569 123254.6930799246
126077.7445628394 137774.6932566788

124321.5779661679 140327.6603207235
123204.0174046496 139210.7372302039
122405.7598607080 137296.0119321704
125119.8355101095 137136.4514906676
124640.8809837445 135700.4075171424
126876.0021067810 135540.8470756397
128632.1687034526 134423.9239851201
128791.8202122409 134264.3635436173
123363.6689134380 133945.2426606117
122246.1083519197 133626.1217776061
123682.9719310146 133466.5613361034
124321.5779661679 133307.0008946006
124002.2749485912 131870.9569210754
119053.0781761533 131232.7151550642
125598.7900364745 130115.7920645447
123682.9719310146 128520.1876495168
119691.6842113066 128041.5063250084
120010.9872288832 128041.5063250084
117935.5176146350 127403.2645589972
119053.0781761533 127403.2645589972
116498.6540355402 126765.0227929860
119212.7296849416 125967.2205854721
120809.2447728248 125967.2205854721
117775.8661058467 125009.8579364553
120010.9872288832 125009.8579364553
118733.7751585767 124690.7370534497
119053.0781761533 124531.1766119469
115860.0480003869 123733.3744044330
113465.2753685620 123414.2535214274
116658.3055443285 121978.2095479022
115221.4419652336 120542.1655743771
111868.7602806788 118308.3193933380
109633.6391576423 115436.2314462877
113784.5783861387 119425.2424838575
119372.3811937299 132987.8800115950
125119.8355101095 132030.5173625782
122565.4113694964 130754.0338305559
118095.1691234234 124531.1766119469
122086.4568431314 129317.9898570307
116179.3510179635 121339.9677818911
127035.6536155693 136338.6492831536
126876.0021067810 134104.8031021145
116019.6995091752 127243.7041174944
114902.1389476569 124052.4952874385
116019.6995091752 122776.0117554162
108675.7301049124 114957.5501217793
122246.1083519197 127722.3854420028
117137.2600706934 123254.6930799246
113305.6238597737 121339.9677818911
120968.8962816131 132668.7591285894
128791.8202122409 133466.5613361034
118254.8206322117 131073.1547135614
124960.1840013212 131551.8360380698
125758.4415452628 136976.8910491648
123842.6234398029 138412.9350226899
124640.8809837445 129317.9898570307

119212.7296849416 132668.7591285894
123842.6234398029 141285.0229697402
121128.5477904015 135859.9679586453
122884.7143870730 135062.1657511313
116019.6995091752 126126.7810269748
123523.3204222263 135540.8470756397
114582.8359300803 120382.6051328743
110591.5482103723 117829.6380688296
118414.4721410000 126445.9019099804
124161.9264573796 141444.5834112430
115540.7449828102 123573.8139629302
111868.7602806788 120542.1655743771
116977.6085619051 126605.4623514832
122086.4568431314 135062.1657511313
109633.6391576423 115436.2314462877
121926.8053343431 130275.3525060475
125758.4415452628 130275.3525060475
122565.4113694964 137774.6932566788
119053.0781761533 130115.7920645447
122405.7598607080 132190.0778040810
121607.5023167664 129477.5502985335
121607.5023167664 130275.3525060475
126077.7445628394 134423.9239851201
116179.3510179635 127562.8250005000
124321.5779661679 134264.3635436173
123523.3204222263 138732.0559056955
123363.6689134380 131392.2755965670
118095.1691234234 127403.2645589972
117456.5630882701 129158.4294155279
127833.9111595110 132509.1986870866
126876.0021067810 133307.0008946006
119372.3811937299 132509.1986870866
112826.6693334088 121180.4073403883
120649.5932640365 127084.1436759916
117616.2145970584 128520.1876495168
119372.3811937299 127403.2645589972
113305.6238597737 123254.6930799246
128153.2141770876 133785.6822191089
124002.2749485912 141125.4625282374
127833.9111595110 135859.9679586453
120330.2902464599 132030.5173625782
117137.2600706934 125009.8579364553
113465.2753685620 121978.2095479022
111549.4572631022 117350.9567443212
124960.1840013212 139210.7372302039
115221.4419652336 121978.2095479022
119532.0327025183 129956.2316230419
124960.1840013212 133147.4404530977
109473.9876488540 116234.0336538017
124002.2749485912 135859.9679586453
124800.5324925328 140327.6603207235
116179.3510179635 121659.0886648967
126397.0475804161 135381.2866341369
121926.8053343431 132828.3195700922
113784.5783861387 121659.0886648967
124960.1840013212 130115.7920645447

123044.3658958613 132668.7591285894
123204.0174046496 132509.1986870866
115381.0934740219 126765.0227929860
119851.3357200949 126445.9019099804
129111.1232298175 133307.0008946006
124640.8809837445 132987.8800115950
117456.5630882701 128520.1876495168
122725.0628782847 133466.5613361034
124481.2294749562 133945.2426606117
122565.4113694964 132668.7591285894
125439.1385276861 137934.2536981815
127993.5626682993 132509.1986870866
124640.8809837445 139689.4185547123
115860.0480003869 122776.0117554162
115540.7449828102 122776.0117554162
123044.3658958613 130275.3525060475
125598.7900364745 139210.7372302039
126237.3960716277 138253.3745811871
111549.4572631022 119425.2424838575
125439.1385276861 133466.5613361034
118574.1236497883 132190.0778040810
111709.1087718905 117350.9567443212
116019.6995091752 121339.9677818911
127354.9566331460 136338.6492831536
124002.2749485912 139051.1767887011
122086.4568431314 134902.6053096285
114742.4874388686 125648.0997024665
122086.4568431314 132828.3195700922
118893.4266673650 131711.3964795726
116977.6085619051 128839.3085325223
128153.2141770876 135062.1657511313
113624.9268773504 120861.2864573827
122884.7143870730 133147.4404530977
126397.0475804161 134583.4844266229
122246.1083519197 134743.0448681257
120010.9872288832 129637.1107400363
117296.9115794817 124850.2974949525
124960.1840013212 136657.7701661592
126556.6990892044 132030.5173625782
126876.0021067810 131392.2755965670
114263.5329125037 124690.7370534497
116977.6085619051 124052.4952874385
127993.5626682993 132349.6382455838
122884.7143870730 129158.4294155279
125598.7900364745 132349.6382455838
116977.6085619051 128360.6272080140
121128.5477904015 129956.2316230419
110431.8967015839 117191.3963028184
127354.9566331460 132349.6382455838
126237.3960716277 130913.5942720586
124481.2294749562 133147.4404530977
110431.8967015839 116712.7149783100
125598.7900364745 130275.3525060475
110591.5482103723 116553.1545368073
118414.4721410000 125488.5392609637
118254.8206322117 127403.2645589972

124640.8809837445 140806.3416452318
123842.6234398029 138412.9350226899
124161.9264573796 138093.8141396843
121926.8053343431 137296.0119321704
125758.4415452628 136817.3306076620
126876.0021067810 136498.2097246564
122725.0628782847 136338.6492831536
127035.6536155693 136338.6492831536
124640.8809837445 135700.4075171424
122565.4113694964 134743.0448681257
122246.1083519197 133626.1217776061
127833.9111595110 132828.3195700922
127035.6536155693 132349.6382455838
121926.8053343431 132190.0778040810
123842.6234398029 132030.5173625782
119212.7296849416 131870.9569210754
124002.2749485912 131870.9569210754
119053.0781761533 131232.7151550642
124960.1840013212 129956.2316230419
118414.4721410000 128998.8689740251
120010.9872288832 128041.5063250084
122246.1083519197 127722.3854420028
119053.0781761533 127403.2645589972
115700.3964915986 126924.5832344888
116658.3055443285 126126.7810269748
120968.8962816131 126126.7810269748
119212.7296849416 125967.2205854721
118893.4266673650 125009.8579364553
119212.7296849416 124212.0557289413
113465.2753685620 123414.2535214274
116817.9570531168 123254.6930799246
113944.2298949270 122297.3304309078
116179.3510179635 121339.9677818911
110910.8512279489 118148.7589518352
111389.8057543139 117989.1985103324
109633.6391576423 115436.2314462877
108675.7301049124 114957.5501217793
119851.3357200949 125009.8579364553
119372.3811937299 132987.8800115950
125119.8355101095 134743.0448681257
117616.2145970584 128041.5063250084
113145.9723509854 118946.5611593492
112347.7148070438 119106.1216008519
123682.9719310146 133466.5613361034
113305.6238597737 121339.9677818911
118414.4721410000 129796.6711815391
127354.9566331460 133307.0008946006
128791.8202122409 133466.5613361034
117775.8661058467 125009.8579364553
124960.1840013212 131551.8360380698
120968.8962816131 127881.9458835056
127195.3051243577 131551.8360380698
114902.1389476569 124690.7370534497
118414.4721410000 125488.5392609637
122565.4113694964 130754.0338305559
127195.3051243577 135700.4075171424

110591.5482103723 118148.7589518352
124161.9264573796 136498.2097246564
113784.5783861387 121499.5282233939
114582.8359300803 121339.9677818911
121926.8053343431 130115.7920645447
120170.6387376715 130434.9129475503
111868.7602806788 119265.6820423547
114423.1844212920 122776.0117554162
114902.1389476569 120382.6051328743
125279.4870188978 133626.1217776061
123044.3658958613 138572.4954641927
125119.8355101095 133307.0008946006
126077.7445628394 132668.7591285894
125439.1385276861 133466.5613361034
117616.2145970584 123573.8139629302
123204.0174046496 138572.4954641927
114582.8359300803 125169.4183779581
111709.1087718905 117829.6380688296
118574.1236497883 124850.2974949525
118733.7751585767 128839.3085325223
125598.7900364745 139051.1767887011
113145.9723509854 121339.9677818911
118733.7751585767 123733.3744044330
124960.1840013212 133147.4404530977
119372.3811937299 128360.6272080140
124960.1840013212 130275.3525060475
112986.3208421971 121818.6491063994
122086.4568431314 134583.4844266229
128153.2141770876 132987.8800115950
119372.3811937299 128998.8689740251
126556.6990892044 133785.6822191089
123363.6689134380 133785.6822191089
113944.2298949270 121339.9677818911
124800.5324925328 132349.6382455838
128791.8202122409 133466.5613361034
122086.4568431314 136657.7701661592
121767.1538255547 136976.8910491648
114423.1844212920 122616.4513139134
125758.4415452628 131551.8360380698
121767.1538255547 132190.0778040810
123204.0174046496 134583.4844266229
114423.1844212920 121339.9677818911
125439.1385276861 132828.3195700922
123363.6689134380 130913.5942720586
114423.1844212920 121020.8468988855
123523.3204222263 133466.5613361034
116498.6540355402 125169.4183779581
124321.5779661679 135540.8470756397
126077.7445628394 131551.8360380698
123842.6234398029 128839.3085325223
127354.9566331460 133307.0008946006
112188.0632982555 118946.5611593492
122246.1083519197 133945.2426606117
118095.1691234234 126924.5832344888
125918.0930540511 136976.8910491648
124321.5779661679 133945.2426606117

123682.9719310146 139529.8581132095
122884.7143870730 139370.2976717067
123204.0174046496 139370.2976717067
123523.3204222263 139051.1767887011
125119.8355101095 139051.1767887011
123682.9719310146 138732.0559056955
123842.6234398029 138412.9350226899
122086.4568431314 138253.3745811871
123842.6234398029 137615.1328151760
126077.7445628394 137455.5723736731
126397.0475804161 137455.5723736731
124960.1840013212 137296.0119321704
125119.8355101095 137136.4514906676
121288.1992991898 136338.6492831536
122246.1083519197 136338.6492831536
126397.0475804161 136338.6492831536
126716.3505979927 136019.5284001480
126876.0021067810 135700.4075171424
127035.6536155693 135221.7261926341
128791.8202122409 133466.5613361034
124161.9264573796 132987.8800115950
127674.2596507226 132987.8800115950
127993.5626682993 132509.1986870866
119053.0781761533 131870.9569210754
121607.5023167664 130434.9129475503
117935.5176146350 129796.6711815391
121447.8508079781 128679.7480910196
123044.3658958613 128679.7480910196
117456.5630882701 128360.6272080140
119372.3811937299 128360.6272080140
123204.0174046496 128360.6272080140
122405.7598607080 128041.5063250084
120330.2902464599 127881.9458835056
121447.8508079781 127722.3854420028
117456.5630882701 126924.5832344888
116498.6540355402 126765.0227929860
119372.3811937299 126765.0227929860
116019.6995091752 125009.8579364553
114103.8814037153 123573.8139629302
113465.2753685620 123414.2535214274
116977.6085619051 123254.6930799246
115860.0480003869 122935.5721969190
113944.2298949270 121659.0886648967
116179.3510179635 121339.9677818911
112028.4117894672 118787.0007178464
110112.5936840073 117350.9567443212
110272.2451927956 117031.8358613156
108516.0785961241 114957.5501217793
124321.5779661679 138732.0559056955
120170.6387376715 126924.5832344888
119053.0781761533 127243.7041174944
114582.8359300803 119903.9238083659
122086.4568431314 128041.5063250084
125439.1385276861 131551.8360380698
119532.0327025183 129637.1107400363
122246.1083519197 133147.4404530977

124161.9264573796 137615.1328151760
124481.2294749562 136976.8910491648
126397.0475804161 136657.7701661592
126716.3505979927 136019.5284001480
124800.5324925328 135540.8470756397
119372.3811937299 132987.8800115950
122086.4568431314 132349.6382455838
119372.3811937299 132190.0778040810
123842.6234398029 130115.7920645447
119053.0781761533 128360.6272080140
121447.8508079781 127722.3854420028
121926.8053343431 127722.3854420028
122246.1083519197 127722.3854420028
117935.5176146350 127403.2645589972
118414.4721410000 123573.8139629302
115860.0480003869 122935.5721969190
112826.6693334088 121499.5282233939
109633.6391576423 115595.7918877905
119372.3811937299 129317.9898570307
108516.0785961241 114957.5501217793
122405.7598607080 133466.5613361034
119053.0781761533 125807.6601439693
114742.4874388686 122456.8908724106
127035.6536155693 132349.6382455838
124800.5324925328 136976.8910491648
126237.3960716277 131711.3964795726
118254.8206322117 126765.0227929860
122246.1083519197 133945.2426606117
126876.0021067810 135221.7261926341
124002.2749485912 136179.0888416508
112028.4117894672 120382.6051328743
110431.8967015839 116872.2754198129
113465.2753685620 123414.2535214274
124640.8809837445 135700.4075171424
126237.3960716277 133466.5613361034
128632.1687034526 134264.3635436173
119691.6842113066 125169.4183779581
124640.8809837445 134104.8031021145
118733.7751585767 127084.1436759916
118095.1691234234 131392.2755965670
126876.0021067810 133466.5613361034
122725.0628782847 130434.9129475503
117935.5176146350 127881.9458835056
113944.2298949270 121659.0886648967
119212.7296849416 127243.7041174944
115061.7904564453 121499.5282233939
129111.1232298175 133466.5613361034
111230.1542455256 117829.6380688296
123044.3658958613 131232.7151550642
124960.1840013212 133626.1217776061
125279.4870188978 132987.8800115950
117296.9115794817 128679.7480910196
119532.0327025183 129317.9898570307
117775.8661058467 124531.1766119469
115540.7449828102 121020.8468988855
118414.4721410000 129158.4294155279

124640.8809837445 135700.4075171424
125918.0930540511 133785.6822191089
127035.6536155693 132349.6382455838
124960.1840013212 131551.8360380698
118414.4721410000 125488.5392609637
116658.3055443285 124212.0557289413
113305.6238597737 121339.9677818911
116179.3510179635 121339.9677818911
124321.5779661679 132828.3195700922
121447.8508079781 133626.1217776061
124640.8809837445 137934.2536981815
116019.6995091752 124690.7370534497
125918.0930540511 133147.4404530977
112028.4117894672 117510.5171858240
123044.3658958613 134583.4844266229
120170.6387376715 125967.2205854721
120170.6387376715 129477.5502985335
123363.6689134380 140487.2207622263
128312.8656858759 132987.8800115950
122565.4113694964 135540.8470756397
120968.8962816131 125967.2205854721
117935.5176146350 126605.4623514832
124002.2749485912 130594.4733890531
126876.0021067810 131232.7151550642
126876.0021067810 134104.8031021145
114582.8359300803 120223.0446913715
125758.4415452628 131711.3964795726
116019.6995091752 123414.2535214274
122246.1083519197 128679.7480910196
118254.8206322117 131232.7151550642
117775.8661058467 125009.8579364553
115221.4419652336 120542.1655743771
120809.2447728248 131392.2755965670
122086.4568431314 137934.2536981815
127354.9566331460 133466.5613361034
122565.4113694964 130434.9129475503
120809.2447728248 131711.3964795726
111230.1542455256 118467.8798348408
127195.3051243577 134902.6053096285
124640.8809837445 134902.6053096285
116658.3055443285 126286.3414684777
124960.1840013212 140327.6603207235
121288.1992991898 129796.6711815391
112028.4117894672 118787.0007178464
113305.6238597737 121818.6491063994
124481.2294749562 132030.5173625782
119532.0327025183 131232.7151550642
109633.6391576423 115914.9127707961
119851.3357200949 125009.8579364553
114423.1844212920 120542.1655743771
121128.5477904015 135221.7261926341
112188.0632982555 121180.4073403883
109952.9421752190 115595.7918877905
120010.9872288832 126286.3414684777
123363.6689134380 138572.4954641927
124481.2294749562 131073.1547135614

125598.7900364745 130913.5942720586
116977.6085619051 128041.5063250084
112188.0632982555 119903.9238083659
125439.1385276861 132190.0778040810
122246.1083519197 129477.5502985335
126237.3960716277 131392.2755965670
115540.7449828102 123095.1326384218
119212.7296849416 124371.6161704441
123842.6234398029 140008.5394377179
117456.5630882701 125328.9788194609
124481.2294749562 132509.1986870866
117775.8661058467 123733.3744044330
118095.1691234234 130594.4733890531
113784.5783861387 123095.1326384218
122884.7143870730 130434.9129475503
126077.7445628394 132828.3195700922
114582.8359300803 124371.6161704441
120968.8962816131 126605.4623514832
122246.1083519197 132668.7591285894
124800.5324925328 129796.6711815391
126397.0475804161 132668.7591285894
124002.2749485912 132509.1986870866
123682.9719310146 133626.1217776061
119532.0327025183 125488.5392609637
119053.0781761533 132987.8800115950
121128.5477904015 130594.4733890531
113784.5783861387 120861.2864573827
115860.0480003869 125967.2205854721
121128.5477904015 129796.6711815391
126077.7445628394 138412.9350226899
108516.0785961241 114319.3083557682
115860.0480003869 123095.1326384218
113145.9723509854 122776.0117554162
119851.3357200949 126445.9019099804
120330.2902464599 129158.4294155279
121767.1538255547 128201.0667665112
115860.0480003869 127403.2645589972
113784.5783861387 123892.9348459357
118733.7751585767 128679.7480910196
117456.5630882701 130275.3525060475
112347.7148070438 121020.8468988855
126077.7445628394 134743.0448681257
122405.7598607080 132349.6382455838
123363.6689134380 130754.0338305559
124960.1840013212 133785.6822191089
114103.8814037153 120861.2864573827
126397.0475804161 134423.9239851201
127514.6081419343 132030.5173625782
119851.3357200949 127084.1436759916
127993.5626682993 132668.7591285894
114263.5329125037 122456.8908724106
122565.4113694964 134264.3635436173
127035.6536155693 134423.9239851201
120330.2902464599 125967.2205854721
127195.3051243577 131870.9569210754
126556.6990892044 136338.6492831536

124161.9264573796 137615.1328151760
123363.6689134380 133785.6822191089
123682.9719310146 132987.8800115950
126397.0475804161 132190.0778040810
119212.7296849416 131870.9569210754
122246.1083519197 127722.3854420028
116817.9570531168 127084.1436759916
119053.0781761533 125807.6601439693
114103.8814037153 123573.8139629302
123044.3658958613 133785.6822191089
112028.4117894672 121020.8468988855
111709.1087718905 120223.0446913715
111070.5027367372 117191.3963028184
118095.1691234234 129637.1107400363
120968.8962816131 129956.2316230419
119851.3357200949 132190.0778040810
125598.7900364745 134902.6053096285
125918.0930540511 130594.4733890531
127195.3051243577 133307.0008946006
121447.8508079781 136817.3306076620
120968.8962816131 127243.7041174944
117137.2600706934 124531.1766119469
115860.0480003869 121180.4073403883
126077.7445628394 133945.2426606117
125598.7900364745 132349.6382455838
119212.7296849416 126605.4623514832
126397.0475804161 136179.0888416508
121128.5477904015 136019.5284001480
114902.1389476569 121818.6491063994
127993.5626682993 132828.3195700922
125439.1385276861 138732.0559056955
124640.8809837445 140168.0998792207
129111.1232298175 133626.1217776061
117137.2600706934 129477.5502985335
111070.5027367372 119106.1216008519
126397.0475804161 134902.6053096285
126397.0475804161 137455.5723736731
125598.7900364745 131870.9569210754
114423.1844212920 125009.8579364553
112347.7148070438 120063.4842498687
123682.9719310146 128360.6272080140
122086.4568431314 128041.5063250084
120649.5932640365 132190.0778040810
125439.1385276861 137136.4514906676
127674.2596507226 132987.8800115950
118414.4721410000 126286.3414684777
123363.6689134380 130115.7920645447
113784.5783861387 119425.2424838575
116019.6995091752 126286.3414684777
121128.5477904015 131551.8360380698
117935.5176146350 129796.6711815391
111709.1087718905 117191.3963028184
119212.7296849416 130275.3525060475
127674.2596507226 134743.0448681257
126556.6990892044 134423.9239851201
122725.0628782847 132190.0778040810

127354.9566331460 135381.2866341369
118893.4266673650 124690.7370534497
124640.8809837445 135062.1657511313
124640.8809837445 131870.9569210754
125918.0930540511 131232.7151550642
121288.1992991898 126765.0227929860
111070.5027367372 117989.1985103324
124800.5324925328 133307.0008946006
124800.5324925328 130434.9129475503
118095.1691234234 123733.3744044330
116977.6085619051 127403.2645589972
111230.1542455256 117191.3963028184
119851.3357200949 126286.3414684777
124481.2294749562 134743.0448681257
125119.8355101095 137615.1328151760
119212.7296849416 128520.1876495168
123523.3204222263 132987.8800115950
118254.8206322117 130754.0338305559
114263.5329125037 123733.3744044330
126876.0021067810 135859.9679586453
124321.5779661679 132030.5173625782
116019.6995091752 122297.3304309078
120489.9417552482 126765.0227929860
127674.2596507226 132349.6382455838
115061.7904564453 122297.3304309078
126876.0021067810 134583.4844266229
125279.4870188978 131870.9569210754
126716.3505979927 135381.2866341369
111868.7602806788 117670.0776273268
128951.4717210292 133626.1217776061
123523.3204222263 132668.7591285894
119532.0327025183 132668.7591285894
110751.1997191606 118627.4402763436
123363.6689134380 134423.9239851201
121607.5023167664 134264.3635436173
125598.7900364745 131232.7151550642
112986.3208421971 118946.5611593492
115381.0934740219 122456.8908724106
124640.8809837445 130434.9129475503
117935.5176146350 130754.0338305559
122725.0628782847 134902.6053096285
122405.7598607080 134423.9239851201
124640.8809837445 138093.8141396843
122405.7598607080 133785.6822191089
127514.6081419343 133147.4404530977
110591.5482103723 117670.0776273268
126716.3505979927 133626.1217776061
117775.8661058467 124690.7370534497
115540.7449828102 121499.5282233939
126237.3960716277 132190.0778040810
118574.1236497883 127881.9458835056
124481.2294749562 137934.2536981815
126716.3505979927 132828.3195700922
116019.6995091752 121659.0886648967
118414.4721410000 124690.7370534497
122246.1083519197 132509.1986870866

121926.8053343431 134423.9239851201
123204.0174046496 133945.2426606117
115700.3964915986 125169.4183779581
123523.3204222263 136976.8910491648
112188.0632982555 119584.8029253603
116658.3055443285 123414.2535214274
115381.0934740219 120861.2864573827
119851.3357200949 124850.2974949525
122405.7598607080 138572.4954641927
109633.6391576423 116074.4732122989
122405.7598607080 132349.6382455838
128472.5171946642 133945.2426606117
116977.6085619051 122935.5721969190
110751.1997191606 118787.0007178464
115700.3964915986 123414.2535214274
114582.8359300803 123573.8139629302
126876.0021067810 133307.0008946006
124161.9264573796 137455.5723736731
123523.3204222263 130913.5942720586
118095.1691234234 125009.8579364553
126716.3505979927 136019.5284001480
125279.4870188978 132509.1986870866
126237.3960716277 135859.9679586453
122884.7143870730 133785.6822191089
114902.1389476569 124531.1766119469
117775.8661058467 126445.9019099804
115860.0480003869 127243.7041174944
119532.0327025183 125009.8579364553
121447.8508079781 126605.4623514832
124002.2749485912 140168.0998792207
111868.7602806788 118308.3193933380
122405.7598607080 132509.1986870866
123204.0174046496 139051.1767887011
112028.4117894672 120861.2864573827
119532.0327025183 124531.1766119469
116498.6540355402 125807.6601439693
110751.1997191606 117191.3963028184
123523.3204222263 131870.9569210754
125758.4415452628 132668.7591285894
124002.2749485912 133626.1217776061
117296.9115794817 129637.1107400363
123044.3658958613 132349.6382455838
114103.8814037153 121978.2095479022
126716.3505979927 133626.1217776061
120968.8962816131 134902.6053096285
126397.0475804161 134423.9239851201
124640.8809837445 132349.6382455838
125119.8355101095 134423.9239851201
125918.0930540511 130913.5942720586
126876.0021067810 134423.9239851201
122246.1083519197 133785.6822191089
123363.6689134380 132509.1986870866
112028.4117894672 121020.8468988855
122086.4568431314 133147.4404530977
128632.1687034526 134583.4844266229
120489.9417552482 131870.9569210754

123842.6234398029 138412.9350226899
122086.4568431314 138253.3745811871
124481.2294749562 136976.8910491648
124640.8809837445 135700.4075171424
128632.1687034526 134423.9239851201
128791.8202122409 133466.5613361034
119372.3811937299 132987.8800115950
119212.7296849416 131870.9569210754
119053.0781761533 131232.7151550642
125598.7900364745 130115.7920645447
122086.4568431314 129317.9898570307
118733.7751585767 128201.0667665112
120010.9872288832 128041.5063250084
115860.0480003869 123733.3744044330
113465.2753685620 123414.2535214274
116658.3055443285 121978.2095479022
109633.6391576423 115436.2314462877
122086.4568431314 128360.6272080140
110910.8512279489 118148.7589518352
124002.2749485912 131870.9569210754
121926.8053343431 132190.0778040810
118414.4721410000 125488.5392609637
125758.4415452628 136817.3306076620
123842.6234398029 132030.5173625782
119053.0781761533 127403.2645589972
118414.4721410000 128998.8689740251
124161.9264573796 138093.8141396843
116817.9570531168 123254.6930799246
116977.6085619051 124052.4952874385
118893.4266673650 125009.8579364553
119212.7296849416 125967.2205854721
121767.1538255547 136338.6492831536
115221.4419652336 120542.1655743771
126876.0021067810 136498.2097246564
117775.8661058467 125009.8579364553
119212.7296849416 124212.0557289413
125119.8355101095 130913.5942720586
123682.9719310146 133466.5613361034
124960.1840013212 129956.2316230419
115540.7449828102 125967.2205854721
117456.5630882701 126445.9019099804
127035.6536155693 136338.6492831536
111868.7602806788 118308.3193933380
108675.7301049124 114957.5501217793
117137.2600706934 123254.6930799246
118095.1691234234 126765.0227929860
118414.4721410000 129477.5502985335
111389.8057543139 117989.1985103324
122246.1083519197 133626.1217776061
125918.0930540511 133785.6822191089
123204.0174046496 128360.6272080140
119691.6842113066 128041.5063250084
127035.6536155693 132349.6382455838
115860.0480003869 126126.7810269748
124960.1840013212 131551.8360380698
122565.4113694964 134743.0448681257

123363.6689134380 132190.0778040810
112986.3208421971 121818.6491063994
124800.5324925328 132349.6382455838
125119.8355101095 132668.7591285894
123523.3204222263 132987.8800115950
116179.3510179635 126445.9019099804
128791.8202122409 133785.6822191089
124800.5324925328 136498.2097246564
113145.9723509854 119106.1216008519
117296.9115794817 126605.4623514832
125918.0930540511 132668.7591285894
125439.1385276861 132987.8800115950
121128.5477904015 133307.0008946006
124481.2294749562 136657.7701661592
124800.5324925328 130434.9129475503
116339.0025267518 121659.0886648967
124800.5324925328 129956.2316230419
115700.3964915986 123095.1326384218
113784.5783861387 121659.0886648967
125918.0930540511 130754.0338305559
128312.8656858759 133307.0008946006
121607.5023167664 131711.3964795726
125119.8355101095 134743.0448681257
114902.1389476569 125328.9788194609
112347.7148070438 121020.8468988855
116019.6995091752 121499.5282233939
118254.8206322117 129796.6711815391
116019.6995091752 122456.8908724106
127195.3051243577 132190.0778040810
113944.2298949270 123254.6930799246
124002.2749485912 135700.4075171424
117456.5630882701 122935.5721969190
117137.2600706934 129477.5502985335
116019.6995091752 124850.2974949525
110751.1997191606 116712.7149783100
116019.6995091752 124371.6161704441
117137.2600706934 127403.2645589972
126716.3505979927 132030.5173625782
112986.3208421971 121978.2095479022
121767.1538255547 132987.8800115950
122086.4568431314 129158.4294155279
115381.0934740219 121180.4073403883
125598.7900364745 131551.8360380698
114103.8814037153 121499.5282233939
116658.3055443285 128998.8689740251
115860.0480003869 121818.6491063994
113465.2753685620 121818.6491063994
121767.1538255547 131711.3964795726
124002.2749485912 132509.1986870866
127514.6081419343 135540.8470756397
126237.3960716277 134902.6053096285
125119.8355101095 134902.6053096285
118574.1236497883 126605.4623514832
124002.2749485912 128998.8689740251
115860.0480003869 127562.8250005000
124002.2749485912 138732.0559056955

