322208424.5706898570 78488.3488006592
337193743.8874714971 105373.4360008240
338624551.9838671684 105462.8057403564
339001019.5319004059 108180.0968475342
339320683.1069031358 109060.1128540039
322822642.8522081375 93558.6671371460
324671573.6532770991 96631.0765457153
324298568.7725848556 94772.9973564148
338678438.7065810561 106110.0734786987
324882039.3675838113 96856.1826934814
322516176.4160000682 86444.7086181641
324321137.7157745957 96216.2079849243
321339855.3368963599 73792.9434332848
322775178.2453711033 90577.4380388260
328945742.0812014341 101872.5548095703
325247728.6716188192 98321.4727478027
326139375.1247335672 98393.9724922180
331367174.1564829350 102436.4630661011
328944616.5228627324 100447.7968902588
322810421.3703598976 90866.6954345703
334532639.6029577851 104665.0358200073
331348802.0058169365 102324.3066253662
332212797.2799150348 104297.6992187500
323128150.3442270756 94320.0264816284
326873255.6098980904 100184.3968048096
323978904.8616738319 94764.9310531616
322715409.2950398326 87358.5546436310
324919594.0024574399 98181.8703384399
