1100709555.4180555344 677930.3315734863
1084828419.3822116852 659157.7788352966
1080086186.3496534824 639552.1462593079
1078478084.0366313457 545631.9861450195
1094004046.9038376808 666319.6306228638
1101382601.0558061600 680679.4325180054
1083517992.9596037865 646267.6553802490
1107292958.7296030521 681834.1879348755
1082167549.0412228107 645926.8941650391
1097178738.7109763622 674581.3612976074
1082110449.8852369785 641109.4187393188
1084380971.7230918407 654848.9986572266
1087355553.6851656437 659369.6569519043
1088469674.8717055321 664415.7122726440
1095480925.5334651470 671738.6990814209
1079535648.6446833611 631112.2574653625
1091060884.6159553528 665338.0086059570
1091250050.4471263885 665935.8127861023
