118323.8751329645 134558.5141872212
107733.7841358581 134398.7429095622
118323.8751329645 133440.1152436083
116558.8599667801 132960.8014106314
119767.9784507518 132960.8014106314
107252.4163632624 132801.0301329724
117682.0514361702 132801.0301329724
119767.9784507518 131203.3173563825
119126.1547539575 129445.8333021336
117521.5955119716 128806.7481914977
114954.3007247943 127848.1205255438
115114.7566489929 127688.3492478848
116719.3158909787 127368.8066925668
105487.4011970780 127209.0354149078
114312.4770280000 126889.4928595899
117361.1395877731 126729.7215819309
118484.3310571631 126569.9503042719
105326.9452728794 126410.1790266129
115275.2125731915 126410.1790266129
109017.4315294468 126090.6364712949
112066.0940892199 125771.0939159770
116398.4040425816 125771.0939159770
110301.0789230355 125611.3226383180
112226.5500134184 124972.2375276821
116558.8599667801 124652.6949723641
114312.4770280000 124333.1524170461
115596.1244215887 124013.6098617281
112387.0059376170 123694.0673064101
114954.3007247943 122735.4396404562
110621.9907714326 122256.1258074793
111263.8144682269 121776.8119745023
103722.3860308936 121457.2694191843
113991.5651796028 121457.2694191843
114633.3888763972 121457.2694191843
108696.5196810496 121297.4981415253
108696.5196810496 120818.1843085484
109498.7993020425 120498.6417532304
103882.8419550922 120338.8704755714
104845.5775002837 120179.0991979125
107412.8722874610 120019.3279202535
107252.4163632624 119859.5566425945
105647.8571212766 119699.7853649355
105968.7689696738 119699.7853649355
111424.2703924255 119060.7002542995
110782.4466956312 118741.1576989816
104524.6656518865 118581.3864213226
105006.0334244823 118581.3864213226
107573.3282116596 118581.3864213226
114312.4770280000 118261.8438660046
111745.1822408227 116504.3598117558
116237.9481183830 115545.7321458019
114793.8448005957 114587.1044798479
115596.1244215887 114427.3332021890
113670.6533312057 113948.0193692120
115435.6684973901 113948.0193692120
110301.0789230355 113788.2480915530
111905.6381650213 113468.7055362350
118484.3310571631 113468.7055362350
111905.6381650213 112030.7640373042
117040.2277393759 111870.9927596452
118163.4192087660 111870.9927596452
114312.4770280000 111391.6789266682
120088.8902991489 111391.6789266682
118965.6988297589 111072.1363713502
117040.2277393759 110273.2799830553
118163.4192087660 110113.5087053963
122174.8173137305 109314.6523171014
121693.4495411348 108995.1097617834
115756.5803457872 131043.5460787235
136289.7443837590 108557.4467220625
137572.8813300723 108395.7010855375
138856.0182763856 108395.7010855375
138856.0182763856 107910.4641759625
136610.5286203373 107263.4816298625
135166.9995557350 107101.7359933375
135968.9601471807 107101.7359933375
137252.0970934940 107101.7359933375
135968.9601471807 106131.2621741875
136450.1365020482 105807.7709011375
129874.0596521928 105646.0252646125
135327.3916740241 105646.0252646125
131317.5887167952 105484.2796280875
138535.2340398072 107101.7359933375
134525.4310825783 104675.5514454625
138695.6261580964 109527.9205412125
129713.6675339036 105969.5165376625
132279.9414265301 106293.0078107125
130355.2360070602 106293.0078107125
132600.7256631084 106939.9903568125
133402.6862545542 106131.2621741875
131959.1571899518 106454.7534472375
138535.2340398072 109366.1749046875
133081.9020179759 105969.5165376625
137252.0970934940 108557.4467220625

113189.2855586099 120658.4130308894
114954.3007247943 122256.1258074793
105647.8571212766 120498.6417532304
113028.8296344113 128966.5194691567
114633.3888763972 116823.9023670737
109980.1670746383 113788.2480915530
109498.7993020425 118261.8438660046
108054.6959842553 122735.4396404562
111103.3585440284 128007.8918032028
118805.2429055603 131842.4024670184
109177.8874536454 120338.8704755714
106129.2248938723 116823.9023670737
115756.5803457872 131203.3173563825
104043.2978792908 121297.4981415253
109819.7111504397 117303.2162000507
116077.4921941844 128646.9769138387
113831.1092554043 112989.3917032581
105487.4011970780 119859.5566425945
113991.5651796028 125611.3226383180
112547.4618618156 113308.9342585760
110301.0789230355 113308.9342585760
111103.3585440284 122096.3545298203
114633.3888763972 125132.0088053410
116077.4921941844 116823.9023670737
118644.7869813617 129605.6045797926
115114.7566489929 116664.1310894147
107252.4163632624 123534.2960287512
114954.3007247943 131522.8599117004
114793.8448005957 128806.7481914977
117682.0514361702 128487.2056361797
109498.7993020425 124173.3811393871
113991.5651796028 126410.1790266129
106771.0485906667 118421.6151436636
107573.3282116596 115865.2747011198
115756.5803457872 127368.8066925668
116077.4921941844 124492.9236947051
111103.3585440284 121297.4981415253
117682.0514361702 110273.2799830553
115756.5803457872 123853.8385840691
112707.9177860142 125930.8651936360
104364.2097276879 123374.5247510922
115596.1244215887 128806.7481914977
119126.1547539575 132321.7162999954
108054.6959842553 124013.6098617281
106610.5926664681 121137.7268638664
117842.5073603688 129126.2907468157
114793.8448005957 126889.4928595899
113349.7414828085 124972.2375276821
117682.0514361702 130724.0035234055
105808.3130454752 121936.5832521613
115275.2125731915 130404.4609680876
105166.4893486808 119859.5566425945
114793.8448005957 114107.7906468710
113349.7414828085 129605.6045797926
117040.2277393759 130244.6896904286
115596.1244215887 122256.1258074793
109980.1670746383 117942.3013106867
111745.1822408227 114906.6470351659
116237.9481183830 115385.9608681429
112707.9177860142 117622.7587553687
114633.3888763972 111711.2214819862
108215.1519084539 135836.6844084931
115917.0362699858 110752.5938160323
107091.9604390638 122096.3545298203
107091.9604390638 123374.5247510922
109980.1670746383 127049.2641372488
106129.2248938723 122575.6683627972
111905.6381650213 128167.6630808618
112707.9177860142 116983.6736447327
140459.9394592771 103705.0776263125
133402.6862545542 107425.2272663875
137893.6655666506 104675.5514454625
132600.7256631084 106454.7534472375
136610.5286203373 105807.7709011375
128270.1384693012 105807.7709011375
135327.3916740241 105807.7709011375
139176.8025129639 107263.4816298625
137252.0970934940 105160.7883550375
139657.9788678313 104190.3145358875
136931.3128569157 105646.0252646125
134044.2547277109 107748.7185394375
138214.4498032289 105160.7883550375
134365.0389642892 107263.4816298625
139657.9788678313 107425.2272663875
132600.7256631084 105484.2796280875
140459.9394592771 104999.0427185125
136770.9207386265 104513.8058089375
138214.4498032289 107263.4816298625
138856.0182763856 109042.6836316375
137733.2734483615 103866.8232628375
133883.8626094217 107263.4816298625
131157.1965985060 105322.5339915625
139176.8025129639 107910.4641759625
129392.8832973253 105807.7709011375

104524.6656518865 122096.3545298203
113189.2855586099 115545.7321458019
106450.1367422695 117143.4449223917
118644.7869813617 129765.3758574516
119767.9784507518 129925.1471351106
114312.4770280000 114107.7906468710
118805.2429055603 110433.0512607143
107412.8722874610 120977.9555862074
113510.1974070071 128007.8918032028
112707.9177860142 127848.1205255438
106610.5926664681 117303.2162000507
104685.1215760851 122096.3545298203
111905.6381650213 127049.2641372488
108536.0637568511 122895.2109181152
117842.5073603688 114906.6470351659
119286.6106781560 112510.0778702811
114152.0211038014 124652.6949723641
110301.0789230355 125930.8651936360
110140.6229988369 122096.3545298203
117361.1395877731 110592.8225383733
112387.0059376170 114746.8757575069
113831.1092554043 128167.6630808618
107412.8722874610 120498.6417532304
110782.4466956312 122735.4396404562
122495.7291621277 109953.7374277373
108696.5196810496 124972.2375276821
109338.3433778440 122895.2109181152
110301.0789230355 122895.2109181152
105968.7689696738 120338.8704755714
114312.4770280000 126090.6364712949
109177.8874536454 126250.4077489539
115435.6684973901 114746.8757575069
113510.1974070071 114427.3332021890
114954.3007247943 117942.3013106867
118163.4192087660 133919.4290765852
115114.7566489929 111711.2214819862
113831.1092554043 128806.7481914977
119767.9784507518 130244.6896904286
111424.2703924255 124812.4662500231
107733.7841358581 116184.8172564378
117040.2277393759 110113.5087053963
116879.7718151773 127848.1205255438
117842.5073603688 132321.7162999954
109177.8874536454 116184.8172564378
114954.3007247943 113628.4768138940
115435.6684973901 116504.3598117558
116719.3158909787 112510.0778702811
106931.5045148652 123054.9821957742
119928.4343749504 111072.1363713502
114793.8448005957 130724.0035234055
111103.3585440284 113948.0193692120
117521.5955119716 114427.3332021890
109177.8874536454 115385.9608681429
115435.6684973901 112989.3917032581
113028.8296344113 129286.0620244747
106450.1367422695 129925.1471351106
106129.2248938723 121297.4981415253
111745.1822408227 113948.0193692120
111584.7263166241 114906.6470351659
104203.7538034894 122735.4396404562
113831.1092554043 129925.1471351106
121212.0817685390 110592.8225383733
105968.7689696738 122895.2109181152
110942.9026198298 127528.5779702258
118965.6988297589 112190.5353149631
118163.4192087660 129605.6045797926
111745.1822408227 116664.1310894147
116398.4040425816 124333.1524170461
115114.7566489929 129126.2907468157
130836.4123619277 105160.7883550375
137893.6655666506 104352.0601724125
134044.2547277109 104675.5514454625
131317.5887167952 105322.5339915625
129392.8832973253 105807.7709011375
139016.4103946747 107263.4816298625
139176.8025129639 105484.2796280875
128751.3148241687 105969.5165376625
133563.0783728434 106131.2621741875
132440.3335448193 106939.9903568125
134525.4310825783 107101.7359933375
132119.5493082410 106293.0078107125
138214.4498032289 104190.3145358875
132761.1177813976 104999.0427185125
138535.2340398072 104999.0427185125
137733.2734483615 107425.2272663875
134204.6468460000 106939.9903568125
138535.2340398072 107586.9729029125
136770.9207386265 104513.8058089375
130194.8438887711 105484.2796280875
136289.7443837590 104837.2970819875
139497.5867495422 104190.3145358875
133883.8626094217 104513.8058089375
137893.6655666506 106131.2621741875
138054.0576849398 103866.8232628375

118323.8751329645 132161.9450223364
118323.8751329645 133919.4290765852
116558.8599667801 111711.2214819862
110140.6229988369 116184.8172564378
116237.9481183830 115226.1895904839
119928.4343749504 112510.0778702811
108375.6078326525 120977.9555862074
110140.6229988369 126250.4077489539
115596.1244215887 129445.8333021336
109338.3433778440 115066.4183128249
117200.6836635745 124812.4662500231
116879.7718151773 116184.8172564378
120409.8021475461 109793.9661500783
113991.5651796028 123374.5247510922
116077.4921941844 130404.4609680876
119767.9784507518 132481.4875776544
112226.5500134184 117782.5300330277
111745.1822408227 128167.6630808618
105808.3130454752 122256.1258074793
110942.9026198298 123374.5247510922
108856.9756052482 115545.7321458019
111584.7263166241 123694.0673064101
115275.2125731915 129286.0620244747
116077.4921941844 128966.5194691567
103882.8419550922 121776.8119745023
105647.8571212766 119380.2428096175
121532.9936169362 109953.7374277373
115756.5803457872 111072.1363713502
115917.0362699858 127848.1205255438
112226.5500134184 114107.7906468710
121051.6258443404 109314.6523171014
112387.0059376170 115385.9608681429
113028.8296344113 115705.5034234608
119928.4343749504 109953.7374277373
119767.9784507518 129286.0620244747
108215.1519084539 124173.3811393871
115917.0362699858 130244.6896904286
106289.6808180709 122735.4396404562
107733.7841358581 123214.7534734332
115435.6684973901 128487.2056361797
115114.7566489929 128966.5194691567
113991.5651796028 129286.0620244747
111424.2703924255 128007.8918032028
115275.2125731915 124812.4662500231
116558.8599667801 128646.9769138387
116719.3158909787 112510.0778702811
111584.7263166241 121776.8119745023
116719.3158909787 125132.0088053410
121853.9054653333 109793.9661500783
118484.3310571631 127368.8066925668
106129.2248938723 129126.2907468157
115917.0362699858 131522.8599117004
110621.9907714326 118421.6151436636
111424.2703924255 114587.1044798479
114152.0211038014 126250.4077489539
113349.7414828085 119699.7853649355
112707.9177860142 129445.8333021336
111584.7263166241 127688.3492478848
107252.4163632624 118421.6151436636
110621.9907714326 126410.1790266129
118323.8751329645 112829.6204255991
104685.1215760851 124333.1524170461
108856.9756052482 122735.4396404562
111103.3585440284 117462.9874777097
117521.5955119716 131363.0886340415
115114.7566489929 131203.3173563825
103722.3860308936 120498.6417532304
105968.7689696738 120658.4130308894
119126.1547539575 111870.9927596452
136770.9207386265 105160.7883550375
132440.3335448193 104837.2970819875
134365.0389642892 107748.7185394375
133242.2941362651 104999.0427185125
138054.0576849398 104513.8058089375
135166.9995557350 104513.8058089375
138856.0182763856 109689.6661777375
132279.9414265301 105807.7709011375
138374.8419215181 108233.9554490125
134525.4310825783 104837.2970819875
136450.1365020482 105646.0252646125
133081.9020179759 105484.2796280875
134525.4310825783 108072.2098124875
136610.5286203373 105484.2796280875
135968.9601471807 104190.3145358875
139978.7631044096 106616.4990837625
138214.4498032289 103866.8232628375
134204.6468460000 107910.4641759625
130515.6281253494 106131.2621741875
137733.2734483615 107586.9729029125
136129.3522654699 105484.2796280875
136289.7443837590 104352.0601724125
135006.6074374458 104675.5514454625
139016.4103946747 106293.0078107125
135487.7837923132 104837.2970819875

109498.7993020425 122895.2109181152
119447.0666023546 112510.0778702811
120088.8902991489 109793.9661500783
118965.6988297589 127368.8066925668
109819.7111504397 124333.1524170461
117361.1395877731 132161.9450223364
119607.5225265532 132960.8014106314
112066.0940892199 122256.1258074793
107733.7841358581 115705.5034234608
114793.8448005957 116504.3598117558
109338.3433778440 114267.5619245300
114793.8448005957 128007.8918032028
114954.3007247943 129765.3758574516
114954.3007247943 116983.6736447327
106771.0485906667 116504.3598117558
119767.9784507518 111551.4502043272
107894.2400600567 123374.5247510922
114312.4770280000 117462.9874777097
118323.8751329645 126410.1790266129
117040.2277393759 114906.6470351659
105006.0334244823 118741.1576989816
106450.1367422695 121776.8119745023
107894.2400600567 124812.4662500231
113510.1974070071 123694.0673064101
106771.0485906667 121776.8119745023
114472.9329521986 116344.5885340968
112066.0940892199 113468.7055362350
111424.2703924255 126250.4077489539
112707.9177860142 128167.6630808618
112066.0940892199 123694.0673064101
119447.0666023546 128487.2056361797
112066.0940892199 113308.9342585760
113831.1092554043 118102.0725883456
110621.9907714326 123214.7534734332
120249.3462233475 110273.2799830553
117682.0514361702 129925.1471351106
116398.4040425816 116504.3598117558
109498.7993020425 126569.9503042719
111745.1822408227 117303.2162000507
118805.2429055603 130404.4609680876
115917.0362699858 130404.4609680876
118002.9632845674 132960.8014106314
116719.3158909787 110273.2799830553
118484.3310571631 129605.6045797926
109017.4315294468 117143.4449223917
110942.9026198298 114587.1044798479
120088.8902991489 131043.5460787235
116558.8599667801 113628.4768138940
108054.6959842553 121936.5832521613
116398.4040425816 129925.1471351106
110301.0789230355 116184.8172564378
114152.0211038014 127049.2641372488
106610.5926664681 120818.1843085484
109177.8874536454 122415.8970851382
114472.9329521986 121776.8119745023
110461.5348472340 118581.3864213226
109659.2552262411 114906.6470351659
111103.3585440284 116823.9023670737
109980.1670746383 117622.7587553687
116558.8599667801 126250.4077489539
120409.8021475461 132002.1737446774
108054.6959842553 123853.8385840691
106289.6808180709 116664.1310894147
112226.5500134184 114267.5619245300
105166.4893486808 120019.3279202535
111263.8144682269 115226.1895904839
112707.9177860142 126729.7215819309
111103.3585440284 122415.8970851382
110621.9907714326 122256.1258074793
136610.5286203373 104190.3145358875
133563.0783728434 106939.9903568125
136289.7443837590 106616.4990837625
137893.6655666506 106293.0078107125
137733.2734483615 104190.3145358875
138535.2340398072 106131.2621741875
136129.3522654699 105322.5339915625
135487.7837923132 107101.7359933375
133563.0783728434 107263.4816298625
135327.3916740241 106939.9903568125
135808.5680288916 104352.0601724125
136129.3522654699 108072.2098124875
130676.0202436386 106454.7534472375
135648.1759106024 108233.9554490125
139016.4103946747 105807.7709011375
137412.4892117831 105646.0252646125
138535.2340398072 109527.9205412125
131638.3729533735 104999.0427185125
138214.4498032289 108072.2098124875
129072.0990607470 105969.5165376625
135808.5680288916 106616.4990837625
135166.9995557350 105969.5165376625
132279.9414265301 106454.7534472375
140139.1552226988 106454.7534472375
139016.4103946747 108880.9379951125

117361.1395877731 133440.1152436083
117842.5073603688 133120.5726882904
116558.8599667801 132960.8014106314
119607.5225265532 132481.4875776544
115917.0362699858 132161.9450223364
116237.9481183830 132161.9450223364
115275.2125731915 131522.8599117004
115596.1244215887 131363.0886340415
117200.6836635745 131363.0886340415
119767.9784507518 131203.3173563825
114152.0211038014 130883.7748010645
114793.8448005957 130244.6896904286
119447.0666023546 129925.1471351106
118484.3310571631 129765.3758574516
113991.5651796028 129605.6045797926
118002.9632845674 129445.8333021336
116879.7718151773 129286.0620244747
112066.0940892199 128487.2056361797
115917.0362699858 128487.2056361797
111905.6381650213 128327.4343585208
114793.8448005957 128327.4343585208
110301.0789230355 126889.4928595899
117361.1395877731 126569.9503042719
116398.4040425816 126090.6364712949
113510.1974070071 125930.8651936360
112868.3737102128 125771.0939159770
115756.5803457872 125132.0088053410
109819.7111504397 124652.6949723641
111424.2703924255 124652.6949723641
114472.9329521986 124652.6949723641
115596.1244215887 124333.1524170461
107733.7841358581 124173.3811393871
116719.3158909787 124173.3811393871
115435.6684973901 124013.6098617281
107252.4163632624 123694.0673064101
108696.5196810496 123374.5247510922
109338.3433778440 123054.9821957742
110782.4466956312 123054.9821957742
114793.8448005957 122735.4396404562
107894.2400600567 122415.8970851382
105808.3130454752 122256.1258074793
112066.0940892199 122096.3545298203
104043.2978792908 121936.5832521613
105487.4011970780 121936.5832521613
114954.3007247943 121617.0406968433
103882.8419550922 121457.2694191843
110782.4466956312 121457.2694191843
106771.0485906667 121297.4981415253
107412.8722874610 121297.4981415253
113831.1092554043 121137.7268638664
113028.8296344113 120179.0991979125
103241.0182582979 119699.7853649355
106450.1367422695 119699.7853649355
104043.2978792908 119060.7002542995
111905.6381650213 118900.9289766406
104203.7538034894 118741.1576989816
105006.0334244823 118581.3864213226
112226.5500134184 118581.3864213226
106771.0485906667 117782.5300330277
111584.7263166241 117462.9874777097
109177.8874536454 116664.1310894147
109980.1670746383 116664.1310894147
116879.7718151773 114906.6470351659
111584.7263166241 113788.2480915530
118644.7869813617 113788.2480915530
113991.5651796028 112989.3917032581
114954.3007247943 112829.6204255991
114633.3888763972 112669.8491479401
116879.7718151773 112669.8491479401
139176.8025129639 108395.7010855375
136129.3522654699 106616.4990837625
132600.7256631084 105807.7709011375
139337.1946312530 104675.5514454625
139657.9788678313 103543.3319897875
137733.2734483615 104675.5514454625
130676.0202436386 106454.7534472375
128751.3148241687 105484.2796280875
134685.8232008675 104999.0427185125
129232.4911790362 106131.2621741875
131638.3729533735 105484.2796280875
136129.3522654699 105160.7883550375
133402.6862545542 106454.7534472375
135808.5680288916 104513.8058089375
136931.3128569157 108233.9554490125
129553.2754156145 105969.5165376625
138535.2340398072 105160.7883550375
132921.5098996867 104837.2970819875
139016.4103946747 105160.7883550375
135166.9995557350 105160.7883550375
132119.5493082410 106454.7534472375
140299.5473409879 104675.5514454625
134044.2547277109 106778.2447202875
135006.6074374458 106616.4990837625
130996.8044802169 105322.5339915625

119607.5225265532 132481.4875776544
119767.9784507518 131203.3173563825
114793.8448005957 130883.7748010645
115596.1244215887 130244.6896904286
118484.3310571631 129765.3758574516
117682.0514361702 128966.5194691567
116077.4921941844 128327.4343585208
110301.0789230355 126250.4077489539
110782.4466956312 125611.3226383180
107091.9604390638 123534.2960287512
111745.1822408227 123214.7534734332
104364.2097276879 123054.9821957742
110782.4466956312 123054.9821957742
107894.2400600567 120818.1843085484
103241.0182582979 119699.7853649355
109017.4315294468 115705.5034234608
117842.5073603688 112829.6204255991
123458.4647073192 109793.9661500783
119126.1547539575 112030.7640373042
116558.8599667801 131682.6311893594
118805.2429055603 113788.2480915530
110301.0789230355 121936.5832521613
115114.7566489929 124812.4662500231
106129.2248938723 117303.2162000507
109819.7111504397 120498.6417532304
109017.4315294468 114906.6470351659
119767.9784507518 128966.5194691567
118163.4192087660 131522.8599117004
103722.3860308936 121457.2694191843
108696.5196810496 121457.2694191843
123137.5528589220 108675.5672064654
118002.9632845674 114427.3332021890
118163.4192087660 110113.5087053963
110461.5348472340 123054.9821957742
113991.5651796028 129126.2907468157
111263.8144682269 114107.7906468710
109498.7993020425 115865.2747011198
108536.0637568511 124173.3811393871
113991.5651796028 130244.6896904286
116398.4040425816 115865.2747011198
109819.7111504397 123214.7534734332
113510.1974070071 128806.7481914977
109017.4315294468 122256.1258074793
105808.3130454752 119540.0140872765
112547.4618618156 127368.8066925668
106289.6808180709 121936.5832521613
111905.6381650213 115066.4183128249
111263.8144682269 114587.1044798479
111905.6381650213 128646.9769138387
115756.5803457872 110592.8225383733
118965.6988297589 129286.0620244747
117682.0514361702 113948.0193692120
118002.9632845674 127848.1205255438
117521.5955119716 114587.1044798479
116077.4921941844 129765.3758574516
107252.4163632624 122415.8970851382
108536.0637568511 123374.5247510922
104845.5775002837 118102.0725883456
122816.6410105248 110113.5087053963
117682.0514361702 131203.3173563825
119447.0666023546 131363.0886340415
114793.8448005957 116983.6736447327
105166.4893486808 122415.8970851382
112868.3737102128 113948.0193692120
112226.5500134184 115066.4183128249
113670.6533312057 114746.8757575069
116879.7718151773 110752.5938160323
105326.9452728794 122256.1258074793
113028.8296344113 126410.1790266129
137252.0970934940 107425.2272663875
136931.3128569157 107101.7359933375
135487.7837923132 106939.9903568125
130676.0202436386 106454.7534472375
131959.1571899518 106454.7534472375
129553.2754156145 105969.5165376625
136129.3522654699 105160.7883550375
139176.8025129639 108395.7010855375
135327.3916740241 104352.0601724125
133242.2941362651 105484.2796280875
138695.6261580964 109042.6836316375
138214.4498032289 107586.9729029125
137412.4892117831 105646.0252646125
132440.3335448193 106293.0078107125
131959.1571899518 105969.5165376625
138856.0182763856 109204.4292681625
134525.4310825783 104837.2970819875
139657.9788678313 104999.0427185125
138856.0182763856 109689.6661777375
139818.3709861205 106778.2447202875
133563.0783728434 107263.4816298625
137733.2734483615 107263.4816298625
139978.7631044096 105646.0252646125
137572.8813300723 106939.9903568125
137572.8813300723 105646.0252646125

110301.0789230355 113308.9342585760
113670.6533312057 118102.0725883456
111745.1822408227 125611.3226383180
107894.2400600567 124972.2375276821
123618.9206315177 108515.7959288064
116398.4040425816 129286.0620244747
107894.2400600567 116983.6736447327
112226.5500134184 113628.4768138940
119126.1547539575 129605.6045797926
106610.5926664681 120498.6417532304
104364.2097276879 121297.4981415253
116398.4040425816 127688.3492478848
118163.4192087660 132960.8014106314
110461.5348472340 117782.5300330277
114633.3888763972 129765.3758574516
113349.7414828085 115066.4183128249
107573.3282116596 122256.1258074793
107573.3282116596 122735.4396404562
115435.6684973901 113948.0193692120
105968.7689696738 122096.3545298203
105166.4893486808 118900.9289766406
114793.8448005957 115226.1895904839
108536.0637568511 115545.7321458019
110942.9026198298 127688.3492478848
111584.7263166241 123853.8385840691
105647.8571212766 121617.0406968433
104685.1215760851 124333.1524170461
114152.0211038014 116184.8172564378
118323.8751329645 132801.0301329724
118163.4192087660 127368.8066925668
107091.9604390638 121617.0406968433
109017.4315294468 123374.5247510922
110301.0789230355 123374.5247510922
113510.1974070071 126889.4928595899
106610.5926664681 121776.8119745023
114633.3888763972 122575.6683627972
105006.0334244823 122575.6683627972
118805.2429055603 132801.0301329724
115917.0362699858 131043.5460787235
114954.3007247943 130404.4609680876
116077.4921941844 116184.8172564378
114793.8448005957 128646.9769138387
115756.5803457872 127368.8066925668
112066.0940892199 114267.5619245300
119928.4343749504 133440.1152436083
112387.0059376170 118741.1576989816
114793.8448005957 130724.0035234055
121693.4495411348 109634.1948724194
116077.4921941844 114746.8757575069
119126.1547539575 112350.3065926221
108215.1519084539 115545.7321458019
116879.7718151773 131363.0886340415
114312.4770280000 128167.6630808618
110782.4466956312 124812.4662500231
109819.7111504397 122415.8970851382
117040.2277393759 132161.9450223364
119767.9784507518 130084.9184127696
104043.2978792908 122575.6683627972
118323.8751329645 112510.0778702811
106610.5926664681 117942.3013106867
118484.3310571631 111391.6789266682
118323.8751329645 134238.9716319032
113991.5651796028 127848.1205255438
109659.2552262411 115545.7321458019
121853.9054653333 109793.9661500783
110942.9026198298 127528.5779702258
116237.9481183830 130084.9184127696
117040.2277393759 127368.8066925668
117200.6836635745 131203.3173563825
137733.2734483615 109204.4292681625
139657.9788678313 107425.2272663875
136289.7443837590 105160.7883550375
130194.8438887711 105322.5339915625
135487.7837923132 105969.5165376625
140299.5473409879 105484.2796280875
138856.0182763856 105160.7883550375
138695.6261580964 109204.4292681625
134685.8232008675 107910.4641759625
129072.0990607470 105484.2796280875
135166.9995557350 106293.0078107125
134685.8232008675 106616.4990837625
133883.8626094217 106939.9903568125
135648.1759106024 104999.0427185125
135166.9995557350 104999.0427185125
137091.7049752048 108719.1923585875
137733.2734483615 104675.5514454625
133242.2941362651 105322.5339915625
139978.7631044096 105807.7709011375
140299.5473409879 104999.0427185125
134685.8232008675 105160.7883550375
130676.0202436386 105969.5165376625
137893.6655666506 103866.8232628375
136450.1365020482 106131.2621741875
138374.8419215181 109042.6836316375

117842.5073603688 133120.5726882904
119607.5225265532 132481.4875776544
120249.3462233475 132321.7162999954
115275.2125731915 131682.6311893594
115756.5803457872 130724.0035234055
119447.0666023546 129925.1471351106
119126.1547539575 129605.6045797926
111905.6381650213 128806.7481914977
115435.6684973901 128806.7481914977
111905.6381650213 128327.4343585208
114793.8448005957 128327.4343585208
111263.8144682269 128007.8918032028
110301.0789230355 126889.4928595899
117200.6836635745 126569.9503042719
115435.6684973901 126410.1790266129
111424.2703924255 126250.4077489539
111103.3585440284 125771.0939159770
112868.3737102128 125771.0939159770
115756.5803457872 125132.0088053410
109819.7111504397 124652.6949723641
110782.4466956312 124652.6949723641
114472.9329521986 124652.6949723641
109980.1670746383 124013.6098617281
107091.9604390638 123534.2960287512
112707.9177860142 123534.2960287512
108696.5196810496 123374.5247510922
110782.4466956312 123054.9821957742
114152.0211038014 123054.9821957742
109980.1670746383 122575.6683627972
109017.4315294468 122415.8970851382
105326.9452728794 122256.1258074793
105808.3130454752 122256.1258074793
108054.6959842553 121617.0406968433
106771.0485906667 121297.4981415253
107412.8722874610 121297.4981415253
104524.6656518865 120818.1843085484
106771.0485906667 120498.6417532304
105166.4893486808 120179.0991979125
113028.8296344113 120179.0991979125
107091.9604390638 120019.3279202535
103241.0182582979 119699.7853649355
104203.7538034894 119540.0140872765
111905.6381650213 118900.9289766406
113991.5651796028 118261.8438660046
114633.3888763972 118102.0725883456
107733.7841358581 117622.7587553687
115756.5803457872 116983.6736447327
110301.0789230355 114107.7906468710
118163.4192087660 113149.1629809171
113991.5651796028 112989.3917032581
114954.3007247943 112829.6204255991
119286.6106781560 112669.8491479401
120088.8902991489 111711.2214819862
119607.5225265532 111231.9076490092
120570.2580717447 110592.8225383733
122816.6410105248 110113.5087053963
123137.5528589220 109634.1948724194
119767.9784507518 109474.4235947604
122335.2732379291 109314.6523171014
116077.4921941844 128327.4343585208
116879.7718151773 129286.0620244747
117521.5955119716 112510.0778702811
105487.4011970780 121936.5832521613
105647.8571212766 120179.0991979125
121372.5376927376 111072.1363713502
113670.6533312057 128966.5194691567
117361.1395877731 130084.9184127696
110461.5348472340 113149.1629809171
115596.1244215887 114587.1044798479
134365.0389642892 107910.4641759625
138535.2340398072 107101.7359933375
134044.2547277109 106454.7534472375
136129.3522654699 105807.7709011375
139818.3709861205 105646.0252646125
130996.8044802169 105322.5339915625
138535.2340398072 105160.7883550375
140299.5473409879 104675.5514454625
139337.1946312530 104028.5688993625
138695.6261580964 109204.4292681625
137091.7049752048 107101.7359933375
138535.2340398072 107586.9729029125
139497.5867495422 104837.2970819875
137252.0970934940 108072.2098124875
139978.7631044096 105969.5165376625
132921.5098996867 104837.2970819875
135968.9601471807 104675.5514454625
130676.0202436386 106454.7534472375
133242.2941362651 104999.0427185125
131638.3729533735 105484.2796280875
135166.9995557350 105160.7883550375
133402.6862545542 106454.7534472375
139337.1946312530 104675.5514454625
138535.2340398072 108557.4467220625
132600.7256631084 107263.4816298625

116558.8599667801 132960.8014106314
120891.1699201419 131682.6311893594
117200.6836635745 131363.0886340415
114152.0211038014 130883.7748010645
115756.5803457872 130724.0035234055
114793.8448005957 130244.6896904286
118484.3310571631 129765.3758574516
119126.1547539575 129605.6045797926
114793.8448005957 128327.4343585208
116077.4921941844 128327.4343585208
113831.1092554043 126569.9503042719
118002.9632845674 126410.1790266129
110301.0789230355 126250.4077489539
113189.2855586099 126250.4077489539
114633.3888763972 126250.4077489539
112868.3737102128 125771.0939159770
109177.8874536454 125132.0088053410
111424.2703924255 124652.6949723641
116237.9481183830 124652.6949723641
107733.7841358581 124173.3811393871
107252.4163632624 123694.0673064101
108375.6078326525 123214.7534734332
113670.6533312057 123214.7534734332
109338.3433778440 123054.9821957742
107894.2400600567 122415.8970851382
105808.3130454752 122256.1258074793
114954.3007247943 121617.0406968433
103882.8419550922 121457.2694191843
106771.0485906667 121297.4981415253
104524.6656518865 120818.1843085484
104364.2097276879 120179.0991979125
113028.8296344113 120179.0991979125
104043.2978792908 119060.7002542995
106450.1367422695 118900.9289766406
104203.7538034894 118741.1576989816
112226.5500134184 118581.3864213226
105006.0334244823 117942.3013106867
106771.0485906667 117782.5300330277
111424.2703924255 117303.2162000507
115756.5803457872 116983.6736447327
107091.9604390638 116664.1310894147
109980.1670746383 116664.1310894147
114954.3007247943 116025.0459787788
115596.1244215887 115385.9608681429
111263.8144682269 114906.6470351659
112707.9177860142 114107.7906468710
111584.7263166241 113788.2480915530
114633.3888763972 112669.8491479401
119447.0666023546 112030.7640373042
114472.9329521986 111231.9076490092
119607.5225265532 111231.9076490092
121853.9054653333 110752.5938160323
122495.7291621277 110113.5087053963
119767.9784507518 109474.4235947604
122335.2732379291 109314.6523171014
124260.7443283121 108515.7959288064
120570.2580717447 110752.5938160323
113349.7414828085 116025.0459787788
107733.7841358581 121297.4981415253
105487.4011970780 121936.5832521613
120570.2580717447 110592.8225383733
107894.2400600567 123214.7534734332
119126.1547539575 134079.2003542442
117200.6836635745 126889.4928595899
115917.0362699858 128487.2056361797
113028.8296344113 116184.8172564378
112066.0940892199 121776.8119745023
116879.7718151773 131203.3173563825
112066.0940892199 111870.9927596452
134365.0389642892 107910.4641759625
132600.7256631084 107263.4816298625
138535.2340398072 107101.7359933375
135006.6074374458 106616.4990837625
136129.3522654699 106616.4990837625
129232.4911790362 106131.2621741875
129392.8832973253 105807.7709011375
130996.8044802169 105322.5339915625
134685.8232008675 104999.0427185125
135808.5680288916 104513.8058089375
139818.3709861205 105646.0252646125
136129.3522654699 105160.7883550375
132921.5098996867 107101.7359933375
135166.9995557350 105160.7883550375
139337.1946312530 104028.5688993625
128751.3148241687 105484.2796280875
139657.9788678313 103543.3319897875
137091.7049752048 107101.7359933375
132600.7256631084 104837.2970819875
133242.2941362651 107586.9729029125
135968.9601471807 104675.5514454625
132600.7256631084 105807.7709011375
139176.8025129639 108395.7010855375
136931.3128569157 104513.8058089375
138054.0576849398 106616.4990837625

109980.1670746383 141748.2216818756
117842.5073603688 133759.6577989263
119607.5225265532 133280.3439659493
120891.1699201419 131682.6311893594
114954.3007247943 131522.8599117004
118002.9632845674 131203.3173563825
116398.4040425816 130883.7748010645
114152.0211038014 130724.0035234055
116398.4040425816 129925.1471351106
119286.6106781560 129925.1471351106
112868.3737102128 129445.8333021336
113189.2855586099 129445.8333021336
119447.0666023546 128966.5194691567
115917.0362699858 128646.9769138387
113189.2855586099 128487.2056361797
111745.1822408227 128327.4343585208
118163.4192087660 128327.4343585208
111424.2703924255 128167.6630808618
112868.3737102128 127528.5779702258
117361.1395877731 126569.9503042719
111745.1822408227 125930.8651936360
114633.3888763972 125771.0939159770
111424.2703924255 125611.3226383180
112707.9177860142 125291.7800830000
116558.8599667801 125291.7800830000
108536.0637568511 124812.4662500231
104524.6656518865 124173.3811393871
114793.8448005957 124173.3811393871
109980.1670746383 124013.6098617281
116398.4040425816 123534.2960287512
113189.2855586099 123214.7534734332
110782.4466956312 123054.9821957742
107412.8722874610 122895.2109181152
115435.6684973901 122415.8970851382
106450.1367422695 122256.1258074793
112226.5500134184 121776.8119745023
103882.8419550922 121457.2694191843
105968.7689696738 120818.1843085484
108375.6078326525 120658.4130308894
105326.9452728794 119540.0140872765
106450.1367422695 118900.9289766406
111584.7263166241 118741.1576989816
107733.7841358581 118581.3864213226
112226.5500134184 118581.3864213226
105006.0334244823 118102.0725883456
106771.0485906667 117782.5300330277
107894.2400600567 117143.4449223917
111103.3585440284 117143.4449223917
113349.7414828085 117143.4449223917
105968.7689696738 116983.6736447327
109177.8874536454 116664.1310894147
109980.1670746383 116664.1310894147
114312.4770280000 116184.8172564378
110621.9907714326 116025.0459787788
112066.0940892199 115865.2747011198
114954.3007247943 115865.2747011198
109819.7111504397 115066.4183128249
114793.8448005957 114427.3332021890
113831.1092554043 114267.5619245300
115756.5803457872 114107.7906468710
110140.6229988369 113948.0193692120
118644.7869813617 113788.2480915530
113349.7414828085 112829.6204255991
111905.6381650213 112510.0778702811
112868.3737102128 112350.3065926221
120249.3462233475 112190.5353149631
120730.7139959433 112030.7640373042
114793.8448005957 111391.6789266682
112707.9177860142 111231.9076490092
135648.1759106024 108233.9554490125
138535.2340398072 107586.9729029125
139497.5867495422 107425.2272663875
134204.6468460000 107101.7359933375
132921.5098996867 106939.9903568125
134204.6468460000 106293.0078107125
129392.8832973253 105807.7709011375
128430.5305875904 105484.2796280875
128751.3148241687 105484.2796280875
135487.7837923132 104837.2970819875
137893.6655666506 104837.2970819875
136931.3128569157 104675.5514454625
138695.6261580964 104675.5514454625
139657.9788678313 103543.3319897875
139176.8025129639 108719.1923585875
134685.8232008675 108072.2098124875
138535.2340398072 107910.4641759625
135166.9995557350 104513.8058089375
133242.2941362651 106939.9903568125
139497.5867495422 106616.4990837625
137893.6655666506 105646.0252646125
134365.0389642892 107910.4641759625
132921.5098996867 107101.7359933375
132600.7256631084 104837.2970819875
130034.4517704819 105160.7883550375

116558.8599667801 132481.4875776544
119767.9784507518 132321.7162999954
115756.5803457872 131842.4024670184
116398.4040425816 130883.7748010645
116719.3158909787 130724.0035234055
114793.8448005957 130244.6896904286
118002.9632845674 129925.1471351106
118644.7869813617 129765.3758574516
116077.4921941844 129605.6045797926
112868.3737102128 129445.8333021336
119286.6106781560 128966.5194691567
111905.6381650213 128806.7481914977
113349.7414828085 128487.2056361797
114633.3888763972 128487.2056361797
115435.6684973901 128487.2056361797
117200.6836635745 128487.2056361797
118163.4192087660 128327.4343585208
111424.2703924255 128167.6630808618
111103.3585440284 127528.5779702258
112868.3737102128 127528.5779702258
110301.0789230355 126410.1790266129
116879.7718151773 126410.1790266129
112707.9177860142 125291.7800830000
109177.8874536454 125132.0088053410
113349.7414828085 124972.2375276821
104845.5775002837 124812.4662500231
108536.0637568511 124812.4662500231
108696.5196810496 124812.4662500231
116558.8599667801 124492.9236947051
111263.8144682269 124173.3811393871
106610.5926664681 124013.6098617281
104524.6656518865 123853.8385840691
109659.2552262411 123853.8385840691
109980.1670746383 123853.8385840691
109498.7993020425 123694.0673064101
108375.6078326525 123534.2960287512
110140.6229988369 123374.5247510922
107573.3282116596 123214.7534734332
113189.2855586099 123214.7534734332
107412.8722874610 122895.2109181152
108856.9756052482 122895.2109181152
109177.8874536454 122895.2109181152
109338.3433778440 122096.3545298203
113028.8296344113 121936.5832521613
111745.1822408227 121457.2694191843
112707.9177860142 121137.7268638664
104364.2097276879 120818.1843085484
106931.5045148652 120658.4130308894
108054.6959842553 120658.4130308894
106289.6808180709 120338.8704755714
106129.2248938723 119859.5566425945
104203.7538034894 119540.0140872765
105326.9452728794 119540.0140872765
111263.8144682269 118421.6151436636
113510.1974070071 117622.7587553687
111424.2703924255 117303.2162000507
107894.2400600567 117143.4449223917
113349.7414828085 117143.4449223917
105968.7689696738 116983.6736447327
116719.3158909787 116344.5885340968
106931.5045148652 116184.8172564378
111424.2703924255 116025.0459787788
107894.2400600567 115865.2747011198
109819.7111504397 115066.4183128249
109177.8874536454 114906.6470351659
109177.8874536454 114746.8757575069
114152.0211038014 114267.5619245300
111424.2703924255 113628.4768138940
119447.0666023546 112989.3917032581
139176.8025129639 108719.1923585875
137893.6655666506 108072.2098124875
138535.2340398072 107910.4641759625
133723.4704911325 107748.7185394375
137091.7049752048 107101.7359933375
133242.2941362651 106939.9903568125
130355.2360070602 106454.7534472375
136770.9207386265 106293.0078107125
137412.4892117831 105969.5165376625
131157.1965985060 105807.7709011375
140139.1552226988 105807.7709011375
137572.8813300723 105160.7883550375
139337.1946312530 104999.0427185125
139337.1946312530 104352.0601724125
136450.1365020482 105807.7709011375
132761.1177813976 106778.2447202875
138054.0576849398 105646.0252646125
132921.5098996867 106778.2447202875
134685.8232008675 108072.2098124875
136931.3128569157 107263.4816298625
132440.3335448193 104837.2970819875
131638.3729533735 106131.2621741875
139818.3709861205 105646.0252646125
137893.6655666506 106131.2621741875
135968.9601471807 104352.0601724125

119126.1547539575 134079.2003542442
120249.3462233475 132321.7162999954
115917.0362699858 132161.9450223364
115275.2125731915 131522.8599117004
119447.0666023546 129925.1471351106
118002.9632845674 129445.8333021336
116879.7718151773 129286.0620244747
115917.0362699858 128487.2056361797
111905.6381650213 128327.4343585208
114793.8448005957 128327.4343585208
117361.1395877731 126889.4928595899
117361.1395877731 126569.9503042719
118002.9632845674 126410.1790266129
113189.2855586099 126250.4077489539
116398.4040425816 126090.6364712949
108375.6078326525 125132.0088053410
110140.6229988369 124492.9236947051
112707.9177860142 124333.1524170461
115596.1244215887 124333.1524170461
107733.7841358581 124173.3811393871
109980.1670746383 124013.6098617281
115435.6684973901 124013.6098617281
108696.5196810496 123374.5247510922
107894.2400600567 123214.7534734332
113670.6533312057 123214.7534734332
109338.3433778440 123054.9821957742
105326.9452728794 122256.1258074793
105808.3130454752 122256.1258074793
104043.2978792908 121936.5832521613
114954.3007247943 121617.0406968433
103882.8419550922 121457.2694191843
110782.4466956312 121457.2694191843
106771.0485906667 121297.4981415253
113831.1092554043 121137.7268638664
107894.2400600567 120818.1843085484
103401.4741824965 119060.7002542995
106450.1367422695 118900.9289766406
111905.6381650213 118900.9289766406
108856.9756052482 117782.5300330277
107733.7841358581 117622.7587553687
111584.7263166241 117462.9874777097
107091.9604390638 116664.1310894147
110301.0789230355 114107.7906468710
111584.7263166241 113788.2480915530
114472.9329521986 113308.9342585760
113991.5651796028 112989.3917032581
114633.3888763972 112669.8491479401
116879.7718151773 112669.8491479401
117521.5955119716 112510.0778702811
112066.0940892199 111870.9927596452
114472.9329521986 111231.9076490092
119607.5225265532 111231.9076490092
120570.2580717447 110752.5938160323
121853.9054653333 110752.5938160323
120570.2580717447 110592.8225383733
119607.5225265532 110113.5087053963
122495.7291621277 110113.5087053963
120088.8902991489 109793.9661500783
120088.8902991489 112510.0778702811
118484.3310571631 129765.3758574516
116398.4040425816 131203.3173563825
119767.9784507518 131203.3173563825
119447.0666023546 112030.7640373042
104043.2978792908 119060.7002542995
117521.5955119716 114587.1044798479
112226.5500134184 113788.2480915530
119126.1547539575 129605.6045797926
105006.0334244823 117942.3013106867
119767.9784507518 132641.2588553134
135006.6074374458 106616.4990837625
129232.4911790362 106131.2621741875
129392.8832973253 105807.7709011375
137733.2734483615 104675.5514454625
135808.5680288916 104513.8058089375
136129.3522654699 105160.7883550375
139337.1946312530 104028.5688993625
139337.1946312530 104675.5514454625
134685.8232008675 104999.0427185125
135166.9995557350 105160.7883550375
136129.3522654699 106616.4990837625
130996.8044802169 105322.5339915625
138535.2340398072 105160.7883550375
138535.2340398072 108557.4467220625
139176.8025129639 108395.7010855375
134365.0389642892 107910.4641759625
132600.7256631084 105807.7709011375
132921.5098996867 104837.2970819875
135808.5680288916 107748.7185394375
139818.3709861205 105646.0252646125
136129.3522654699 106293.0078107125
140139.1552226988 104028.5688993625
133242.2941362651 104837.2970819875
132600.7256631084 104837.2970819875
128751.3148241687 105484.2796280875

120409.8021475461 132641.2588553134
119607.5225265532 132481.4875776544
120249.3462233475 132321.7162999954
116237.9481183830 132161.9450223364
115596.1244215887 131363.0886340415
114152.0211038014 130883.7748010645
115756.5803457872 130724.0035234055
119447.0666023546 129925.1471351106
113991.5651796028 129605.6045797926
119126.1547539575 129605.6045797926
117682.0514361702 129445.8333021336
113831.1092554043 129126.2907468157
113670.6533312057 128966.5194691567
111905.6381650213 128327.4343585208
113028.8296344113 127049.2641372488
118002.9632845674 126410.1790266129
109819.7111504397 124652.6949723641
107894.2400600567 124333.1524170461
115596.1244215887 124333.1524170461
116719.3158909787 124173.3811393871
107252.4163632624 123694.0673064101
107091.9604390638 123534.2960287512
107894.2400600567 122735.4396404562
114793.8448005957 122735.4396404562
112066.0940892199 122096.3545298203
104043.2978792908 121936.5832521613
103882.8419550922 121457.2694191843
107573.3282116596 121457.2694191843
110782.4466956312 121457.2694191843
107412.8722874610 121297.4981415253
104364.2097276879 120179.0991979125
105647.8571212766 120179.0991979125
103241.0182582979 119699.7853649355
103401.4741824965 119060.7002542995
111905.6381650213 118900.9289766406
110942.9026198298 118741.1576989816
105006.0334244823 118581.3864213226
107733.7841358581 118581.3864213226
108856.9756052482 117782.5300330277
107733.7841358581 117622.7587553687
107091.9604390638 116664.1310894147
112066.0940892199 115865.2747011198
116879.7718151773 114906.6470351659
111584.7263166241 113788.2480915530
117842.5073603688 112829.6204255991
114633.3888763972 112669.8491479401
117521.5955119716 112510.0778702811
112066.0940892199 111870.9927596452
114312.4770280000 111711.2214819862
115756.5803457872 111711.2214819862
114793.8448005957 111391.6789266682
121372.5376927376 111072.1363713502
121853.9054653333 110752.5938160323
122495.7291621277 110273.2799830553
122495.7291621277 110113.5087053963
119928.4343749504 109793.9661500783
120730.7139959433 109793.9661500783
123458.4647073192 109793.9661500783
119767.9784507518 109474.4235947604
118484.3310571631 129765.3758574516
116398.4040425816 126090.6364712949
113028.8296344113 117143.4449223917
113670.6533312057 123214.7534734332
115596.1244215887 129765.3758574516
110782.4466956312 123054.9821957742
117361.1395877731 126569.9503042719
110461.5348472340 113149.1629809171
112707.9177860142 125451.5513606590
117521.5955119716 114587.1044798479
134365.0389642892 107910.4641759625
132600.7256631084 107263.4816298625
136129.3522654699 106616.4990837625
129392.8832973253 105807.7709011375
139818.3709861205 105646.0252646125
128751.3148241687 105484.2796280875
130996.8044802169 105322.5339915625
134685.8232008675 104999.0427185125
132600.7256631084 104837.2970819875
139337.1946312530 104675.5514454625
132921.5098996867 107101.7359933375
138535.2340398072 107586.9729029125
136931.3128569157 104513.8058089375
135166.9995557350 105160.7883550375
136129.3522654699 105160.7883550375
135808.5680288916 107748.7185394375
138535.2340398072 108557.4467220625
132921.5098996867 104837.2970819875
136931.3128569157 108233.9554490125
130836.4123619277 105807.7709011375
135006.6074374458 106616.4990837625
135808.5680288916 104513.8058089375
139978.7631044096 104190.3145358875
138535.2340398072 105160.7883550375
136129.3522654699 105807.7709011375

108054.6959842553 135357.3705755161
119286.6106781560 134558.5141872212
118644.7869813617 133759.6577989263
113991.5651796028 130404.4609680876
115756.5803457872 130084.9184127696
113991.5651796028 129925.1471351106
115917.0362699858 129765.3758574516
113189.2855586099 129445.8333021336
116558.8599667801 129445.8333021336
113510.1974070071 129286.0620244747
115275.2125731915 129126.2907468157
114152.0211038014 127049.2641372488
116879.7718151773 126889.4928595899
113189.2855586099 126250.4077489539
112387.0059376170 126090.6364712949
113670.6533312057 126090.6364712949
110782.4466956312 125451.5513606590
116237.9481183830 124812.4662500231
109498.7993020425 124652.6949723641
110782.4466956312 124173.3811393871
111263.8144682269 124173.3811393871
110942.9026198298 123374.5247510922
112547.4618618156 123374.5247510922
111584.7263166241 123214.7534734332
113670.6533312057 123214.7534734332
113991.5651796028 123214.7534734332
109498.7993020425 123054.9821957742
106771.0485906667 122895.2109181152
104043.2978792908 122735.4396404562
104043.2978792908 122256.1258074793
106771.0485906667 122256.1258074793
107412.8722874610 122096.3545298203
111745.1822408227 121617.0406968433
110942.9026198298 121457.2694191843
103722.3860308936 121297.4981415253
113670.6533312057 120977.9555862074
105647.8571212766 120658.4130308894
109498.7993020425 120658.4130308894
107733.7841358581 120019.3279202535
106289.6808180709 119699.7853649355
114633.3888763972 118102.0725883456
105326.9452728794 117782.5300330277
107091.9604390638 117462.9874777097
112547.4618618156 117303.2162000507
114472.9329521986 116823.9023670737
114472.9329521986 116664.1310894147
111424.2703924255 116025.0459787788
109017.4315294468 115705.5034234608
109980.1670746383 115545.7321458019
111103.3585440284 115226.1895904839
108536.0637568511 115066.4183128249
109659.2552262411 115066.4183128249
116077.4921941844 115066.4183128249
114312.4770280000 114427.3332021890
113991.5651796028 114267.5619245300
118965.6988297589 114107.7906468710
111905.6381650213 113788.2480915530
119126.1547539575 113149.1629809171
118965.6988297589 112030.7640373042
112066.0940892199 111870.9927596452
118644.7869813617 111870.9927596452
114472.9329521986 111551.4502043272
119767.9784507518 111551.4502043272
117361.1395877731 110592.8225383733
118163.4192087660 110433.0512607143
122816.6410105248 110113.5087053963
119928.4343749504 109634.1948724194
113991.5651796028 124812.4662500231
107733.7841358581 122575.6683627972
135968.9601471807 108395.7010855375
137252.0970934940 108233.9554490125
139016.4103946747 107263.4816298625
134204.6468460000 106293.0078107125
137733.2734483615 106131.2621741875
135487.7837923132 105969.5165376625
129553.2754156145 105646.0252646125
140139.1552226988 104999.0427185125
135166.9995557350 104513.8058089375
135808.5680288916 104352.0601724125
137091.7049752048 104352.0601724125
140620.3315775663 103705.0776263125
140459.9394592771 103543.3319897875
131477.9808350843 106454.7534472375
136289.7443837590 105322.5339915625
132440.3335448193 106454.7534472375
138856.0182763856 109527.9205412125
132600.7256631084 105160.7883550375
134044.2547277109 104999.0427185125
135648.1759106024 107748.7185394375
140139.1552226988 106454.7534472375
134846.2153191566 105807.7709011375
136770.9207386265 107748.7185394375
138214.4498032289 108719.1923585875
139337.1946312530 104675.5514454625

