210896823.8470065594 65669.6511249542
207105199.0827983916 62607.0326843262
210004707.0919235051 64282.1788177490
206269676.9729895592 62082.7088928223
207472730.3589312136 62813.9647674561
211610262.2877698541 65701.6647033691
201728895.9939833581 58245.7538242340
204500310.6938994229 61630.9758987427
201187567.1627711952 58008.7097854614
204456317.2570289671 61452.9325561523
210560787.1057947278 65029.5402221680
209288359.2270598412 63289.0416488647
209706068.2583894432 63846.9438705444
209840758.7188486457 64100.6779174805
199960628.2140002847 57534.0243110657
205193978.3081112206 61957.1754531860
203442145.3125173748 61224.2130737305
201849801.3759082556 60913.5359649658
207739535.9344508350 63045.4180297852
