569849117.1274616718 4687153.1015625000
585779411.0036318302 4813987.2363281250
581549673.3977825642 4795775.8261718750
589768952.8407251835 4844179.5986328125
584617884.4440823793 4810853.3486328125
589023885.1773908138 4839736.9765625000
584444888.9583168030 4804670.8046875000
575435761.5929369926 4793091.3085937500
575472950.9185721874 4793276.7001953125
572898920.8490463495 4755211.8359375000
572384667.7024502754 4718681.4560546875
582132964.9591207504 4797615.2578125000
575349915.3471795321 4755539.9375000000
587165773.3303344250 4814724.5039062500
580799553.9909437895 4793970.6044921875
582402193.6424593925 4803965.9462890625
587736851.1753536463 4828869.9941406250
584607544.0802083015 4809747.6748046875
587438951.3115947247 4818679.1171875000
572241095.2120342255 4696066.3818359375
