589023885.1773908138 4839736.9765625000
584444888.9583168030 4804670.8046875000
586889086.2615599632 4810641.6455078125
575435761.5929369926 4793091.3085937500
575472950.9185721874 4793276.7001953125
572898920.8490463495 4755211.8359375000
572384667.7024502754 4718681.4560546875
586914848.7210819721 4811513.4638671875
582132964.9591207504 4797615.2578125000
575349915.3471795321 4755539.9375000000
581633952.6067157984 4795082.4345703125
571085681.1642202139 4671780.0000000000
570704460.8809379339 4654961.2080078125
587165773.3303344250 4814724.5039062500
580799553.9909437895 4793970.6044921875
582402193.6424593925 4803965.9462890625
571926976.3983755112 4679682.6904296875
585559336.9850367308 4809986.1679687500
587736851.1753536463 4828869.9941406250
584607544.0802083015 4809747.6748046875
587438951.3115947247 4818679.1171875000
572241095.2120342255 4696066.3818359375
