142138931.8947259188 641270.2337646484
143431997.8391467631 647978.7111816406
138385981.7723693252 619902.8510742188
137035642.5576333702 616669.7624511719
144032791.0397642553 649449.7734375000
139915135.5624843538 631314.2724609375
141012343.6973091662 636088.4490966797
138524352.1123975515 627482.5435791016
140363027.9835867882 632935.2412109375
135361474.7199358940 589875.2237548828
136460116.9188766778 611890.2392578125
135229500.4861781895 581099.2718200684
138486291.3973995447 622494.8825683594
137333038.0751387775 616784.0760498047
141336575.3675647080 640260.6918945312
138269289.8554379642 619363.8591308594
142763565.7232113779 642969.3215332031
138391022.1859720051 620291.5185546875
136414733.7921571136 610503.8309326172
134167104.5655748695 572301.8538818359
135860288.1277659535 599051.1345825195
139244680.0306457281 628710.1965332031
138074396.9412654042 618823.6962890625
146085779.3599871993 651004.0805664062
138754659.6628406644 628229.4520263672
138016249.8219098747 617621.3148193359
136700404.7526932657 614260.9309082031
