646916730.4569507837 17799927.2753906250
654657720.3656473160 17850247.7441406250
670185338.9386101961 17940354.3691406250
652745804.0314003229 17823185.2128906250
653778279.0369042158 17847715.0097656250
655734095.0638167858 17865816.3144531250
669939434.8367925882 17931642.1386718750
658184269.3858631849 17901781.5410156250
666923263.0623391867 17922362.5878906250
657360902.3936525583 17891017.4824218750
666149403.5510915518 17919276.3105468750
653104686.6223131418 17839351.8300781250
650340563.8630210161 17816189.1425781250
653647783.0418106318 17846712.3535156250
663204865.8802689314 17917820.5878906250
