278055649.4426423311 5526722.1044921875
277652218.4973339438 5499489.6259765625
276861156.1779099107 5483274.3505859375
281129347.7251549363 5572485.4267578125
290195481.3656902313 5614480.6757812500
277520052.8078943491 5487975.5332031250
280786157.7153261304 5560516.8232421875
281945724.5353559256 5581285.5986328125
278705245.5471265316 5530277.2773437500
280224576.7628395557 5542149.7744140625
279857295.0399993062 5541793.3769531250
277725013.6167871952 5504219.3134765625
282398739.6806809902 5588820.0390625000
278991830.2030417919 5532176.6083984375
277998174.7552344203 5516413.4355468750
290412672.4224396944 5628411.1093750000
280622522.0082797408 5543559.4580078125
288901100.6649760604 5605965.8808593750
277412301.3892003894 5484471.8916015625
285642567.6459063292 5604549.2324218750
276516146.0815861225 5480603.0527343750
289871551.0858182907 5610664.3691406250
280699329.4357723594 5544670.3603515625
