136663057.5141527355 3645407.1171875000
136999724.9942169189 3645527.3164062500
131447635.3041834682 3521406.6640625000
133046939.7934929132 3575924.5156250000
135712615.5248272419 3639281.7500000000
134978547.1842157543 3638379.9667968750
132776688.1376405358 3569288.1152343750
142048992.4759442210 3657243.3125000000
136881460.2285628021 3645426.4257812500
133170030.0184838623 3604524.4667968750
134876869.3155587018 3636347.6289062500
136605484.1955802143 3645158.9843750000
137855015.0852423012 3649407.4238281250
136532487.0111424029 3644988.5449218750
139649386.3025332689 3654731.1054687500
137540173.2082453668 3648327.8457031250
135828998.6302878559 3642387.9570312500
134151776.1631496847 3626072.6113281250
136054440.5769984126 3642865.3554687500
133785218.3476299345 3624315.4511718750
136512118.6028808951 3643141.1699218750
138084049.0689083636 3652259.1269531250
137000411.1812508106 3648283.4375000000
140227669.9464330077 3655927.0664062500
134721883.2126126289 3630600.4492187500
134188998.5833799988 3628814.7558593750
133641258.5807435811 3622525.2207031250
